	mass A		
t	x	y	
0.000000E0	6.815206E-2	5.393121E-2
3.331913E-2	7.439108E-2	5.362589E-2
6.663826E-2	7.335770E-2	5.348831E-2
9.995739E-2	7.116725E-2	5.193648E-2
1.332765E-1	7.135826E-2	5.207603E-2
1.665956E-1	7.031415E-2	5.193288E-2
1.999148E-1	6.757930E-2	5.110717E-2
2.332339E-1	7.214125E-2	5.253268E-2
2.665530E-1	7.084631E-2	5.134657E-2
2.998722E-1	7.980951E-2	5.191448E-2
3.331913E-1	1.371659E-1	5.329070E-2
3.665104E-1	1.018920E-1	2.473816E-2
3.998295E-1	-4.223622E-2	-8.131571E-2
4.331487E-1	-1.196323E-1	-1.516440E-1
4.664678E-1	2.749327E-3	-1.642938E-1
4.997869E-1	2.842553E-1	-8.561044E-2
5.331061E-1	4.494596E-1	-1.076157E-1
5.664252E-1	6.753356E-1	-1.249470E-1
5.997443E-1	8.071088E-1	-5.707569E-2
6.330634E-1	7.261564E-1	-2.940402E-2
6.663826E-1	5.908505E-1	-9.867756E-3
6.997017E-1	5.995069E-1	-1.021985E-2
7.330208E-1	8.929980E-1	3.958743E-2
7.663400E-1	1.103008E0	1.192514E-1
7.996591E-1	1.167181E0	2.077543E-1
8.329782E-1	1.164650E0	1.740331E-1
8.662974E-1	9.830283E-1	1.113710E-1
8.996165E-1	7.225239E-1	9.333920E-2
9.329356E-1	5.916704E-1	5.450543E-2
9.662547E-1	5.932975E-1	4.201292E-2
9.995739E-1	6.017794E-1	2.306360E-2
1.032893E0	7.372312E-1	-1.739056E-2
1.066212E0	9.002233E-1	-2.663292E-2
1.099531E0	8.606639E-1	-1.698506E-2
1.132850E0	7.577088E-1	-5.572713E-2
1.166170E0	5.453655E-1	-6.287304E-2
1.199489E0	5.529148E-1	1.618321E-3
1.232808E0	8.531130E-1	6.398598E-2
1.266127E0	1.186980E0	1.608471E-1
1.299446E0	1.325467E0	1.904785E-1
1.332765E0	1.313358E0	1.535266E-1
1.366084E0	1.159078E0	1.419354E-1
1.399403E0	7.937825E-1	6.240721E-2
1.432723E0	6.747607E-1	1.630292E-4
1.466042E0	7.373901E-1	-1.256323E-2
1.499361E0	9.501925E-1	-5.316430E-2
1.532680E0	1.272279E0	-1.220369E-1
1.565999E0	1.651003E0	-1.227328E-1
1.599318E0	1.841243E0	-6.549749E-2
1.632637E0	1.753809E0	-4.486738E-2
1.665956E0	1.628141E0	1.768536E-2
1.699276E0	1.663174E0	1.236560E-1
1.732595E0	1.987088E0	1.443832E-1
1.765914E0	2.350184E0	1.523735E-1
1.799233E0	2.522194E0	2.004341E-1
1.832552E0	2.520519E0	1.580948E-1
1.865871E0	2.376272E0	1.466261E-1
1.899190E0	2.074873E0	7.907489E-2
1.932509E0	1.947757E0	1.626292E-2
1.965829E0	2.004272E0	3.993314E-3
1.999148E0	2.173400E0	6.233565E-3
2.032467E0	2.428186E0	-4.137289E-2
2.065786E0	2.742167E0	-1.002259E-1
2.099105E0	2.900806E0	-5.764821E-2
2.132424E0	2.830998E0	-5.228129E-2
2.165743E0	2.775068E0	-4.363084E-4
2.199063E0	2.796592E0	-1.186111E-3
2.232382E0	3.060877E0	2.611296E-2
2.265701E0	3.360501E0	8.649714E-2
2.299020E0	3.471298E0	1.486542E-1
2.332339E0	3.435468E0	1.324648E-1
2.365658E0	3.212472E0	9.873599E-2
2.398977E0	2.912738E0	3.933355E-2
2.432296E0	2.670084E0	-6.827772E-2
2.465616E0	2.698045E0	-7.356739E-2
2.498935E0	2.809748E0	-1.366321E-2
2.532254E0	2.999713E0	-1.294619E-2
2.565573E0	3.228247E0	-1.521145E-2
2.598892E0	3.302230E0	1.273273E-2
2.632211E0	3.246554E0	-2.499501E-3
2.665530E0	3.109648E0	-8.830115E-3
2.698849E0	3.121978E0	7.502928E-2
2.732169E0	3.450121E0	1.430694E-1
2.765488E0	3.705379E0	2.213440E-1
2.798807E0	3.761834E0	2.355455E-1
2.832126E0	3.758562E0	2.106542E-1
2.865445E0	3.610113E0	1.794122E-1
2.898764E0	3.207848E0	7.973473E-2
2.932083E0	3.057003E0	4.405693E-2
2.965402E0	3.154457E0	6.983419E-2
2.998722E0	3.391554E0	1.086526E-1
3.032041E0	3.706866E0	1.187629E-1
3.065360E0	3.932179E0	1.144146E-1
3.098679E0	3.983414E0	1.383382E-1
3.131998E0	3.830193E0	1.022816E-1
3.165317E0	3.665931E0	1.017145E-1
3.198636E0	3.670693E0	1.262546E-1
3.231956E0	3.963630E0	1.707221E-1
3.265275E0	4.202013E0	2.411296E-1
3.298594E0	4.270951E0	3.179128E-1
3.331913E0	4.196464E0	3.113066E-1
3.365232E0	3.956328E0	2.763927E-1
3.398551E0	3.639065E0	1.935537E-1
3.431870E0	3.469237E0	1.427069E-1
3.465189E0	3.535567E0	1.912700E-1
3.498509E0	3.721841E0	2.432900E-1
3.531828E0	3.983710E0	2.626236E-1
3.565147E0	4.161259E0	2.473876E-1
3.598466E0	4.209954E0	2.809294E-1
3.631785E0	4.037334E0	2.294247E-1
3.665104E0	3.857411E0	1.978270E-1
3.698423E0	3.775728E0	2.196055E-1
3.731742E0	4.052619E0	2.562979E-1
3.765062E0	4.262239E0	3.224254E-1
3.798381E0	4.309642E0	3.847401E-1
3.831700E0	4.259579E0	3.976583E-1
3.865019E0	4.077677E0	3.692096E-1
3.898338E0	3.849542E0	3.258446E-1
3.931657E0	3.632642E0	2.042748E-1
3.964976E0	3.687583E0	1.891668E-1
3.998295E0	3.729845E0	2.074560E-1
4.031615E0	3.900150E0	2.316003E-1
4.064934E0	4.031535E0	2.140153E-1
4.098253E0	4.045579E0	2.070385E-1
4.131572E0	3.905252E0	1.370730E-1
4.164891E0	3.700313E0	8.965495E-2
4.198210E0	3.670829E0	1.445604E-1
4.231529E0	3.938857E0	2.308572E-1
4.264849E0	4.189320E0	3.563679E-1
4.298168E0	4.308286E0	4.272260E-1
4.331487E0	4.236370E0	4.285460E-1
4.364806E0	4.092688E0	4.393313E-1
4.398125E0	3.726358E0	3.368811E-1
4.431444E0	3.533679E0	2.694532E-1
4.464763E0	3.607668E0	2.938103E-1
4.498082E0	3.862995E0	3.574214E-1
4.531402E0	4.154887E0	3.122524E-1
4.564721E0	4.374077E0	3.164545E-1
4.598040E0	4.425315E0	3.350103E-1
4.631359E0	4.243478E0	3.126726E-1
4.664678E0	4.112340E0	2.888446E-1
4.697997E0	4.065076E0	3.000368E-1
4.731316E0	4.364650E0	3.436694E-1
4.764635E0	4.610648E0	4.252191E-1
4.797955E0	4.689350E0	4.862923E-1
4.831274E0	4.614372E0	4.590855E-1
4.864593E0	4.380730E0	4.158192E-1
4.897912E0	4.047847E0	3.708714E-1
4.931231E0	3.794365E0	3.004323E-1
4.964550E0	3.886802E0	3.084553E-1
4.997869E0	4.081251E0	3.121834E-1
5.031188E0	4.426573E0	3.118276E-1
5.064508E0	4.597007E0	3.116594E-1
5.097827E0	4.607964E0	3.539226E-1
5.131146E0	4.450520E0	3.266370E-1
5.164465E0	4.292220E0	3.321320E-1
5.197784E0	4.250144E0	4.164465E-1
5.231103E0	4.507953E0	4.470514E-1
5.264422E0	4.803500E0	4.638616E-1
5.297741E0	4.892892E0	4.691768E-1
5.331061E0	4.892064E0	4.596154E-1
5.364380E0	4.780606E0	4.519592E-1
5.397699E0	4.422629E0	3.636409E-1
5.431018E0	4.182061E0	3.152768E-1
5.464337E0	4.233170E0	3.028170E-1
5.497656E0	4.460734E0	3.539211E-1
5.530975E0	4.739262E0	3.665153E-1
5.564295E0	5.004271E0	3.437270E-1
5.597614E0	5.048583E0	3.607093E-1
5.630933E0	4.907785E0	3.509450E-1
5.664252E0	4.736518E0	3.702652E-1
5.697571E0	4.716543E0	3.731017E-1
5.730890E0	5.012170E0	4.031419E-1
5.764209E0	5.293766E0	4.693823E-1
5.797528E0	5.316704E0	4.721035E-1
5.830848E0	5.319683E0	4.485685E-1
5.864167E0	5.156746E0	4.273304E-1
5.897486E0	4.817954E0	3.510694E-1
5.930805E0	4.578448E0	2.743683E-1
5.964124E0	4.639364E0	2.829033E-1
5.997443E0	4.831230E0	3.371370E-1
6.030762E0	5.083544E0	3.358703E-1
6.064081E0	5.326446E0	3.507879E-1
6.097401E0	5.344401E0	3.946116E-1
6.130720E0	5.238334E0	4.051976E-1
6.164039E0	5.085222E0	4.492314E-1
6.197358E0	5.059013E0	4.651401E-1
6.230677E0	5.316949E0	4.901819E-1
6.263996E0	5.596107E0	5.343568E-1
6.297315E0	5.654804E0	5.379673E-1
6.330634E0	5.644411E0	5.218116E-1
6.363954E0	5.526739E0	5.028053E-1
6.397273E0	5.162865E0	4.095007E-1
6.430592E0	4.911980E0	3.548353E-1
6.463911E0	4.957436E0	3.630979E-1
6.497230E0	5.151434E0	4.112920E-1
6.530549E0	5.406641E0	4.305570E-1
6.563868E0	5.656484E0	4.101887E-1
6.597188E0	5.729500E0	4.406324E-1
6.630507E0	5.643816E0	4.418962E-1
6.663826E0	5.496861E0	4.683116E-1
6.697145E0	5.449232E0	5.115270E-1
6.730464E0	5.646048E0	4.965960E-1
6.763783E0	5.876515E0	5.514087E-1
6.797102E0	5.920422E0	5.660240E-1
6.830421E0	5.902236E0	5.555218E-1
6.863741E0	5.775231E0	5.762883E-1
6.897060E0	5.457248E0	4.967098E-1
6.930379E0	5.239975E0	4.215582E-1
6.963698E0	5.293454E0	4.079971E-1
6.997017E0	5.439199E0	4.017431E-1
7.030336E0	5.726534E0	4.067515E-1
7.063655E0	5.970449E0	4.142278E-1
7.096974E0	6.038997E0	4.504847E-1
7.130294E0	5.938569E0	4.692033E-1
7.163613E0	5.777077E0	4.912814E-1
7.196932E0	5.775588E0	5.335781E-1
7.230251E0	6.031542E0	5.362516E-1
7.263570E0	6.353223E0	6.030593E-1
7.296889E0	6.459831E0	6.729549E-1
7.330208E0	6.368526E0	7.092830E-1
7.363527E0	6.140833E0	7.077219E-1
7.396847E0	5.757697E0	6.501277E-1
7.430166E0	5.447173E0	5.680981E-1
7.463485E0	5.445173E0	5.104386E-1
7.496804E0	5.686841E0	5.038695E-1
7.530123E0	5.922109E0	4.824778E-1
7.563442E0	6.115208E0	4.720548E-1
7.596761E0	6.196037E0	5.188605E-1
7.630081E0	6.154986E0	5.330291E-1
7.663400E0	6.027827E0	6.027659E-1
7.696719E0	5.952904E0	6.632223E-1
7.730038E0	6.161915E0	6.828880E-1
7.763357E0	6.440443E0	6.665633E-1
7.796676E0	6.530016E0	6.350157E-1
7.829995E0	6.520624E0	6.287391E-1
7.863314E0	6.340300E0	6.099990E-1
7.896634E0	5.979465E0	5.166866E-1
7.929953E0	5.732622E0	4.386065E-1
7.963272E0	5.758486E0	3.909071E-1
7.996591E0	6.014237E0	4.106989E-1
8.029910E0	6.274509E0	4.440623E-1
8.063229E0	6.509546E0	4.455433E-1
8.096548E0	6.616679E0	4.858995E-1
8.129867E0	6.578638E0	5.096381E-1
8.163187E0	6.415385E0	5.588999E-1
8.196506E0	6.387611E0	6.253827E-1
8.229825E0	6.616911E0	6.649895E-1
8.263144E0	6.868219E0	7.001062E-1
8.296463E0	6.925887E0	7.101668E-1
8.329782E0	6.875951E0	7.185025E-1
8.363101E0	6.689474E0	6.886334E-1
8.396420E0	6.315263E0	5.812193E-1
8.429740E0	6.016255E0	5.018991E-1
8.463059E0	6.047739E0	4.634990E-1
8.496378E0	6.324039E0	4.632320E-1
8.529697E0	6.630483E0	4.732909E-1
8.563016E0	6.852170E0	4.626024E-1
8.596335E0	6.983289E0	4.946592E-1
8.629654E0	6.926725E0	5.027465E-1
8.662974E0	6.767628E0	5.291946E-1
8.696293E0	6.752833E0	6.052107E-1
8.729612E0	6.946853E0	6.404905E-1
8.762931E0	7.195923E0	6.797594E-1
8.796250E0	7.242642E0	7.200327E-1
8.829569E0	7.149599E0	7.697020E-1
8.862888E0	6.887171E0	7.763440E-1
8.896207E0	6.542514E0	7.624826E-1
8.929527E0	6.229095E0	6.593511E-1
8.962846E0	6.242541E0	6.581793E-1
8.996165E0	6.455684E0	6.613875E-1
9.029484E0	6.761099E0	6.590327E-1
9.062803E0	7.011423E0	6.399467E-1
9.096122E0	7.078490E0	6.661259E-1
9.129441E0	6.934491E0	6.107747E-1
9.162760E0	6.749426E0	6.107862E-1
9.196080E0	6.672813E0	6.501241E-1
9.229399E0	6.903775E0	6.752223E-1
9.262718E0	7.201925E0	7.362143E-1
9.296037E0	7.237615E0	7.708235E-1
9.329356E0	7.172070E0	7.616307E-1
9.362675E0	6.931464E0	7.027551E-1
9.395994E0	6.537540E0	6.156609E-1
9.429313E0	6.212922E0	5.103880E-1
9.462633E0	6.209182E0	5.184576E-1
9.495952E0	6.411539E0	5.627635E-1
9.529271E0	6.684800E0	5.838171E-1
9.562590E0	6.875705E0	5.623741E-1
9.595909E0	6.911287E0	5.794088E-1
9.629228E0	6.802073E0	4.967689E-1
9.662547E0	6.610634E0	4.858470E-1
9.695867E0	6.520729E0	5.388671E-1
9.729186E0	6.731836E0	5.954835E-1
9.762505E0	6.975501E0	6.455791E-1
9.795824E0	7.017465E0	6.531665E-1
9.829143E0	6.982224E0	6.491176E-1
9.862462E0	6.864323E0	6.239558E-1
9.895781E0	6.531185E0	5.273036E-1
9.929100E0	6.218744E0	4.463021E-1
9.962420E0	6.211326E0	4.105566E-1
9.995739E0	6.466527E0	4.419622E-1
1.002906E1	6.752467E0	4.881890E-1
1.006238E1	7.012191E0	4.730399E-1
1.009570E1	7.061734E0	5.014975E-1
1.012902E1	6.931016E0	4.390204E-1
1.016233E1	6.693090E0	3.513619E-1
1.019565E1	6.661417E0	3.847700E-1
1.022897E1	6.889102E0	4.787164E-1
1.026229E1	7.084470E0	5.574993E-1
1.029561E1	7.090042E0	5.510342E-1
1.032893E1	7.042075E0	5.613800E-1
1.036225E1	6.911450E0	5.242807E-1
1.039557E1	6.562979E0	3.967646E-1
1.042889E1	6.240988E0	2.786126E-1
1.046221E1	6.275729E0	2.286829E-1
1.049553E1	6.578982E0	2.774374E-1
1.052884E1	6.853489E0	2.948549E-1
1.056216E1	7.088388E0	3.015660E-1
1.059548E1	7.172097E0	3.303403E-1
1.062880E1	7.140890E0	2.967693E-1
1.066212E1	6.983366E0	2.867272E-1
1.069544E1	6.926906E0	3.316348E-1
1.072876E1	7.106243E0	4.001488E-1
1.076208E1	7.298341E0	4.581772E-1
1.079540E1	7.332148E0	4.696350E-1
1.082872E1	7.280620E0	4.535007E-1
1.086204E1	7.224915E0	4.557732E-1
1.089536E1	6.964118E0	3.487372E-1
1.092867E1	6.592730E0	1.491438E-1
1.096199E1	6.570957E0	1.236084E-1
1.099531E1	6.804952E0	1.718045E-1
1.102863E1	7.004193E0	2.089693E-1
1.106195E1	7.251779E0	2.252042E-1
1.109527E1	7.289438E0	2.486820E-1
1.112859E1	7.202821E0	1.926156E-1
1.116191E1	7.069293E0	1.608604E-1
1.119523E1	7.071851E0	1.912362E-1
1.122855E1	7.268277E0	2.357001E-1
1.126187E1	7.580228E0	3.137264E-1
1.129518E1	7.779956E0	4.403768E-1
1.132850E1	7.769756E0	4.347049E-1
1.136182E1	7.556033E0	4.113391E-1
1.139514E1	7.209678E0	3.786706E-1
1.142846E1	6.795874E0	2.438260E-1
1.146178E1	6.703921E0	1.856681E-1
1.149510E1	6.843038E0	1.882446E-1
1.152842E1	7.046016E0	1.771674E-1
1.156174E1	7.288929E0	1.566340E-1
1.159506E1	7.360925E0	1.969965E-1
1.162838E1	7.299709E0	1.686589E-1
1.166170E1	7.147293E0	8.623725E-2
1.169501E1	7.083623E0	1.513561E-1
1.172833E1	7.265393E0	1.887623E-1
1.176165E1	7.532397E0	2.888537E-1
1.179497E1	7.611050E0	3.603981E-1
1.182829E1	7.558519E0	3.554120E-1
1.186161E1	7.327485E0	2.841073E-1
1.189493E1	6.977708E0	1.926580E-1
1.192825E1	6.648514E0	8.995618E-2
1.196157E1	6.654537E0	7.917443E-2
1.199489E1	6.887958E0	1.836331E-1
1.202821E1	7.123798E0	1.985245E-1
1.206152E1	7.377160E0	2.017462E-1
1.209484E1	7.399726E0	2.079035E-1
1.212816E1	7.258925E0	1.370479E-1
1.216148E1	7.086155E0	2.169841E-2
1.219480E1	6.986689E0	5.053236E-2
1.222812E1	7.182317E0	1.301705E-1
1.226144E1	7.462547E0	2.533181E-1
1.229476E1	7.576035E0	2.724449E-1
1.232808E1	7.569574E0	2.764388E-1
1.236140E1	7.436464E0	2.340058E-1
1.239472E1	7.153628E0	1.675627E-1
1.242804E1	6.830157E0	8.027350E-2
1.246135E1	6.777008E0	-2.863231E-2
1.249467E1	7.014704E0	-5.400663E-2
1.252799E1	7.274235E0	-2.991095E-2
1.256131E1	7.504476E0	-1.467397E-2
1.259463E1	7.599042E0	1.547893E-2
1.262795E1	7.558943E0	-1.737375E-2
1.266127E1	7.435034E0	-2.772989E-2
1.269459E1	7.403390E0	-8.898128E-3
1.272791E1	7.566356E0	4.553359E-2
1.276123E1	7.823086E0	1.639772E-1
1.279455E1	7.976461E0	2.795718E-1
1.282786E1	7.955728E0	2.780349E-1
1.286118E1	7.721887E0	2.113245E-1
1.289450E1	7.385062E0	1.566203E-1
1.292782E1	7.000247E0	4.221607E-2
1.296114E1	6.966278E0	-4.157586E-2
1.299446E1	7.215135E0	-1.453739E-2
1.302778E1	7.408814E0	-3.212488E-2
1.306110E1	7.615185E0	-4.385044E-2
1.309442E1	7.653826E0	-1.041792E-2
1.312774E1	7.550804E0	-3.583799E-2
1.316106E1	7.370869E0	-1.394623E-1
1.319438E1	7.277322E0	-1.169421E-1
1.322769E1	7.454337E0	-6.110010E-2
1.326101E1	7.729964E0	5.160441E-2
1.329433E1	7.851966E0	1.052027E-1
1.332765E1	7.812734E0	1.192482E-1
1.336097E1	7.650086E0	9.456147E-2
1.339429E1	7.322622E0	-1.515814E-2
1.342761E1	7.011013E0	-1.396482E-1
1.346093E1	6.969759E0	-1.950900E-1
1.349425E1	7.183698E0	-1.486194E-1
1.352757E1	7.418362E0	-7.782435E-2
1.356089E1	7.660969E0	-9.131830E-2
1.359420E1	7.729938E0	-6.501051E-2
1.362752E1	7.666862E0	-8.322154E-2
1.366084E1	7.522530E0	-1.009474E-1
1.369416E1	7.460024E0	-4.880835E-2
1.372748E1	7.644977E0	3.259079E-3
1.376080E1	7.947160E0	9.368629E-2
1.379412E1	8.094128E0	1.810479E-1
1.382744E1	8.121833E0	2.099125E-1
1.386076E1	7.963246E0	1.592126E-1
1.389408E1	7.650883E0	5.790312E-2
1.392740E1	7.306678E0	-9.559751E-2
1.396072E1	7.221414E0	-1.287204E-1
1.399403E1	7.477760E0	-4.324973E-2
1.402735E1	7.719356E0	3.486305E-2
1.406067E1	7.978852E0	1.412716E-2
1.409399E1	8.044768E0	4.842566E-2
1.412731E1	7.957011E0	2.358990E-3
1.416063E1	7.794905E0	-8.506792E-2
1.419395E1	7.722306E0	-4.199210E-2
1.422727E1	7.915589E0	4.703985E-3
1.426059E1	8.253949E0	1.074391E-1
1.429391E1	8.484241E0	2.139989E-1
1.432723E1	8.483465E0	2.177087E-1
1.436054E1	8.254890E0	1.400248E-1
1.439386E1	7.923018E0	7.611303E-2
1.442718E1	7.537462E0	-2.941237E-2
1.446050E1	7.496484E0	-7.533123E-2
1.449382E1	7.741885E0	-2.685238E-2
1.452714E1	7.944610E0	-2.602931E-2
1.456046E1	8.179034E0	-3.060000E-2
1.459378E1	8.215218E0	3.590768E-4
1.462710E1	8.135288E0	-1.976569E-2
1.466042E1	7.986291E0	-1.486466E-1
1.469374E1	7.941795E0	-1.047001E-1
1.472705E1	8.114299E0	-3.821452E-2
1.476037E1	8.416697E0	7.355014E-2
1.479369E1	8.602836E0	1.643729E-1
1.482701E1	8.570335E0	1.537487E-1
1.486033E1	8.361749E0	6.965290E-2
1.489365E1	8.061448E0	1.192377E-2
1.492697E1	7.759157E0	-8.274263E-2
1.496029E1	7.697267E0	-1.918144E-1
1.499361E1	7.900722E0	-1.599532E-1
1.502693E1	7.973528E0	-1.856082E-1
1.506025E1	8.147315E0	-1.789401E-1
1.509357E1	8.187630E0	-1.188063E-1
1.512688E1	8.111066E0	-1.722440E-1
1.516020E1	7.894174E0	-3.696206E-1
1.519352E1	7.767925E0	-3.890531E-1
1.522684E1	7.919384E0	-3.410265E-1
1.526016E1	8.158585E0	-2.159235E-1
1.529348E1	8.231417E0	-1.465594E-1
1.532680E1	8.153008E0	-1.519789E-1
1.536012E1	8.041832E0	-1.681169E-1
1.539344E1	7.799486E0	-2.500881E-1
1.542676E1	7.521092E0	-3.840105E-1
1.546008E1	7.439409E0	-3.972846E-1
1.549339E1	7.590845E0	-3.326685E-1
1.552671E1	7.786452E0	-2.625212E-1
1.556003E1	7.995077E0	-2.422810E-1
1.559335E1	8.044288E0	-2.096387E-1
1.562667E1	7.966431E0	-2.581964E-1
1.565999E1	7.849149E0	-3.894514E-1
1.569331E1	7.823321E0	-3.230886E-1
1.572663E1	8.027969E0	-2.373594E-1
1.575995E1	8.302723E0	-9.784776E-2
1.579327E1	8.424873E0	-5.241970E-3
1.582659E1	8.399190E0	-1.130200E-2
1.585991E1	8.200770E0	-9.038677E-2
1.589322E1	7.883365E0	-1.575774E-1
1.592654E1	7.504853E0	-2.981288E-1
1.595986E1	7.409068E0	-3.689381E-1
1.599318E1	7.570440E0	-3.125639E-1
1.602650E1	7.725034E0	-2.546830E-1
1.605982E1	7.949960E0	-2.290246E-1
1.609314E1	8.003627E0	-1.992173E-1
1.612646E1	7.930903E0	-2.615716E-1
1.615978E1	7.790712E0	-3.245711E-1
1.619310E1	7.749097E0	-2.631594E-1
1.622642E1	7.913694E0	-1.957112E-1
1.625973E1	8.161480E0	-5.952951E-2
1.629305E1	8.244355E0	-4.173305E-2
1.632637E1	8.220961E0	-5.214965E-2
1.635969E1	8.162434E0	-9.369522E-2
1.639301E1	7.977475E0	-1.613906E-1
1.642633E1	7.726401E0	-2.694604E-1
1.645965E1	7.670268E0	-3.170398E-1
1.649297E1	7.860260E0	-1.988610E-1
1.652629E1	8.065204E0	-1.281688E-1
1.655961E1	8.270434E0	-1.204663E-1
1.659293E1	8.295500E0	-8.020956E-2
1.662625E1	8.216614E0	-1.322474E-1
1.665956E1	7.997179E0	-3.575808E-1
1.669288E1	7.913298E0	-3.121863E-1
1.672620E1	8.081569E0	-2.552147E-1
1.675952E1	8.308675E0	-1.534399E-1
1.679284E1	8.387217E0	-1.170859E-1
1.682616E1	8.332499E0	-1.108415E-1
1.685948E1	8.176515E0	-1.388688E-1
1.689280E1	7.900431E0	-2.441943E-1
1.692612E1	7.629900E0	-3.752352E-1
1.695944E1	7.565847E0	-5.202138E-1
1.699276E1	7.700312E0	-5.415830E-1
1.702607E1	7.877074E0	-5.029340E-1
1.705939E1	8.003383E0	-4.745495E-1
1.709271E1	8.048962E0	-4.657983E-1
1.712603E1	8.061298E0	-4.660776E-1
1.715935E1	7.941491E0	-6.093528E-1
1.719267E1	7.803882E0	-6.124558E-1
1.722599E1	7.945653E0	-5.410969E-1
1.725931E1	8.132174E0	-3.768452E-1
1.729263E1	8.202707E0	-2.387169E-1
1.732595E1	8.158110E0	-2.593874E-1
1.735927E1	8.031687E0	-3.062529E-1
1.739259E1	7.815287E0	-3.683750E-1
1.742590E1	7.522692E0	-4.924954E-1
1.745922E1	7.484756E0	-5.344593E-1
1.749254E1	7.616348E0	-5.206163E-1
1.752586E1	7.703359E0	-5.241191E-1
1.755918E1	7.830685E0	-5.215277E-1
1.759250E1	7.836933E0	-4.943488E-1
1.762582E1	7.529015E0	-6.976979E-1
1.765914E1	7.528023E0	-7.105257E-1
1.769246E1	7.466873E0	-6.818829E-1
1.772578E1	7.675154E0	-5.988087E-1
1.775910E1	7.925735E0	-4.255499E-1
1.779241E1	8.043598E0	-3.038184E-1
1.782573E1	8.025647E0	-3.106020E-1
1.785905E1	7.838220E0	-3.891070E-1
1.789237E1	7.525559E0	-4.770103E-1
1.792569E1	7.190532E0	-6.243073E-1
1.795901E1	7.135921E0	-6.704319E-1
1.799233E1	7.274457E0	-5.999542E-1
1.802565E1	7.422021E0	-5.352264E-1
1.805897E1	7.636074E0	-5.050108E-1
1.809229E1	7.673907E0	-4.793203E-1
1.812561E1	7.616428E0	-5.287063E-1
1.815893E1	7.493058E0	-6.348900E-1
1.819224E1	7.462067E0	-5.803675E-1
1.822556E1	7.620901E0	-5.191512E-1
1.825888E1	7.876187E0	-3.588991E-1
1.829220E1	8.000198E0	-2.773127E-1
1.832552E1	7.998560E0	-2.666743E-1
1.835884E1	7.914424E0	-3.303885E-1
1.839216E1	7.677826E0	-4.297657E-1
1.842548E1	7.375556E0	-5.585776E-1
1.845880E1	7.395151E0	-5.789826E-1
1.849212E1	7.598501E0	-4.573327E-1
1.852544E1	7.825305E0	-3.428689E-1
1.855875E1	8.030297E0	-3.248242E-1
1.859207E1	8.062325E0	-2.715547E-1
1.862539E1	7.964873E0	-3.040423E-1
1.865871E1	7.850541E0	-4.363675E-1
1.869203E1	7.767263E0	-3.945330E-1
1.872535E1	7.877849E0	-3.616448E-1
1.875867E1	8.123654E0	-2.371363E-1
1.879199E1	8.266441E0	-1.292082E-1
1.882531E1	8.279383E0	-1.488138E-1
1.885863E1	8.144214E0	-2.174092E-1
1.889195E1	7.851498E0	-2.785049E-1
1.892527E1	7.454927E0	-3.829354E-1
1.895858E1	7.353297E0	-4.814882E-1
1.899190E1	7.530202E0	-3.829097E-1
1.902522E1	7.661227E0	-3.528551E-1
1.905854E1	7.854555E0	-3.531571E-1
1.909186E1	7.887723E0	-3.111525E-1
1.912518E1	7.681656E0	-5.291844E-1
1.915850E1	7.661415E0	-5.539601E-1
1.919182E1	7.596512E0	-5.126115E-1
1.922514E1	7.791484E0	-4.296483E-1
1.925846E1	8.060925E0	-2.540123E-1
1.929178E1	8.195753E0	-1.527502E-1
1.932509E1	8.194443E0	-1.420072E-1
1.935841E1	8.075772E0	-2.363882E-1
1.939173E1	7.798658E0	-3.639407E-1
1.942505E1	7.473388E0	-5.265990E-1
1.945837E1	7.439012E0	-5.379330E-1
1.949169E1	7.646782E0	-4.557473E-1
1.952501E1	7.853915E0	-3.648045E-1
1.955833E1	8.081765E0	-3.235039E-1
1.959165E1	8.140887E0	-2.886177E-1
1.962497E1	7.956262E0	-3.510511E-1
1.965829E1	7.848887E0	-4.691575E-1
1.969161E1	7.793236E0	-4.047433E-1
1.972492E1	7.927633E0	-3.634152E-1
1.975824E1	8.165806E0	-1.840325E-1
1.979156E1	8.294930E0	-6.384986E-2
1.982488E1	8.267973E0	-6.202394E-2
1.985820E1	8.119745E0	-1.729633E-1
1.989152E1	7.824850E0	-2.765200E-1
1.992484E1	7.470048E0	-4.205702E-1
1.995816E1	7.387441E0	-4.639631E-1
1.999148E1	7.572766E0	-4.629545E-1
2.002480E1	7.801542E0	-3.726344E-1
2.005812E1	7.993479E0	-3.128931E-1
2.009143E1	8.082034E0	-2.923792E-1
2.012475E1	8.080714E0	-3.035251E-1
2.015807E1	7.975330E0	-4.052408E-1
2.019139E1	7.924268E0	-3.458283E-1
2.022471E1	8.056840E0	-2.955236E-1
2.025803E1	8.267693E0	-1.414056E-1
2.029135E1	8.364702E0	-3.031544E-2
2.032467E1	8.310365E0	-3.478386E-2
2.035799E1	8.117964E0	-1.346177E-1
2.039131E1	7.837401E0	-2.182089E-1
2.042463E1	7.505919E0	-3.435717E-1
2.045795E1	7.406147E0	-4.725831E-1
2.049126E1	7.526052E0	-4.691954E-1
2.052458E1	7.601731E0	-4.127740E-1
2.055790E1	7.667067E0	-3.884415E-1
2.059122E1	7.702226E0	-3.826784E-1
2.062454E1	7.580634E0	-5.123772E-1
2.065786E1	7.450605E0	-6.875599E-1
2.069118E1	7.328934E0	-7.292258E-1
2.072450E1	7.517225E0	-6.459577E-1
2.075782E1	7.722575E0	-4.576475E-1
2.079114E1	7.833474E0	-3.409552E-1
2.082446E1	7.809710E0	-3.218357E-1
2.085777E1	7.686318E0	-3.599201E-1
2.089109E1	7.417919E0	-5.023980E-1
2.092441E1	7.144984E0	-6.221462E-1
2.095773E1	7.089142E0	-6.507784E-1
2.099105E1	7.275038E0	-5.787381E-1
2.102437E1	7.456828E0	-4.571664E-1
2.105769E1	7.683153E0	-4.028866E-1
2.109101E1	7.762480E0	-3.763480E-1
2.112433E1	7.717485E0	-4.049436E-1
2.115765E1	7.611495E0	-4.903366E-1
2.119097E1	7.586120E0	-4.517122E-1
2.122429E1	7.671646E0	-4.179850E-1
2.125760E1	7.904792E0	-2.978628E-1
2.129092E1	8.030390E0	-1.449572E-1
2.132424E1	8.017293E0	-1.092070E-1
2.135756E1	7.886806E0	-1.963863E-1
2.139088E1	7.639824E0	-2.584107E-1
2.142420E1	7.310013E0	-3.646450E-1
2.145752E1	7.191271E0	-4.716516E-1
2.149084E1	7.311152E0	-4.522688E-1
2.152416E1	7.419851E0	-4.325286E-1
2.155748E1	7.585061E0	-4.130212E-1
2.159080E1	7.613369E0	-3.716144E-1
2.162411E1	7.532123E0	-4.485742E-1
2.165743E1	7.400550E0	-6.264616E-1
2.169075E1	7.344528E0	-5.710118E-1
2.172407E1	7.485874E0	-5.181567E-1
2.175739E1	7.748730E0	-3.573876E-1
2.179071E1	7.904139E0	-2.392665E-1
2.182403E1	7.890871E0	-2.279563E-1
2.185735E1	7.814883E0	-3.070909E-1
2.189067E1	7.589453E0	-4.187246E-1
2.192399E1	7.246717E0	-5.686226E-1
2.195731E1	7.175696E0	-6.003745E-1
2.199063E1	7.347575E0	-5.114180E-1
2.202394E1	7.527276E0	-4.122270E-1
2.205726E1	7.744940E0	-3.579735E-1
2.209058E1	7.776025E0	-3.385436E-1
2.212390E1	7.665502E0	-4.352221E-1
2.215722E1	7.523200E0	-6.185222E-1
2.219054E1	7.500009E0	-5.583664E-1
2.222386E1	7.670710E0	-4.663816E-1
2.225718E1	7.922146E0	-2.835192E-1
2.229050E1	8.032771E0	-1.490497E-1
2.232382E1	7.980292E0	-1.319732E-1
2.235714E1	7.833947E0	-2.078806E-1
2.239045E1	7.561229E0	-2.923700E-1
2.242377E1	7.180808E0	-4.528761E-1
2.245709E1	7.087491E0	-5.438038E-1
2.249041E1	7.223881E0	-4.721114E-1
2.252373E1	7.396434E0	-4.007287E-1
2.255705E1	7.577647E0	-3.553616E-1
2.259037E1	7.570569E0	-3.397205E-1
2.262369E1	7.465076E0	-4.532947E-1
2.265701E1	7.287712E0	-6.826262E-1
2.269033E1	7.208804E0	-6.639793E-1
2.272365E1	7.323624E0	-6.314438E-1
2.275697E1	7.575111E0	-4.534532E-1
2.279028E1	7.747487E0	-2.928449E-1
2.282360E1	7.724885E0	-3.018245E-1
2.285692E1	7.675004E0	-3.083633E-1
2.289024E1	7.559043E0	-3.124947E-1
2.292356E1	7.279524E0	-4.308056E-1
2.295688E1	7.248693E0	-4.842092E-1
2.299020E1	7.395195E0	-4.255175E-1
2.302352E1	7.523120E0	-3.285560E-1
2.305684E1	7.767709E0	-2.843663E-1
2.309016E1	7.807880E0	-2.628879E-1
2.312348E1	7.703120E0	-3.344795E-1
2.315679E1	7.565940E0	-4.617630E-1
2.319011E1	7.535212E0	-4.123672E-1
2.322343E1	7.666633E0	-3.307650E-1
2.325675E1	7.923949E0	-1.776803E-1
2.329007E1	8.052564E0	-4.141961E-2
2.332339E1	8.041283E0	-4.315817E-2
2.335671E1	7.914134E0	-1.236606E-1
2.339003E1	7.682873E0	-2.002211E-1
2.342335E1	7.287904E0	-3.821868E-1
2.345667E1	7.174025E0	-4.621972E-1
2.348999E1	7.297087E0	-3.881867E-1
2.352331E1	7.454126E0	-3.007428E-1
2.355662E1	7.659734E0	-2.572864E-1
2.358994E1	7.680195E0	-2.491770E-1
2.362326E1	7.579904E0	-3.264520E-1
2.365658E1	7.462982E0	-4.822417E-1
2.368990E1	7.448215E0	-4.008271E-1
2.372322E1	7.573556E0	-3.333886E-1
2.375654E1	7.809359E0	-1.725845E-1
2.378986E1	7.919588E0	-5.883027E-2
2.382318E1	7.875993E0	-7.390374E-2
2.385650E1	7.703252E0	-1.820143E-1
2.388982E1	7.412562E0	-2.708401E-1
2.392313E1	7.046275E0	-4.228336E-1
2.395645E1	6.928610E0	-4.909632E-1
2.398977E1	7.064714E0	-3.882472E-1
2.402309E1	7.227720E0	-3.297088E-1
2.405641E1	7.418739E0	-3.052014E-1
2.408973E1	7.446091E0	-2.752807E-1
2.412305E1	7.344900E0	-3.549657E-1
2.415637E1	7.176269E0	-5.650698E-1
2.418969E1	7.122846E0	-5.148584E-1
2.422301E1	7.305314E0	-4.476971E-1
2.425633E1	7.612286E0	-2.395590E-1
2.428964E1	7.801885E0	-1.180755E-1
2.432296E1	7.810022E0	-9.455909E-2
2.435628E1	7.681828E0	-1.793125E-1
2.438960E1	7.409702E0	-2.914695E-1
2.442292E1	7.027939E0	-4.735795E-1
2.445624E1	6.938868E0	-5.297984E-1
2.448956E1	7.090542E0	-4.234182E-1
2.452288E1	7.283193E0	-3.076634E-1
2.455620E1	7.453800E0	-2.616487E-1
2.458952E1	7.474996E0	-2.351496E-1
2.462284E1	7.350286E0	-3.252696E-1
2.465616E1	7.209402E0	-5.498792E-1
2.468947E1	7.142937E0	-5.068233E-1
2.472279E1	7.303488E0	-4.444354E-1
2.475611E1	7.591368E0	-2.418073E-1
2.478943E1	7.741241E0	-1.010593E-1
2.482275E1	7.722789E0	-5.289646E-2
2.485607E1	7.622043E0	-1.314226E-1
2.488939E1	7.394608E0	-2.327608E-1
2.492271E1	7.034139E0	-4.119255E-1
2.495603E1	6.924282E0	-4.959947E-1
2.498935E1	7.057874E0	-4.054593E-1
2.502267E1	7.241034E0	-2.695521E-1
2.505598E1	7.435533E0	-2.192409E-1
2.508930E1	7.445368E0	-2.047478E-1
2.512262E1	7.377420E0	-2.598333E-1
2.515594E1	7.253002E0	-4.628308E-1
2.518926E1	7.190459E0	-4.027589E-1
2.522258E1	7.329230E0	-3.561382E-1
2.525590E1	7.572616E0	-1.579074E-1
2.528922E1	7.729206E0	-7.009162E-3
2.532254E1	7.698377E0	-3.438856E-2
2.535586E1	7.500965E0	-1.399206E-1
2.538918E1	7.216864E0	-2.264115E-1
2.542250E1	6.898420E0	-3.824630E-1
2.545581E1	6.846056E0	-4.472521E-1
2.548913E1	6.954716E0	-3.829121E-1
2.552245E1	7.065393E0	-3.033996E-1
2.555577E1	7.256227E0	-2.364595E-1
2.558909E1	7.301035E0	-2.110178E-1
2.562241E1	7.263149E0	-2.437380E-1
2.565573E1	7.190172E0	-3.790836E-1
2.568905E1	7.181244E0	-3.122416E-1
2.572237E1	7.294797E0	-2.534389E-1
2.575569E1	7.515806E0	-8.371775E-2
2.578901E1	7.628856E0	8.343573E-2
2.582232E1	7.637003E0	8.485791E-2
2.585564E1	7.527231E0	-2.285437E-2
2.588896E1	7.290114E0	-1.366404E-1
2.592228E1	7.080803E0	-3.135429E-1
2.595560E1	7.144329E0	-2.609227E-1
2.598892E1	7.324294E0	-1.012736E-1
2.602224E1	7.553059E0	1.223296E-1
2.605556E1	7.688629E0	1.642249E-1
2.608888E1	7.536289E0	1.388876E-2
2.612220E1	7.252552E0	-2.499228E-1
2.615552E1	6.951471E0	-5.438215E-1
2.618884E1	6.908747E0	-6.265691E-1
2.622215E1	7.087642E0	-5.028781E-1
2.625547E1	7.299385E0	-3.490266E-1
2.628879E1	7.355052E0	-2.736600E-1
2.632211E1	7.351197E0	-2.841926E-1
2.635543E1	7.287415E0	-3.492137E-1
2.638875E1	7.095821E0	-4.043094E-1
2.642207E1	6.758222E0	-5.472818E-1
2.645539E1	6.661227E0	-6.094428E-1
2.648871E1	6.798044E0	-5.134959E-1
2.652203E1	6.964858E0	-4.059142E-1
2.655535E1	7.135980E0	-3.590656E-1
2.658866E1	7.150516E0	-3.290210E-1
2.662198E1	7.018106E0	-4.075354E-1
2.665530E1	6.886176E0	-6.341001E-1
2.668862E1	6.809873E0	-6.522569E-1
2.672194E1	6.965640E0	-5.742871E-1
2.675526E1	7.310950E0	-4.196032E-1
2.678858E1	7.481921E0	-2.712935E-1
2.682190E1	7.501056E0	-2.548797E-1
2.685522E1	7.430994E0	-3.544031E-1
2.688854E1	7.134518E0	-5.614520E-1
2.692186E1	6.767214E0	-6.549048E-1
2.695518E1	6.657923E0	-7.885652E-1
2.698849E1	6.781851E0	-6.762734E-1
2.702181E1	6.851291E0	-5.780182E-1
2.705513E1	7.032844E0	-5.240758E-1
2.708845E1	7.078869E0	-5.011282E-1
2.712177E1	6.987270E0	-6.379859E-1
2.715509E1	6.864025E0	-8.743708E-1
2.718841E1	6.750221E0	-8.991693E-1
2.722173E1	6.906330E0	-7.999591E-1
2.725505E1	7.142767E0	-5.756898E-1
2.728837E1	7.262974E0	-4.216932E-1
2.732169E1	7.212486E0	-4.045222E-1
2.735500E1	7.128677E0	-4.580536E-1
2.738832E1	6.954118E0	-5.116997E-1
2.742164E1	6.697954E0	-6.152917E-1
2.745496E1	6.592201E0	-7.718965E-1
2.748828E1	6.668069E0	-8.140516E-1
2.752160E1	6.783475E0	-7.400127E-1
2.755492E1	6.848214E0	-7.085338E-1
2.758824E1	6.888455E0	-6.878555E-1
2.762156E1	6.717731E0	-8.196950E-1
2.765488E1	6.543223E0	-1.082772E0
2.768820E1	6.388049E0	-1.145194E0
2.772152E1	6.575562E0	-1.059165E0
2.775483E1	6.854617E0	-8.451672E-1
2.778815E1	6.961423E0	-7.021080E-1
2.782147E1	6.953325E0	-6.682857E-1
2.785479E1	6.917669E0	-7.049271E-1
2.788811E1	6.773456E0	-7.674425E-1
2.792143E1	6.480655E0	-8.339387E-1
2.795475E1	6.337581E0	-1.018451E0
2.798807E1	6.411009E0	-1.040342E0
2.802139E1	6.539803E0	-1.004354E0
2.805471E1	6.632868E0	-9.890457E-1
2.808803E1	6.688775E0	-9.541986E-1
2.812134E1	6.590035E0	-1.034116E0
2.815466E1	6.477197E0	-1.253525E0
2.818798E1	6.366776E0	-1.276085E0
2.822130E1	6.535314E0	-1.191909E0
2.825462E1	6.835397E0	-9.380060E-1
2.828794E1	6.974463E0	-7.109597E-1
2.832126E1	6.992812E0	-6.251459E-1
2.835458E1	6.927564E0	-7.111612E-1
2.838790E1	6.771119E0	-7.839764E-1
2.842122E1	6.443289E0	-9.301043E-1
2.845454E1	6.312050E0	-1.040890E0
2.848786E1	6.424251E0	-9.660627E-1
2.852117E1	6.571245E0	-8.510016E-1
2.855449E1	6.728738E0	-7.859021E-1
2.858781E1	6.728137E0	-7.758048E-1
2.862113E1	6.656056E0	-8.426356E-1
2.865445E1	6.483469E0	-1.146709E0
2.868777E1	6.381819E0	-1.142520E0
2.872109E1	6.525318E0	-1.105373E0
2.875441E1	6.759433E0	-9.158832E-1
2.878773E1	6.861640E0	-7.608311E-1
2.882105E1	6.840632E0	-7.651611E-1
2.885437E1	6.830519E0	-8.019530E-1
2.888768E1	6.748294E0	-8.230761E-1
2.892100E1	6.499256E0	-9.492107E-1
2.895432E1	6.415623E0	-9.882807E-1
2.898764E1	6.522082E0	-9.181633E-1
2.902096E1	6.695138E0	-8.112106E-1
2.905428E1	6.859639E0	-7.642062E-1
2.908760E1	6.873431E0	-7.494612E-1
2.912092E1	6.803584E0	-7.682649E-1
2.915424E1	6.660235E0	-1.053608E0
2.918756E1	6.551038E0	-1.036133E0
2.922088E1	6.671049E0	-1.002497E0
2.925420E1	6.894386E0	-8.324255E-1
2.928751E1	7.013121E0	-6.759574E-1
2.932083E1	7.019505E0	-6.730099E-1
2.935415E1	6.928175E0	-7.050015E-1
2.938747E1	6.753184E0	-7.507356E-1
2.942079E1	6.507032E0	-8.506524E-1
2.945411E1	6.431685E0	-9.773265E-1
2.948743E1	6.536627E0	-9.985564E-1
2.952075E1	6.637457E0	-9.529956E-1
2.955407E1	6.772234E0	-8.998293E-1
2.958739E1	6.807182E0	-8.837836E-1
2.962071E1	6.808260E0	-8.901968E-1
2.965402E1	6.714670E0	-1.066438E0
2.968734E1	6.654572E0	-9.938370E-1
2.972066E1	6.746163E0	-9.331531E-1
2.975398E1	6.989473E0	-7.443037E-1
2.978730E1	7.088210E0	-5.442307E-1
2.982062E1	7.088747E0	-5.335419E-1
2.985394E1	6.980554E0	-6.350631E-1
2.988726E1	6.766587E0	-7.194560E-1
2.992058E1	6.459950E0	-8.564356E-1
2.995390E1	6.361969E0	-9.745857E-1
2.998722E1	6.468777E0	-9.549646E-1
3.002054E1	6.493659E0	-9.332870E-1
3.005385E1	6.657997E0	-8.770494E-1
3.008717E1	6.714866E0	-8.403210E-1
3.012049E1	6.658600E0	-8.688930E-1
3.015381E1	6.580457E0	-1.032235E0
3.018713E1	6.482573E0	-1.037670E0
3.022045E1	6.606129E0	-1.010658E0
3.025377E1	6.869380E0	-8.155208E-1
3.028709E1	6.956061E0	-6.883673E-1
3.032041E1	6.961277E0	-6.740815E-1
3.035373E1	6.875230E0	-7.348741E-1
3.038705E1	6.680227E0	-7.981926E-1
3.042036E1	6.342092E0	-9.500513E-1
3.045368E1	6.197782E0	-1.036119E0
3.048700E1	6.282975E0	-9.900804E-1
3.052032E1	6.429429E0	-9.035294E-1
3.055364E1	6.602394E0	-8.310655E-1
3.058696E1	6.648565E0	-8.299364E-1
3.062028E1	6.623422E0	-8.756237E-1
3.065360E1	6.499676E0	-1.153686E0
3.068692E1	6.415532E0	-1.132600E0
3.072024E1	6.534063E0	-1.097713E0
3.075356E1	6.776940E0	-8.813197E-1
3.078688E1	6.918731E0	-7.191815E-1
3.082019E1	6.867383E0	-7.290568E-1
3.085351E1	6.768686E0	-7.945640E-1
3.088683E1	6.624368E0	-8.470961E-1
3.092015E1	6.424772E0	-9.713586E-1
3.095347E1	6.382922E0	-1.025285E0
3.098679E1	6.491476E0	-9.249502E-1
3.102011E1	6.602974E0	-7.812064E-1
3.105343E1	6.813162E0	-6.866975E-1
3.108675E1	6.832360E0	-6.797446E-1
3.112007E1	6.796856E0	-7.118548E-1
3.115339E1	6.691326E0	-9.636484E-1
3.118670E1	6.595588E0	-9.555991E-1
3.122002E1	6.691839E0	-8.934727E-1
3.125334E1	6.947139E0	-7.166593E-1
3.128666E1	7.094916E0	-5.539393E-1
3.131998E1	7.083940E0	-5.514921E-1
3.135330E1	6.983755E0	-6.586638E-1
3.138662E1	6.733881E0	-8.174130E-1
3.141994E1	6.439882E0	-1.026500E0
3.145326E1	6.238420E0	-1.218158E0
3.148658E1	6.297419E0	-1.143158E0
3.151990E1	6.376587E0	-1.052330E0
3.155322E1	6.505295E0	-9.727273E-1
3.158653E1	6.587111E0	-9.461853E-1
3.161985E1	6.598675E0	-9.624273E-1
3.165317E1	6.521010E0	-1.154478E0
3.168649E1	6.439480E0	-1.141908E0
3.171981E1	6.535052E0	-1.093794E0
3.175313E1	6.753142E0	-8.956507E-1
3.178645E1	6.831499E0	-7.189652E-1
3.181977E1	6.827061E0	-7.184577E-1
3.185309E1	6.726621E0	-7.693457E-1
3.188641E1	6.590931E0	-8.331785E-1
3.191973E1	6.405102E0	-9.584658E-1
3.195304E1	6.348360E0	-1.018345E0
3.198636E1	6.429899E0	-8.922347E-1
3.201968E1	6.491659E0	-8.345208E-1
3.205300E1	6.624950E0	-7.831299E-1
3.208632E1	6.637007E0	-7.650075E-1
3.211964E1	6.546078E0	-8.225304E-1
3.215296E1	6.428529E0	-1.104931E0
3.218628E1	6.271183E0	-1.200720E0
3.221960E1	6.378862E0	-1.159330E0
3.225292E1	6.608587E0	-9.369738E-1
3.228624E1	6.690424E0	-7.947010E-1
3.231956E1	6.669654E0	-7.603786E-1
3.235287E1	6.615163E0	-8.402216E-1
3.238619E1	6.451203E0	-9.079172E-1
3.241951E1	6.129541E0	-1.052678E0
3.245283E1	6.028292E0	-1.092978E0
3.248615E1	6.153796E0	-9.892897E-1
3.251947E1	6.320418E0	-8.575297E-1
3.255279E1	6.514165E0	-7.814610E-1
3.258611E1	6.558958E0	-7.792396E-1
3.261943E1	6.507585E0	-8.297025E-1
3.265275E1	6.380660E0	-1.099646E0
3.268607E1	6.266455E0	-1.079949E0
3.271938E1	6.363921E0	-1.057185E0
3.275270E1	6.616478E0	-8.815589E-1
3.278602E1	6.779639E0	-6.957742E-1
3.281934E1	6.724916E0	-7.116092E-1
3.285266E1	6.613596E0	-7.718541E-1
3.288598E1	6.461923E0	-8.199854E-1
3.291930E1	6.331625E0	-9.470805E-1
3.295262E1	6.268886E0	-1.037578E0
3.298594E1	6.337714E0	-1.046480E0
3.301926E1	6.415528E0	-9.577300E-1
3.305258E1	6.563037E0	-9.057319E-1
3.308590E1	6.591454E0	-9.216590E-1
3.311921E1	6.583013E0	-9.432498E-1
3.315253E1	6.486992E0	-1.183145E0
3.318585E1	6.379762E0	-1.176733E0
3.321917E1	6.466656E0	-1.141551E0
3.325249E1	6.707778E0	-9.666193E-1
3.328581E1	6.847698E0	-7.470717E-1
3.331913E1	6.864331E0	-7.300222E-1
3.335245E1	6.770942E0	-7.925798E-1
3.338577E1	6.601597E0	-8.521203E-1
3.341909E1	6.375277E0	-9.426268E-1
3.345241E1	6.261531E0	-1.087417E0
3.348572E1	6.344833E0	-1.156475E0
3.351904E1	6.478499E0	-1.091948E0
3.355236E1	6.576327E0	-1.072625E0
3.358568E1	6.661133E0	-1.082402E0
3.361900E1	6.654455E0	-1.103346E0
3.365232E1	6.549597E0	-1.281479E0
3.368564E1	6.441804E0	-1.272348E0
3.371896E1	6.525110E0	-1.228489E0
3.375228E1	6.746988E0	-1.054804E0
3.378560E1	6.865835E0	-8.647369E-1
3.381892E1	6.876327E0	-8.726017E-1
3.385223E1	6.799374E0	-9.188288E-1
3.388555E1	6.656473E0	-9.870164E-1
3.391887E1	6.448780E0	-1.117786E0
3.395219E1	6.426417E0	-1.178247E0
3.398551E1	6.511279E0	-1.170176E0
3.401883E1	6.582699E0	-1.072201E0
3.405215E1	6.737022E0	-1.030690E0
3.408547E1	6.780003E0	-1.054188E0
3.411879E1	6.629093E0	-1.189957E0
3.415211E1	6.483654E0	-1.498631E0
3.418543E1	6.280623E0	-1.580592E0
3.421875E1	6.419920E0	-1.498606E0
3.425206E1	6.633257E0	-1.243163E0
3.428538E1	6.708202E0	-1.047826E0
3.431870E1	6.699970E0	-1.020205E0
3.435202E1	6.644776E0	-1.098168E0
3.438534E1	6.516780E0	-1.156848E0
3.441866E1	6.370593E0	-1.213325E0
3.445198E1	6.300671E0	-1.309432E0
3.448530E1	6.321947E0	-1.318928E0
3.451862E1	6.299418E0	-1.268698E0
3.455194E1	6.401439E0	-1.258603E0
3.458526E1	6.449183E0	-1.254027E0
3.461857E1	6.427201E0	-1.240987E0
3.465189E1	6.363203E0	-1.442791E0
3.468521E1	6.216630E0	-1.522016E0
3.471853E1	6.276572E0	-1.476249E0
3.475185E1	6.538370E0	-1.265904E0
3.478517E1	6.731333E0	-1.043424E0
3.481849E1	6.743936E0	-1.028768E0
3.485181E1	6.646121E0	-1.125979E0
3.488513E1	6.457909E0	-1.180276E0
3.491845E1	6.205775E0	-1.247486E0
3.495177E1	6.168400E0	-1.364322E0
3.498509E1	6.213566E0	-1.370837E0
3.501840E1	6.265918E0	-1.295532E0
3.505172E1	6.381872E0	-1.280208E0
3.508504E1	6.447432E0	-1.275033E0
3.511836E1	6.431857E0	-1.284255E0
3.515168E1	6.344392E0	-1.490034E0
3.518500E1	6.222808E0	-1.520557E0
3.521832E1	6.298231E0	-1.485380E0
3.525164E1	6.553158E0	-1.296648E0
3.528496E1	6.662887E0	-1.107108E0
3.531828E1	6.657403E0	-1.076221E0
3.535160E1	6.577375E0	-1.154727E0
3.538491E1	6.390556E0	-1.251273E0
3.541823E1	6.219550E0	-1.289954E0
3.545155E1	6.164765E0	-1.385589E0
3.548487E1	6.211413E0	-1.350255E0
3.551819E1	6.190237E0	-1.324447E0
3.555151E1	6.324262E0	-1.273110E0
3.558483E1	6.363919E0	-1.264262E0
3.561815E1	6.319343E0	-1.240378E0
3.565147E1	6.256864E0	-1.438643E0
3.568479E1	6.098626E0	-1.517357E0
3.571811E1	6.155022E0	-1.438971E0
3.575143E1	6.380869E0	-1.272585E0
3.578474E1	6.478957E0	-1.111778E0
3.581806E1	6.507883E0	-1.099398E0
3.585138E1	6.436329E0	-1.138885E0
3.588470E1	6.286798E0	-1.215576E0
3.591802E1	6.154547E0	-1.275014E0
3.595134E1	6.140135E0	-1.305678E0
3.598466E1	6.220953E0	-1.288609E0
3.601798E1	6.230644E0	-1.232625E0
3.605130E1	6.363306E0	-1.172864E0
3.608462E1	6.426336E0	-1.150363E0
3.611794E1	6.434454E0	-1.128843E0
3.615125E1	6.315829E0	-1.377084E0
3.618457E1	6.198626E0	-1.377470E0
3.621789E1	6.261326E0	-1.357131E0
3.625121E1	6.491160E0	-1.204465E0
3.628453E1	6.646871E0	-9.597178E-1
3.631785E1	6.640314E0	-9.492033E-1
3.635117E1	6.541281E0	-1.011760E0
3.638449E1	6.373743E0	-1.090349E0
3.641781E1	6.109990E0	-1.251596E0
3.645113E1	6.054387E0	-1.362740E0
3.648445E1	6.183757E0	-1.321164E0
3.651777E1	6.380525E0	-1.163229E0
3.655108E1	6.552170E0	-1.060535E0
3.658440E1	6.677539E0	-1.009069E0
3.661772E1	6.698947E0	-1.009849E0
3.665104E1	6.648548E0	-1.052818E0
3.668436E1	6.581285E0	-1.113013E0
3.671768E1	6.638935E0	-1.070413E0
3.675100E1	6.931839E0	-9.495246E-1
3.678432E1	7.083353E0	-7.984586E-1
3.681764E1	7.119307E0	-7.440492E-1
3.685096E1	6.962546E0	-8.665799E-1
3.688428E1	6.657206E0	-1.180350E0
3.691759E1	6.326824E0	-1.265977E0
3.695091E1	6.232987E0	-1.309547E0
3.698423E1	6.326369E0	-1.214026E0
3.701755E1	6.327004E0	-1.110184E0
3.705087E1	6.421826E0	-1.056279E0
3.708419E1	6.520849E0	-1.050199E0
3.711751E1	6.501133E0	-1.051330E0
3.715083E1	6.471140E0	-1.216558E0
3.718415E1	6.378086E0	-1.213894E0
3.721747E1	6.414822E0	-1.195654E0
3.725079E1	6.668259E0	-1.039120E0
3.728411E1	6.764089E0	-8.337893E-1
3.731742E1	6.765807E0	-8.045644E-1
3.735074E1	6.666217E0	-8.780849E-1
3.738406E1	6.488634E0	-9.480660E-1
3.741738E1	6.287098E0	-1.062944E0
3.745070E1	6.225001E0	-1.181963E0
3.748402E1	6.283344E0	-1.175640E0
3.751734E1	6.316518E0	-1.111101E0
3.755066E1	6.432943E0	-1.048200E0
3.758398E1	6.475952E0	-1.021743E0
3.761730E1	6.472080E0	-9.967863E-1
3.765062E1	6.398573E0	-1.227164E0
3.768393E1	6.268294E0	-1.270605E0
3.771725E1	6.315820E0	-1.254436E0
3.775057E1	6.523194E0	-1.078123E0
3.778389E1	6.657539E0	-8.824801E-1
3.781721E1	6.641209E0	-8.650784E-1
3.785053E1	6.507994E0	-9.216993E-1
3.788385E1	6.299528E0	-9.733656E-1
3.791717E1	6.054879E0	-1.145255E0
3.795049E1	6.038704E0	-1.214533E0
3.798381E1	6.202663E0	-1.153052E0
3.801713E1	6.377806E0	-1.014728E0
3.805045E1	6.595518E0	-8.843735E-1
3.808376E1	6.691568E0	-8.500684E-1
3.811708E1	6.654666E0	-8.780950E-1
3.815040E1	6.553009E0	-1.126550E0
3.818372E1	6.426793E0	-1.132871E0
3.821704E1	6.477843E0	-1.087487E0
3.825036E1	6.724293E0	-8.944248E-1
3.828368E1	6.825485E0	-6.780112E-1
3.831700E1	6.828577E0	-6.431344E-1
3.835032E1	6.752175E0	-7.255484E-1
3.838364E1	6.571561E0	-8.437584E-1
3.841696E1	6.332214E0	-9.427532E-1
3.845027E1	6.271637E0	-1.047333E0
3.848359E1	6.323336E0	-1.034483E0
3.851691E1	6.360421E0	-9.642051E-1
3.855023E1	6.490069E0	-8.942348E-1
3.858355E1	6.549396E0	-9.018055E-1
3.861687E1	6.442320E0	-1.051507E0
3.865019E1	6.355063E0	-1.274221E0
3.868351E1	6.225250E0	-1.330121E0
3.871683E1	6.300168E0	-1.265797E0
3.875015E1	6.519471E0	-1.060628E0
3.878347E1	6.629915E0	-8.139588E-1
3.881679E1	6.614664E0	-7.862312E-1
3.885010E1	6.507459E0	-8.423260E-1
3.888342E1	6.332953E0	-8.949802E-1
3.891674E1	6.142455E0	-9.870670E-1
3.895006E1	6.068728E0	-1.145827E0
3.898338E1	6.113553E0	-1.151187E0
3.901670E1	6.167337E0	-1.042796E0
3.905002E1	6.251532E0	-1.012941E0
3.908334E1	6.329587E0	-1.001382E0
3.911666E1	6.331439E0	-1.011647E0
3.914998E1	6.305324E0	-1.171811E0
3.918330E1	6.167146E0	-1.284025E0
3.921661E1	6.242468E0	-1.195333E0
3.924993E1	6.488322E0	-9.848361E-1
3.928325E1	6.622871E0	-7.258479E-1
3.931657E1	6.583546E0	-6.716885E-1
3.934989E1	6.463509E0	-7.880189E-1
3.938321E1	6.274512E0	-8.640746E-1
3.941653E1	6.007528E0	-1.017746E0
3.944985E1	5.942348E0	-1.091169E0
3.948317E1	6.063939E0	-1.017397E0
3.951649E1	6.190760E0	-8.877430E-1
3.954981E1	6.374622E0	-7.813825E-1
3.958313E1	6.471834E0	-7.527535E-1
3.961644E1	6.450731E0	-7.859414E-1
3.964976E1	6.369644E0	-9.938776E-1
3.968308E1	6.211792E0	-1.032130E0
3.971640E1	6.257443E0	-1.001521E0
3.974972E1	6.451091E0	-8.535766E-1
3.978304E1	6.491683E0	-7.014935E-1
3.981636E1	6.534394E0	-6.991700E-1
3.984968E1	6.506947E0	-7.410744E-1
3.988300E1	6.342116E0	-8.257449E-1
3.991632E1	6.151621E0	-9.307811E-1
3.994964E1	6.133014E0	-9.653646E-1
3.998295E1	6.192683E0	-9.302576E-1
4.001627E1	6.261052E0	-8.450685E-1
4.004959E1	6.371249E0	-7.961662E-1
4.008291E1	6.453234E0	-7.876246E-1
4.011623E1	6.371393E0	-8.914468E-1
4.014955E1	6.313600E0	-1.086102E0
4.018287E1	6.172562E0	-1.173977E0
4.021619E1	6.215950E0	-1.139076E0
4.024951E1	6.455648E0	-9.368867E-1
4.028283E1	6.542194E0	-6.923293E-1
4.031615E1	6.540354E0	-5.683458E-1
4.034947E1	6.480374E0	-6.269286E-1
4.038278E1	6.270030E0	-7.853898E-1
4.041610E1	6.044611E0	-8.964175E-1
4.044942E1	5.959731E0	-1.047506E0
4.048274E1	6.053903E0	-1.007599E0
4.051606E1	6.105336E0	-9.431785E-1
4.054938E1	6.175637E0	-9.145281E-1
4.058270E1	6.291967E0	-8.985188E-1
4.061602E1	6.217338E0	-9.871590E-1
4.064934E1	6.161265E0	-1.170276E0
4.068266E1	6.028249E0	-1.243273E0
4.071598E1	6.150959E0	-1.175039E0
4.074929E1	6.367805E0	-9.806431E-1
4.078261E1	6.474747E0	-7.938363E-1
4.081593E1	6.457070E0	-7.712303E-1
4.084925E1	6.316589E0	-8.245006E-1
4.088257E1	6.082118E0	-8.900119E-1
4.091589E1	5.832924E0	-1.015486E0
4.094921E1	5.755914E0	-1.143842E0
4.098253E1	5.881322E0	-1.146912E0
4.101585E1	6.095028E0	-9.955186E-1
4.104917E1	6.202848E0	-9.485951E-1
4.108249E1	6.350325E0	-9.375745E-1
4.111581E1	6.315687E0	-1.026643E0
4.114912E1	6.222437E0	-1.229060E0
4.118244E1	6.035522E0	-1.324471E0
4.121576E1	6.015707E0	-1.322139E0
4.124908E1	6.224953E0	-1.153929E0
4.128240E1	6.375730E0	-9.054579E-1
4.131572E1	6.391032E0	-8.286647E-1
4.134904E1	6.235721E0	-8.849281E-1
4.138236E1	6.038580E0	-9.330467E-1
4.141568E1	5.834748E0	-1.044250E0
4.144900E1	5.785140E0	-1.170363E0
4.148232E1	5.912080E0	-1.123892E0
4.151563E1	6.045097E0	-9.957052E-1
4.154895E1	6.234977E0	-8.858285E-1
4.158227E1	6.317447E0	-8.417257E-1
4.161559E1	6.309885E0	-8.478483E-1
4.164891E1	6.221991E0	-1.089931E0
4.168223E1	6.077150E0	-1.167728E0
4.171555E1	6.099692E0	-1.112398E0
4.174887E1	6.290999E0	-9.771753E-1
4.178219E1	6.332283E0	-8.086389E-1
4.181551E1	6.364863E0	-7.969217E-1
4.184883E1	6.342905E0	-8.163478E-1
4.188215E1	6.190399E0	-8.703557E-1
4.191546E1	6.045635E0	-9.580405E-1
4.194878E1	5.965661E0	-1.062325E0
4.198210E1	6.025730E0	-9.989417E-1
4.201542E1	6.098722E0	-9.414466E-1
4.204874E1	6.201572E0	-8.822855E-1
4.208206E1	6.246708E0	-8.602713E-1
4.211538E1	6.183255E0	-8.908036E-1
4.214870E1	6.078852E0	-1.152521E0
4.218202E1	5.903026E0	-1.335050E0
4.221534E1	5.933292E0	-1.290733E0
4.224866E1	6.170784E0	-1.144311E0
4.228197E1	6.291260E0	-9.635925E-1
4.231529E1	6.239589E0	-9.069908E-1
4.234861E1	6.113000E0	-9.294886E-1
4.238193E1	5.932826E0	-1.007876E0
4.241525E1	5.683447E0	-1.156887E0
4.244857E1	5.596815E0	-1.261637E0
4.248189E1	5.740377E0	-1.227794E0
4.251521E1	5.904329E0	-1.082544E0
4.254853E1	6.073833E0	-9.795578E-1
4.258185E1	6.180103E0	-9.446592E-1
4.261517E1	6.245177E0	-8.851692E-1
4.264849E1	6.183039E0	-1.110552E0
4.268180E1	6.045986E0	-1.148724E0
4.271512E1	6.073387E0	-1.127711E0
4.274844E1	6.281236E0	-9.444966E-1
4.278176E1	6.422479E0	-6.981399E-1
4.281508E1	6.444445E0	-6.371330E-1
4.284840E1	6.391815E0	-6.965708E-1
4.288172E1	6.220105E0	-8.165875E-1
4.291504E1	5.929798E0	-9.491013E-1
4.294836E1	5.713854E0	-1.101894E0
4.298168E1	5.785334E0	-1.155246E0
4.301500E1	5.940234E0	-1.116156E0
4.304831E1	5.994445E0	-1.105928E0
4.308163E1	6.084224E0	-1.093490E0
4.311495E1	6.064733E0	-1.135569E0
4.314827E1	5.989093E0	-1.313747E0
4.318159E1	5.833260E0	-1.466486E0
4.321491E1	5.867876E0	-1.423306E0
4.324823E1	6.107396E0	-1.239107E0
4.328155E1	6.240070E0	-9.982445E-1
4.331487E1	6.233414E0	-9.050985E-1
4.334819E1	6.171167E0	-9.483595E-1
4.338151E1	6.051476E0	-1.016124E0
4.341482E1	5.829854E0	-1.133615E0
4.344814E1	5.735240E0	-1.271234E0
4.348146E1	5.823095E0	-1.212192E0
4.351478E1	5.904727E0	-1.069703E0
4.354810E1	6.050478E0	-9.157086E-1
4.358142E1	6.153405E0	-8.800163E-1
4.361474E1	6.134862E0	-8.800598E-1
4.364806E1	6.094304E0	-1.113653E0
4.368138E1	5.933865E0	-1.266264E0
4.371470E1	5.961920E0	-1.211818E0
4.374802E1	6.164876E0	-1.009032E0
4.378134E1	6.305044E0	-7.845765E-1
4.381465E1	6.324204E0	-7.551181E-1
4.384797E1	6.212533E0	-8.354462E-1
4.388129E1	6.011351E0	-9.012971E-1
4.391461E1	5.765838E0	-1.030153E0
4.394793E1	5.668207E0	-1.185291E0
4.398125E1	5.796853E0	-1.205978E0
4.401457E1	5.982382E0	-1.110233E0
4.404789E1	6.115978E0	-1.029507E0
4.408121E1	6.233720E0	-9.889390E-1
4.411453E1	6.238666E0	-9.876543E-1
4.414785E1	6.234504E0	-1.126630E0
4.418116E1	6.121456E0	-1.115598E0
4.421448E1	6.116213E0	-1.109530E0
4.424780E1	6.359855E0	-9.070487E-1
4.428112E1	6.497430E0	-6.526669E-1
4.431444E1	6.552263E0	-5.836316E-1
4.434776E1	6.477915E0	-6.307083E-1
4.438108E1	6.293824E0	-7.231067E-1
4.441440E1	6.057445E0	-8.426256E-1
4.444772E1	5.936712E0	-9.920269E-1
4.448104E1	6.043528E0	-9.918823E-1
4.451436E1	6.195246E0	-8.646012E-1
4.454768E1	6.268469E0	-8.207166E-1
4.458099E1	6.381234E0	-8.418536E-1
4.461431E1	6.350102E0	-8.895793E-1
4.464763E1	6.276691E0	-1.058171E0
4.468095E1	6.164665E0	-1.154685E0
4.471427E1	6.258256E0	-1.113985E0
4.474759E1	6.476543E0	-9.348800E-1
4.478091E1	6.563754E0	-7.915391E-1
4.481423E1	6.544300E0	-7.348393E-1
4.484755E1	6.505054E0	-7.620073E-1
4.488087E1	6.270021E0	-9.037810E-1
4.491419E1	5.998223E0	-1.050955E0
4.494750E1	5.865322E0	-1.185743E0
4.498082E1	5.948448E0	-1.149671E0
4.501414E1	6.044177E0	-1.008374E0
4.504746E1	6.203873E0	-8.533082E-1
4.508078E1	6.302206E0	-8.160482E-1
4.511410E1	6.303925E0	-8.281846E-1
4.514742E1	6.274352E0	-1.049240E0
4.518074E1	6.164330E0	-1.105103E0
4.521406E1	6.146331E0	-1.077234E0
4.524738E1	6.372735E0	-9.126597E-1
4.528070E1	6.555095E0	-6.699805E-1
4.531402E1	6.531547E0	-6.261540E-1
4.534733E1	6.425577E0	-6.546026E-1
4.538065E1	6.231462E0	-7.366145E-1
4.541397E1	5.988565E0	-8.402214E-1
4.544729E1	5.877280E0	-9.931380E-1
4.548061E1	5.956509E0	-1.004600E0
4.551393E1	6.046090E0	-9.009304E-1
4.554725E1	6.146143E0	-8.498179E-1
4.558057E1	6.180096E0	-8.458664E-1
4.561389E1	6.128161E0	-8.632910E-1
4.564721E1	6.059065E0	-1.094201E0
4.568053E1	5.896579E0	-1.268456E0
4.571384E1	5.924283E0	-1.183647E0
4.574716E1	6.201579E0	-9.895736E-1
4.578048E1	6.361431E0	-6.964830E-1
4.581380E1	6.372832E0	-6.047323E-1
4.584712E1	6.279155E0	-7.029918E-1
4.588044E1	6.088722E0	-8.153496E-1
4.591376E1	5.789515E0	-9.867639E-1
4.594708E1	5.674676E0	-1.100124E0
4.598040E1	5.796021E0	-9.977768E-1
4.601372E1	5.871064E0	-8.892132E-1
4.604704E1	6.058412E0	-7.430921E-1
4.608036E1	6.106302E0	-7.038053E-1
4.611367E1	6.046234E0	-7.175040E-1
4.614699E1	5.990053E0	-9.527988E-1
4.618031E1	5.888625E0	-1.004817E0
4.621363E1	5.957832E0	-9.445979E-1
4.624695E1	6.175489E0	-7.599859E-1
4.628027E1	6.271854E0	-5.616501E-1
4.631359E1	6.285486E0	-4.682112E-1
4.634691E1	6.245978E0	-4.859524E-1
4.638023E1	6.020495E0	-6.546085E-1
4.641355E1	5.781044E0	-7.825048E-1
4.644687E1	5.649201E0	-9.325814E-1
4.648018E1	5.723549E0	-9.304075E-1
4.651350E1	5.778169E0	-8.576148E-1
4.654682E1	5.855783E0	-8.443674E-1
4.658014E1	5.946560E0	-8.334852E-1
4.661346E1	5.925615E0	-8.578548E-1
4.664678E1	5.881244E0	-1.085819E0
4.668010E1	5.727254E0	-1.236772E0
4.671342E1	5.780490E0	-1.193130E0
4.674674E1	6.050743E0	-9.641933E-1
4.678006E1	6.185817E0	-6.828683E-1
4.681338E1	6.196561E0	-5.740888E-1
4.684670E1	6.111671E0	-6.491774E-1
4.688001E1	5.970311E0	-7.227488E-1
4.691333E1	5.711323E0	-8.227813E-1
4.694665E1	5.558665E0	-9.930684E-1
4.697997E1	5.642275E0	-1.000484E0
4.701329E1	5.674802E0	-9.494725E-1
4.704661E1	5.775180E0	-8.617571E-1
4.707993E1	5.830583E0	-8.507388E-1
4.711325E1	5.817295E0	-8.292926E-1
4.714657E1	5.788954E0	-1.011207E0
4.717989E1	5.636055E0	-1.106930E0
4.721321E1	5.628044E0	-1.090000E0
4.724652E1	5.878849E0	-9.242306E-1
4.727984E1	6.017459E0	-6.995485E-1
4.731316E1	6.016497E0	-6.646532E-1
4.734648E1	5.985741E0	-7.070779E-1
4.737980E1	5.880707E0	-7.978128E-1
4.741312E1	5.702033E0	-9.208970E-1
4.744644E1	5.607956E0	-1.033251E0
4.747976E1	5.692521E0	-9.617756E-1
4.751308E1	5.783116E0	-7.898381E-1
4.754640E1	5.958461E0	-6.335487E-1
4.757972E1	6.003790E0	-6.055711E-1
4.761304E1	5.985805E0	-6.117672E-1
4.764635E1	5.910520E0	-8.879561E-1
4.767967E1	5.767118E0	-9.842994E-1
4.771299E1	5.774929E0	-9.828151E-1
4.774631E1	6.000347E0	-8.375580E-1
4.777963E1	6.139656E0	-5.971962E-1
4.781295E1	6.148270E0	-5.188432E-1
4.784627E1	6.046429E0	-5.690892E-1
4.787959E1	5.845507E0	-6.788972E-1
4.791291E1	5.545756E0	-8.788774E-1
4.794623E1	5.424261E0	-1.005507E0
4.797955E1	5.519200E0	-8.961315E-1
4.801286E1	5.670210E0	-7.274195E-1
4.804618E1	5.877832E0	-5.924293E-1
4.807950E1	5.958703E0	-5.758378E-1
4.811282E1	5.907761E0	-5.646438E-1
4.814614E1	5.807820E0	-7.912177E-1
4.817946E1	5.659917E0	-9.478428E-1
4.821278E1	5.663508E0	-8.890776E-1
4.824610E1	5.872982E0	-7.403345E-1
4.827942E1	5.998214E0	-5.149822E-1
4.831274E1	5.975539E0	-4.713703E-1
4.834606E1	5.893167E0	-5.113191E-1
4.837938E1	5.712008E0	-6.013263E-1
4.841269E1	5.398130E0	-8.202074E-1
4.844601E1	5.285241E0	-9.425918E-1
4.847933E1	5.385980E0	-9.220529E-1
4.851265E1	5.597657E0	-7.930174E-1
4.854597E1	5.800809E0	-6.626077E-1
4.857929E1	5.924194E0	-5.890908E-1
4.861261E1	5.967659E0	-5.662486E-1
4.864593E1	5.952188E0	-5.769821E-1
4.867925E1	5.908268E0	-6.147696E-1
4.871257E1	5.901899E0	-6.078838E-1
4.874589E1	6.101089E0	-4.588745E-1
4.877920E1	6.364291E0	-2.057498E-1
4.881252E1	6.316649E0	-6.517910E-2
4.884584E1	6.163569E0	-9.167703E-2
4.887916E1	5.740348E0	-3.860494E-1
4.891248E1	5.321617E0	-9.026306E-1
4.894580E1	5.094779E0	-1.190678E0
4.897912E1	5.032311E0	-1.013188E0
4.901244E1	5.138974E0	-8.999445E-1
4.904576E1	5.373245E0	-7.844816E-1
4.907908E1	5.477213E0	-7.379170E-1
4.911240E1	5.407212E0	-8.262135E-1
4.914572E1	5.429144E0	-1.013418E0
4.917903E1	5.300738E0	-1.117159E0
4.921235E1	5.303382E0	-1.054652E0
4.924567E1	5.516619E0	-9.034841E-1
4.927899E1	5.674650E0	-6.442471E-1
4.931231E1	5.676375E0	-5.404267E-1
4.934563E1	5.627799E0	-5.805876E-1
4.937895E1	5.473338E0	-6.749603E-1
4.941227E1	5.173009E0	-8.885168E-1
4.944559E1	5.042955E0	-9.805563E-1
4.947891E1	5.116697E0	-8.658211E-1
4.951223E1	5.266322E0	-6.486541E-1
4.954554E1	5.422469E0	-5.383218E-1
4.957886E1	5.451879E0	-5.289063E-1
4.961218E1	5.367042E0	-5.714737E-1
4.964550E1	5.281654E0	-8.587667E-1
4.967882E1	5.142446E0	-9.657078E-1
4.971214E1	5.148093E0	-9.398368E-1
4.974546E1	5.391319E0	-7.845017E-1
4.977878E1	5.524174E0	-5.848984E-1
4.981210E1	5.528947E0	-5.094488E-1
4.984542E1	5.467669E0	-5.543700E-1
4.987874E1	5.301892E0	-6.481618E-1
4.991206E1	5.049986E0	-7.839753E-1
4.994537E1	4.935308E0	-8.891183E-1
4.997869E1	5.022982E0	-8.496872E-1
5.001201E1	5.090140E0	-7.097756E-1
5.004533E1	5.227821E0	-6.121922E-1
5.007865E1	5.277547E0	-6.270205E-1
5.011197E1	5.158047E0	-7.882533E-1
5.014529E1	5.105063E0	-1.019244E0
5.017861E1	4.918390E0	-1.129302E0
5.021193E1	4.942736E0	-1.051765E0
5.024525E1	5.178718E0	-8.959606E-1
5.027857E1	5.342080E0	-6.576052E-1
5.031188E1	5.355436E0	-5.557409E-1
5.034520E1	5.276771E0	-5.737674E-1
5.037852E1	5.106807E0	-6.458235E-1
5.041184E1	4.847569E0	-8.081404E-1
5.044516E1	4.659833E0	-9.960881E-1
5.047848E1	4.733499E0	-1.024504E0
5.051180E1	4.787767E0	-9.258662E-1
5.054512E1	4.872275E0	-8.551340E-1
5.057844E1	4.953824E0	-8.177934E-1
5.061176E1	4.926406E0	-8.163572E-1
5.064508E1	4.902241E0	-1.014506E0
5.067840E1	4.817410E0	-1.100541E0
5.071171E1	4.801441E0	-1.080274E0
5.074503E1	5.009527E0	-9.359408E-1
