	mass A		
t	x	y	
0.000000E0	9.882844E-2	-5.190296E-2
3.331913E-2	1.447758E-1	-6.677025E-2
6.663826E-2	3.644468E-1	-4.938830E-2
9.995739E-2	6.421210E-1	-1.543930E-2
1.332765E-1	8.621292E-1	-1.816624E-2
1.665957E-1	1.084123E0	-3.690173E-2
1.999148E-1	1.228637E0	-4.981369E-2
2.332339E-1	1.369463E0	-8.287042E-2
2.665530E-1	1.510133E0	-1.193407E-1
2.998722E-1	1.567030E0	-1.068464E-1
3.331913E-1	1.511610E0	-7.740839E-2
3.665104E-1	1.477753E0	-3.974997E-2
3.998296E-1	1.420509E0	1.276966E-1
4.331487E-1	1.432014E0	3.719542E-1
4.664678E-1	1.427618E0	4.523404E-1
4.997870E-1	1.403023E0	3.900154E-1
5.331061E-1	1.380794E0	3.421157E-1
5.664252E-1	1.407312E0	3.449932E-1
5.997443E-1	1.638539E0	3.212436E-1
6.330635E-1	2.000109E0	2.690586E-1
6.663826E-1	2.405964E0	2.172695E-1
6.997017E-1	2.646958E0	2.829393E-1
7.330209E-1	2.728231E0	3.133513E-1
7.663400E-1	2.753156E0	3.310448E-1
7.996591E-1	2.755916E0	3.310213E-1
8.329783E-1	2.748997E0	3.268610E-1
8.662974E-1	2.760832E0	3.153481E-1
8.996165E-1	2.593621E0	3.129461E-1
9.329357E-1	2.377410E0	2.989605E-1
9.662548E-1	2.185225E0	2.281870E-1
9.995739E-1	2.127228E0	2.225048E-1
1.032893E0	2.155425E0	2.362213E-1
1.066212E0	2.350620E0	2.007071E-1
1.099531E0	2.751192E0	1.986073E-1
1.132850E0	3.039685E0	1.912812E-1
1.166170E0	3.175382E0	1.654810E-1
1.199489E0	3.254598E0	1.736673E-1
1.232808E0	3.401853E0	1.283621E-1
1.266127E0	3.616044E0	9.928908E-2
1.299446E0	3.676567E0	1.029358E-1
1.332765E0	3.644311E0	1.360384E-1
1.366084E0	3.519210E0	1.407773E-1
1.399403E0	3.364176E0	2.549926E-1
1.432723E0	3.173335E0	3.863794E-1
1.466042E0	2.986884E0	4.857296E-1
1.499361E0	2.922068E0	4.947974E-1
1.532680E0	2.896194E0	4.200910E-1
1.565999E0	3.142176E0	4.003469E-1
1.599318E0	3.570564E0	3.899767E-1
1.632637E0	3.944587E0	3.771297E-1
1.665957E0	4.066621E0	3.715846E-1
1.699276E0	4.123091E0	3.868967E-1
1.732595E0	4.124600E0	3.955710E-1
1.765914E0	4.093568E0	3.958905E-1
1.799233E0	4.087570E0	3.925903E-1
1.832552E0	4.073923E0	3.840693E-1
1.865871E0	4.061622E0	3.611387E-1
1.899190E0	3.897807E0	3.767579E-1
1.932510E0	3.655168E0	3.964887E-1
1.965829E0	3.452330E0	3.141547E-1
1.999148E0	3.356670E0	3.036800E-1
2.032467E0	3.505916E0	3.294653E-1
2.065786E0	3.785813E0	3.203240E-1
2.099105E0	4.085875E0	3.415490E-1
2.132424E0	4.239038E0	3.193599E-1
2.165743E0	4.400913E0	3.312491E-1
2.199063E0	4.493482E0	3.094740E-1
2.232382E0	4.613896E0	3.068740E-1
2.265701E0	4.729257E0	2.759925E-1
2.299020E0	4.891218E0	2.403152E-1
2.332339E0	4.920547E0	2.755983E-1
2.365658E0	4.830331E0	2.984481E-1
2.398977E0	4.662996E0	3.735356E-1
2.432297E0	4.530645E0	5.486463E-1
2.465616E0	4.349785E0	6.479795E-1
2.498935E0	4.335456E0	6.532710E-1
2.532254E0	4.340823E0	5.854562E-1
2.565573E0	4.545760E0	5.372887E-1
2.598892E0	4.918844E0	5.587794E-1
2.632211E0	5.277596E0	5.675409E-1
2.665530E0	5.425749E0	5.736679E-1
2.698850E0	5.462442E0	5.488507E-1
2.732169E0	5.456578E0	5.828647E-1
2.765488E0	5.462041E0	5.924391E-1
2.798807E0	5.467569E0	5.989167E-1
2.832126E0	5.449360E0	5.906676E-1
2.865445E0	5.474559E0	5.602611E-1
2.898764E0	5.437268E0	5.192010E-1
2.932083E0	5.359079E0	4.490763E-1
2.965403E0	5.226811E0	3.046345E-1
2.998722E0	5.134920E0	2.923559E-1
3.032041E0	5.111174E0	2.712967E-1
3.065360E0	5.319940E0	2.727853E-1
3.098679E0	5.598721E0	3.127319E-1
3.131998E0	5.769017E0	3.914365E-1
3.165317E0	5.934573E0	4.678468E-1
3.198637E0	6.112424E0	4.781203E-1
3.231956E0	6.326211E0	4.721770E-1
3.265275E0	6.505120E0	4.848580E-1
3.298594E0	6.544300E0	4.974638E-1
3.331913E0	6.502037E0	5.055235E-1
3.365232E0	6.455619E0	5.008886E-1
3.398551E0	6.337669E0	5.301315E-1
3.431870E0	6.269807E0	6.084013E-1
3.465190E0	6.224921E0	6.853623E-1
3.498509E0	6.274670E0	7.028395E-1
3.531828E0	6.377635E0	6.570573E-1
3.565147E0	6.601983E0	6.629518E-1
3.598466E0	6.939638E0	6.859342E-1
3.631785E0	7.248366E0	6.505707E-1
3.665104E0	7.406381E0	6.435037E-1
3.698423E0	7.540285E0	6.475185E-1
3.731743E0	7.564571E0	6.913120E-1
3.765062E0	7.569939E0	7.125795E-1
3.798381E0	7.562505E0	7.114520E-1
3.831700E0	7.552339E0	7.032381E-1
3.865019E0	7.555286E0	6.741177E-1
3.898338E0	7.382472E0	6.731728E-1
3.931657E0	7.103431E0	6.707479E-1
3.964977E0	6.884142E0	5.791661E-1
3.998296E0	6.790967E0	5.929038E-1
4.031615E0	6.879479E0	6.061933E-1
4.064934E0	7.121137E0	6.088290E-1
4.098253E0	7.436111E0	6.373882E-1
4.131572E0	7.676321E0	6.715626E-1
4.164891E0	7.831087E0	6.846812E-1
4.198210E0	7.958751E0	7.019183E-1
4.231530E0	8.119128E0	6.744502E-1
4.264849E0	8.339938E0	6.655057E-1
4.298168E0	8.416319E0	6.669527E-1
4.331487E0	8.382624E0	6.760254E-1
4.364806E0	8.308086E0	6.869300E-1
4.398125E0	8.211375E0	7.637136E-1
4.431444E0	8.099176E0	9.213090E-1
4.464763E0	8.006303E0	1.036441E0
4.498083E0	7.987219E0	1.031450E0
4.531402E0	7.969667E0	9.715828E-1
4.564721E0	8.115827E0	9.414268E-1
4.598040E0	8.434333E0	9.354297E-1
4.631359E0	8.710510E0	9.547941E-1
4.664678E0	8.907710E0	9.645781E-1
4.697997E0	9.071081E0	9.551062E-1
4.731317E0	9.101443E0	9.884811E-1
4.764636E0	9.113857E0	1.006320E0
4.797955E0	9.111398E0	9.938389E-1
4.831274E0	9.098317E0	9.826117E-1
4.864593E0	9.080519E0	9.544092E-1
4.897912E0	8.926697E0	9.401971E-1
4.931231E0	8.660108E0	8.733569E-1
4.964550E0	8.425275E0	7.567699E-1
4.997870E0	8.334205E0	7.312484E-1
5.031189E0	8.434666E0	7.520192E-1
5.064508E0	8.719518E0	7.773720E-1
5.097827E0	9.000786E0	8.265641E-1
5.131146E0	9.161976E0	8.486569E-1
5.164465E0	9.261343E0	8.260886E-1
5.197784E0	9.361006E0	7.661351E-1
5.231103E0	9.513122E0	6.962904E-1
5.264423E0	9.694614E0	7.130209E-1
5.297742E0	9.681075E0	7.036931E-1
5.331061E0	9.657141E0	7.347354E-1
5.364380E0	9.706637E0	7.794361E-1
5.397699E0	9.629429E0	8.540393E-1
5.431018E0	9.565802E0	9.990430E-1
5.464337E0	9.435594E0	1.081092E0
5.497657E0	9.406859E0	1.039556E0
5.530976E0	9.395840E0	9.503614E-1
5.564295E0	9.556143E0	9.224330E-1
5.597614E0	9.943761E0	9.419518E-1
5.630933E0	1.027789E1	9.765675E-1
5.664252E0	1.042930E1	9.749653E-1
5.697571E0	1.049563E1	9.842928E-1
5.730890E0	1.048883E1	1.015766E0
5.764210E0	1.048191E1	1.026169E0
5.797529E0	1.047978E1	1.027448E0
5.830848E0	1.046510E1	1.021392E0
5.864167E0	1.048679E1	1.018840E0
5.897486E0	1.037677E1	1.014696E0
5.930805E0	1.023837E1	9.206202E-1
5.964124E0	1.012305E1	8.195637E-1
5.997443E0	1.001114E1	7.515203E-1
6.030763E0	1.002958E1	7.366587E-1
6.064082E0	1.025790E1	7.617423E-1
6.097401E0	1.054076E1	8.576252E-1
6.130720E0	1.073971E1	9.744531E-1
6.164039E0	1.086232E1	1.035927E0
6.197358E0	1.099018E1	1.024898E0
6.230677E0	1.114736E1	1.013670E0
6.263997E0	1.128334E1	1.010447E0
6.297316E0	1.133970E1	1.020588E0
6.330635E0	1.129432E1	1.027375E0
6.363954E0	1.126893E1	1.022468E0
6.397273E0	1.120770E1	1.035231E0
6.430592E0	1.113423E1	1.150079E0
6.463911E0	1.103107E1	1.230857E0
6.497230E0	1.104554E1	1.215311E0
6.530550E0	1.103482E1	1.145046E0
6.563869E0	1.115345E1	1.134726E0
6.597188E0	1.146855E1	1.130848E0
6.630507E0	1.185310E1	1.162501E0
6.663826E0	1.203406E1	1.179241E0
6.697145E0	1.213046E1	1.175479E0
6.730464E0	1.216457E1	1.193201E0
6.763783E0	1.214369E1	1.202960E0
6.797103E0	1.215786E1	1.216029E0
6.830422E0	1.213783E1	1.199725E0
6.863741E0	1.214009E1	1.180781E0
6.897060E0	1.200903E1	1.143603E0
6.930379E0	1.180943E1	1.096901E0
6.963698E0	1.164023E1	1.022307E0
6.997017E0	1.156496E1	9.868817E-1
7.030337E0	1.162215E1	9.811726E-1
7.063656E0	1.190267E1	9.869505E-1
7.096975E0	1.225412E1	1.048527E0
7.130294E0	1.245002E1	1.081275E0
7.163613E0	1.254817E1	1.087802E0
7.196932E0	1.265760E1	1.067432E0
7.230251E0	1.283111E1	1.016973E0
7.263570E0	1.294756E1	9.625467E-1
7.296890E0	1.299659E1	9.531104E-1
7.330209E0	1.299082E1	9.657981E-1
7.363528E0	1.295648E1	9.867328E-1
7.396847E0	1.274516E1	1.018396E0
7.430166E0	1.257527E1	1.105215E0
7.463485E0	1.240534E1	1.200971E0
7.496804E0	1.234159E1	1.144756E0
7.530123E0	1.236637E1	1.048807E0
7.563443E0	1.264895E1	1.044979E0
7.596762E0	1.302474E1	1.070496E0
7.630081E0	1.329999E1	1.101748E0
7.663400E0	1.338530E1	1.086481E0
7.696719E0	1.341670E1	1.142499E0
7.730038E0	1.341304E1	1.149897E0
7.763357E0	1.339301E1	1.138023E0
7.796677E0	1.338602E1	1.138241E0
7.829996E0	1.339077E1	1.137869E0
7.863315E0	1.338639E1	1.132669E0
7.896634E0	1.321272E1	1.135376E0
7.929953E0	1.295866E1	1.155666E0
7.963272E0	1.274497E1	1.123555E0
7.996591E0	1.261771E1	1.061186E0
8.029910E0	1.262366E1	1.070655E0
8.063230E0	1.275577E1	1.070651E0
8.096549E0	1.314373E1	1.107625E0
8.129868E0	1.352420E1	1.134327E0
8.163187E0	1.374140E1	1.149819E0
8.196506E0	1.380903E1	1.165087E0
8.229825E0	1.387100E1	1.141162E0
8.263144E0	1.400285E1	1.103557E0
8.296463E0	1.405029E1	1.087171E0
8.329783E0	1.401990E1	1.120123E0
8.363102E0	1.391117E1	1.123514E0
8.396421E0	1.378118E1	1.123883E0
8.429740E0	1.360191E1	1.192325E0
8.463059E0	1.345597E1	1.262599E0
8.496378E0	1.341020E1	1.233097E0
8.529697E0	1.345435E1	1.137140E0
8.563017E0	1.365811E1	1.126581E0
8.596336E0	1.385588E1	1.182720E0
8.629655E0	1.406025E1	1.206846E0
8.662974E0	1.424603E1	1.237591E0
8.696293E0	1.430491E1	1.265578E0
8.729612E0	1.430469E1	1.266694E0
8.762931E0	1.430717E1	1.265951E0
8.796250E0	1.430974E1	1.274416E0
8.829570E0	1.429579E1	1.259596E0
8.862889E0	1.428470E1	1.255014E0
8.896208E0	1.410248E1	1.249437E0
8.929527E0	1.385061E1	1.268209E0
8.962846E0	1.367241E1	1.183458E0
8.996165E0	1.359872E1	1.129634E0
9.029484E0	1.364173E1	1.156276E0
9.062803E0	1.383071E1	1.133554E0
9.096123E0	1.421421E1	1.209442E0
9.129442E0	1.445454E1	1.252692E0
9.162761E0	1.455798E1	1.290635E0
9.196080E0	1.463113E1	1.296828E0
9.229399E0	1.478493E1	1.206021E0
9.262718E0	1.493213E1	1.143732E0
9.296037E0	1.489867E1	1.166789E0
9.329357E0	1.488305E1	1.178429E0
9.362676E0	1.488180E1	1.225057E0
9.395995E0	1.469094E1	1.250382E0
9.429314E0	1.454246E1	1.346943E0
9.462633E0	1.435391E1	1.437444E0
9.495952E0	1.427891E1	1.366054E0
9.529271E0	1.425485E1	1.271619E0
9.562590E0	1.449010E1	1.248097E0
9.595910E0	1.488375E1	1.284470E0
9.629229E0	1.522593E1	1.329211E0
9.662548E0	1.533912E1	1.334337E0
9.695867E0	1.538269E1	1.340036E0
9.729186E0	1.538825E1	1.360225E0
9.762505E0	1.534793E1	1.379393E0
9.795824E0	1.533444E1	1.387435E0
9.829143E0	1.533577E1	1.395817E0
9.862463E0	1.533234E1	1.379030E0
9.895782E0	1.512452E1	1.380830E0
9.929101E0	1.482532E1	1.366089E0
9.962420E0	1.455650E1	1.295787E0
9.995739E0	1.437935E1	1.222919E0
1.002906E1	1.447746E1	1.269739E0
1.006238E1	1.473733E1	1.291135E0
1.009570E1	1.509544E1	1.371854E0
1.012902E1	1.528317E1	1.407972E0
1.016233E1	1.536284E1	1.392303E0
1.019565E1	1.541129E1	1.368603E0
1.022897E1	1.550169E1	1.308076E0
1.026229E1	1.562790E1	1.308587E0
1.029561E1	1.564870E1	1.295001E0
1.032893E1	1.563079E1	1.315057E0
1.036225E1	1.562585E1	1.348927E0
1.039557E1	1.551372E1	1.371993E0
1.042889E1	1.531600E1	1.415155E0
1.046221E1	1.523169E1	1.537195E0
1.049553E1	1.521231E1	1.475290E0
1.052885E1	1.526456E1	1.337685E0
1.056216E1	1.550409E1	1.315579E0
1.059548E1	1.583801E1	1.349620E0
1.062880E1	1.607173E1	1.413687E0
1.066212E1	1.617766E1	1.420525E0
1.069544E1	1.620314E1	1.443468E0
1.072876E1	1.620980E1	1.470182E0
1.076208E1	1.619706E1	1.461788E0
1.079540E1	1.620546E1	1.464051E0
1.082872E1	1.620611E1	1.463070E0
1.086204E1	1.620634E1	1.463375E0
1.089536E1	1.599755E1	1.503377E0
1.092867E1	1.570597E1	1.501955E0
1.096199E1	1.543451E1	1.392521E0
1.099531E1	1.529797E1	1.354179E0
1.102863E1	1.535454E1	1.397367E0
1.106195E1	1.557053E1	1.417103E0
1.109527E1	1.587641E1	1.495008E0
1.112859E1	1.602979E1	1.516798E0
1.116191E1	1.612806E1	1.521806E0
1.119523E1	1.624562E1	1.458100E0
1.122855E1	1.645659E1	1.418803E0
1.126187E1	1.666501E1	1.372289E0
1.129519E1	1.677029E1	1.363535E0
1.132850E1	1.671737E1	1.369536E0
1.136182E1	1.670698E1	1.408061E0
1.139514E1	1.656354E1	1.450169E0
1.142846E1	1.636234E1	1.507475E0
1.146178E1	1.618274E1	1.638122E0
1.149510E1	1.609764E1	1.618008E0
1.152842E1	1.599312E1	1.503113E0
1.156174E1	1.609848E1	1.480960E0
1.159506E1	1.645037E1	1.469396E0
1.162838E1	1.690664E1	1.528231E0
1.166170E1	1.724185E1	1.574369E0
1.169501E1	1.737574E1	1.588754E0
1.172833E1	1.737650E1	1.583517E0
1.176165E1	1.734374E1	1.594278E0
1.179497E1	1.733838E1	1.588204E0
1.182829E1	1.731981E1	1.571414E0
1.186161E1	1.732561E1	1.562450E0
1.189493E1	1.719238E1	1.534614E0
1.192825E1	1.697332E1	1.527865E0
1.196157E1	1.675019E1	1.399179E0
1.199489E1	1.660110E1	1.342390E0
1.202821E1	1.659799E1	1.354522E0
1.206153E1	1.677836E1	1.370704E0
1.209484E1	1.714838E1	1.426986E0
1.212816E1	1.742899E1	1.505610E0
1.216148E1	1.756607E1	1.521100E0
1.219480E1	1.763387E1	1.494846E0
1.222812E1	1.769871E1	1.448557E0
1.226144E1	1.774935E1	1.421849E0
1.229476E1	1.776544E1	1.427377E0
1.232808E1	1.772168E1	1.426252E0
1.236140E1	1.769353E1	1.443540E0
1.239472E1	1.763118E1	1.462300E0
1.242804E1	1.742531E1	1.505639E0
1.246135E1	1.734421E1	1.634366E0
1.249467E1	1.728071E1	1.578125E0
1.252799E1	1.732938E1	1.469249E0
1.256131E1	1.752443E1	1.453727E0
1.259463E1	1.784606E1	1.515036E0
1.262795E1	1.810972E1	1.561783E0
1.266127E1	1.825956E1	1.560686E0
1.269459E1	1.837914E1	1.584031E0
1.272791E1	1.838603E1	1.614553E0
1.276123E1	1.836262E1	1.605963E0
1.279455E1	1.832587E1	1.627165E0
1.282787E1	1.834160E1	1.634820E0
1.286118E1	1.833562E1	1.620150E0
1.289450E1	1.815268E1	1.623521E0
1.292782E1	1.791764E1	1.616451E0
1.296114E1	1.770553E1	1.513916E0
1.299446E1	1.757290E1	1.415952E0
1.302778E1	1.760601E1	1.456542E0
1.306110E1	1.779515E1	1.466665E0
1.309442E1	1.816714E1	1.568677E0
1.312774E1	1.845623E1	1.634535E0
1.316106E1	1.860652E1	1.677892E0
1.319438E1	1.871556E1	1.691795E0
1.322769E1	1.879634E1	1.608204E0
1.326101E1	1.888669E1	1.575382E0
1.329433E1	1.887986E1	1.574812E0
1.332765E1	1.885668E1	1.569912E0
1.336097E1	1.886301E1	1.606599E0
1.339429E1	1.870097E1	1.617043E0
1.342761E1	1.849465E1	1.670119E0
1.346093E1	1.834514E1	1.784100E0
1.349425E1	1.829260E1	1.775536E0
1.352757E1	1.832732E1	1.739429E0
1.356089E1	1.854483E1	1.735317E0
1.359421E1	1.886908E1	1.740822E0
1.362752E1	1.915669E1	1.754565E0
1.366084E1	1.926311E1	1.731575E0
1.369416E1	1.931899E1	1.771220E0
1.372748E1	1.934207E1	1.785423E0
1.376080E1	1.933287E1	1.793515E0
1.379412E1	1.931282E1	1.790940E0
1.382744E1	1.931147E1	1.790076E0
1.386076E1	1.931220E1	1.786019E0
1.389408E1	1.915163E1	1.791761E0
1.392740E1	1.885378E1	1.778455E0
1.396072E1	1.863210E1	1.680709E0
1.399403E1	1.850705E1	1.624813E0
1.402735E1	1.854268E1	1.610080E0
1.406067E1	1.879919E1	1.646181E0
1.409399E1	1.912409E1	1.745177E0
1.412731E1	1.926808E1	1.781589E0
1.416063E1	1.933868E1	1.803678E0
1.419395E1	1.940868E1	1.789775E0
1.422727E1	1.956418E1	1.721496E0
1.426059E1	1.970791E1	1.718148E0
1.429391E1	1.971766E1	1.778143E0
1.432723E1	1.971206E1	1.815598E0
1.436055E1	1.965600E1	1.767728E0
1.439386E1	1.950503E1	1.776935E0
1.442718E1	1.927923E1	1.808134E0
1.446050E1	1.912701E1	1.891916E0
1.449382E1	1.906187E1	1.854414E0
1.452714E1	1.913214E1	1.865770E0
1.456046E1	1.937783E1	1.922091E0
1.459378E1	1.964785E1	1.894214E0
1.462710E1	1.992628E1	1.906804E0
1.466042E1	2.003663E1	1.947696E0
1.469374E1	2.009295E1	1.908279E0
1.472706E1	2.011640E1	1.899454E0
1.476037E1	2.004973E1	1.949023E0
1.479369E1	2.004862E1	1.974182E0
1.482701E1	2.004514E1	1.948549E0
1.486033E1	2.003764E1	1.945365E0
1.489365E1	1.983191E1	1.968483E0
1.492697E1	1.952287E1	1.958089E0
1.496029E1	1.918224E1	1.829409E0
1.499361E1	1.896650E1	1.737823E0
1.502693E1	1.899738E1	1.796105E0
1.506025E1	1.918461E1	1.786643E0
1.509357E1	1.953306E1	1.841339E0
1.512689E1	1.977112E1	1.863534E0
1.516020E1	1.987139E1	1.853897E0
1.519352E1	1.995311E1	1.848060E0
1.522684E1	2.003639E1	1.797448E0
1.526016E1	2.014363E1	1.779086E0
1.529348E1	2.022271E1	1.781025E0
1.532680E1	2.021634E1	1.785206E0
1.536012E1	2.020030E1	1.802436E0
1.539344E1	2.011145E1	1.876374E0
1.542676E1	1.990737E1	1.929171E0
1.546008E1	1.977320E1	2.066903E0
1.549340E1	1.965376E1	2.048151E0
1.552671E1	1.969028E1	1.960843E0
1.556003E1	1.989020E1	1.946374E0
1.559335E1	2.021155E1	1.997721E0
1.562667E1	2.047748E1	2.022695E0
1.565999E1	2.060799E1	2.004048E0
1.569331E1	2.068405E1	2.017230E0
1.572663E1	2.069330E1	2.028436E0
1.575995E1	2.068989E1	2.015114E0
1.579327E1	2.062960E1	1.989471E0
1.582659E1	2.058982E1	2.018428E0
1.585991E1	2.061716E1	2.007968E0
1.589323E1	2.051803E1	1.975512E0
1.592654E1	2.025457E1	1.957576E0
1.595986E1	2.001867E1	1.849160E0
1.599318E1	1.985366E1	1.737507E0
1.602650E1	1.983792E1	1.734339E0
1.605982E1	1.998550E1	1.775890E0
1.609314E1	2.033841E1	1.840203E0
1.612646E1	2.069940E1	1.930192E0
1.615978E1	2.090135E1	1.961629E0
1.619310E1	2.097738E1	1.962826E0
1.622642E1	2.104258E1	1.956429E0
1.625974E1	2.103279E1	1.876257E0
1.629305E1	2.108025E1	1.854764E0
1.632637E1	2.107109E1	1.849420E0
1.635969E1	2.106571E1	1.885781E0
1.639301E1	2.093529E1	1.895928E0
1.642633E1	2.074177E1	1.916548E0
1.645965E1	2.056371E1	2.048202E0
1.649297E1	2.057213E1	2.085003E0
1.652629E1	2.057586E1	2.064816E0
1.655961E1	2.068496E1	2.019361E0
1.659293E1	2.096531E1	2.050541E0
1.662625E1	2.125181E1	2.109789E0
1.665957E1	2.139586E1	2.105942E0
1.669288E1	2.145829E1	2.126901E0
1.672620E1	2.140974E1	2.159537E0
1.675952E1	2.139236E1	2.149076E0
1.679284E1	2.139512E1	2.158072E0
1.682616E1	2.139154E1	2.162329E0
1.685948E1	2.142005E1	2.146910E0
1.689280E1	2.130515E1	2.123137E0
1.692612E1	2.108069E1	2.101699E0
1.695944E1	2.088767E1	1.945922E0
1.699276E1	2.072951E1	1.836106E0
1.702608E1	2.076294E1	1.852896E0
1.705939E1	2.099010E1	1.912335E0
1.709271E1	2.130571E1	2.017942E0
1.712603E1	2.151445E1	2.120025E0
1.715935E1	2.162905E1	2.165420E0
1.719267E1	2.167980E1	2.155847E0
1.722599E1	2.165494E1	2.078248E0
1.725931E1	2.167473E1	2.052808E0
1.729263E1	2.166203E1	2.048193E0
1.732595E1	2.164561E1	2.063916E0
1.735927E1	2.164939E1	2.083426E0
1.739259E1	2.157206E1	2.069344E0
1.742591E1	2.139913E1	2.077863E0
1.745922E1	2.131414E1	2.230220E0
1.749254E1	2.125343E1	2.238932E0
1.752586E1	2.119363E1	2.124277E0
1.755918E1	2.128388E1	2.096523E0
1.759250E1	2.156627E1	2.138351E0
1.762582E1	2.183848E1	2.181294E0
1.765914E1	2.200841E1	2.189435E0
1.769246E1	2.207680E1	2.191162E0
1.772578E1	2.207106E1	2.198656E0
1.775910E1	2.206172E1	2.211363E0
1.779242E1	2.205564E1	2.212422E0
1.782573E1	2.205593E1	2.215001E0
1.785905E1	2.206443E1	2.204829E0
1.789237E1	2.199997E1	2.182147E0
1.792569E1	2.181498E1	2.121728E0
1.795901E1	2.159380E1	1.961295E0
1.799233E1	2.146997E1	1.863614E0
1.802565E1	2.146667E1	1.856485E0
1.805897E1	2.166673E1	1.904012E0
1.809229E1	2.197767E1	1.913125E0
1.812561E1	2.219613E1	1.964169E0
1.815893E1	2.239806E1	2.031330E0
1.819225E1	2.245946E1	2.071041E0
1.822556E1	2.246985E1	2.125282E0
1.825888E1	2.245930E1	2.074320E0
1.829220E1	2.250688E1	2.010582E0
1.832552E1	2.256535E1	2.043867E0
1.835884E1	2.253341E1	2.107582E0
1.839216E1	2.236310E1	2.156456E0
1.842548E1	2.217229E1	2.232530E0
1.845880E1	2.208412E1	2.416387E0
1.849212E1	2.196933E1	2.380797E0
1.852544E1	2.194903E1	2.270563E0
1.855876E1	2.207415E1	2.278218E0
1.859207E1	2.239203E1	2.330551E0
1.862539E1	2.272044E1	2.387184E0
1.865871E1	2.293837E1	2.405381E0
1.869203E1	2.303367E1	2.415206E0
1.872535E1	2.303758E1	2.430022E0
1.875867E1	2.302530E1	2.436737E0
1.879199E1	2.300259E1	2.431752E0
1.882531E1	2.301743E1	2.446579E0
1.885863E1	2.300590E1	2.447500E0
1.889195E1	2.290622E1	2.442295E0
1.892527E1	2.279508E1	2.412234E0
1.895859E1	2.239108E1	2.311793E0
1.899190E1	2.200121E1	2.210186E0
1.902522E1	2.188584E1	2.152662E0
1.905854E1	2.216283E1	2.230548E0
1.909186E1	2.251576E1	2.315455E0
1.912518E1	2.288172E1	2.394718E0
1.915850E1	2.306817E1	2.397915E0
1.919182E1	2.320248E1	2.377921E0
1.922514E1	2.338116E1	2.355433E0
1.925846E1	2.357366E1	2.350101E0
1.929178E1	2.366617E1	2.353182E0
1.932510E1	2.360921E1	2.347901E0
1.935841E1	2.354799E1	2.341156E0
1.939173E1	2.345959E1	2.343934E0
1.942505E1	2.337580E1	2.488406E0
1.945837E1	2.333881E1	2.726944E0
1.949169E1	2.330363E1	2.735791E0
1.952501E1	2.325192E1	2.654333E0
1.955833E1	2.323169E1	2.607155E0
1.959165E1	2.335994E1	2.612154E0
1.962497E1	2.366333E1	2.648384E0
1.965829E1	2.399685E1	2.683983E0
1.969161E1	2.410918E1	2.701857E0
1.972493E1	2.415112E1	2.705975E0
1.975824E1	2.414170E1	2.708518E0
1.979156E1	2.416425E1	2.717899E0
1.982488E1	2.415106E1	2.713418E0
1.985820E1	2.416200E1	2.711687E0
1.989152E1	2.408081E1	2.694503E0
1.992484E1	2.387613E1	2.610889E0
1.995816E1	2.365098E1	2.422931E0
1.999148E1	2.350429E1	2.317195E0
2.002480E1	2.349446E1	2.332097E0
2.005812E1	2.364971E1	2.375405E0
2.009144E1	2.401538E1	2.527202E0
2.012475E1	2.427132E1	2.654057E0
2.015807E1	2.438561E1	2.687994E0
2.019139E1	2.440499E1	2.640915E0
2.022471E1	2.441936E1	2.589843E0
2.025803E1	2.447123E1	2.586005E0
2.029135E1	2.446465E1	2.599799E0
2.032467E1	2.444289E1	2.605513E0
2.035799E1	2.443866E1	2.623381E0
2.039131E1	2.433044E1	2.629459E0
2.042463E1	2.412431E1	2.706027E0
2.045795E1	2.410089E1	2.847197E0
2.049127E1	2.405802E1	2.813166E0
2.052458E1	2.407843E1	2.711622E0
2.055790E1	2.421279E1	2.705790E0
2.059122E1	2.440095E1	2.772396E0
2.062454E1	2.454208E1	2.772580E0
2.065786E1	2.467118E1	2.787254E0
2.069118E1	2.467410E1	2.799729E0
2.072450E1	2.465183E1	2.809921E0
2.075782E1	2.462343E1	2.802463E0
2.079114E1	2.461841E1	2.797491E0
2.082446E1	2.462461E1	2.796432E0
2.085778E1	2.462654E1	2.781899E0
2.089109E1	2.456595E1	2.788773E0
2.092441E1	2.443708E1	2.755097E0
2.095773E1	2.431577E1	2.610979E0
2.099105E1	2.420419E1	2.532178E0
2.102437E1	2.419421E1	2.547961E0
2.105769E1	2.423309E1	2.544022E0
2.109101E1	2.449404E1	2.621669E0
2.112433E1	2.472747E1	2.686457E0
2.115765E1	2.491569E1	2.724560E0
2.119097E1	2.495251E1	2.714264E0
2.122429E1	2.492138E1	2.686389E0
2.125761E1	2.493858E1	2.697833E0
2.129092E1	2.495173E1	2.668654E0
2.132424E1	2.494818E1	2.668947E0
2.135756E1	2.493430E1	2.709961E0
2.139088E1	2.481791E1	2.763511E0
2.142420E1	2.461262E1	2.860152E0
2.145752E1	2.457333E1	3.021917E0
2.149084E1	2.450098E1	2.955990E0
2.152416E1	2.448932E1	2.818649E0
2.155748E1	2.465249E1	2.828512E0
2.159080E1	2.491439E1	2.878988E0
2.162412E1	2.515144E1	2.906866E0
2.165743E1	2.527799E1	2.905970E0
2.169075E1	2.533415E1	2.933463E0
2.172407E1	2.532531E1	2.936088E0
2.175739E1	2.529965E1	2.928681E0
2.179071E1	2.529013E1	2.942889E0
2.182403E1	2.528438E1	2.942143E0
2.185735E1	2.528576E1	2.935800E0
2.189067E1	2.523572E1	2.960995E0
2.192399E1	2.505089E1	2.950460E0
2.195731E1	2.482909E1	2.841877E0
2.199063E1	2.460598E1	2.731983E0
2.202395E1	2.455745E1	2.721745E0
2.205726E1	2.475405E1	2.762733E0
2.209058E1	2.511588E1	2.886582E0
2.212390E1	2.536163E1	2.983364E0
2.215722E1	2.553818E1	3.052611E0
2.219054E1	2.566341E1	3.055969E0
2.222386E1	2.576694E1	2.999678E0
2.225718E1	2.581333E1	2.923484E0
2.229050E1	2.580769E1	2.921053E0
2.232382E1	2.581913E1	2.929997E0
2.235714E1	2.581680E1	2.965439E0
2.239046E1	2.570153E1	2.987374E0
2.242377E1	2.549236E1	2.995798E0
2.245709E1	2.540813E1	3.130915E0
2.249041E1	2.532902E1	3.100262E0
2.252373E1	2.529554E1	2.961748E0
2.255705E1	2.541498E1	2.950632E0
2.259037E1	2.570524E1	3.004816E0
2.262369E1	2.603299E1	3.050333E0
2.265701E1	2.622646E1	3.056957E0
2.269033E1	2.636836E1	3.067573E0
2.272365E1	2.642987E1	3.081815E0
2.275697E1	2.642187E1	3.063379E0
2.279029E1	2.638201E1	3.067783E0
2.282360E1	2.638474E1	3.079736E0
2.285692E1	2.638974E1	3.100866E0
2.289024E1	2.628920E1	3.119676E0
2.292356E1	2.603859E1	3.087025E0
2.295688E1	2.583304E1	2.993949E0
2.299020E1	2.565688E1	2.884653E0
2.302352E1	2.561821E1	2.866492E0
2.305684E1	2.579254E1	2.902030E0
2.309016E1	2.613842E1	2.989493E0
2.312348E1	2.638798E1	3.098241E0
2.315680E1	2.636178E1	3.113736E0
2.319011E1	2.641603E1	3.119089E0
2.322343E1	2.649114E1	3.058245E0
2.325675E1	2.660479E1	3.012630E0
2.329007E1	2.660227E1	3.009850E0
2.332339E1	2.658619E1	3.009288E0
2.335671E1	2.656427E1	3.047531E0
2.339003E1	2.638791E1	3.094250E0
2.342335E1	2.612882E1	3.141469E0
2.345667E1	2.600759E1	3.290286E0
2.348999E1	2.588167E1	3.252396E0
2.352331E1	2.583942E1	3.149606E0
2.355663E1	2.600004E1	3.159366E0
2.358994E1	2.631387E1	3.197530E0
2.362326E1	2.665451E1	3.254260E0
2.365658E1	2.681002E1	3.275443E0
2.368990E1	2.686279E1	3.312038E0
2.372322E1	2.686907E1	3.332403E0
2.375654E1	2.682544E1	3.308953E0
2.378986E1	2.683228E1	3.321579E0
2.382318E1	2.683188E1	3.330870E0
2.385650E1	2.681301E1	3.318367E0
2.388982E1	2.671776E1	3.299344E0
2.392314E1	2.647330E1	3.278891E0
2.395645E1	2.610016E1	3.179666E0
2.398977E1	2.575593E1	3.030742E0
2.402309E1	2.573498E1	3.019850E0
2.405641E1	2.594743E1	3.049299E0
2.408973E1	2.631529E1	3.147120E0
2.412305E1	2.665147E1	3.221659E0
2.415637E1	2.683286E1	3.271867E0
2.418969E1	2.690442E1	3.257581E0
2.422301E1	2.698895E1	3.217028E0
2.425633E1	2.697175E1	3.104237E0
2.428965E1	2.701394E1	3.102661E0
2.432297E1	2.699007E1	3.104005E0
2.435628E1	2.698379E1	3.117128E0
2.438960E1	2.692384E1	3.143676E0
2.442292E1	2.676361E1	3.181936E0
2.445624E1	2.670951E1	3.294562E0
2.448956E1	2.664920E1	3.280668E0
2.452288E1	2.658704E1	3.201007E0
2.455620E1	2.669860E1	3.175288E0
2.458952E1	2.688649E1	3.196105E0
2.462284E1	2.709478E1	3.271545E0
2.465616E1	2.716140E1	3.302022E0
2.468948E1	2.713641E1	3.273788E0
2.472279E1	2.710843E1	3.239533E0
2.475611E1	2.713773E1	3.266235E0
2.478943E1	2.712159E1	3.278905E0
2.482275E1	2.710492E1	3.250946E0
2.485607E1	2.711642E1	3.237157E0
2.488939E1	2.704834E1	3.224143E0
2.492271E1	2.684618E1	3.149141E0
2.495603E1	2.668440E1	3.039124E0
2.498935E1	2.657714E1	2.994352E0
2.502267E1	2.653258E1	2.996862E0
2.505599E1	2.666982E1	2.979146E0
2.508931E1	2.707100E1	3.060742E0
2.512262E1	2.739657E1	3.184637E0
2.515594E1	2.752175E1	3.189447E0
2.518926E1	2.759914E1	3.154053E0
2.522258E1	2.766031E1	3.143934E0
2.525590E1	2.772364E1	3.118921E0
2.528922E1	2.777868E1	3.082944E0
2.532254E1	2.776088E1	3.071307E0
2.535586E1	2.775086E1	3.120952E0
2.538918E1	2.760395E1	3.158074E0
2.542250E1	2.738956E1	3.210753E0
2.545582E1	2.726661E1	3.337560E0
2.548913E1	2.716596E1	3.319644E0
2.552245E1	2.709264E1	3.153017E0
2.555577E1	2.721435E1	3.137627E0
2.558909E1	2.748343E1	3.243969E0
2.562241E1	2.774753E1	3.336966E0
2.565573E1	2.784081E1	3.322165E0
2.568905E1	2.786039E1	3.326399E0
2.572237E1	2.788048E1	3.329181E0
2.575569E1	2.787669E1	3.320795E0
2.578901E1	2.783563E1	3.312697E0
2.582233E1	2.783136E1	3.318438E0
2.585565E1	2.783069E1	3.316315E0
2.588896E1	2.775087E1	3.273908E0
2.592228E1	2.752811E1	3.248800E0
2.595560E1	2.731134E1	3.144037E0
2.598892E1	2.713118E1	3.036228E0
2.602224E1	2.712580E1	3.034887E0
2.605556E1	2.731623E1	3.073212E0
2.608888E1	2.762591E1	3.189536E0
2.612220E1	2.776542E1	3.311834E0
2.615552E1	2.779294E1	3.331116E0
2.618884E1	2.783441E1	3.318457E0
2.622216E1	2.794827E1	3.289014E0
2.625547E1	2.798373E1	3.245162E0
2.628879E1	2.798649E1	3.251833E0
2.632211E1	2.796726E1	3.269818E0
2.635543E1	2.797075E1	3.286392E0
2.638875E1	2.785946E1	3.307307E0
2.642207E1	2.766375E1	3.338531E0
2.645539E1	2.759836E1	3.458446E0
2.648871E1	2.753104E1	3.416176E0
2.652203E1	2.748104E1	3.275563E0
2.655535E1	2.759894E1	3.270470E0
2.658867E1	2.788125E1	3.316081E0
2.662199E1	2.814873E1	3.379736E0
2.665530E1	2.818835E1	3.342358E0
2.668862E1	2.819450E1	3.322673E0
2.672194E1	2.817498E1	3.379058E0
2.675526E1	2.814939E1	3.392069E0
2.678858E1	2.815644E1	3.391770E0
2.682190E1	2.815697E1	3.388923E0
2.685522E1	2.814747E1	3.369911E0
2.688854E1	2.810002E1	3.336630E0
2.692186E1	2.787503E1	3.304950E0
2.695518E1	2.766230E1	3.182474E0
2.698850E1	2.740557E1	3.026161E0
2.702181E1	2.736643E1	3.040563E0
2.705513E1	2.753775E1	3.079208E0
2.708845E1	2.789081E1	3.205241E0
2.712177E1	2.812309E1	3.284118E0
2.715509E1	2.821823E1	3.306669E0
2.718841E1	2.831760E1	3.281204E0
2.722173E1	2.838885E1	3.234679E0
2.725505E1	2.843702E1	3.211923E0
2.728837E1	2.846709E1	3.195213E0
2.732169E1	2.843880E1	3.189851E0
2.735501E1	2.841372E1	3.179839E0
2.738833E1	2.833399E1	3.196819E0
2.742164E1	2.807409E1	3.248474E0
2.745496E1	2.798635E1	3.427367E0
2.748828E1	2.793853E1	3.443648E0
2.752160E1	2.782145E1	3.288370E0
2.755492E1	2.788915E1	3.313163E0
2.758824E1	2.812921E1	3.363013E0
2.762156E1	2.841029E1	3.437955E0
2.765488E1	2.858739E1	3.438917E0
2.768820E1	2.866085E1	3.455831E0
2.772152E1	2.865084E1	3.450258E0
2.775484E1	2.863623E1	3.443741E0
2.778815E1	2.860627E1	3.434754E0
2.782147E1	2.860496E1	3.435304E0
2.785479E1	2.859395E1	3.430315E0
2.788811E1	2.855955E1	3.391563E0
2.792143E1	2.841964E1	3.345639E0
2.795475E1	2.818783E1	3.186159E0
2.798807E1	2.797102E1	3.025297E0
2.802139E1	2.784076E1	2.973912E0
2.805471E1	2.786366E1	3.023623E0
2.808803E1	2.791924E1	3.043680E0
2.812135E1	2.814479E1	3.098975E0
2.815467E1	2.848439E1	3.233540E0
2.818798E1	2.873887E1	3.322827E0
2.822130E1	2.893745E1	3.323808E0
2.825462E1	2.897653E1	3.307569E0
2.828794E1	2.896617E1	3.276218E0
2.832126E1	2.897366E1	3.279900E0
2.835458E1	2.896161E1	3.297399E0
2.838790E1	2.884769E1	3.322745E0
2.842122E1	2.857997E1	3.301938E0
2.845454E1	2.842542E1	3.412577E0
2.848786E1	2.832584E1	3.421596E0
2.852118E1	2.819272E1	3.264462E0
2.855449E1	2.830769E1	3.286510E0
2.858781E1	2.857105E1	3.333682E0
2.862113E1	2.887840E1	3.420724E0
2.865445E1	2.903335E1	3.435483E0
2.868777E1	2.902762E1	3.462741E0
2.872109E1	2.902914E1	3.476913E0
2.875441E1	2.908052E1	3.448381E0
2.878773E1	2.904578E1	3.457516E0
2.882105E1	2.899278E1	3.449227E0
2.885437E1	2.902619E1	3.427311E0
2.888769E1	2.893175E1	3.386818E0
2.892101E1	2.873958E1	3.359384E0
2.895432E1	2.858731E1	3.219461E0
2.898764E1	2.845488E1	3.100412E0
2.902096E1	2.839176E1	3.074781E0
2.905428E1	2.849296E1	3.097665E0
2.908760E1	2.878613E1	3.160671E0
2.912092E1	2.915441E1	3.288471E0
2.915424E1	2.936005E1	3.337888E0
2.918756E1	2.948017E1	3.372058E0
2.922088E1	2.958612E1	3.373685E0
2.925420E1	2.967194E1	3.365097E0
2.928752E1	2.967657E1	3.330398E0
2.932083E1	2.968138E1	3.326306E0
2.935415E1	2.967066E1	3.356099E0
2.938747E1	2.951051E1	3.333231E0
2.942079E1	2.925495E1	3.336378E0
2.945411E1	2.905872E1	3.421738E0
2.948743E1	2.892861E1	3.434377E0
2.952075E1	2.880081E1	3.353796E0
2.955407E1	2.882417E1	3.328004E0
2.958739E1	2.902291E1	3.318048E0
2.962071E1	2.932098E1	3.346022E0
2.965403E1	2.952777E1	3.407454E0
2.968735E1	2.958025E1	3.479798E0
2.972066E1	2.958380E1	3.485736E0
2.975398E1	2.955430E1	3.427421E0
2.978730E1	2.952189E1	3.432961E0
2.982062E1	2.954926E1	3.449300E0
2.985394E1	2.952545E1	3.416017E0
2.988726E1	2.939397E1	3.387993E0
2.992058E1	2.921588E1	3.365910E0
2.995390E1	2.895957E1	3.192098E0
2.998722E1	2.876245E1	3.062737E0
3.002054E1	2.869543E1	3.000131E0
3.005386E1	2.881386E1	3.014936E0
3.008717E1	2.906621E1	3.087958E0
3.012049E1	2.918463E1	3.131009E0
3.015381E1	2.935230E1	3.253080E0
3.018713E1	2.951074E1	3.321867E0
3.022045E1	2.964606E1	3.307729E0
3.025377E1	2.968605E1	3.276743E0
3.028709E1	2.968015E1	3.257474E0
3.032041E1	2.968055E1	3.266604E0
3.035373E1	2.968570E1	3.291926E0
3.038705E1	2.955639E1	3.283590E0
3.042037E1	2.929075E1	3.249328E0
3.045369E1	2.918636E1	3.381926E0
3.048700E1	2.911153E1	3.366911E0
3.052032E1	2.906909E1	3.276350E0
3.055364E1	2.914116E1	3.259170E0
3.058696E1	2.939442E1	3.303054E0
3.062028E1	2.966290E1	3.364340E0
3.065360E1	2.982832E1	3.406675E0
3.068692E1	2.992391E1	3.450798E0
3.072024E1	2.995042E1	3.439065E0
3.075356E1	2.995662E1	3.434700E0
3.078688E1	2.995879E1	3.432929E0
3.082020E1	2.996046E1	3.432090E0
3.085351E1	2.995615E1	3.427748E0
3.088683E1	2.988122E1	3.421530E0
3.092015E1	2.978260E1	3.365848E0
3.095347E1	2.965480E1	3.312825E0
3.098679E1	2.952528E1	3.266046E0
3.102011E1	2.954869E1	3.311158E0
3.105343E1	2.977228E1	3.373134E0
3.108675E1	3.010033E1	3.487765E0
3.112007E1	3.027908E1	3.568837E0
3.115339E1	3.041375E1	3.637955E0
3.118671E1	3.054411E1	3.658605E0
3.122003E1	3.059263E1	3.595218E0
3.125334E1	3.058792E1	3.607886E0
3.128666E1	3.058619E1	3.606202E0
3.131998E1	3.057359E1	3.591691E0
3.135330E1	3.056777E1	3.605272E0
3.138662E1	3.047863E1	3.639408E0
3.141994E1	3.020617E1	3.580179E0
3.145326E1	3.004841E1	3.627341E0
3.148658E1	2.994900E1	3.625968E0
3.151990E1	2.998313E1	3.577277E0
3.155322E1	3.011747E1	3.571114E0
3.158654E1	3.037520E1	3.645976E0
3.161985E1	3.061861E1	3.714389E0
3.165317E1	3.073813E1	3.751764E0
3.168649E1	3.073657E1	3.733739E0
3.171981E1	3.073584E1	3.745886E0
3.175313E1	3.072018E1	3.752797E0
3.178645E1	3.070049E1	3.763576E0
3.181977E1	3.070996E1	3.762434E0
3.185309E1	3.071679E1	3.741435E0
3.188641E1	3.069153E1	3.729203E0
3.191973E1	3.061439E1	3.697893E0
3.195305E1	3.050644E1	3.596889E0
3.198637E1	3.040510E1	3.451688E0
3.201968E1	3.028880E1	3.356833E0
3.205300E1	3.039624E1	3.384425E0
3.208632E1	3.066230E1	3.505109E0
3.211964E1	3.091463E1	3.665239E0
3.215296E1	3.098437E1	3.748462E0
3.218628E1	3.100121E1	3.770175E0
3.221960E1	3.100868E1	3.744311E0
3.225292E1	3.105493E1	3.697238E0
3.228624E1	3.107145E1	3.686564E0
3.231956E1	3.104733E1	3.695851E0
3.235288E1	3.105703E1	3.715942E0
3.238619E1	3.095181E1	3.705177E0
3.241951E1	3.066409E1	3.644825E0
3.245283E1	3.033981E1	3.635887E0
3.248615E1	3.010270E1	3.578604E0
3.251947E1	2.998631E1	3.494831E0
3.255279E1	3.009984E1	3.483015E0
3.258611E1	3.037897E1	3.541694E0
3.261943E1	3.068142E1	3.648975E0
3.265275E1	3.080468E1	3.699806E0
3.268607E1	3.084809E1	3.704507E0
3.271939E1	3.084522E1	3.704763E0
3.275271E1	3.083560E1	3.719082E0
3.278602E1	3.079913E1	3.708348E0
3.281934E1	3.080316E1	3.707986E0
3.285266E1	3.079805E1	3.701360E0
3.288598E1	3.066852E1	3.660112E0
3.291930E1	3.056785E1	3.633013E0
3.295262E1	3.042411E1	3.449325E0
3.298594E1	3.025842E1	3.306876E0
3.301926E1	3.016812E1	3.259766E0
3.305258E1	3.026446E1	3.323216E0
3.308590E1	3.058762E1	3.450520E0
3.311922E1	3.093319E1	3.581823E0
3.315253E1	3.113895E1	3.653984E0
3.318585E1	3.122787E1	3.673139E0
3.321917E1	3.130735E1	3.660012E0
3.325249E1	3.134627E1	3.626715E0
3.328581E1	3.133672E1	3.624295E0
3.331913E1	3.132601E1	3.633913E0
3.335245E1	3.133356E1	3.660738E0
3.338577E1	3.124232E1	3.654733E0
3.341909E1	3.101244E1	3.628292E0
3.345241E1	3.092692E1	3.726716E0
3.348573E1	3.085659E1	3.692744E0
3.351905E1	3.076485E1	3.546234E0
3.355236E1	3.081020E1	3.560046E0
3.358568E1	3.104465E1	3.627169E0
3.361900E1	3.140512E1	3.747106E0
3.365232E1	3.155895E1	3.789777E0
3.368564E1	3.156917E1	3.796638E0
3.371896E1	3.156735E1	3.796211E0
3.375228E1	3.149491E1	3.770278E0
3.378560E1	3.150029E1	3.770667E0
3.381892E1	3.152801E1	3.782170E0
3.385224E1	3.148900E1	3.757658E0
3.388556E1	3.140051E1	3.776149E0
3.391887E1	3.124521E1	3.793637E0
3.395219E1	3.111392E1	3.661187E0
3.398551E1	3.093892E1	3.514092E0
3.401883E1	3.088907E1	3.479112E0
3.405215E1	3.100674E1	3.515863E0
3.408547E1	3.134307E1	3.635470E0
3.411879E1	3.163156E1	3.737621E0
3.415211E1	3.175032E1	3.759923E0
3.418543E1	3.181036E1	3.744763E0
3.421875E1	3.186094E1	3.696946E0
3.425207E1	3.191867E1	3.683428E0
3.428539E1	3.191754E1	3.690867E0
3.431870E1	3.190417E1	3.689459E0
3.435202E1	3.185931E1	3.689005E0
3.438534E1	3.177797E1	3.682061E0
3.441866E1	3.157412E1	3.666526E0
3.445198E1	3.134373E1	3.737217E0
3.448530E1	3.125830E1	3.823051E0
3.451862E1	3.120706E1	3.713362E0
3.455194E1	3.128131E1	3.646553E0
3.458526E1	3.149615E1	3.677178E0
3.461858E1	3.173995E1	3.795731E0
3.465190E1	3.191847E1	3.877296E0
3.468521E1	3.197325E1	3.871659E0
3.471853E1	3.194560E1	3.829727E0
3.475185E1	3.189195E1	3.808576E0
3.478517E1	3.190584E1	3.828905E0
3.481849E1	3.190142E1	3.816282E0
3.485181E1	3.191464E1	3.813957E0
3.488513E1	3.187867E1	3.788121E0
3.491845E1	3.169129E1	3.776168E0
3.495177E1	3.151730E1	3.649861E0
3.498509E1	3.142085E1	3.501711E0
3.501841E1	3.140785E1	3.425978E0
3.505173E1	3.152225E1	3.471012E0
3.508504E1	3.178363E1	3.641580E0
3.511836E1	3.205339E1	3.838256E0
3.515168E1	3.214642E1	3.934092E0
3.518500E1	3.223768E1	3.985950E0
3.521832E1	3.225690E1	3.957300E0
3.525164E1	3.227045E1	3.928317E0
3.528496E1	3.226574E1	3.912774E0
3.531828E1	3.225889E1	3.920214E0
3.535160E1	3.222189E1	3.958513E0
3.538492E1	3.213587E1	3.942055E0
3.541824E1	3.184321E1	3.763363E0
3.545155E1	3.159171E1	3.695213E0
3.548487E1	3.142021E1	3.681915E0
3.551819E1	3.121565E1	3.574068E0
3.555151E1	3.131353E1	3.529837E0
3.558483E1	3.156797E1	3.541160E0
3.561815E1	3.189004E1	3.666208E0
3.565147E1	3.213446E1	3.810931E0
3.568479E1	3.225348E1	3.877404E0
3.571811E1	3.225446E1	3.866259E0
3.575143E1	3.220995E1	3.852433E0
3.578475E1	3.220016E1	3.876590E0
3.581807E1	3.219592E1	3.868839E0
3.585138E1	3.221017E1	3.854047E0
3.588470E1	3.212116E1	3.826873E0
3.591802E1	3.193434E1	3.785256E0
3.595134E1	3.171599E1	3.623852E0
3.598466E1	3.151563E1	3.459650E0
3.601798E1	3.140665E1	3.388321E0
3.605130E1	3.151262E1	3.433957E0
3.608462E1	3.185277E1	3.570133E0
3.611794E1	3.222741E1	3.708010E0
3.615126E1	3.244376E1	3.746329E0
3.618458E1	3.248749E1	3.735926E0
3.621789E1	3.255353E1	3.708964E0
3.625121E1	3.263998E1	3.696684E0
3.628453E1	3.265470E1	3.701148E0
3.631785E1	3.263276E1	3.698861E0
3.635117E1	3.260122E1	3.709892E0
3.638449E1	3.248444E1	3.716953E0
3.641781E1	3.224657E1	3.724808E0
3.645113E1	3.207147E1	3.827660E0
3.648445E1	3.193871E1	3.821082E0
3.651777E1	3.190687E1	3.736773E0
3.655109E1	3.198846E1	3.742769E0
3.658441E1	3.219432E1	3.812538E0
3.661772E1	3.244377E1	3.901378E0
3.665104E1	3.261759E1	3.923989E0
3.668436E1	3.267947E1	3.929644E0
3.671768E1	3.264945E1	3.910788E0
3.675100E1	3.265132E1	3.919962E0
3.678432E1	3.262479E1	3.924631E0
3.681764E1	3.262661E1	3.920302E0
3.685096E1	3.264545E1	3.907010E0
3.688428E1	3.261162E1	3.889574E0
3.691760E1	3.244220E1	3.843715E0
3.695092E1	3.227072E1	3.655175E0
3.698423E1	3.206306E1	3.501131E0
3.701755E1	3.200014E1	3.479134E0
3.705087E1	3.211044E1	3.526415E0
3.708419E1	3.242324E1	3.644413E0
3.711751E1	3.270215E1	3.753046E0
3.715083E1	3.280076E1	3.771302E0
3.718415E1	3.287549E1	3.765948E0
3.721747E1	3.296051E1	3.754297E0
3.725079E1	3.300157E1	3.749711E0
3.728411E1	3.298314E1	3.743416E0
3.731743E1	3.296693E1	3.747559E0
3.735075E1	3.295254E1	3.755849E0
3.738406E1	3.294331E1	3.750600E0
3.741738E1	3.283387E1	3.713536E0
3.745070E1	3.266239E1	3.713133E0
3.748402E1	3.246551E1	3.708955E0
3.751734E1	3.230456E1	3.652765E0
3.755066E1	3.234811E1	3.648045E0
3.758398E1	3.254835E1	3.697659E0
3.761730E1	3.287561E1	3.809093E0
3.765062E1	3.309179E1	3.811249E0
3.768394E1	3.314557E1	3.744216E0
3.771726E1	3.315173E1	3.742192E0
3.775057E1	3.307693E1	3.748613E0
3.778389E1	3.298645E1	3.705509E0
3.781721E1	3.299349E1	3.701793E0
3.785053E1	3.302283E1	3.707165E0
3.788385E1	3.293273E1	3.668730E0
3.791717E1	3.266407E1	3.631989E0
3.795049E1	3.218146E1	3.484220E0
3.798381E1	3.166157E1	3.275392E0
3.801713E1	3.160770E1	3.317277E0
3.805045E1	3.181547E1	3.380824E0
3.808377E1	3.206368E1	3.459354E0
3.811709E1	3.219226E1	3.523902E0
3.815040E1	3.237036E1	3.603604E0
3.818372E1	3.252035E1	3.614197E0
3.821704E1	3.267415E1	3.611432E0
3.825036E1	3.272513E1	3.584479E0
3.828368E1	3.271542E1	3.576664E0
3.831700E1	3.270045E1	3.574854E0
3.835032E1	3.267604E1	3.596321E0
3.838364E1	3.260632E1	3.572415E0
3.841696E1	3.245922E1	3.584506E0
3.845028E1	3.234932E1	3.699714E0
3.848360E1	3.227174E1	3.720029E0
3.851691E1	3.221309E1	3.659791E0
3.855023E1	3.227672E1	3.636513E0
3.858355E1	3.256063E1	3.671845E0
3.861687E1	3.292904E1	3.717129E0
3.865019E1	3.310983E1	3.761436E0
3.868351E1	3.313920E1	3.788318E0
3.871683E1	3.313540E1	3.815466E0
3.875015E1	3.305646E1	3.802557E0
3.878347E1	3.299524E1	3.813188E0
3.881679E1	3.301241E1	3.820956E0
3.885011E1	3.303572E1	3.810441E0
3.888343E1	3.290419E1	3.809092E0
3.891674E1	3.276913E1	3.795576E0
3.895006E1	3.263246E1	3.671586E0
3.898338E1	3.244040E1	3.483472E0
3.901670E1	3.237399E1	3.431268E0
3.905002E1	3.248698E1	3.470053E0
3.908334E1	3.279802E1	3.553716E0
3.911666E1	3.317896E1	3.706036E0
3.914998E1	3.336898E1	3.769079E0
3.918330E1	3.345284E1	3.770215E0
3.921662E1	3.348125E1	3.712691E0
3.924994E1	3.350352E1	3.683833E0
3.928325E1	3.349023E1	3.691762E0
3.931657E1	3.349377E1	3.692821E0
3.934989E1	3.346031E1	3.710384E0
3.938321E1	3.336990E1	3.693071E0
3.941653E1	3.318430E1	3.649998E0
3.944985E1	3.310791E1	3.754523E0
3.948317E1	3.305094E1	3.699693E0
3.951649E1	3.299367E1	3.583150E0
3.954981E1	3.311783E1	3.645956E0
3.958313E1	3.340375E1	3.717633E0
3.961645E1	3.365832E1	3.777788E0
3.964977E1	3.372664E1	3.806891E0
3.968308E1	3.370289E1	3.824084E0
3.971640E1	3.366708E1	3.815325E0
3.974972E1	3.361207E1	3.796836E0
3.978304E1	3.353938E1	3.778555E0
3.981636E1	3.354150E1	3.791963E0
3.984968E1	3.355587E1	3.772199E0
3.988300E1	3.341347E1	3.770547E0
3.991632E1	3.322456E1	3.761034E0
3.994964E1	3.292977E1	3.565319E0
3.998296E1	3.266891E1	3.385973E0
4.001628E1	3.258710E1	3.359275E0
4.004959E1	3.269227E1	3.385031E0
4.008291E1	3.294579E1	3.463827E0
4.011623E1	3.328338E1	3.599164E0
4.014955E1	3.342791E1	3.640107E0
4.018287E1	3.348647E1	3.632825E0
4.021619E1	3.354086E1	3.622908E0
4.024951E1	3.359107E1	3.615391E0
4.028283E1	3.359958E1	3.608966E0
4.031615E1	3.358345E1	3.598629E0
4.034947E1	3.354298E1	3.611254E0
4.038279E1	3.342475E1	3.627012E0
4.041611E1	3.318426E1	3.651492E0
4.044942E1	3.303096E1	3.748601E0
4.048274E1	3.295419E1	3.751551E0
4.051606E1	3.284472E1	3.637854E0
4.054938E1	3.287628E1	3.590035E0
4.058270E1	3.307861E1	3.622702E0
4.061602E1	3.331744E1	3.738676E0
4.064934E1	3.335866E1	3.726017E0
4.068266E1	3.337351E1	3.705483E0
4.071598E1	3.345141E1	3.754052E0
4.074930E1	3.343189E1	3.768559E0
4.078262E1	3.335932E1	3.738591E0
4.081593E1	3.340694E1	3.759425E0
4.084925E1	3.341010E1	3.722876E0
4.088257E1	3.335972E1	3.684871E0
4.091589E1	3.322170E1	3.643974E0
4.094921E1	3.305526E1	3.467305E0
4.098253E1	3.278975E1	3.235805E0
4.101585E1	3.267719E1	3.177848E0
4.104917E1	3.272286E1	3.213168E0
4.108249E1	3.293402E1	3.308905E0
4.111581E1	3.316170E1	3.399027E0
4.114913E1	3.331384E1	3.460084E0
4.118245E1	3.342786E1	3.566912E0
4.121576E1	3.350898E1	3.585379E0
4.124908E1	3.354247E1	3.567843E0
4.128240E1	3.353675E1	3.567414E0
4.131572E1	3.352517E1	3.578720E0
4.134904E1	3.349473E1	3.585942E0
4.138236E1	3.341385E1	3.557282E0
4.141568E1	3.319583E1	3.488797E0
4.144900E1	3.305675E1	3.544939E0
4.148232E1	3.291587E1	3.519877E0
4.151564E1	3.281842E1	3.367376E0
4.154896E1	3.288355E1	3.340058E0
4.158227E1	3.311159E1	3.399827E0
4.161559E1	3.335239E1	3.528495E0
4.164891E1	3.348004E1	3.592244E0
4.168223E1	3.354702E1	3.605802E0
4.171555E1	3.353077E1	3.588035E0
4.174887E1	3.353039E1	3.597472E0
4.178219E1	3.354068E1	3.595273E0
4.181551E1	3.354303E1	3.593693E0
4.184883E1	3.354686E1	3.590988E0
4.188215E1	3.347102E1	3.589505E0
4.191547E1	3.340130E1	3.593416E0
4.194879E1	3.327979E1	3.477485E0
4.198210E1	3.311102E1	3.314348E0
4.201542E1	3.303853E1	3.270046E0
4.204874E1	3.310984E1	3.290067E0
4.208206E1	3.342093E1	3.416546E0
4.211538E1	3.376312E1	3.546645E0
4.214870E1	3.394029E1	3.592834E0
4.218202E1	3.399842E1	3.582988E0
4.221534E1	3.400283E1	3.539762E0
4.224866E1	3.399230E1	3.511098E0
4.228198E1	3.397659E1	3.511364E0
4.231530E1	3.397420E1	3.514442E0
4.234861E1	3.392557E1	3.520749E0
4.238193E1	3.385679E1	3.528560E0
4.241525E1	3.368223E1	3.573369E0
4.244857E1	3.356202E1	3.687241E0
4.248189E1	3.348442E1	3.618826E0
4.251521E1	3.338435E1	3.464675E0
4.254853E1	3.341960E1	3.479176E0
4.258185E1	3.362332E1	3.539319E0
4.261517E1	3.393143E1	3.652995E0
4.264849E1	3.411825E1	3.698004E0
4.268181E1	3.416829E1	3.728822E0
4.271513E1	3.416117E1	3.725852E0
4.274844E1	3.410817E1	3.704377E0
4.278176E1	3.405601E1	3.699207E0
4.281508E1	3.406880E1	3.707346E0
4.284840E1	3.408317E1	3.687466E0
4.288172E1	3.399669E1	3.683311E0
4.291504E1	3.383271E1	3.669688E0
4.294836E1	3.361017E1	3.528886E0
4.298168E1	3.336201E1	3.311736E0
4.301500E1	3.325751E1	3.255405E0
4.304832E1	3.336821E1	3.291621E0
4.308164E1	3.360984E1	3.405254E0
4.311495E1	3.384151E1	3.509788E0
4.314827E1	3.401064E1	3.585955E0
4.318159E1	3.415036E1	3.608786E0
4.321491E1	3.426752E1	3.598561E0
4.324823E1	3.431936E1	3.599149E0
4.328155E1	3.431000E1	3.588595E0
4.331487E1	3.430284E1	3.589483E0
4.334819E1	3.425756E1	3.596546E0
4.338151E1	3.417195E1	3.602712E0
4.341483E1	3.395624E1	3.617018E0
4.344815E1	3.381283E1	3.703399E0
4.348147E1	3.374261E1	3.664217E0
4.351478E1	3.363971E1	3.503405E0
4.354810E1	3.370191E1	3.466769E0
4.358142E1	3.390378E1	3.547586E0
4.361474E1	3.417589E1	3.663155E0
4.364806E1	3.439961E1	3.750354E0
4.368138E1	3.447965E1	3.777302E0
4.371470E1	3.447486E1	3.762701E0
4.374802E1	3.447000E1	3.769626E0
4.378134E1	3.446558E1	3.781349E0
4.381466E1	3.447673E1	3.792040E0
4.384798E1	3.447919E1	3.789227E0
4.388129E1	3.445672E1	3.793635E0
4.391461E1	3.438984E1	3.785254E0
4.394793E1	3.428700E1	3.688370E0
4.398125E1	3.409416E1	3.581003E0
4.401457E1	3.402463E1	3.547397E0
4.404789E1	3.413276E1	3.580320E0
4.408121E1	3.442662E1	3.689258E0
4.411453E1	3.470445E1	3.818304E0
4.414785E1	3.482452E1	3.860333E0
4.418117E1	3.493726E1	3.890442E0
4.421449E1	3.498829E1	3.872864E0
4.424781E1	3.502704E1	3.867780E0
4.428112E1	3.500891E1	3.851607E0
4.431444E1	3.498433E1	3.855650E0
4.434776E1	3.496508E1	3.852149E0
4.438108E1	3.486579E1	3.849440E0
4.441440E1	3.458767E1	3.793431E0
4.444772E1	3.420040E1	3.762163E0
4.448104E1	3.398482E1	3.846636E0
4.451436E1	3.387636E1	3.804928E0
4.454768E1	3.391203E1	3.664255E0
4.458100E1	3.411600E1	3.663448E0
4.461432E1	3.434069E1	3.764144E0
4.464763E1	3.448237E1	3.892757E0
4.468095E1	3.453871E1	3.958796E0
4.471427E1	3.452902E1	3.920850E0
4.474759E1	3.453024E1	3.917751E0
4.478091E1	3.451118E1	3.935296E0
4.481423E1	3.450082E1	3.927149E0
4.484755E1	3.451033E1	3.913081E0
4.488087E1	3.446153E1	3.889326E0
4.491419E1	3.426071E1	3.824007E0
4.494751E1	3.393853E1	3.632293E0
4.498083E1	3.361707E1	3.432836E0
4.501415E1	3.352158E1	3.390824E0
4.504746E1	3.364316E1	3.432235E0
4.508078E1	3.398740E1	3.589958E0
4.511410E1	3.424955E1	3.741007E0
4.514742E1	3.433773E1	3.779464E0
4.518074E1	3.440692E1	3.763735E0
4.521406E1	3.445728E1	3.749561E0
4.524738E1	3.448643E1	3.744943E0
4.528070E1	3.445301E1	3.732051E0
4.531402E1	3.442444E1	3.738050E0
4.534734E1	3.438694E1	3.747020E0
4.538066E1	3.428867E1	3.728744E0
4.541397E1	3.404782E1	3.668818E0
4.544729E1	3.386430E1	3.702249E0
4.548061E1	3.370429E1	3.664531E0
4.551393E1	3.359517E1	3.526266E0
4.554725E1	3.369562E1	3.548607E0
4.558057E1	3.395498E1	3.632155E0
4.561389E1	3.426295E1	3.728019E0
4.564721E1	3.444817E1	3.801286E0
4.568053E1	3.448687E1	3.819314E0
4.571385E1	3.444272E1	3.832596E0
4.574717E1	3.437686E1	3.821194E0
4.578049E1	3.428285E1	3.774100E0
4.581380E1	3.426389E1	3.774037E0
4.584712E1	3.425471E1	3.757579E0
4.588044E1	3.419576E1	3.760703E0
4.591376E1	3.409342E1	3.752489E0
4.594708E1	3.393059E1	3.626926E0
4.598040E1	3.369942E1	3.422970E0
4.601372E1	3.360540E1	3.350472E0
4.604704E1	3.372313E1	3.418573E0
4.608036E1	3.404612E1	3.581603E0
4.611368E1	3.430132E1	3.732653E0
4.614700E1	3.428979E1	3.741469E0
4.618031E1	3.427956E1	3.777836E0
4.621363E1	3.433643E1	3.747587E0
4.624695E1	3.444309E1	3.709608E0
4.628027E1	3.443426E1	3.680635E0
4.631359E1	3.441068E1	3.687925E0
4.634691E1	3.436723E1	3.703787E0
4.638023E1	3.419893E1	3.673517E0
4.641355E1	3.392410E1	3.590524E0
4.644687E1	3.371391E1	3.668397E0
4.648019E1	3.359536E1	3.666644E0
4.651351E1	3.349224E1	3.533337E0
4.654683E1	3.355780E1	3.490351E0
4.658014E1	3.382056E1	3.572628E0
4.661346E1	3.415623E1	3.721859E0
4.664678E1	3.434566E1	3.813377E0
4.668010E1	3.435339E1	3.806307E0
4.671342E1	3.434924E1	3.813988E0
4.674674E1	3.432471E1	3.817427E0
4.678006E1	3.424253E1	3.772543E0
4.681338E1	3.425733E1	3.784130E0
4.684670E1	3.427810E1	3.770898E0
4.688002E1	3.419112E1	3.766418E0
4.691334E1	3.402585E1	3.752596E0
4.694665E1	3.386743E1	3.602962E0
4.697997E1	3.361589E1	3.351323E0
4.701329E1	3.353431E1	3.315061E0
4.704661E1	3.364802E1	3.369560E0
4.707993E1	3.395726E1	3.491421E0
4.711325E1	3.427621E1	3.649008E0
4.714657E1	3.441985E1	3.689713E0
4.717989E1	3.448998E1	3.690016E0
4.721321E1	3.454538E1	3.676559E0
4.724653E1	3.460627E1	3.693228E0
4.727985E1	3.460432E1	3.694287E0
4.731317E1	3.460514E1	3.696856E0
4.734648E1	3.460421E1	3.697261E0
4.737980E1	3.456523E1	3.693011E0
4.741312E1	3.445775E1	3.685938E0
4.744644E1	3.431355E1	3.666122E0
4.747976E1	3.409454E1	3.594140E0
4.751308E1	3.396907E1	3.536698E0
4.754640E1	3.405127E1	3.531828E0
4.757972E1	3.430399E1	3.621404E0
4.761304E1	3.454261E1	3.731345E0
4.764636E1	3.466582E1	3.724354E0
4.767968E1	3.475400E1	3.703004E0
4.771299E1	3.478366E1	3.702324E0
4.774631E1	3.471452E1	3.684064E0
4.777963E1	3.460285E1	3.648916E0
4.781295E1	3.459136E1	3.653950E0
4.784627E1	3.459800E1	3.645389E0
4.787959E1	3.458637E1	3.633092E0
4.791291E1	3.435433E1	3.590005E0
4.794623E1	3.391086E1	3.457627E0
4.797955E1	3.334678E1	3.237699E0
4.801287E1	3.306699E1	3.150424E0
4.804619E1	3.319749E1	3.232980E0
4.807951E1	3.348667E1	3.372660E0
4.811282E1	3.377205E1	3.511333E0
4.814614E1	3.397946E1	3.601864E0
4.817946E1	3.405202E1	3.562887E0
4.821278E1	3.410004E1	3.580547E0
4.824610E1	3.408564E1	3.524721E0
4.827942E1	3.409781E1	3.524279E0
4.831274E1	3.409650E1	3.529324E0
4.834606E1	3.405166E1	3.541155E0
4.837938E1	3.393060E1	3.513612E0
4.841270E1	3.368076E1	3.451762E0
4.844602E1	3.351226E1	3.531871E0
4.847933E1	3.340583E1	3.531050E0
4.851265E1	3.336277E1	3.465150E0
4.854597E1	3.341923E1	3.428046E0
4.857929E1	3.367206E1	3.493654E0
4.861261E1	3.402134E1	3.637312E0
4.864593E1	3.417783E1	3.718378E0
4.867925E1	3.418827E1	3.717131E0
4.871257E1	3.417991E1	3.752567E0
4.874589E1	3.414680E1	3.745474E0
4.877921E1	3.409295E1	3.701201E0
4.881253E1	3.410217E1	3.708877E0
4.884585E1	3.410929E1	3.691967E0
4.887916E1	3.405902E1	3.669726E0
4.891248E1	3.387297E1	3.636204E0
4.894580E1	3.367471E1	3.530107E0
4.897912E1	3.339429E1	3.290596E0
4.901244E1	3.327342E1	3.242190E0
4.904576E1	3.333988E1	3.290859E0
4.907908E1	3.361623E1	3.416062E0
4.911240E1	3.394274E1	3.567955E0
4.914572E1	3.396345E1	3.585350E0
4.917904E1	3.394193E1	3.580087E0
4.921236E1	3.405759E1	3.550017E0
4.924567E1	3.419854E1	3.529025E0
4.927899E1	3.420411E1	3.533751E0
4.931231E1	3.419427E1	3.533463E0
4.934563E1	3.414535E1	3.527080E0
4.937895E1	3.402642E1	3.538429E0
4.941227E1	3.380323E1	3.528800E0
4.944559E1	3.361558E1	3.602104E0
4.947891E1	3.355121E1	3.627073E0
4.951223E1	3.349740E1	3.534124E0
4.954555E1	3.352904E1	3.435179E0
4.957887E1	3.372214E1	3.491594E0
4.961219E1	3.400060E1	3.619873E0
4.964550E1	3.420258E1	3.738913E0
4.967882E1	3.428132E1	3.788347E0
4.971214E1	3.427697E1	3.795324E0
4.974546E1	3.427540E1	3.801345E0
4.977878E1	3.427311E1	3.803401E0
4.981210E1	3.427134E1	3.804484E0
4.984542E1	3.426900E1	3.803274E0
4.987874E1	3.421959E1	3.766915E0
4.991206E1	3.416459E1	3.741589E0
4.994538E1	3.405113E1	3.575281E0
4.997870E1	3.388141E1	3.436842E0
5.001201E1	3.381976E1	3.417747E0
5.004533E1	3.392134E1	3.459131E0
5.007865E1	3.421351E1	3.598122E0
5.011197E1	3.450748E1	3.741288E0
5.014529E1	3.465503E1	3.794515E0
5.017861E1	3.475448E1	3.830010E0
5.021193E1	3.480162E1	3.815927E0
5.024525E1	3.483776E1	3.806568E0
5.027857E1	3.482758E1	3.798517E0
5.031189E1	3.482465E1	3.803134E0
5.034521E1	3.477185E1	3.805458E0
5.037853E1	3.467027E1	3.818727E0
5.041184E1	3.443058E1	3.819931E0
