	mass A		
t	x	y	
0.000000E0	1.548136E-1	4.031559E-2
3.331913E-2	8.962097E-2	7.978129E-3
6.663825E-2	-8.919544E-2	-7.397573E-2
9.995738E-2	-1.207803E-1	-1.062334E-1
1.332765E-1	-5.789557E-3	-1.381994E-1
1.665956E-1	1.782793E-1	-1.673563E-1
1.999148E-1	3.967313E-1	-2.390340E-1
2.332339E-1	6.355791E-1	-2.659615E-1
2.665530E-1	7.647328E-1	-1.988170E-1
2.998721E-1	7.425592E-1	-1.681400E-1
3.331913E-1	5.920045E-1	-1.135178E-1
3.665104E-1	5.465748E-1	-5.345169E-2
3.998295E-1	8.720992E-1	1.093320E-2
4.331486E-1	1.238825E0	7.361513E-2
4.664678E-1	1.438163E0	1.125784E-1
4.997869E-1	1.443875E0	1.217618E-1
5.331060E-1	1.240467E0	9.901847E-2
5.664252E-1	8.235629E-1	2.480869E-2
5.997443E-1	5.111088E-1	-4.511619E-2
6.330634E-1	5.843189E-1	-3.590149E-2
6.663825E-1	8.352244E-1	2.775138E-3
6.997017E-1	1.137273E0	-5.586474E-3
7.330208E-1	1.365263E0	-2.419834E-2
7.663399E-1	1.379665E0	-3.442511E-3
7.996590E-1	1.237011E0	-3.942880E-2
8.329782E-1	9.404037E-1	-2.206839E-2
8.662973E-1	9.534175E-1	5.902883E-2
8.996164E-1	1.278961E0	1.027255E-1
9.329356E-1	1.534679E0	1.563174E-1
9.662547E-1	1.634225E0	1.866656E-1
9.995738E-1	1.608316E0	1.787288E-1
1.032893E0	1.539452E0	1.656427E-1
1.066212E0	1.134148E0	8.339535E-2
1.099531E0	8.356448E-1	-1.245589E-2
1.132850E0	8.876612E-1	-2.381844E-2
1.166169E0	1.026307E0	-2.031568E-4
1.199489E0	1.186539E0	-4.892113E-3
1.232808E0	1.401274E0	-3.088726E-2
1.266127E0	1.459622E0	-1.443992E-2
1.299446E0	1.343699E0	-3.542438E-2
1.332765E0	1.194242E0	-2.315547E-2
1.366084E0	1.216965E0	3.661270E-2
1.399403E0	1.557672E0	5.211298E-2
1.432722E0	2.045569E0	1.010454E-1
1.466042E0	2.369016E0	1.756443E-1
1.499361E0	2.398256E0	1.812303E-1
1.532680E0	2.205804E0	1.705756E-1
1.565999E0	1.809023E0	1.578003E-1
1.599318E0	1.521691E0	1.026272E-1
1.632637E0	1.488844E0	6.515499E-2
1.665956E0	1.505255E0	5.905260E-2
1.699275E0	1.617009E0	2.988867E-2
1.732595E0	1.803787E0	-2.639134E-2
1.765914E0	1.694473E0	-2.140305E-2
1.799233E0	1.665009E0	-3.970609E-3
1.832552E0	1.520197E0	5.931683E-2
1.865871E0	1.541864E0	7.802206E-2
1.899190E0	1.854464E0	6.617507E-2
1.932509E0	2.263987E0	7.475731E-2
1.965828E0	2.522569E0	1.168499E-1
1.999148E0	2.488500E0	1.231276E-1
2.032467E0	2.250050E0	1.279665E-1
2.065786E0	1.871921E0	5.487562E-2
2.099105E0	1.536059E0	-7.130818E-3
2.132424E0	1.568487E0	-2.441194E-2
2.165743E0	1.716358E0	-5.924092E-2
2.199062E0	1.881483E0	-8.882257E-2
2.232381E0	2.072943E0	-9.913812E-2
2.265701E0	2.114241E0	-5.778481E-2
2.299020E0	2.048041E0	-5.465820E-2
2.332339E0	1.881315E0	-1.529945E-2
2.365658E0	1.907626E0	2.807036E-2
2.398977E0	2.197945E0	5.760195E-2
2.432296E0	2.516864E0	1.069179E-1
2.465615E0	2.702677E0	1.286057E-1
2.498935E0	2.668044E0	1.436008E-1
2.532254E0	2.481676E0	1.737603E-1
2.565573E0	2.068641E0	1.300628E-1
2.598892E0	1.819743E0	8.149552E-2
2.632211E0	1.836475E0	6.759209E-2
2.665530E0	1.918058E0	3.960100E-2
2.698849E0	1.979038E0	-1.767690E-2
2.732168E0	2.153965E0	-5.972148E-2
2.765488E0	2.222845E0	-2.374803E-2
2.798807E0	2.156865E0	-1.586281E-2
2.832126E0	2.042062E0	6.229514E-3
2.865445E0	2.062943E0	8.330355E-2
2.898764E0	2.340468E0	9.900440E-2
2.932083E0	2.653277E0	1.235128E-1
2.965402E0	2.816977E0	1.718035E-1
2.998721E0	2.830789E0	1.933616E-1
3.032041E0	2.641772E0	1.919026E-1
3.065360E0	2.241405E0	1.620010E-1
3.098679E0	1.951169E0	1.465758E-1
3.131998E0	1.951715E0	1.294074E-1
3.165317E0	2.065902E0	9.003884E-2
3.198636E0	2.199437E0	2.833122E-2
3.231955E0	2.421799E0	3.000695E-3
3.265274E0	2.506355E0	3.810137E-2
3.298594E0	2.435852E0	4.481744E-2
3.331913E0	2.340273E0	8.161808E-2
3.365232E0	2.335765E0	7.921580E-2
3.398551E0	2.606704E0	8.314406E-2
3.431870E0	2.964253E0	1.116075E-1
3.465189E0	3.118473E0	1.269772E-1
3.498508E0	3.126946E0	1.125699E-1
3.531827E0	2.948356E0	1.111872E-1
3.565147E0	2.607110E0	8.013576E-2
3.598466E0	2.287152E0	-5.618092E-2
3.631785E0	2.240591E0	-1.128438E-1
3.665104E0	2.309742E0	-1.709784E-1
3.698423E0	2.435797E0	-2.733317E-1
3.731742E0	2.668412E0	-2.842034E-1
3.765061E0	2.865151E0	-2.321527E-1
3.798380E0	2.807547E0	-1.608320E-1
3.831700E0	2.774840E0	-4.243954E-2
3.865019E0	2.734939E0	-3.160543E-2
3.898338E0	3.030387E0	-3.635742E-2
3.931657E0	3.354638E0	-4.177345E-2
3.964976E0	3.491934E0	-2.866004E-2
3.998295E0	3.516730E0	-3.414404E-2
4.031614E0	3.391792E0	-4.868239E-2
4.064933E0	3.085366E0	-7.626428E-2
4.098253E0	2.802865E0	-1.295457E-1
4.131572E0	2.821896E0	-1.092470E-1
4.164891E0	2.969398E0	-1.475321E-1
4.198210E0	3.174825E0	-2.106622E-1
4.231529E0	3.415266E0	-2.779598E-1
4.264848E0	3.565362E0	-2.439267E-1
4.298167E0	3.496398E0	-2.803042E-1
4.331486E0	3.418491E0	-2.466999E-1
4.364806E0	3.474245E0	-1.401327E-1
4.398125E0	3.734429E0	-8.601836E-2
4.431444E0	3.996317E0	-4.939974E-2
4.464763E0	4.103304E0	-8.996401E-4
4.498082E0	4.117508E0	1.499428E-2
4.531401E0	4.035630E0	3.189111E-2
4.564720E0	3.772273E0	1.860420E-2
4.598040E0	3.540114E0	-6.164419E-2
4.631359E0	3.547432E0	-6.118522E-2
4.664678E0	3.707343E0	-1.054134E-1
4.697997E0	3.967157E0	-1.142948E-1
4.731316E0	4.243075E0	-1.525910E-1
4.764635E0	4.383170E0	-1.012720E-1
4.797954E0	4.331783E0	-8.097562E-2
4.831273E0	4.224976E0	2.577059E-2
4.864593E0	4.188311E0	8.972635E-2
4.897912E0	4.504315E0	5.123781E-2
4.931231E0	4.915163E0	4.567804E-2
4.964550E0	5.171104E0	6.541113E-2
4.997869E0	5.230992E0	7.050434E-2
5.031188E0	5.090440E0	4.864333E-2
5.064507E0	4.791270E0	2.593735E-2
5.097826E0	4.522797E0	-5.809135E-2
5.131146E0	4.506866E0	-1.379334E-1
5.164465E0	4.728542E0	-1.766142E-1
5.197784E0	4.999139E0	-1.779641E-1
5.231103E0	5.279450E0	-1.875566E-1
5.264422E0	5.418035E0	-1.605319E-1
5.297741E0	5.397462E0	-1.104848E-1
5.331060E0	5.343230E0	2.999357E-2
5.364379E0	5.319560E0	4.278138E-2
5.397699E0	5.584051E0	4.869347E-2
5.431018E0	5.998460E0	4.526698E-2
5.464337E0	6.237478E0	1.149728E-1
5.497656E0	6.239603E0	1.101317E-1
5.530975E0	6.006466E0	9.645372E-2
5.564294E0	5.550383E0	9.793956E-2
5.597613E0	5.038811E0	1.493367E-2
5.630932E0	4.933195E0	-1.396393E-2
5.664252E0	5.102908E0	-9.962841E-2
5.697571E0	5.214870E0	-2.106211E-1
5.730890E0	5.386328E0	-2.259997E-1
5.764209E0	5.462034E0	-1.571523E-1
5.797528E0	5.468364E0	-7.536582E-2
5.830847E0	5.409923E0	6.955164E-2
5.864166E0	5.427972E0	5.180858E-2
5.897485E0	5.694808E0	4.711368E-2
5.930805E0	6.062601E0	5.102086E-2
5.964124E0	6.297881E0	1.000845E-1
5.997443E0	6.304969E0	8.317089E-2
6.030762E0	6.148397E0	7.610318E-2
6.064081E0	5.871380E0	6.246844E-2
6.097400E0	5.517651E0	4.140556E-5
6.130719E0	5.486276E0	-1.742027E-2
6.164038E0	5.635802E0	-5.981029E-2
6.197358E0	5.763825E0	-1.663702E-1
6.230677E0	5.967543E0	-1.964251E-1
6.263996E0	6.035043E0	-1.609911E-1
6.297315E0	5.969863E0	-1.293626E-1
6.330634E0	5.868283E0	-5.798638E-2
6.363953E0	5.908407E0	1.110212E-2
6.397272E0	6.129799E0	1.727965E-2
6.430591E0	6.389582E0	4.985132E-2
6.463911E0	6.482405E0	9.764245E-2
6.497230E0	6.482497E0	1.037447E-1
6.530549E0	6.393913E0	5.778719E-2
6.563868E0	6.165723E0	1.086431E-2
6.597187E0	5.938119E0	-4.462968E-3
6.630506E0	5.904013E0	1.969742E-3
6.663825E0	6.123016E0	4.325811E-3
6.697144E0	6.294882E0	-1.730505E-4
6.730464E0	6.527897E0	-1.053232E-2
6.763783E0	6.575082E0	1.850978E-2
6.797102E0	6.487285E0	-1.317476E-2
6.830421E0	6.391261E0	5.259048E-2
6.863740E0	6.369276E0	1.147446E-1
6.897059E0	6.566259E0	1.446362E-1
6.930378E0	6.846904E0	1.758557E-1
6.963698E0	6.972393E0	2.073700E-1
6.997017E0	6.981073E0	2.247270E-1
7.030336E0	6.845412E0	1.910011E-1
7.063655E0	6.560795E0	1.140189E-1
7.096974E0	6.254077E0	4.117745E-2
7.130293E0	6.206421E0	2.847040E-2
7.163612E0	6.354176E0	5.371549E-2
7.196931E0	6.634215E0	9.084310E-2
7.230251E0	6.780846E0	7.665894E-2
7.263570E0	6.835742E0	1.079557E-1
7.296889E0	6.730311E0	5.085247E-2
7.330208E0	6.586038E0	3.903911E-2
7.363527E0	6.561053E0	8.622046E-2
7.396846E0	6.762052E0	1.400692E-1
7.430165E0	7.014251E0	1.849335E-1
7.463484E0	7.082656E0	2.124523E-1
7.496804E0	7.029571E0	2.059000E-1
7.530123E0	7.023361E0	2.048003E-1
7.563442E0	6.748200E0	1.568747E-1
7.596761E0	6.482009E0	9.758769E-2
7.630080E0	6.438639E0	9.819927E-2
7.663399E0	6.674000E0	1.644488E-1
7.696718E0	6.935178E0	1.606625E-1
7.730037E0	7.148319E0	1.436047E-1
7.763357E0	7.185854E0	1.819074E-1
7.796676E0	7.086360E0	1.535860E-1
7.829995E0	6.963536E0	1.540574E-1
7.863314E0	6.939092E0	1.744759E-1
7.896633E0	7.164431E0	2.086236E-1
7.929952E0	7.487394E0	2.982986E-1
7.963271E0	7.660719E0	3.403636E-1
7.996590E0	7.639358E0	3.251446E-1
8.029910E0	7.453680E0	2.977882E-1
8.063229E0	7.156649E0	2.516664E-1
8.096548E0	6.926973E0	1.950504E-1
8.129867E0	6.952291E0	1.930174E-1
8.163186E0	7.123033E0	2.279929E-1
8.196505E0	7.369520E0	2.271088E-1
8.229824E0	7.617351E0	2.050006E-1
8.263143E0	7.696500E0	2.478537E-1
8.296463E0	7.643549E0	2.318682E-1
8.329782E0	7.539197E0	2.741806E-1
8.363101E0	7.510622E0	3.224003E-1
8.396420E0	7.756630E0	3.622156E-1
8.429739E0	8.071380E0	4.407946E-1
8.463058E0	8.179590E0	4.971878E-1
8.496377E0	8.195473E0	5.079938E-1
8.529696E0	8.072063E0	4.704066E-1
8.563016E0	7.857408E0	4.160609E-1
8.596335E0	7.610706E0	3.294881E-1
8.629654E0	7.567708E0	2.683095E-1
8.662973E0	7.742002E0	2.982709E-1
8.696292E0	7.836890E0	2.945929E-1
8.729611E0	7.979823E0	2.816323E-1
8.762930E0	8.076415E0	3.083012E-1
8.796249E0	7.966593E0	2.948111E-1
8.829569E0	7.791906E0	2.677416E-1
8.862888E0	7.731902E0	2.709009E-1
8.896207E0	7.961628E0	3.169549E-1
8.929526E0	8.290917E0	3.861275E-1
8.962845E0	8.428079E0	4.439674E-1
8.996164E0	8.376008E0	4.451441E-1
9.029483E0	8.232524E0	4.237720E-1
9.062802E0	7.977499E0	4.228069E-1
9.096122E0	7.599957E0	3.594910E-1
9.129441E0	7.558680E0	3.617914E-1
9.162760E0	7.735177E0	4.036949E-1
9.196079E0	7.887985E0	3.701807E-1
9.229398E0	8.092521E0	3.245360E-1
9.262717E0	8.139510E0	3.560337E-1
9.296036E0	8.048238E0	3.198065E-1
9.329356E0	7.946575E0	3.182571E-1
9.362675E0	7.889829E0	3.208499E-1
9.395994E0	8.084068E0	3.526573E-1
9.429313E0	8.377830E0	4.151387E-1
9.462632E0	8.488250E0	4.545379E-1
9.495951E0	8.483069E0	4.555815E-1
9.529270E0	8.338028E0	4.419453E-1
9.562589E0	8.076872E0	4.122920E-1
9.595909E0	7.817902E0	3.318783E-1
9.629228E0	7.823206E0	3.106669E-1
9.662547E0	7.966523E0	3.340204E-1
9.695866E0	8.183601E0	3.402129E-1
9.729185E0	8.418215E0	3.386820E-1
9.762504E0	8.527941E0	3.846322E-1
9.795823E0	8.461700E0	3.558761E-1
9.829142E0	8.354684E0	3.906540E-1
9.862462E0	8.322852E0	4.507000E-1
9.895781E0	8.529718E0	4.990024E-1
9.929100E0	8.797130E0	5.538886E-1
9.962419E0	8.832503E0	5.781182E-1
9.995738E0	8.839417E0	5.763941E-1
1.002906E1	8.759251E0	5.697652E-1
1.006238E1	8.556016E0	4.753666E-1
1.009570E1	8.373448E0	3.846624E-1
1.012901E1	8.365167E0	3.966798E-1
1.016233E1	8.563165E0	4.704756E-1
1.019565E1	8.796364E0	5.436901E-1
1.022897E1	9.027193E0	5.319522E-1
1.026229E1	9.058030E0	5.570220E-1
1.029561E1	8.923286E0	4.818718E-1
1.032893E1	8.731371E0	4.271440E-1
1.036225E1	8.662238E0	4.842385E-1
1.039557E1	8.862774E0	5.323602E-1
1.042889E1	9.107344E0	5.891206E-1
1.046221E1	9.168513E0	5.941189E-1
1.049552E1	9.170158E0	5.648954E-1
1.052884E1	9.129490E0	5.589565E-1
1.056216E1	8.894324E0	4.575875E-1
1.059548E1	8.714876E0	3.683970E-1
1.062880E1	8.712229E0	3.719899E-1
1.066212E1	8.902866E0	4.484425E-1
1.069544E1	9.127246E0	5.256477E-1
1.072876E1	9.376705E0	5.233694E-1
1.076208E1	9.419815E0	5.487351E-1
1.079540E1	9.275502E0	4.890073E-1
1.082872E1	9.107543E0	4.152923E-1
1.086204E1	9.035044E0	4.309291E-1
1.089535E1	9.235662E0	4.756916E-1
1.092867E1	9.465651E0	5.548727E-1
1.096199E1	9.483352E0	6.098409E-1
1.099531E1	9.452750E0	6.183938E-1
1.102863E1	9.298624E0	5.957075E-1
1.106195E1	9.078063E0	5.623249E-1
1.109527E1	8.728423E0	4.694451E-1
1.112859E1	8.647583E0	4.519521E-1
1.116191E1	8.832497E0	4.934250E-1
1.119523E1	9.054055E0	5.069043E-1
1.122855E1	9.302969E0	4.897647E-1
1.126186E1	9.403537E0	5.102636E-1
1.129518E1	9.352092E0	4.656857E-1
1.132850E1	9.322222E0	4.658482E-1
1.136182E1	9.279923E0	5.032250E-1
1.139514E1	9.445232E0	5.323192E-1
1.142846E1	9.711275E0	6.180434E-1
1.146178E1	9.792829E0	6.807872E-1
1.149510E1	9.749756E0	6.818862E-1
1.152842E1	9.526509E0	6.343991E-1
1.156174E1	9.268149E0	5.593187E-1
1.159506E1	8.986067E0	4.420448E-1
1.162838E1	8.960697E0	4.181995E-1
1.166169E1	9.129806E0	4.467162E-1
1.169501E1	9.345728E0	4.878761E-1
1.172833E1	9.539021E0	4.580565E-1
1.176165E1	9.630446E0	4.972944E-1
1.179497E1	9.528390E0	4.533274E-1
1.182829E1	9.340591E0	3.852595E-1
1.186161E1	9.286163E0	4.106445E-1
1.189493E1	9.541668E0	5.188759E-1
1.192825E1	9.826004E0	6.441707E-1
1.196157E1	9.883868E0	6.724276E-1
1.199489E1	9.881649E0	6.707636E-1
1.202820E1	9.774522E0	6.358206E-1
1.206152E1	9.548230E0	5.844248E-1
1.209484E1	9.304389E0	5.071390E-1
1.212816E1	9.290831E0	5.209511E-1
1.216148E1	9.482074E0	5.823479E-1
1.219480E1	9.661665E0	5.997188E-1
1.222812E1	9.901887E0	6.041189E-1
1.226144E1	9.907653E0	6.148321E-1
1.229476E1	9.773850E0	5.195978E-1
1.232808E1	9.571888E0	4.262360E-1
1.236140E1	9.489977E0	4.737800E-1
1.239472E1	9.672787E0	5.267446E-1
1.242803E1	9.927934E0	6.087734E-1
1.246135E1	9.971613E0	6.372206E-1
1.249467E1	9.887491E0	6.159234E-1
1.252799E1	9.764138E0	5.985957E-1
1.256131E1	9.537688E0	4.811399E-1
1.259463E1	9.255914E0	3.114662E-1
1.262795E1	9.214463E0	2.522298E-1
1.266127E1	9.394509E0	2.665616E-1
1.269459E1	9.445200E0	2.556837E-1
1.272791E1	9.542544E0	2.316068E-1
1.276123E1	9.610653E0	2.557155E-1
1.279454E1	9.519578E0	2.049051E-1
1.282786E1	9.358655E0	1.430626E-1
1.286118E1	9.306085E0	2.002138E-1
1.289450E1	9.541370E0	2.701877E-1
1.292782E1	9.784207E0	3.983025E-1
1.296114E1	9.819961E0	4.419156E-1
1.299446E1	9.755194E0	4.372164E-1
1.302778E1	9.616304E0	4.115660E-1
1.306110E1	9.421860E0	3.360802E-1
1.309442E1	9.222970E0	2.203528E-1
1.312774E1	9.244345E0	2.381075E-1
1.316106E1	9.442778E0	3.425940E-1
1.319437E1	9.665293E0	4.064455E-1
1.322769E1	9.903237E0	4.200557E-1
1.326101E1	9.917404E0	4.417784E-1
1.329433E1	9.784735E0	3.549086E-1
1.332765E1	9.573637E0	2.338219E-1
1.336097E1	9.465790E0	2.618450E-1
1.339429E1	9.645280E0	3.363051E-1
1.342761E1	9.887539E0	4.532796E-1
1.346093E1	9.923920E0	4.677892E-1
1.349425E1	9.886631E0	4.438830E-1
1.352757E1	9.826699E0	4.410967E-1
1.356088E1	9.625148E0	3.550827E-1
1.359420E1	9.409565E0	2.400742E-1
1.362752E1	9.400874E0	2.462586E-1
1.366084E1	9.552597E0	3.221585E-1
1.369416E1	9.771297E0	4.015522E-1
1.372748E1	9.980270E0	4.129631E-1
1.376080E1	1.000305E1	4.435042E-1
1.379412E1	9.877391E0	3.866783E-1
1.382744E1	9.666001E0	2.751990E-1
1.386076E1	9.551404E0	3.074093E-1
1.389408E1	9.742980E0	3.833884E-1
1.392740E1	1.002679E1	5.059281E-1
1.396071E1	1.012892E1	5.393733E-1
1.399403E1	1.010569E1	5.272351E-1
1.402735E1	9.988314E0	5.015746E-1
1.406067E1	9.734517E0	4.129120E-1
1.409399E1	9.482050E0	3.227312E-1
1.412731E1	9.513025E0	3.358241E-1
1.416063E1	9.718323E0	4.471840E-1
1.419395E1	9.936572E0	5.149435E-1
1.422727E1	1.015328E1	5.226796E-1
1.426059E1	1.018733E1	5.552804E-1
1.429391E1	1.001504E1	4.658101E-1
1.432722E1	9.789523E0	3.225542E-1
1.436054E1	9.656823E0	3.409115E-1
1.439386E1	9.870002E0	4.091268E-1
1.442718E1	1.016705E1	5.225619E-1
1.446050E1	1.031020E1	6.270105E-1
1.449382E1	1.030437E1	6.362097E-1
1.452714E1	1.012381E1	5.831548E-1
1.456046E1	9.901478E0	5.560826E-1
1.459378E1	9.663570E0	4.485237E-1
1.462710E1	9.666728E0	4.642785E-1
1.466042E1	9.836644E0	5.108394E-1
1.469373E1	1.000167E1	5.350912E-1
1.472705E1	1.014534E1	5.077306E-1
1.476037E1	1.011283E1	4.515375E-1
1.479369E1	9.984351E0	3.157229E-1
1.482701E1	9.778982E0	2.241471E-1
1.486033E1	9.724589E0	2.831257E-1
1.489365E1	9.908089E0	3.600815E-1
1.492697E1	1.018199E1	4.945819E-1
1.496029E1	1.028480E1	5.894140E-1
1.499361E1	1.028083E1	5.756501E-1
1.502693E1	1.011901E1	4.919745E-1
1.506025E1	9.865983E0	4.645865E-1
1.509356E1	9.518900E0	3.361591E-1
1.512688E1	9.425664E0	2.866291E-1
1.516020E1	9.520319E0	3.326504E-1
1.519352E1	9.638532E0	3.507616E-1
1.522684E1	9.833872E0	3.498886E-1
1.526016E1	9.893400E0	3.647989E-1
1.529348E1	9.859937E0	3.400116E-1
1.532680E1	9.739133E0	2.765027E-1
1.536012E1	9.668544E0	3.082396E-1
1.539344E1	9.837802E0	3.585094E-1
1.542676E1	1.007741E1	4.449610E-1
1.546007E1	1.015071E1	5.079631E-1
1.549339E1	1.015835E1	4.919615E-1
1.552671E1	1.004464E1	4.466008E-1
1.556003E1	9.859828E0	3.917941E-1
1.559335E1	9.618399E0	2.550401E-1
1.562667E1	9.577771E0	1.917333E-1
1.565999E1	9.657719E0	2.165321E-1
1.569331E1	9.726393E0	2.787308E-1
1.572663E1	9.844236E0	2.476840E-1
1.575995E1	9.891807E0	2.565515E-1
1.579327E1	9.833170E0	2.293063E-1
1.582659E1	9.711207E0	1.882593E-1
1.585990E1	9.612124E0	2.266956E-1
1.589322E1	9.792233E0	2.916965E-1
1.592654E1	1.010614E1	4.077362E-1
1.595986E1	1.029515E1	4.613881E-1
1.599318E1	1.028470E1	4.614879E-1
1.602650E1	1.012275E1	4.161770E-1
1.605982E1	9.910802E0	3.805074E-1
1.609314E1	9.545829E0	2.588976E-1
1.612646E1	9.492238E0	1.834611E-1
1.615978E1	9.673083E0	2.089706E-1
1.619310E1	9.903620E0	2.476137E-1
1.622641E1	1.013561E1	2.772734E-1
1.625973E1	1.022560E1	3.157969E-1
1.629305E1	1.019218E1	3.035444E-1
1.632637E1	1.004807E1	2.301265E-1
1.635969E1	1.003550E1	2.914555E-1
1.639301E1	1.020383E1	3.607960E-1
1.642633E1	1.044871E1	4.708521E-1
1.645965E1	1.052302E1	4.951368E-1
1.649297E1	1.051228E1	4.501021E-1
1.652629E1	1.042068E1	4.071108E-1
1.655961E1	1.019534E1	3.509929E-1
1.659293E1	9.932651E0	2.287502E-1
1.662624E1	9.892546E0	2.043998E-1
1.665956E1	1.000839E1	2.448271E-1
1.669288E1	1.017778E1	3.200647E-1
1.672620E1	1.038004E1	3.458131E-1
1.675952E1	1.040375E1	3.677116E-1
1.679284E1	1.035242E1	3.468847E-1
1.682616E1	1.018745E1	2.390787E-1
1.685948E1	1.011628E1	2.941279E-1
1.689280E1	1.022702E1	3.396051E-1
1.692612E1	1.044477E1	4.066237E-1
1.695944E1	1.053507E1	4.397887E-1
1.699275E1	1.047330E1	4.327667E-1
1.702607E1	1.035647E1	4.337206E-1
1.705939E1	1.012748E1	3.416190E-1
1.709271E1	9.823428E0	2.007405E-1
1.712603E1	9.797158E0	1.327583E-1
1.715935E1	9.946711E0	1.442313E-1
1.719267E1	1.017328E1	1.945877E-1
1.722599E1	1.037952E1	2.149928E-1
1.725931E1	1.046899E1	2.449676E-1
1.729263E1	1.044680E1	2.326850E-1
1.732595E1	1.029019E1	1.787540E-1
1.735927E1	1.021359E1	2.757318E-1
1.739258E1	1.032393E1	3.437191E-1
1.742590E1	1.052934E1	3.848907E-1
1.745922E1	1.062433E1	4.111980E-1
1.749254E1	1.061471E1	3.883530E-1
1.752586E1	1.058311E1	3.640305E-1
1.755918E1	1.037262E1	2.420492E-1
1.759250E1	1.009357E1	1.178068E-1
1.762582E1	1.008495E1	1.798180E-1
1.765914E1	1.025427E1	2.717488E-1
1.769246E1	1.043013E1	3.303825E-1
1.772578E1	1.061018E1	3.377694E-1
1.775909E1	1.061756E1	3.445584E-1
1.779241E1	1.056007E1	3.209895E-1
1.782573E1	1.036377E1	2.137618E-1
1.785905E1	1.029448E1	2.765701E-1
1.789237E1	1.041706E1	3.225620E-1
1.792569E1	1.063144E1	3.958864E-1
1.795901E1	1.072147E1	4.375598E-1
1.799233E1	1.068803E1	4.327663E-1
1.802565E1	1.058399E1	4.401801E-1
1.805897E1	1.034239E1	3.752489E-1
1.809229E1	9.998021E0	2.480259E-1
1.812560E1	9.950314E0	1.827784E-1
1.815892E1	1.010826E1	2.029600E-1
1.819224E1	1.030032E1	2.285195E-1
1.822556E1	1.048560E1	2.418948E-1
1.825888E1	1.054821E1	2.528790E-1
1.829220E1	1.051569E1	2.444576E-1
1.832552E1	1.040863E1	1.789587E-1
1.835884E1	1.037546E1	2.299384E-1
1.839216E1	1.050003E1	2.845180E-1
1.842548E1	1.071772E1	3.784266E-1
1.845880E1	1.081126E1	4.082624E-1
1.849212E1	1.081276E1	3.969536E-1
1.852543E1	1.067054E1	3.099154E-1
1.855875E1	1.045149E1	2.557342E-1
1.859207E1	1.016362E1	1.365067E-1
1.862539E1	1.015914E1	1.618644E-1
1.865871E1	1.034287E1	2.901848E-1
1.869203E1	1.057754E1	3.802855E-1
1.872535E1	1.077911E1	3.853698E-1
1.875867E1	1.075243E1	3.701593E-1
1.879199E1	1.066049E1	3.195676E-1
1.882531E1	1.045443E1	1.662587E-1
1.885863E1	1.039286E1	2.484973E-1
1.889194E1	1.052673E1	2.847139E-1
1.892526E1	1.076831E1	4.212269E-1
1.895858E1	1.092683E1	4.559389E-1
1.899190E1	1.091465E1	4.313479E-1
1.902522E1	1.075477E1	3.519858E-1
1.905854E1	1.052163E1	3.085791E-1
1.909186E1	1.022420E1	1.982280E-1
1.912518E1	1.012388E1	1.441713E-1
1.915850E1	1.024252E1	2.381602E-1
1.919182E1	1.040586E1	2.865968E-1
1.922514E1	1.061681E1	3.006226E-1
1.925846E1	1.063307E1	3.287794E-1
1.929177E1	1.056101E1	2.735692E-1
1.932509E1	1.037996E1	1.367461E-1
1.935841E1	1.029448E1	1.751297E-1
1.939173E1	1.039835E1	2.363826E-1
1.942505E1	1.058849E1	3.402511E-1
1.945837E1	1.068014E1	3.772683E-1
1.949169E1	1.063727E1	3.405029E-1
1.952501E1	1.056054E1	3.002073E-1
1.955833E1	1.037862E1	1.995186E-1
1.959165E1	1.017061E1	1.057455E-1
1.962497E1	1.016034E1	1.469069E-1
1.965828E1	1.031744E1	2.295610E-1
1.969160E1	1.048013E1	2.874157E-1
1.972492E1	1.068770E1	2.952442E-1
1.975824E1	1.070057E1	3.028133E-1
1.979156E1	1.064999E1	2.829688E-1
1.982488E1	1.046770E1	1.316768E-1
1.985820E1	1.037126E1	1.924139E-1
1.989152E1	1.052515E1	2.451982E-1
1.992484E1	1.076055E1	3.219016E-1
1.995816E1	1.085954E1	3.927892E-1
1.999148E1	1.085907E1	3.581914E-1
2.002480E1	1.077689E1	3.457518E-1
2.005811E1	1.057969E1	2.886917E-1
2.009143E1	1.033190E1	1.699082E-1
2.012475E1	1.022173E1	6.692498E-2
2.015807E1	1.036780E1	7.905687E-2
2.019139E1	1.044019E1	7.925473E-2
2.022471E1	1.055046E1	8.587784E-2
2.025803E1	1.055522E1	1.146390E-1
2.029135E1	1.045145E1	7.609803E-2
2.032467E1	1.026977E1	1.395191E-2
2.035799E1	1.017422E1	6.618186E-2
2.039131E1	1.032464E1	1.173410E-1
2.042462E1	1.063632E1	2.369543E-1
2.045794E1	1.085383E1	3.184964E-1
2.049126E1	1.080165E1	3.170599E-1
2.052458E1	1.064392E1	2.951793E-1
2.055790E1	1.046023E1	2.806534E-1
2.059122E1	1.023625E1	1.635100E-1
2.062454E1	1.014683E1	1.146064E-1
2.065786E1	1.026831E1	8.131983E-2
2.069118E1	1.035928E1	1.037412E-1
2.072450E1	1.043974E1	9.436423E-2
2.075782E1	1.048183E1	1.110713E-1
2.079114E1	1.041421E1	1.211041E-1
2.082445E1	1.031931E1	5.793489E-2
2.085777E1	1.016829E1	1.162480E-2
2.089109E1	1.027733E1	1.597660E-2
2.092441E1	1.053162E1	1.255123E-1
2.095773E1	1.061471E1	1.924202E-1
2.099105E1	1.059489E1	1.815723E-1
2.102437E1	1.043358E1	1.229607E-1
2.105769E1	1.018494E1	7.490384E-2
2.109101E1	9.864559E0	-2.725318E-2
2.112433E1	9.766281E0	-1.250745E-1
2.115765E1	9.872155E0	-7.749395E-2
2.119096E1	9.994491E0	-7.569416E-3
2.122428E1	1.019042E1	8.917929E-3
2.125760E1	1.022336E1	1.922404E-2
2.129092E1	1.018320E1	-3.860217E-2
2.132424E1	1.004846E1	-1.394496E-1
2.135756E1	9.951493E0	-1.501936E-1
2.139088E1	1.010324E1	-9.716558E-2
2.142420E1	1.035437E1	2.218212E-2
2.145752E1	1.047928E1	1.527142E-1
2.149084E1	1.047300E1	1.665835E-1
2.152416E1	1.031704E1	1.076205E-1
2.155748E1	1.007123E1	6.673483E-2
2.159079E1	9.782586E0	-5.399131E-2
2.162411E1	9.683370E0	-1.244673E-1
2.165743E1	9.809595E0	-4.943567E-2
2.169075E1	9.974120E0	2.739968E-2
2.172407E1	1.021889E1	7.684880E-2
2.175739E1	1.026823E1	1.109637E-1
2.179071E1	1.023301E1	6.077251E-2
2.182403E1	1.009920E1	-2.754852E-2
2.185735E1	9.983664E0	-4.187144E-2
2.189067E1	1.011191E1	-2.197070E-3
2.192399E1	1.034639E1	1.455944E-1
2.195730E1	1.045460E1	2.631611E-1
2.199062E1	1.042528E1	2.709512E-1
2.202394E1	1.026633E1	1.774884E-1
2.205726E1	1.003446E1	1.494727E-1
2.209058E1	9.711141E0	1.518447E-2
2.212390E1	9.572012E0	-6.481927E-2
2.215722E1	9.668311E0	-4.866423E-3
2.219054E1	9.801222E0	3.691824E-2
2.222386E1	1.000330E1	7.685872E-2
2.225718E1	1.003750E1	1.036404E-1
2.229050E1	1.000655E1	6.294579E-2
2.232381E1	9.839262E0	-7.259214E-2
2.235713E1	9.728648E0	-7.054970E-2
2.239045E1	9.936460E0	3.900247E-2
2.242377E1	1.022721E1	2.157133E-1
2.245709E1	1.036512E1	3.378490E-1
2.249041E1	1.029985E1	3.576244E-1
2.252373E1	1.007763E1	2.789070E-1
2.255705E1	9.789098E0	2.067561E-1
2.259037E1	9.467443E0	7.874847E-2
2.262369E1	9.488222E0	1.231409E-1
2.265701E1	9.705970E0	2.541429E-1
2.269033E1	9.931491E0	2.916544E-1
2.272364E1	1.015082E1	2.931655E-1
2.275696E1	1.019337E1	2.967232E-1
2.279028E1	1.010611E1	2.585714E-1
2.282360E1	9.959492E0	8.068098E-2
2.285692E1	9.792591E0	7.214559E-2
2.289024E1	9.891417E0	1.263188E-1
2.292356E1	1.014638E1	2.636016E-1
2.295688E1	1.031601E1	3.882609E-1
2.299020E1	1.027667E1	3.823535E-1
2.302352E1	1.011738E1	3.139774E-1
2.305684E1	9.923000E0	2.490540E-1
2.309015E1	9.673968E0	1.097884E-1
2.312347E1	9.630731E0	7.224903E-2
2.315679E1	9.809831E0	1.160267E-1
2.319011E1	1.004683E1	2.230744E-1
2.322343E1	1.027003E1	2.750555E-1
2.325675E1	1.037082E1	3.114213E-1
2.329007E1	1.037788E1	2.993141E-1
2.332339E1	1.028912E1	1.800672E-1
2.335671E1	1.021951E1	2.684976E-1
2.339003E1	1.026943E1	3.140024E-1
2.342335E1	1.049209E1	4.519695E-1
2.345667E1	1.063028E1	5.504292E-1
2.348998E1	1.059498E1	5.401345E-1
2.352330E1	1.043177E1	4.821472E-1
2.355662E1	1.018594E1	4.473115E-1
2.358994E1	9.812058E0	3.085490E-1
2.362326E1	9.761561E0	2.303238E-1
2.365658E1	9.917657E0	2.294753E-1
2.368990E1	1.011644E1	2.840284E-1
2.372322E1	1.021651E1	3.317548E-1
2.375654E1	1.021944E1	3.088879E-1
2.378986E1	1.006383E1	1.764430E-1
2.382318E1	9.890115E0	6.165019E-3
2.385649E1	9.725158E0	-1.116610E-2
2.388981E1	9.853828E0	7.994719E-2
2.392313E1	1.011520E1	2.179446E-1
2.395645E1	1.029292E1	3.625453E-1
2.398977E1	1.020783E1	3.368264E-1
2.402309E1	1.008826E1	3.375661E-1
2.405641E1	9.874394E0	2.883223E-1
2.408973E1	9.544394E0	1.838947E-1
2.412305E1	9.504971E0	1.733532E-1
2.415637E1	9.632909E0	2.384043E-1
2.418969E1	9.779374E0	2.833045E-1
2.422301E1	9.991598E0	3.094669E-1
2.425632E1	1.002603E1	3.273572E-1
2.428964E1	9.998557E0	3.194090E-1
2.432296E1	9.878043E0	1.430319E-1
2.435628E1	9.836804E0	2.242571E-1
2.438960E1	9.903496E0	2.419631E-1
2.442292E1	1.011718E1	3.927127E-1
2.445624E1	1.023031E1	5.258423E-1
2.448956E1	1.022664E1	5.180483E-1
2.452288E1	1.009690E1	4.145880E-1
2.455620E1	9.880078E0	3.332297E-1
2.458952E1	9.552527E0	1.974987E-1
2.462283E1	9.500970E0	1.566086E-1
2.465615E1	9.630758E0	2.430074E-1
2.468947E1	9.776487E0	3.308317E-1
2.472279E1	9.986623E0	3.673482E-1
2.475611E1	1.002379E1	3.833337E-1
2.478943E1	1.000290E1	3.566895E-1
2.482275E1	9.891628E0	1.761123E-1
2.485607E1	9.832571E0	2.308878E-1
2.488939E1	9.891441E0	2.761139E-1
2.492271E1	1.009965E1	4.457910E-1
2.495603E1	1.019885E1	5.186263E-1
2.498935E1	1.015105E1	4.904748E-1
2.502266E1	1.001114E1	4.100235E-1
2.505598E1	9.826553E0	3.525286E-1
2.508930E1	9.560395E0	1.833686E-1
2.512262E1	9.503858E0	1.831377E-1
2.515594E1	9.649226E0	3.113272E-1
2.518926E1	9.846791E0	3.952900E-1
2.522258E1	1.000163E1	4.208875E-1
2.525590E1	1.000151E1	4.051172E-1
2.528922E1	9.940440E0	3.543144E-1
2.532254E1	9.796437E0	1.120238E-1
2.535586E1	9.689010E0	1.466469E-1
2.538917E1	9.782576E0	1.885607E-1
2.542249E1	1.001548E1	3.377430E-1
2.545581E1	1.008342E1	4.666333E-1
2.548913E1	1.007725E1	4.701861E-1
2.552245E1	9.944746E0	3.833370E-1
2.555577E1	9.726743E0	3.014533E-1
2.558909E1	9.406541E0	1.482588E-1
2.562241E1	9.331858E0	9.644785E-2
2.565573E1	9.533200E0	1.767886E-1
2.568905E1	9.731775E0	3.047050E-1
2.572237E1	9.928972E0	3.530639E-1
2.575569E1	1.000940E1	3.742363E-1
2.578900E1	1.001655E1	3.615893E-1
2.582232E1	9.937225E0	2.154928E-1
2.585564E1	9.834317E0	2.495568E-1
2.588896E1	9.901305E0	3.045404E-1
2.592228E1	1.008543E1	4.170723E-1
2.595560E1	1.015071E1	5.262197E-1
2.598892E1	1.012133E1	4.663362E-1
2.602224E1	1.007056E1	4.409871E-1
2.605556E1	9.908165E0	3.462365E-1
2.608888E1	9.652790E0	1.909195E-1
2.612220E1	9.631875E0	1.764556E-1
2.615551E1	9.755021E0	3.079890E-1
2.618883E1	9.979669E0	4.646828E-1
2.622215E1	1.015038E1	5.074849E-1
2.625547E1	1.014904E1	5.102403E-1
2.628879E1	9.840890E0	2.660314E-1
2.632211E1	9.944512E0	2.499961E-1
2.635543E1	9.881977E0	3.036554E-1
2.638875E1	9.963771E0	3.336776E-1
2.642207E1	1.019560E1	5.037324E-1
2.645539E1	1.035403E1	6.011538E-1
2.648871E1	1.032589E1	5.935035E-1
2.652202E1	1.015007E1	4.950669E-1
2.655534E1	9.900270E0	4.174935E-1
2.658866E1	9.554175E0	2.464046E-1
2.662198E1	9.467121E0	1.123046E-1
2.665530E1	9.604319E0	1.207996E-1
2.668862E1	9.713968E0	1.392992E-1
2.672194E1	9.755621E0	1.558980E-1
2.675526E1	9.766473E0	1.721148E-1
2.678858E1	9.429348E0	-2.894565E-2
2.682190E1	9.319459E0	-2.372788E-1
2.685522E1	9.203078E0	-2.350226E-1
2.688854E1	9.297424E0	-1.391184E-1
2.692185E1	9.546521E0	-2.578897E-3
2.695517E1	9.683555E0	1.552807E-1
2.698849E1	9.700747E0	1.404420E-1
2.702181E1	9.606186E0	1.165088E-1
2.705513E1	9.423643E0	7.271336E-2
2.708845E1	9.195013E0	-5.964559E-2
2.712177E1	9.117030E0	-1.522995E-1
2.715509E1	9.214473E0	-1.029421E-1
2.718841E1	9.341416E0	-2.497300E-2
2.722173E1	9.394658E0	-1.654198E-2
2.725505E1	9.420177E0	-1.103790E-2
2.728836E1	9.337821E0	-6.826380E-2
2.732168E1	9.243424E0	-2.483809E-1
2.735500E1	9.077514E0	-3.557899E-1
2.738832E1	9.159519E0	-2.717620E-1
2.742164E1	9.415762E0	-9.202184E-2
2.745496E1	9.569059E0	1.322769E-1
2.748828E1	9.580873E0	1.689968E-1
2.752160E1	9.429370E0	1.083165E-1
2.755492E1	9.222403E0	2.407298E-2
2.758824E1	8.894995E0	-1.301140E-1
2.762156E1	8.882418E0	-1.022628E-1
2.765488E1	9.044836E0	3.424121E-2
2.768819E1	9.188761E0	1.139565E-1
2.772151E1	9.408576E0	1.524972E-1
2.775483E1	9.426205E0	1.702319E-1
2.778815E1	9.366609E0	1.360047E-1
2.782147E1	9.262690E0	-3.968550E-2
2.785479E1	9.194632E0	3.040896E-2
2.788811E1	9.282251E0	7.602941E-2
2.792143E1	9.518167E0	2.560155E-1
2.795475E1	9.654447E0	3.775152E-1
2.798807E1	9.629241E0	3.837204E-1
2.802139E1	9.495012E0	3.101527E-1
2.805470E1	9.326796E0	2.213507E-1
2.808802E1	9.047865E0	3.825962E-2
2.812134E1	9.010917E0	2.171488E-2
2.815466E1	9.139306E0	1.474057E-1
2.818798E1	9.296367E0	2.304327E-1
2.822130E1	9.439052E0	2.554436E-1
2.825462E1	9.438834E0	2.655942E-1
2.828794E1	9.345905E0	1.970087E-1
2.832126E1	9.248525E0	-1.222012E-2
2.835458E1	9.142860E0	-1.084173E-2
2.838790E1	9.214128E0	5.659465E-2
2.842122E1	9.426405E0	2.346413E-1
2.845453E1	9.584180E0	3.870412E-1
2.848785E1	9.528316E0	3.745873E-1
2.852117E1	9.388830E0	3.220473E-1
2.855449E1	9.203030E0	2.443318E-1
2.858781E1	8.962911E0	8.759920E-2
2.862113E1	8.883211E0	7.546425E-3
2.865445E1	8.980606E0	3.477197E-2
2.868777E1	9.101453E0	9.926653E-2
2.872109E1	9.175725E0	9.647822E-2
2.875441E1	9.192586E0	1.122031E-1
2.878773E1	9.131495E0	1.022196E-1
2.882104E1	9.085835E0	-7.668673E-2
2.885436E1	8.981970E0	-2.456219E-2
2.888768E1	9.018165E0	-1.556962E-2
2.892100E1	9.240040E0	1.358992E-1
2.895432E1	9.414507E0	3.279923E-1
2.898764E1	9.388592E0	3.001384E-1
2.902096E1	9.284911E0	2.437610E-1
2.905428E1	9.108586E0	1.773639E-1
2.908760E1	8.873622E0	4.600844E-2
2.912092E1	8.779537E0	-6.580191E-2
2.915424E1	8.879542E0	-2.947846E-2
2.918756E1	8.982644E0	5.708637E-3
2.922087E1	9.079640E0	5.925197E-2
2.925419E1	9.073176E0	5.740973E-2
2.928751E1	9.000519E0	3.895594E-2
2.932083E1	8.927094E0	-1.492458E-1
2.935415E1	8.870622E0	-7.316269E-2
2.938747E1	8.984923E0	-4.593868E-2
2.942079E1	9.210884E0	1.273979E-1
2.945411E1	9.278968E0	2.455174E-1
2.948743E1	9.268571E0	2.441751E-1
2.952075E1	9.170997E0	1.658985E-1
2.955407E1	8.918212E0	6.649063E-2
2.958738E1	8.609728E0	-6.315913E-2
2.962070E1	8.501430E0	-1.721930E-1
2.965402E1	8.669815E0	-1.349345E-1
2.968734E1	8.877493E0	-2.759659E-2
2.972066E1	9.088002E0	5.407197E-2
2.975398E1	9.186720E0	8.859824E-2
2.978730E1	9.202355E0	1.073773E-1
2.982062E1	9.158420E0	2.845685E-2
2.985394E1	9.123383E0	1.507451E-1
2.988726E1	9.203315E0	1.816385E-1
2.992058E1	9.386382E0	2.961615E-1
2.995390E1	9.523894E0	4.048461E-1
2.998721E1	9.491837E0	3.978015E-1
3.002053E1	9.392436E0	3.729788E-1
3.005385E1	9.200711E0	3.078042E-1
3.008717E1	8.926138E0	1.955868E-1
3.012049E1	8.854621E0	1.342988E-1
3.015381E1	8.983721E0	1.775209E-1
3.018713E1	9.145244E0	2.200590E-1
3.022045E1	9.270035E0	2.400140E-1
3.025377E1	9.282561E0	2.398289E-1
3.028709E1	9.222268E0	2.352777E-1
3.032041E1	9.125846E0	3.355004E-2
3.035372E1	9.001232E0	3.309211E-2
3.038704E1	9.089249E0	7.327340E-2
3.042036E1	9.309073E0	2.542137E-1
3.045368E1	9.373795E0	3.710959E-1
3.048700E1	9.324529E0	3.398148E-1
3.052032E1	9.181339E0	2.244960E-1
3.055364E1	8.915456E0	1.434286E-1
3.058696E1	8.560582E0	-3.182086E-2
3.062028E1	8.443054E0	-8.129033E-2
3.065360E1	8.584819E0	-3.138979E-2
3.068692E1	8.719918E0	4.038657E-2
3.072023E1	8.922513E0	9.459137E-2
3.075355E1	8.987565E0	1.324018E-1
3.078687E1	8.986575E0	1.324665E-1
3.082019E1	8.972504E0	4.608258E-2
3.085351E1	8.950376E0	5.675913E-2
3.088683E1	9.006063E0	9.253808E-2
3.092015E1	9.241211E0	2.391425E-1
3.095347E1	9.364262E0	4.131915E-1
3.098679E1	9.363895E0	4.667068E-1
3.102011E1	9.234729E0	3.946227E-1
3.105343E1	8.918765E0	2.663137E-1
3.108675E1	8.609620E0	1.118655E-1
3.112006E1	8.521339E0	2.221858E-2
3.115338E1	8.627664E0	3.759457E-2
3.118670E1	8.682518E0	7.308618E-2
3.122002E1	8.784744E0	1.243807E-1
3.125334E1	8.822152E0	1.550951E-1
3.128666E1	8.806697E0	1.634810E-1
3.131998E1	8.830206E0	1.158623E-1
3.135330E1	8.787882E0	1.517631E-1
3.138662E1	8.868988E0	1.862704E-1
3.141994E1	9.151199E0	3.292237E-1
3.145326E1	9.271015E0	4.896966E-1
3.148657E1	9.227852E0	5.535896E-1
3.151989E1	9.056730E0	4.304379E-1
3.155321E1	8.811146E0	3.134096E-1
3.158653E1	8.473180E0	1.399320E-1
3.161985E1	8.328365E0	-1.433321E-2
3.165317E1	8.435749E0	-2.201967E-2
3.168649E1	8.542481E0	3.928972E-2
3.171981E1	8.573903E0	6.096745E-2
3.175313E1	8.645147E0	9.680127E-2
3.178645E1	8.603958E0	2.557151E-2
3.181977E1	8.611473E0	-1.411072E-1
3.185309E1	8.502968E0	-1.914500E-1
3.188640E1	8.548666E0	-1.130377E-1
3.191972E1	8.739991E0	3.606201E-2
3.195304E1	8.850551E0	1.655432E-1
3.198636E1	8.808700E0	1.480359E-1
3.201968E1	8.671747E0	7.188218E-2
3.205300E1	8.456043E0	-1.351568E-2
3.208632E1	8.132369E0	-1.596996E-1
3.211964E1	7.968769E0	-3.352415E-1
3.215296E1	8.104006E0	-3.841673E-1
3.218628E1	8.325880E0	-2.889333E-1
3.221960E1	8.451863E0	-2.290999E-1
3.225291E1	8.507874E0	-2.277184E-1
3.228623E1	8.527318E0	-2.032358E-1
3.231955E1	8.519058E0	-2.881827E-1
3.235287E1	8.414728E0	-3.628197E-1
3.238619E1	8.499716E0	-2.937681E-1
3.241951E1	8.720339E0	-9.650566E-2
3.245283E1	8.877129E0	6.196521E-2
3.248615E1	8.868397E0	6.748226E-2
3.251947E1	8.765962E0	1.891359E-2
3.255279E1	8.521177E0	-6.267726E-2
3.258611E1	8.164928E0	-1.742154E-1
3.261943E1	8.065259E0	-2.290246E-1
3.265274E1	8.222585E0	-1.436225E-1
3.268606E1	8.359760E0	-4.658310E-2
3.271938E1	8.539441E0	2.713132E-2
3.275270E1	8.614739E0	5.330156E-2
3.278602E1	8.625664E0	7.749022E-2
3.281934E1	8.603847E0	-6.111795E-2
3.285266E1	8.548167E0	-2.208695E-2
3.288598E1	8.608310E0	2.095203E-2
3.291930E1	8.808341E0	1.855971E-1
3.295262E1	8.907148E0	3.168732E-1
3.298594E1	8.833518E0	3.270700E-1
3.301925E1	8.629545E0	2.211720E-1
3.305257E1	8.369124E0	1.193104E-1
3.308589E1	7.986687E0	-6.578010E-2
3.311921E1	7.755230E0	-2.455882E-1
3.315253E1	7.855333E0	-2.523648E-1
3.318585E1	7.906562E0	-2.540603E-1
3.321917E1	7.955519E0	-2.170238E-1
3.325249E1	7.968602E0	-1.958877E-1
3.328581E1	7.948569E0	-1.904345E-1
3.331913E1	7.957967E0	-2.625112E-1
3.335245E1	7.939176E0	-1.277920E-1
3.338577E1	8.013431E0	-4.216563E-2
3.341908E1	8.209489E0	5.211446E-2
3.345240E1	8.342044E0	1.391346E-1
3.348572E1	8.357752E0	1.319295E-1
3.351904E1	8.241285E0	7.582958E-2
3.355236E1	8.040729E0	-3.386657E-2
3.358568E1	7.723807E0	-2.245714E-1
3.361900E1	7.578765E0	-3.614565E-1
3.365232E1	7.747461E0	-2.484629E-1
3.368564E1	7.901626E0	-1.156772E-1
3.371896E1	8.055923E0	-5.267903E-2
3.375228E1	8.103182E0	-2.798740E-2
3.378559E1	8.028675E0	-8.069680E-2
3.381891E1	7.922515E0	-2.772518E-1
3.385223E1	7.838834E0	-2.620618E-1
3.388555E1	7.882200E0	-1.833490E-1
3.391887E1	8.087081E0	-7.614179E-2
3.395219E1	8.231648E0	2.368676E-2
3.398551E1	8.238001E0	2.018373E-2
3.401883E1	8.108019E0	-3.204016E-2
3.405215E1	7.913602E0	-9.581839E-2
3.408547E1	7.616747E0	-2.452427E-1
3.411879E1	7.459254E0	-3.856097E-1
3.415211E1	7.578360E0	-4.108087E-1
3.418542E1	7.670762E0	-3.404531E-1
3.421874E1	7.802646E0	-2.965173E-1
3.425206E1	7.834991E0	-2.695607E-1
3.428538E1	7.785400E0	-2.881333E-1
3.431870E1	7.738547E0	-4.334383E-1
3.435202E1	7.727706E0	-3.530201E-1
3.438534E1	7.818424E0	-3.479831E-1
3.441866E1	8.080584E0	-1.894322E-1
3.445198E1	8.270102E0	-6.011681E-3
3.448530E1	8.281051E0	3.764049E-2
3.451862E1	8.122134E0	-3.709085E-2
3.455193E1	7.851941E0	-8.951873E-2
3.458525E1	7.488878E0	-2.183132E-1
3.461857E1	7.326707E0	-3.060078E-1
3.465189E1	7.422442E0	-2.251228E-1
3.468521E1	7.557211E0	-1.504201E-1
3.471853E1	7.761201E0	-6.836972E-2
3.475185E1	7.811998E0	-6.200563E-2
3.478517E1	7.799154E0	-6.068695E-2
3.481849E1	7.772949E0	-1.818828E-1
3.485181E1	7.760409E0	-6.578702E-2
3.488513E1	7.809534E0	1.776781E-2
3.491844E1	7.979586E0	9.307985E-2
3.495176E1	8.090547E0	1.971455E-1
3.498508E1	8.089730E0	1.987324E-1
3.501840E1	7.979183E0	1.473180E-1
3.505172E1	7.794583E0	3.415229E-2
3.508504E1	7.494440E0	-2.044804E-1
3.511836E1	7.334896E0	-3.290273E-1
3.515168E1	7.450753E0	-3.320198E-1
3.518500E1	7.500990E0	-2.610520E-1
3.521832E1	7.612618E0	-1.971281E-1
3.525164E1	7.599982E0	-1.908307E-1
3.528496E1	7.580003E0	-1.717174E-1
3.531827E1	7.571519E0	-3.183308E-1
3.535159E1	7.527179E0	-3.091437E-1
3.538491E1	7.581237E0	-2.273101E-1
3.541823E1	7.802490E0	-8.194615E-2
3.545155E1	7.965031E0	9.290211E-2
3.548487E1	7.972759E0	1.279898E-1
3.551819E1	7.830241E0	5.295798E-2
3.555151E1	7.589866E0	-3.039333E-2
3.558483E1	7.221028E0	-1.851965E-1
3.561815E1	7.078547E0	-2.266904E-1
3.565147E1	7.177126E0	-2.456355E-1
3.568478E1	7.293298E0	-2.321471E-1
3.571810E1	7.404695E0	-1.996163E-1
3.575142E1	7.423107E0	-1.898398E-1
3.578474E1	7.421674E0	-1.729456E-1
3.581806E1	7.409362E0	-2.373865E-1
3.585138E1	7.377495E0	-1.592998E-1
3.588470E1	7.457422E0	-1.283267E-1
3.591802E1	7.683758E0	9.438035E-3
3.595134E1	7.829229E0	1.425517E-1
3.598466E1	7.832864E0	1.812498E-1
3.601798E1	7.711469E0	1.022687E-1
3.605130E1	7.474316E0	-1.808086E-3
3.608461E1	7.128965E0	-1.529363E-1
3.611793E1	6.993217E0	-2.328723E-1
3.615125E1	7.098028E0	-1.945520E-1
3.618457E1	7.256765E0	-1.212979E-1
3.621789E1	7.309222E0	-9.016386E-2
3.625121E1	7.352223E0	-8.152979E-2
3.628453E1	7.320019E0	-1.221155E-1
3.631785E1	7.280994E0	-2.358790E-1
3.635117E1	7.245710E0	-1.941557E-1
3.638449E1	7.318978E0	-1.607640E-1
3.641781E1	7.574264E0	-1.071423E-2
3.645112E1	7.782860E0	1.472974E-1
3.648444E1	7.823053E0	1.929816E-1
3.651776E1	7.723869E0	1.442625E-1
3.655108E1	7.471854E0	5.741353E-2
3.658440E1	7.153551E0	-5.875434E-2
3.661772E1	6.999776E0	-1.712952E-1
3.665104E1	7.134072E0	-7.443473E-2
3.668436E1	7.243765E0	2.079529E-2
3.671768E1	7.435145E0	1.049494E-1
3.675100E1	7.479733E0	1.396532E-1
3.678432E1	7.462829E0	1.433392E-1
3.681764E1	7.460773E0	2.725822E-2
3.685095E1	7.417266E0	1.098197E-1
3.688427E1	7.472350E0	1.095755E-1
3.691759E1	7.744639E0	2.386728E-1
3.695091E1	7.924463E0	3.957768E-1
3.698423E1	7.950313E0	4.250133E-1
3.701755E1	7.805068E0	3.186567E-1
3.705087E1	7.546845E0	2.248320E-1
3.708419E1	7.169748E0	3.846052E-2
3.711751E1	7.006327E0	-8.060317E-2
3.715083E1	7.081623E0	-8.975392E-2
3.718415E1	7.186141E0	-7.155139E-2
3.721746E1	7.300943E0	-5.283634E-2
3.725078E1	7.342026E0	-3.237244E-2
3.728410E1	7.335691E0	-1.771307E-2
3.731742E1	7.341370E0	-1.366144E-1
3.735074E1	7.304564E0	-6.442069E-2
3.738406E1	7.357973E0	5.200269E-2
3.741738E1	7.532156E0	1.655649E-1
3.745070E1	7.640717E0	2.866216E-1
3.748402E1	7.681644E0	3.190779E-1
3.751734E1	7.675798E0	2.813731E-1
3.755066E1	7.572094E0	2.020417E-1
3.758398E1	7.303310E0	-7.437506E-3
3.761729E1	7.218245E0	-5.852745E-2
3.765061E1	7.342595E0	8.428696E-2
3.768393E1	7.523798E0	2.610693E-1
3.771725E1	7.703556E0	3.587237E-1
3.775057E1	7.712986E0	3.586906E-1
3.778389E1	7.644909E0	3.164789E-1
3.781721E1	7.545691E0	1.059338E-1
3.785053E1	7.479123E0	1.654721E-1
3.788385E1	7.547143E0	1.871800E-1
3.791717E1	7.769367E0	3.258715E-1
3.795049E1	7.944829E0	4.721051E-1
3.798380E1	7.948609E0	5.079941E-1
3.801712E1	7.884921E0	4.845528E-1
3.805044E1	7.702075E0	4.131526E-1
3.808376E1	7.419638E0	2.856132E-1
3.811708E1	7.207597E0	1.139935E-1
3.815040E1	7.307394E0	1.035500E-1
3.818372E1	7.431766E0	1.654481E-1
3.821704E1	7.488195E0	1.724031E-1
3.825036E1	7.558350E0	1.879801E-1
3.828368E1	7.552586E0	1.983367E-1
3.831700E1	7.527575E0	6.057412E-2
3.835031E1	7.466452E0	9.491645E-2
3.838363E1	7.512913E0	2.053126E-1
3.841695E1	7.707396E0	3.113738E-1
3.845027E1	7.791863E0	4.463324E-1
3.848359E1	7.832586E0	4.856406E-1
3.851691E1	7.809937E0	4.322174E-1
3.855023E1	7.687864E0	3.632097E-1
3.858355E1	7.386826E0	1.525376E-1
3.861687E1	7.277307E0	8.671404E-2
3.865019E1	7.382035E0	2.002822E-1
3.868351E1	7.564494E0	3.777216E-1
3.871683E1	7.748472E0	4.638592E-1
3.875014E1	7.763666E0	4.547039E-1
3.878346E1	7.749090E0	4.608913E-1
3.881678E1	7.690853E0	2.730409E-1
3.885010E1	7.615237E0	3.368814E-1
3.888342E1	7.677693E0	4.093306E-1
3.891674E1	7.886909E0	5.362323E-1
3.895006E1	8.046542E0	6.963576E-1
3.898338E1	8.043356E0	7.248818E-1
3.901670E1	8.011650E0	7.094417E-1
3.905002E1	7.881435E0	6.453125E-1
3.908334E1	7.604942E0	4.780238E-1
3.911665E1	7.486035E0	3.636535E-1
3.914997E1	7.578371E0	3.745005E-1
3.918329E1	7.700786E0	4.373109E-1
3.921661E1	7.750112E0	4.666175E-1
3.924993E1	7.783766E0	4.868502E-1
3.928325E1	7.729671E0	4.733577E-1
3.931657E1	7.656285E0	2.429881E-1
3.934989E1	7.594419E0	2.877246E-1
3.938321E1	7.680931E0	3.421706E-1
3.941653E1	7.921611E0	5.297288E-1
3.944985E1	8.096954E0	6.755334E-1
3.948317E1	8.066604E0	7.113474E-1
3.951648E1	7.988404E0	6.565691E-1
3.954980E1	7.798648E0	5.737074E-1
3.958312E1	7.564397E0	4.617985E-1
3.961644E1	7.429866E0	3.415124E-1
3.964976E1	7.533676E0	4.478635E-1
3.968308E1	7.671321E0	5.996783E-1
3.971640E1	7.797119E0	6.541604E-1
3.974972E1	7.837034E0	6.815848E-1
3.978304E1	7.812543E0	6.711148E-1
3.981636E1	7.769457E0	4.584843E-1
3.984968E1	7.701453E0	4.756689E-1
3.988299E1	7.741178E0	4.933462E-1
3.991631E1	7.982430E0	6.267759E-1
3.994963E1	8.194408E0	8.301215E-1
3.998295E1	8.225882E0	8.877369E-1
4.001627E1	8.159005E0	8.582753E-1
4.004959E1	7.973873E0	7.712414E-1
4.008291E1	7.663237E0	6.250446E-1
4.011623E1	7.463532E0	4.810204E-1
4.014955E1	7.510170E0	4.386335E-1
4.018287E1	7.634023E0	4.841035E-1
4.021619E1	7.652395E0	5.054835E-1
4.024951E1	7.676754E0	5.227883E-1
4.028282E1	7.565436E0	4.136529E-1
4.031614E1	7.519656E0	2.273394E-1
4.034946E1	7.433416E0	2.232687E-1
4.038278E1	7.475554E0	3.170590E-1
4.041610E1	7.691071E0	4.525991E-1
4.044942E1	7.861386E0	6.357537E-1
4.048274E1	7.864475E0	6.753924E-1
4.051606E1	7.768297E0	6.312913E-1
4.054938E1	7.599679E0	5.702286E-1
4.058270E1	7.347664E0	4.064932E-1
4.061602E1	7.184771E0	2.565070E-1
4.064933E1	7.261854E0	2.506898E-1
4.068265E1	7.416335E0	3.452623E-1
4.071597E1	7.510393E0	4.561635E-1
4.074929E1	7.555879E0	4.740856E-1
4.078261E1	7.454033E0	3.614106E-1
4.081593E1	7.443046E0	2.013406E-1
4.084925E1	7.314868E0	1.443638E-1
4.088257E1	7.356056E0	1.639926E-1
4.091589E1	7.620700E0	3.103514E-1
4.094921E1	7.741914E0	4.212021E-1
4.098253E1	7.729375E0	4.652421E-1
4.101585E1	7.688770E0	4.308430E-1
4.104916E1	7.439758E0	3.334280E-1
4.108248E1	7.142296E0	2.003198E-1
4.111580E1	7.008388E0	1.264788E-1
4.114912E1	7.037814E0	2.416852E-1
4.118244E1	7.138728E0	3.357143E-1
4.121576E1	7.279170E0	3.933965E-1
4.124908E1	7.294447E0	3.980114E-1
4.128240E1	7.296026E0	4.197379E-1
4.131572E1	7.307560E0	2.742130E-1
4.134904E1	7.274083E0	3.133225E-1
4.138236E1	7.309805E0	3.159289E-1
4.141567E1	7.532554E0	4.379955E-1
4.144899E1	7.687418E0	6.206860E-1
4.148231E1	7.699374E0	6.928234E-1
4.151563E1	7.619519E0	6.399933E-1
4.154895E1	7.380606E0	5.377530E-1
4.158227E1	7.051046E0	3.857034E-1
4.161559E1	6.871320E0	2.784058E-1
4.164891E1	6.922246E0	3.482961E-1
4.168223E1	7.070153E0	4.670527E-1
4.171555E1	7.202294E0	5.226992E-1
4.174887E1	7.212027E0	5.382897E-1
4.178219E1	7.206456E0	5.352801E-1
4.181550E1	7.214230E0	3.982754E-1
4.184882E1	7.157585E0	4.362379E-1
4.188214E1	7.183538E0	5.559065E-1
4.191546E1	7.382658E0	6.658209E-1
4.194878E1	7.525018E0	8.079483E-1
4.198210E1	7.592869E0	8.614623E-1
4.201542E1	7.574779E0	8.057184E-1
4.204874E1	7.426342E0	7.092365E-1
4.208206E1	7.059837E0	4.874037E-1
4.211538E1	6.921287E0	3.569542E-1
4.214870E1	7.022853E0	3.619518E-1
4.218201E1	7.086298E0	4.244967E-1
4.221533E1	7.139982E0	4.291889E-1
4.224865E1	7.190915E0	4.353330E-1
4.228197E1	7.162360E0	4.293575E-1
4.231529E1	7.142759E0	2.565745E-1
4.234861E1	7.089932E0	3.123059E-1
4.238193E1	7.184145E0	3.503456E-1
4.241525E1	7.398281E0	4.769658E-1
4.244857E1	7.547680E0	5.930662E-1
4.248189E1	7.535006E0	5.828701E-1
4.251521E1	7.517035E0	5.577484E-1
4.254852E1	7.407163E0	5.112588E-1
4.258184E1	7.158283E0	3.359420E-1
4.261516E1	7.040766E0	2.663236E-1
4.264848E1	7.166178E0	2.594154E-1
4.268180E1	7.309736E0	3.226678E-1
4.271512E1	7.423546E0	3.634690E-1
4.274844E1	7.469752E0	3.723624E-1
4.278176E1	7.484291E0	4.013174E-1
4.281508E1	7.490086E0	3.133747E-1
4.284840E1	7.475552E0	3.991476E-1
4.288172E1	7.545777E0	4.139130E-1
4.291504E1	7.747681E0	5.394026E-1
4.294835E1	7.905344E0	6.948745E-1
4.298167E1	7.881222E0	7.454782E-1
4.301499E1	7.747391E0	6.922940E-1
4.304831E1	7.485993E0	5.808746E-1
4.308163E1	7.174582E0	4.664227E-1
4.311495E1	6.921050E0	2.821717E-1
4.314827E1	6.935862E0	2.118506E-1
4.318159E1	7.083670E0	2.600142E-1
4.321491E1	7.069309E0	2.342361E-1
4.324823E1	7.120107E0	2.554634E-1
4.328155E1	7.098513E0	2.377733E-1
4.331486E1	7.074562E0	6.296106E-2
4.334818E1	7.037991E0	1.062775E-1
4.338150E1	7.110119E0	1.128203E-1
4.341482E1	7.347446E0	2.827653E-1
4.344814E1	7.534877E0	4.702723E-1
4.348146E1	7.519122E0	4.988386E-1
4.351478E1	7.435760E0	4.426940E-1
4.354810E1	7.213423E0	3.130201E-1
4.358142E1	6.876485E0	1.051579E-1
4.361474E1	6.716852E0	1.453761E-2
4.364806E1	6.861842E0	5.881908E-2
4.368138E1	7.134848E0	1.999797E-1
4.371469E1	7.309601E0	2.942254E-1
4.374801E1	7.459658E0	3.345339E-1
4.378133E1	7.505766E0	3.681609E-1
4.381465E1	7.540831E0	3.027646E-1
4.384797E1	7.513348E0	3.779828E-1
4.388129E1	7.558329E0	3.891099E-1
4.391461E1	7.769196E0	4.817148E-1
4.394793E1	7.903048E0	5.941226E-1
4.398125E1	7.917208E0	6.271523E-1
4.401457E1	7.817273E0	5.702874E-1
4.404789E1	7.585455E0	4.740366E-1
4.408120E1	7.278997E0	3.271153E-1
4.411452E1	7.111619E0	2.162055E-1
4.414784E1	7.150199E0	2.236376E-1
4.418116E1	7.272910E0	2.682633E-1
4.421448E1	7.345327E0	2.661105E-1
4.424780E1	7.367632E0	2.715725E-1
4.428112E1	7.350233E0	3.030053E-1
4.431444E1	7.329572E0	1.001576E-1
4.434776E1	7.266546E0	1.707214E-1
4.438108E1	7.317737E0	1.748920E-1
4.441440E1	7.570701E0	3.345625E-1
4.444772E1	7.736104E0	5.033659E-1
4.448103E1	7.794047E0	6.072665E-1
4.451435E1	7.697993E0	5.079733E-1
4.454767E1	7.422613E0	3.856705E-1
4.458099E1	7.087656E0	2.599546E-1
4.461431E1	6.912319E0	1.747058E-1
4.464763E1	6.987278E0	2.607046E-1
4.468095E1	7.110528E0	3.630549E-1
4.471427E1	7.240967E0	4.206174E-1
4.474759E1	7.265454E0	4.244373E-1
4.478091E1	7.236107E0	4.271152E-1
4.481423E1	7.154704E0	1.658827E-1
4.484754E1	7.048540E0	1.431902E-1
4.488086E1	7.087677E0	1.517417E-1
4.491418E1	7.290810E0	2.926245E-1
4.494750E1	7.415381E0	4.363550E-1
4.498082E1	7.424799E0	4.337493E-1
4.501414E1	7.355649E0	3.975905E-1
4.504746E1	7.160724E0	3.376776E-1
4.508078E1	6.879695E0	1.774052E-1
4.511410E1	6.761731E0	4.315460E-2
4.514742E1	6.858643E0	2.968164E-2
4.518074E1	6.933487E0	9.634750E-2
4.521406E1	7.008198E0	1.750214E-1
4.524737E1	7.020091E0	1.866209E-1
4.528069E1	6.996929E0	2.033803E-1
4.531401E1	6.994088E0	4.281728E-2
4.534733E1	6.927488E0	5.553861E-2
4.538065E1	6.978672E0	8.298098E-2
4.541397E1	7.198342E0	2.364613E-1
4.544729E1	7.372864E0	4.331235E-1
4.548061E1	7.368040E0	4.703596E-1
4.551393E1	7.324625E0	4.295632E-1
4.554725E1	7.123890E0	3.262353E-1
4.558057E1	6.837951E0	2.122112E-1
4.561388E1	6.599021E0	5.275037E-2
4.564720E1	6.623845E0	-1.939751E-2
4.568052E1	6.817765E0	3.966571E-2
4.571384E1	6.899465E0	8.272051E-2
4.574716E1	6.938999E0	1.008295E-1
4.578048E1	6.963963E0	1.140427E-1
4.581380E1	7.002895E0	1.896832E-2
4.584712E1	6.931603E0	1.151656E-1
4.588044E1	6.976480E0	2.016094E-1
4.591376E1	7.193358E0	3.074596E-1
4.594708E1	7.341809E0	4.426953E-1
4.598040E1	7.423437E0	4.799055E-1
4.601371E1	7.398778E0	4.374523E-1
4.604703E1	7.319130E0	3.801437E-1
4.608035E1	7.050856E0	2.073768E-1
4.611367E1	6.927465E0	1.055879E-1
4.614699E1	7.018243E0	1.102033E-1
4.618031E1	7.079482E0	1.597232E-1
4.621363E1	7.136148E0	1.658160E-1
4.624695E1	7.186779E0	1.684411E-1
4.628027E1	7.163549E0	1.874102E-1
4.631359E1	7.139395E0	5.144989E-2
4.634691E1	7.097361E0	9.996843E-2
4.638022E1	7.170896E0	9.322806E-2
4.641354E1	7.398451E0	2.576131E-1
4.644686E1	7.565185E0	4.132552E-1
4.648018E1	7.556349E0	4.816763E-1
4.651350E1	7.486698E0	4.186822E-1
4.654682E1	7.266070E0	2.748105E-1
4.658014E1	7.002138E0	1.539140E-1
4.661346E1	6.820151E0	4.596260E-2
4.664678E1	6.869488E0	9.577834E-2
4.668010E1	7.009201E0	1.931363E-1
4.671342E1	7.086120E0	2.571463E-1
4.674673E1	7.111124E0	2.624606E-1
4.678005E1	7.082345E0	2.690910E-1
4.681337E1	7.066924E0	1.088678E-1
4.684669E1	6.954218E0	8.678172E-2
4.688001E1	6.985185E0	1.336152E-1
4.691333E1	7.230397E0	2.605692E-1
4.694665E1	7.372326E0	4.282384E-1
4.697997E1	7.399579E0	4.717092E-1
4.701329E1	7.398577E0	4.561150E-1
4.704661E1	7.364305E0	4.586379E-1
4.707993E1	7.188000E0	3.479838E-1
4.711325E1	7.068936E0	2.569685E-1
4.714656E1	7.118513E0	2.447445E-1
4.717988E1	7.221934E0	3.534387E-1
4.721320E1	7.247438E0	3.943904E-1
4.724652E1	7.296818E0	3.752451E-1
4.727984E1	7.277272E0	3.817497E-1
4.731316E1	7.309878E0	2.881103E-1
4.734648E1	7.274115E0	3.627924E-1
4.737980E1	7.322193E0	3.771373E-1
4.741312E1	7.536266E0	4.797855E-1
4.744644E1	7.710727E0	6.228435E-1
4.747976E1	7.662550E0	6.308487E-1
4.751307E1	7.609427E0	5.940794E-1
4.754639E1	7.430371E0	5.096893E-1
4.757971E1	7.157374E0	3.362910E-1
4.761303E1	7.074262E0	2.716252E-1
4.764635E1	7.138528E0	3.535765E-1
4.767967E1	7.262652E0	5.059000E-1
4.771299E1	7.400308E0	6.069855E-1
4.774631E1	7.437644E0	6.220021E-1
4.777963E1	7.430046E0	6.331174E-1
4.781295E1	7.408646E0	5.291644E-1
4.784627E1	7.365959E0	5.191099E-1
4.787959E1	7.397906E0	5.295856E-1
4.791290E1	7.583362E0	6.419252E-1
4.794622E1	7.726338E0	7.770550E-1
4.797954E1	7.728266E0	8.222760E-1
4.801286E1	7.656911E0	7.499339E-1
4.804618E1	7.399173E0	6.261251E-1
4.807950E1	7.116102E0	4.602766E-1
4.811282E1	6.949138E0	3.708057E-1
4.814614E1	6.989782E0	4.618551E-1
4.817946E1	7.118255E0	6.112439E-1
4.821278E1	7.199427E0	6.822287E-1
4.824610E1	7.237636E0	6.866820E-1
4.827941E1	7.216028E0	6.713825E-1
4.831273E1	7.157687E0	4.881307E-1
4.834605E1	7.061398E0	4.291915E-1
4.837937E1	7.112116E0	4.341611E-1
4.841269E1	7.378359E0	6.026749E-1
4.844601E1	7.562191E0	7.845885E-1
4.847933E1	7.590744E0	8.510827E-1
4.851265E1	7.520702E0	7.986006E-1
4.854597E1	7.296019E0	6.663688E-1
4.857929E1	6.995422E0	5.222899E-1
4.861261E1	6.764548E0	3.956146E-1
4.864593E1	6.786240E0	4.064935E-1
4.867924E1	6.933771E0	5.751377E-1
4.871256E1	7.030329E0	6.672086E-1
4.874588E1	7.077345E0	6.451562E-1
4.877920E1	7.054076E0	6.305755E-1
4.881252E1	7.028031E0	4.876967E-1
4.884584E1	6.956488E0	4.697565E-1
4.887916E1	6.989964E0	4.738920E-1
4.891248E1	7.216531E0	6.079178E-1
4.894580E1	7.463347E0	8.055518E-1
4.897912E1	7.512819E0	8.555495E-1
4.901244E1	7.470367E0	8.169961E-1
4.904575E1	7.337348E0	7.409368E-1
4.907907E1	7.106944E0	6.226653E-1
4.911239E1	6.894591E0	4.540074E-1
4.914571E1	6.923118E0	4.551701E-1
4.917903E1	7.099697E0	5.364041E-1
4.921235E1	7.138292E0	5.428813E-1
4.924567E1	7.194711E0	5.280687E-1
4.927899E1	7.118169E0	5.084041E-1
4.931231E1	6.990082E0	2.686346E-1
4.934563E1	6.851842E0	1.630837E-1
4.937895E1	6.922421E0	1.659407E-1
4.941227E1	7.227158E0	3.680357E-1
4.944558E1	7.447609E0	6.265198E-1
4.947890E1	7.488459E0	7.421553E-1
4.951222E1	7.401294E0	6.747175E-1
4.954554E1	7.265826E0	6.371256E-1
4.957886E1	7.087735E0	5.586291E-1
4.961218E1	6.997420E0	4.327913E-1
4.964550E1	6.996590E0	4.443115E-1
4.967882E1	7.074596E0	4.723807E-1
4.971214E1	7.103427E0	4.753604E-1
4.974546E1	7.111747E0	4.859578E-1
4.977878E1	7.079724E0	5.206460E-1
4.981209E1	7.054578E0	3.533899E-1
4.984541E1	6.964452E0	3.104462E-1
4.987873E1	7.021653E0	3.197400E-1
4.991205E1	7.286808E0	4.710904E-1
4.994537E1	7.471305E0	6.053269E-1
4.997869E1	7.509908E0	6.185027E-1
5.001201E1	7.496394E0	5.824814E-1
5.004533E1	7.276771E0	4.183655E-1
5.007865E1	7.010304E0	3.163957E-1
5.011197E1	6.835186E0	2.061631E-1
5.014529E1	6.874232E0	2.795123E-1
5.017861E1	6.923709E0	3.508732E-1
5.021192E1	6.976223E0	4.038819E-1
5.024524E1	7.044637E0	4.119151E-1
5.027856E1	7.058961E0	4.334645E-1
5.031188E1	7.089527E0	3.095080E-1
5.034520E1	7.004750E0	2.779778E-1
5.037852E1	7.021706E0	3.520782E-1
5.041184E1	7.211752E0	4.821168E-1
5.044516E1	7.319526E0	6.589799E-1
5.047848E1	7.353604E0	6.973443E-1
5.051180E1	7.348116E0	6.805857E-1
5.054512E1	7.312952E0	6.368118E-1
5.057843E1	7.093217E0	4.559621E-1
5.061175E1	7.007982E0	4.113293E-1
5.064507E1	7.031810E0	4.470539E-1
5.067839E1	7.141859E0	5.295527E-1
5.071171E1	7.222187E0	5.861882E-1
5.074503E1	7.247573E0	5.883386E-1
5.077835E1	7.225068E0	5.969662E-1
5.081167E1	7.214047E0	4.897799E-1
5.084499E1	7.131882E0	4.357347E-1
5.087831E1	7.178855E0	4.365782E-1
5.091163E1	7.416264E0	5.820955E-1
5.094494E1	7.575966E0	7.506417E-1
5.097826E1	7.609130E0	8.473086E-1
5.101158E1	7.516490E0	7.765541E-1
5.104490E1	7.300630E0	6.464648E-1
5.107822E1	7.096325E0	5.825196E-1
5.111154E1	7.018876E0	4.819774E-1
5.114486E1	7.041802E0	4.801331E-1
5.117818E1	7.135284E0	5.401850E-1
5.121150E1	7.205062E0	5.354943E-1
5.124482E1	7.266284E0	5.704217E-1
5.127814E1	7.233464E0	5.850711E-1
5.131146E1	7.197074E0	3.856408E-1
5.134477E1	7.100443E0	3.375828E-1
5.137809E1	7.111166E0	3.177934E-1
5.141141E1	7.324380E0	4.385150E-1
5.144473E1	7.538228E0	6.588508E-1
5.147805E1	7.607968E0	6.854259E-1
5.151137E1	7.565157E0	6.892364E-1
5.154469E1	7.453473E0	6.265347E-1
5.157801E1	7.217185E0	4.694092E-1
5.161133E1	7.044271E0	3.764318E-1
5.164465E1	7.067146E0	4.005682E-1
5.167797E1	7.199785E0	5.271104E-1
5.171128E1	7.291253E0	6.070797E-1
5.174460E1	7.318272E0	5.991912E-1
5.177792E1	7.263826E0	6.012101E-1
5.181124E1	7.200941E0	4.320185E-1
5.184456E1	7.059897E0	3.262157E-1
5.187788E1	7.073892E0	3.645628E-1
5.191120E1	7.351379E0	5.325511E-1
5.194452E1	7.634818E0	7.922264E-1
5.197784E1	7.702829E0	8.783761E-1
5.201116E1	7.647570E0	8.319994E-1
5.204448E1	7.494812E0	7.718023E-1
5.207780E1	7.224548E0	6.006097E-1
5.211111E1	7.064633E0	4.759893E-1
5.214443E1	7.144587E0	5.683343E-1
5.217775E1	7.248803E0	6.755953E-1
5.221107E1	7.377448E0	7.758863E-1
5.224439E1	7.485688E0	8.005130E-1
5.227771E1	7.492314E0	8.033416E-1
5.231103E1	7.475551E0	7.019397E-1
5.234435E1	7.425629E0	7.205979E-1
5.237767E1	7.465983E0	7.259096E-1
5.241099E1	7.689709E0	8.735450E-1
5.244431E1	7.899251E0	1.035678E0
5.247762E1	7.952229E0	1.091765E0
5.251094E1	7.898934E0	1.004107E0
5.254426E1	7.684809E0	8.988423E-1
5.257758E1	7.466048E0	8.236806E-1
5.261090E1	7.346264E0	6.890981E-1
5.264422E1	7.334207E0	6.758525E-1
5.267754E1	7.416455E0	7.419677E-1
5.271086E1	7.473640E0	7.866621E-1
5.274418E1	7.514717E0	8.001081E-1
