	mass A		
t	x	y	
0.000000E0	8.800048E-2	8.532026E-2
3.331912E-2	4.026152E-2	8.028692E-2
6.663824E-2	3.268084E-2	4.853612E-2
9.995737E-2	1.035298E-2	2.620881E-2
1.332765E-1	-1.833897E-2	3.544400E-2
1.665956E-1	2.601347E-2	-5.176457E-3
1.999147E-1	7.176110E-2	1.329788E-2
2.332339E-1	1.309131E-1	2.756609E-2
2.665530E-1	2.209760E-1	4.761768E-2
2.998721E-1	3.114610E-1	5.943568E-2
3.331912E-1	4.277906E-1	8.894972E-2
3.665103E-1	5.304645E-1	8.215528E-2
3.998295E-1	6.297375E-1	6.654906E-2
4.331486E-1	7.537348E-1	8.640715E-2
4.664677E-1	8.601638E-1	8.211278E-2
4.997868E-1	9.761244E-1	8.303228E-2
5.331060E-1	1.134684E0	8.325836E-2
5.664251E-1	1.246799E0	9.957756E-2
5.997442E-1	1.310638E0	1.157476E-1
6.330633E-1	1.380517E0	1.286993E-1
6.663824E-1	1.452030E0	9.331903E-2
6.997016E-1	1.581519E0	8.033349E-2
7.330207E-1	1.699056E0	1.040562E-1
7.663398E-1	1.716622E0	9.209658E-2
7.996589E-1	1.704710E0	1.100466E-1
8.329781E-1	1.704448E0	1.195340E-1
8.662972E-1	1.698685E0	1.311162E-1
8.996163E-1	1.669942E0	1.052411E-1
9.329354E-1	1.741685E0	1.721080E-1
9.662545E-1	1.908129E0	3.896513E-1
9.995737E-1	1.998442E0	4.287440E-1
1.032893E0	1.969159E0	3.277925E-1
1.066212E0	1.842087E0	2.507927E-1
1.099531E0	1.804529E0	2.739209E-1
1.132850E0	1.805058E0	2.757323E-1
1.166169E0	1.809411E0	2.836279E-1
1.199488E0	1.809893E0	2.852362E-1
1.232808E0	1.844511E0	2.723139E-1
1.266127E0	2.012734E0	2.827195E-1
1.299446E0	2.156758E0	2.677981E-1
1.332765E0	2.173773E0	2.623411E-1
1.366084E0	2.178505E0	2.658227E-1
1.399403E0	2.273334E0	2.572645E-1
1.432722E0	2.369188E0	2.842566E-1
1.466041E0	2.410750E0	2.820227E-1
1.499361E0	2.408357E0	2.996971E-1
1.532680E0	2.414760E0	3.108605E-1
1.565999E0	2.477931E0	3.257565E-1
1.599318E0	2.556124E0	3.108989E-1
1.632637E0	2.653947E0	3.093626E-1
1.665956E0	2.725060E0	3.187143E-1
1.699275E0	2.772943E0	3.156351E-1
1.732594E0	2.786892E0	3.201559E-1
1.765913E0	2.786226E0	3.186870E-1
1.799233E0	2.787820E0	3.187137E-1
1.832552E0	2.788342E0	3.185220E-1
1.865871E0	2.788078E0	3.178187E-1
1.899190E0	2.801511E0	3.151579E-1
1.932509E0	2.745304E0	3.045901E-1
1.965828E0	2.737049E0	2.440669E-1
1.999147E0	2.746236E0	2.073482E-1
2.032466E0	2.720922E0	2.416331E-1
2.065786E0	2.732277E0	2.550304E-1
2.099105E0	2.713105E0	1.979359E-1
2.132424E0	2.672358E0	1.906790E-1
2.165743E0	2.728246E0	2.059861E-1
2.199062E0	2.832078E0	2.489982E-1
2.232381E0	2.936730E0	2.650372E-1
2.265700E0	3.036339E0	2.933089E-1
2.299019E0	3.130316E0	3.315553E-1
2.332339E0	3.172481E0	3.403606E-1
2.365658E0	3.238389E0	3.572283E-1
2.398977E0	3.311014E0	3.395048E-1
2.432296E0	3.362102E0	3.699239E-1
2.465615E0	3.430882E0	3.442739E-1
2.498934E0	3.554180E0	3.554447E-1
2.532253E0	3.676045E0	3.627261E-1
2.565572E0	3.770915E0	3.453133E-1
2.598892E0	3.822161E0	3.316736E-1
2.632211E0	3.839871E0	3.449685E-1
2.665530E0	3.845443E0	3.531524E-1
2.698849E0	3.843923E0	3.539524E-1
2.732168E0	3.853361E0	3.592048E-1
2.765487E0	3.847925E0	3.370971E-1
2.798806E0	3.926059E0	3.101682E-1
2.832125E0	3.902250E0	3.378426E-1
2.865445E0	3.868417E0	3.347869E-1
2.898764E0	3.933654E0	3.522531E-1
2.932083E0	3.989532E0	4.006374E-1
2.965402E0	4.117822E0	5.759710E-1
2.998721E0	4.152425E0	6.103473E-1
3.032040E0	4.135392E0	5.301488E-1
3.065359E0	4.050511E0	4.193232E-1
3.098678E0	4.005425E0	4.575209E-1
3.131998E0	4.011641E0	4.720943E-1
3.165317E0	4.010799E0	4.623381E-1
3.198636E0	4.060393E0	4.359640E-1
3.231955E0	4.164605E0	4.341383E-1
3.265274E0	4.267071E0	4.460459E-1
3.298593E0	4.334276E0	4.567139E-1
3.331912E0	4.333306E0	4.568010E-1
3.365231E0	4.332770E0	4.563528E-1
3.398550E0	4.388227E0	4.554685E-1
3.431870E0	4.534177E0	4.464135E-1
3.465189E0	4.613411E0	4.608505E-1
3.498508E0	4.609742E0	4.589886E-1
3.531827E0	4.599656E0	4.699297E-1
3.565146E0	4.619594E0	5.041977E-1
3.598465E0	4.696558E0	4.920360E-1
3.631784E0	4.740918E0	5.296258E-1
3.665103E0	4.749464E0	4.980330E-1
3.698423E0	4.786621E0	5.227588E-1
3.731742E0	4.824845E0	5.198801E-1
3.765061E0	4.825770E0	5.162628E-1
3.798380E0	4.826364E0	5.137017E-1
3.831699E0	4.827310E0	5.124871E-1
3.865018E0	4.824258E0	5.077784E-1
3.898337E0	4.837473E0	4.998666E-1
3.931656E0	4.843457E0	4.759113E-1
3.964976E0	4.775806E0	3.932557E-1
3.998295E0	4.765496E0	3.173253E-1
4.031614E0	4.802769E0	3.722914E-1
4.064933E0	4.819315E0	3.784427E-1
4.098252E0	4.816859E0	3.298987E-1
4.131571E0	4.768779E0	3.163367E-1
4.164890E0	4.796793E0	3.167788E-1
4.198209E0	4.880503E0	3.381708E-1
4.231529E0	4.999328E0	3.609666E-1
4.264848E0	5.071680E0	4.069132E-1
4.298167E0	5.060865E0	3.948243E-1
4.331486E0	5.064286E0	4.021060E-1
4.364805E0	5.055757E0	3.962333E-1
4.398124E0	5.054032E0	3.956601E-1
4.431443E0	5.137716E0	3.967646E-1
4.464762E0	5.325971E0	4.345437E-1
4.498082E0	5.478961E0	3.827953E-1
4.531401E0	5.661489E0	3.543529E-1
4.564720E0	5.772837E0	3.510857E-1
4.598039E0	5.791828E0	3.145828E-1
4.631358E0	5.864588E0	3.186267E-1
4.664677E0	5.948876E0	3.410505E-1
4.697996E0	6.022373E0	3.235068E-1
4.731315E0	6.090502E0	3.307727E-1
4.764635E0	6.118741E0	3.152012E-1
4.797954E0	6.125984E0	3.168635E-1
4.831273E0	6.119372E0	3.111825E-1
4.864592E0	6.140527E0	3.336033E-1
4.897911E0	6.153173E0	3.714360E-1
4.931230E0	6.200096E0	3.979127E-1
4.964549E0	6.360760E0	6.220731E-1
4.997868E0	6.422037E0	6.620503E-1
5.031187E0	6.369903E0	5.355450E-1
5.064507E0	6.308451E0	5.205587E-1
5.097826E0	6.317001E0	5.417860E-1
5.131145E0	6.311706E0	4.983637E-1
5.164464E0	6.310409E0	4.934026E-1
5.197783E0	6.313358E0	4.933003E-1
5.231102E0	6.350204E0	4.850830E-1
5.264421E0	6.432068E0	5.269527E-1
5.297740E0	6.586071E0	5.321170E-1
5.331060E0	6.690072E0	5.359269E-1
5.364379E0	6.700252E0	5.691023E-1
5.397698E0	6.758679E0	5.807975E-1
5.431017E0	6.833693E0	6.025547E-1
5.464336E0	6.876835E0	5.915803E-1
5.497655E0	6.932893E0	5.952063E-1
5.530974E0	6.920616E0	6.280111E-1
5.564293E0	6.914162E0	6.301588E-1
5.597613E0	6.953506E0	6.197057E-1
5.630932E0	7.077526E0	6.058176E-1
5.664251E0	7.123632E0	6.109965E-1
5.697570E0	7.131677E0	6.205733E-1
5.730889E0	7.133022E0	6.230326E-1
5.764208E0	7.136111E0	6.274683E-1
5.797527E0	7.137779E0	6.295722E-1
5.830846E0	7.138303E0	6.310060E-1
5.864166E0	7.133823E0	6.283649E-1
5.897485E0	7.135579E0	6.289016E-1
5.930804E0	7.139237E0	6.255357E-1
5.964123E0	7.063959E0	6.183204E-1
5.997442E0	6.981431E0	5.446795E-1
6.030761E0	6.959334E0	5.104538E-1
6.064080E0	6.977750E0	5.477661E-1
6.097399E0	6.913889E0	4.630623E-1
6.130719E0	6.914901E0	4.672095E-1
6.164038E0	6.972411E0	4.781486E-1
6.197357E0	7.074487E0	5.049573E-1
6.230676E0	7.150691E0	5.264479E-1
6.263995E0	7.241633E0	5.347633E-1
6.297314E0	7.313393E0	5.510473E-1
6.330633E0	7.363963E0	5.694009E-1
6.363952E0	7.426293E0	5.823531E-1
6.397272E0	7.483414E0	5.837394E-1
6.430591E0	7.542988E0	5.870674E-1
6.463910E0	7.633311E0	5.684471E-1
6.497229E0	7.764364E0	5.848181E-1
6.530548E0	7.870298E0	6.225260E-1
6.563867E0	7.903041E0	5.818881E-1
6.597186E0	7.962471E0	5.344175E-1
6.630505E0	8.055154E0	5.102290E-1
6.663824E0	8.116879E0	5.222631E-1
6.697144E0	8.080155E0	5.449666E-1
6.730463E0	8.078384E0	5.519458E-1
6.763782E0	8.081815E0	5.609362E-1
6.797101E0	8.080091E0	5.622653E-1
6.830420E0	8.077091E0	5.606688E-1
6.863739E0	8.072555E0	5.365694E-1
6.897058E0	8.120772E0	5.956419E-1
6.930377E0	8.135756E0	7.175410E-1
6.963697E0	8.242911E0	8.412557E-1
6.997016E0	8.278455E0	8.319827E-1
7.030335E0	8.245613E0	7.881486E-1
7.063654E0	8.149529E0	7.457239E-1
7.096973E0	8.074437E0	7.412840E-1
7.130292E0	8.075099E0	7.375653E-1
7.163611E0	8.100440E0	7.530319E-1
7.196930E0	8.106332E0	7.042244E-1
7.230250E0	8.224702E0	7.180091E-1
7.263569E0	8.358602E0	7.650533E-1
7.296888E0	8.450442E0	7.335376E-1
7.330207E0	8.463883E0	7.399985E-1
7.363526E0	8.530129E0	7.430852E-1
7.396845E0	8.597717E0	7.442198E-1
7.430164E0	8.618045E0	7.272354E-1
7.463483E0	8.589968E0	7.480808E-1
7.496803E0	8.576675E0	7.639077E-1
7.530122E0	8.639704E0	7.796769E-1
7.563441E0	8.748238E0	7.753852E-1
7.596760E0	8.822318E0	7.485296E-1
7.630079E0	8.830826E0	7.558762E-1
7.663398E0	8.835857E0	7.612893E-1
7.696717E0	8.839577E0	7.648935E-1
7.730036E0	8.841885E0	7.670021E-1
7.763356E0	8.844021E0	7.697318E-1
7.796675E0	8.844489E0	7.704365E-1
7.829994E0	8.845270E0	7.709958E-1
7.863313E0	8.849110E0	7.815963E-1
7.896632E0	8.854884E0	7.739635E-1
7.929951E0	8.860265E0	7.154132E-1
7.963270E0	8.916069E0	6.806680E-1
7.996589E0	8.956696E0	6.722294E-1
8.029909E0	8.884908E0	7.002853E-1
8.063228E0	8.845410E0	7.119212E-1
8.096547E0	8.838017E0	6.733196E-1
8.129866E0	8.788691E0	6.306096E-1
8.163185E0	8.817112E0	6.785292E-1
8.196504E0	8.863387E0	6.724693E-1
8.229823E0	8.978489E0	6.830236E-1
8.263142E0	9.114552E0	7.034084E-1
8.296461E0	9.193653E0	7.344080E-1
8.329781E0	9.245508E0	7.381338E-1
8.363100E0	9.282792E0	7.247416E-1
8.396419E0	9.292731E0	7.288181E-1
8.429738E0	9.296776E0	7.513013E-1
8.463057E0	9.352691E0	7.302408E-1
8.496376E0	9.448794E0	7.110942E-1
8.529695E0	9.574341E0	7.328771E-1
8.563014E0	9.632437E0	7.608586E-1
8.596334E0	9.688413E0	7.258823E-1
8.629653E0	9.765027E0	6.878392E-1
8.662972E0	9.877447E0	6.933021E-1
8.696291E0	9.983644E0	6.905396E-1
8.729610E0	1.009368E1	6.905341E-1
8.762929E0	1.013749E1	7.186636E-1
8.796248E0	1.012223E1	7.097358E-1
8.829567E0	1.011408E1	7.030069E-1
8.862887E0	1.010558E1	7.006998E-1
8.896206E0	1.012961E1	7.503788E-1
8.929525E0	1.011711E1	7.995897E-1
8.962844E0	1.019642E1	9.903869E-1
8.996163E0	1.017418E1	1.024375E0
9.029482E0	1.015520E1	9.049168E-1
9.062801E0	1.015478E1	8.628223E-1
9.096120E0	1.016179E1	9.111423E-1
9.129440E0	1.015690E1	9.054306E-1
9.162759E0	1.016190E1	9.044707E-1
9.196078E0	1.020708E1	8.638489E-1
9.229397E0	1.026808E1	8.947356E-1
9.262716E0	1.040986E1	9.275288E-1
9.296035E0	1.047020E1	9.322714E-1
9.329354E0	1.044262E1	9.177667E-1
9.362673E0	1.044387E1	9.166591E-1
9.395993E0	1.045094E1	9.222751E-1
9.429312E0	1.044757E1	9.179253E-1
9.462631E0	1.050710E1	9.153868E-1
9.495950E0	1.067327E1	9.351035E-1
9.529269E0	1.069875E1	9.587373E-1
9.562588E0	1.071333E1	9.677688E-1
9.595907E0	1.073018E1	9.674206E-1
9.629226E0	1.074829E1	9.474094E-1
9.662545E0	1.076863E1	9.682029E-1
9.695865E0	1.077507E1	9.683109E-1
9.729184E0	1.076599E1	9.574668E-1
9.762503E0	1.077130E1	9.618702E-1
9.795822E0	1.077250E1	9.621951E-1
9.829141E0	1.076915E1	9.594700E-1
9.862460E0	1.076423E1	9.552770E-1
9.895779E0	1.082834E1	9.267324E-1
9.929098E0	1.084877E1	9.227369E-1
9.962418E0	1.081948E1	7.927951E-1
9.995737E0	1.084612E1	7.584908E-1
1.002906E1	1.082474E1	7.915737E-1
1.006237E1	1.076730E1	7.915465E-1
1.009569E1	1.075439E1	7.849408E-1
1.012901E1	1.074960E1	7.835252E-1
1.016233E1	1.075928E1	7.918304E-1
1.019565E1	1.076225E1	7.943198E-1
1.022897E1	1.079254E1	8.172161E-1
1.026229E1	1.095603E1	8.152764E-1
1.029561E1	1.120458E1	8.227524E-1
1.032893E1	1.131184E1	8.303297E-1
1.036225E1	1.131760E1	8.348054E-1
1.039557E1	1.132574E1	8.376070E-1
1.042889E1	1.141621E1	8.300493E-1
1.046220E1	1.155242E1	8.552970E-1
1.049552E1	1.166386E1	8.828423E-1
1.052884E1	1.175347E1	8.747399E-1
1.056216E1	1.181798E1	8.826920E-1
1.059548E1	1.188850E1	8.962090E-1
1.062880E1	1.197237E1	8.750434E-1
1.066212E1	1.210037E1	8.623625E-1
1.069544E1	1.219929E1	8.431997E-1
1.072876E1	1.227817E1	8.583579E-1
1.076208E1	1.231318E1	8.445857E-1
1.079540E1	1.230951E1	8.376925E-1
1.082871E1	1.231158E1	8.362516E-1
1.086203E1	1.231252E1	8.349556E-1
1.089535E1	1.231422E1	8.347841E-1
1.092867E1	1.229928E1	8.231924E-1
1.096199E1	1.220560E1	8.283218E-1
1.099531E1	1.201439E1	8.107068E-1
1.102863E1	1.164344E1	8.783758E-1
1.106195E1	1.130654E1	9.893346E-1
1.109527E1	1.117262E1	1.028762E0
1.112859E1	1.121819E1	9.276990E-1
1.116191E1	1.132175E1	8.558594E-1
1.119523E1	1.148020E1	8.511614E-1
1.122854E1	1.161250E1	9.180675E-1
1.126186E1	1.165263E1	9.522408E-1
1.129518E1	1.170208E1	9.374224E-1
1.132850E1	1.177432E1	9.474054E-1
1.136182E1	1.186741E1	9.408581E-1
1.139514E1	1.194649E1	9.566909E-1
1.142846E1	1.199809E1	9.544324E-1
1.146178E1	1.203617E1	9.423156E-1
1.149510E1	1.206032E1	9.714599E-1
1.152842E1	1.198388E1	9.837219E-1
1.156174E1	1.199154E1	1.003806E0
1.159505E1	1.199551E1	9.901497E-1
1.162837E1	1.199333E1	9.941361E-1
1.166169E1	1.198858E1	1.000939E0
1.169501E1	1.201025E1	1.013822E0
1.172833E1	1.205341E1	1.018196E0
1.176165E1	1.201130E1	1.069626E0
1.179497E1	1.204625E1	1.053359E0
1.182829E1	1.205706E1	1.060512E0
1.186161E1	1.204207E1	1.046181E0
1.189493E1	1.205840E1	1.026442E0
1.192825E1	1.204892E1	1.017121E0
1.196156E1	1.197893E1	9.562161E-1
1.199488E1	1.192711E1	8.949754E-1
1.202820E1	1.190855E1	9.341909E-1
1.206152E1	1.195063E1	9.609947E-1
1.209484E1	1.199578E1	9.019595E-1
1.212816E1	1.195629E1	8.641962E-1
1.216148E1	1.194108E1	8.464634E-1
1.219480E1	1.201349E1	8.296641E-1
1.222812E1	1.210202E1	8.773666E-1
1.226144E1	1.222724E1	9.027738E-1
1.229476E1	1.232028E1	9.044342E-1
1.232808E1	1.236981E1	9.034107E-1
1.236139E1	1.238887E1	9.456173E-1
1.239471E1	1.238474E1	9.445961E-1
1.242803E1	1.241665E1	9.370055E-1
1.246135E1	1.247215E1	9.304499E-1
1.249467E1	1.253973E1	8.923762E-1
1.252799E1	1.258712E1	8.792552E-1
1.256131E1	1.262879E1	8.793191E-1
1.259463E1	1.266792E1	8.993308E-1
1.262795E1	1.275539E1	8.441437E-1
1.266127E1	1.286945E1	8.539731E-1
1.269459E1	1.301559E1	8.494407E-1
1.272790E1	1.313802E1	8.447468E-1
1.276122E1	1.313134E1	8.480517E-1
1.279454E1	1.312996E1	8.551152E-1
1.282786E1	1.312384E1	8.537570E-1
1.286118E1	1.311230E1	8.534716E-1
1.289450E1	1.314068E1	9.039082E-1
1.292782E1	1.313735E1	9.642094E-1
1.296114E1	1.320761E1	1.141990E0
1.299446E1	1.324796E1	1.244145E0
1.302778E1	1.328869E1	1.081057E0
1.306110E1	1.325535E1	1.049289E0
1.309442E1	1.322891E1	1.075162E0
1.312773E1	1.324855E1	1.050179E0
1.316105E1	1.325654E1	1.044962E0
1.319437E1	1.325760E1	1.045417E0
1.322769E1	1.329608E1	1.039048E0
1.326101E1	1.342473E1	1.083815E0
1.329433E1	1.358818E1	1.096938E0
1.332765E1	1.359433E1	1.096580E0
1.336097E1	1.359320E1	1.096027E0
1.339429E1	1.364626E1	1.094669E0
1.342761E1	1.373611E1	1.082761E0
1.346093E1	1.379824E1	1.086340E0
1.349424E1	1.376370E1	1.104176E0
1.352756E1	1.374162E1	1.119467E0
1.356088E1	1.379276E1	1.111707E0
1.359420E1	1.386140E1	1.133093E0
1.362752E1	1.393743E1	1.159671E0
1.366084E1	1.396680E1	1.168644E0
1.369416E1	1.397036E1	1.178499E0
1.372748E1	1.397024E1	1.181456E0
1.376080E1	1.397340E1	1.187333E0
1.379412E1	1.397396E1	1.189194E0
1.382744E1	1.397543E1	1.192624E0
1.386075E1	1.397033E1	1.188369E0
1.389407E1	1.400457E1	1.132105E0
1.392739E1	1.399916E1	1.122062E0
1.396071E1	1.401074E1	1.130895E0
1.399403E1	1.395250E1	1.135586E0
1.402735E1	1.380467E1	1.131269E0
1.406067E1	1.368759E1	1.034519E0
1.409399E1	1.357721E1	9.185327E-1
1.412731E1	1.351404E1	8.552720E-1
1.416063E1	1.357055E1	8.636134E-1
1.419395E1	1.366242E1	9.340991E-1
1.422727E1	1.374183E1	9.715053E-1
1.426058E1	1.384702E1	1.029991E0
1.429390E1	1.394882E1	1.075491E0
1.432722E1	1.402195E1	1.095149E0
1.436054E1	1.405704E1	1.110052E0
1.439386E1	1.414636E1	1.188261E0
1.442718E1	1.423141E1	1.184789E0
1.446050E1	1.428503E1	1.183988E0
1.449382E1	1.433488E1	1.162832E0
1.452714E1	1.441115E1	1.151852E0
1.456046E1	1.444318E1	1.123720E0
1.459378E1	1.451853E1	1.168332E0
1.462709E1	1.458853E1	1.196210E0
1.466041E1	1.466757E1	1.222259E0
1.469373E1	1.470384E1	1.259206E0
1.472705E1	1.468637E1	1.241893E0
1.476037E1	1.468454E1	1.230487E0
1.479369E1	1.469263E1	1.240020E0
1.482701E1	1.467566E1	1.227175E0
1.486033E1	1.465136E1	1.242194E0
1.489365E1	1.468651E1	1.251649E0
1.492697E1	1.466986E1	1.220201E0
1.496029E1	1.468192E1	1.266898E0
1.499361E1	1.469063E1	1.260698E0
1.502692E1	1.463034E1	1.219905E0
1.506024E1	1.433978E1	1.159037E0
1.509356E1	1.404762E1	1.203851E0
1.512688E1	1.402374E1	1.192972E0
1.516020E1	1.420854E1	1.204222E0
1.519352E1	1.429669E1	1.132180E0
1.522684E1	1.432030E1	1.132071E0
1.526016E1	1.439188E1	1.105608E0
1.529348E1	1.453587E1	1.097990E0
1.532680E1	1.460766E1	1.057082E0
1.536012E1	1.463288E1	1.065965E0
1.539343E1	1.459596E1	1.080942E0
1.542675E1	1.457681E1	1.067452E0
1.546007E1	1.461929E1	1.053003E0
1.549339E1	1.468766E1	1.030721E0
1.552671E1	1.468327E1	1.068861E0
1.556003E1	1.461856E1	1.099923E0
1.559335E1	1.465180E1	1.135562E0
1.562667E1	1.463854E1	1.113183E0
1.565999E1	1.464189E1	1.124958E0
1.569331E1	1.465086E1	1.132495E0
1.572663E1	1.462753E1	1.114448E0
1.575994E1	1.462729E1	1.116859E0
1.579326E1	1.466015E1	1.098343E0
1.582658E1	1.465546E1	1.131357E0
1.585990E1	1.464688E1	1.129180E0
1.589322E1	1.465874E1	1.059048E0
1.592654E1	1.465110E1	1.082581E0
1.595986E1	1.462300E1	1.009236E0
1.599318E1	1.462192E1	9.100950E-1
1.602650E1	1.460705E1	9.526129E-1
1.605982E1	1.467025E1	9.634026E-1
1.609314E1	1.469965E1	9.199659E-1
1.612646E1	1.464638E1	8.737169E-1
1.615977E1	1.465786E1	8.481111E-1
1.619309E1	1.466037E1	8.444801E-1
1.622641E1	1.467217E1	8.505604E-1
1.625973E1	1.467501E1	8.509809E-1
1.629305E1	1.479833E1	9.030290E-1
1.632637E1	1.507516E1	1.006260E0
1.635969E1	1.534455E1	1.066787E0
1.639301E1	1.545860E1	1.111653E0
1.642633E1	1.541123E1	1.111705E0
1.645965E1	1.544804E1	1.088868E0
1.649297E1	1.551759E1	1.066073E0
1.652628E1	1.556436E1	1.027510E0
1.655960E1	1.552208E1	1.009583E0
1.659292E1	1.556132E1	1.002331E0
1.662624E1	1.561821E1	1.002751E0
1.665956E1	1.568097E1	1.034588E0
1.669288E1	1.579349E1	1.055156E0
1.672620E1	1.589835E1	1.057999E0
1.675952E1	1.595342E1	1.056125E0
1.679284E1	1.593728E1	1.045343E0
1.682616E1	1.593267E1	1.041784E0
1.685948E1	1.592543E1	1.042145E0
1.689280E1	1.594158E1	1.079488E0
1.692611E1	1.593131E1	1.092194E0
1.695943E1	1.595812E1	1.226457E0
1.699275E1	1.593349E1	1.307396E0
1.702607E1	1.592908E1	1.203267E0
1.705939E1	1.591891E1	1.187790E0
1.709271E1	1.590363E1	1.182075E0
1.712603E1	1.589648E1	1.167231E0
1.715935E1	1.586523E1	1.176571E0
1.719267E1	1.586317E1	1.171709E0
1.722599E1	1.589857E1	1.123046E0
1.725931E1	1.591325E1	1.162867E0
1.729262E1	1.596907E1	1.165791E0
1.732594E1	1.606173E1	1.159043E0
1.735926E1	1.613484E1	1.173252E0
1.739258E1	1.621602E1	1.160873E0
1.742590E1	1.626995E1	1.158467E0
1.745922E1	1.630057E1	1.181136E0
1.749254E1	1.632548E1	1.189232E0
1.752586E1	1.636330E1	1.194725E0
1.755918E1	1.632436E1	1.215026E0
1.759250E1	1.629995E1	1.272859E0
1.762582E1	1.635448E1	1.277536E0
1.765913E1	1.637228E1	1.253080E0
1.769245E1	1.638200E1	1.262141E0
1.772577E1	1.638427E1	1.263440E0
1.775909E1	1.638743E1	1.265752E0
1.779241E1	1.638879E1	1.266166E0
1.782573E1	1.639010E1	1.266484E0
1.785905E1	1.639082E1	1.267009E0
1.789237E1	1.638754E1	1.264638E0
1.792569E1	1.638763E1	1.263029E0
1.795901E1	1.632629E1	1.254812E0
1.799233E1	1.615075E1	1.201087E0
1.802565E1	1.597663E1	1.083494E0
1.805896E1	1.586003E1	1.058530E0
1.809228E1	1.577230E1	9.931824E-1
1.812560E1	1.573255E1	9.869270E-1
1.815892E1	1.578826E1	1.002253E0
1.819224E1	1.584759E1	1.043300E0
1.822556E1	1.596520E1	1.059203E0
1.825888E1	1.612329E1	1.075227E0
1.829220E1	1.620437E1	1.088964E0
1.832552E1	1.621881E1	1.095455E0
1.835884E1	1.627988E1	1.105062E0
1.839216E1	1.638763E1	1.147743E0
1.842547E1	1.649790E1	1.190233E0
1.845879E1	1.656732E1	1.209519E0
1.849211E1	1.661640E1	1.207092E0
1.852543E1	1.666643E1	1.168401E0
1.855875E1	1.665742E1	1.103572E0
1.859207E1	1.666135E1	1.099267E0
1.862539E1	1.666801E1	1.134185E0
1.865871E1	1.666086E1	1.131098E0
1.869203E1	1.667459E1	1.120272E0
1.872535E1	1.665974E1	1.127149E0
1.875867E1	1.665965E1	1.131958E0
1.879199E1	1.666218E1	1.137952E0
1.882530E1	1.667861E1	1.154643E0
1.885862E1	1.666140E1	1.103361E0
1.889194E1	1.664672E1	1.089129E0
1.892526E1	1.666552E1	1.183435E0
1.895858E1	1.672887E1	1.272450E0
1.899190E1	1.682054E1	1.404014E0
1.902522E1	1.682630E1	1.355494E0
1.905854E1	1.676294E1	1.256936E0
1.909186E1	1.671093E1	1.254594E0
1.912518E1	1.671407E1	1.257469E0
1.915850E1	1.672800E1	1.260710E0
1.919181E1	1.673185E1	1.262643E0
1.922513E1	1.678223E1	1.269177E0
1.925845E1	1.688788E1	1.292421E0
1.929177E1	1.700022E1	1.303682E0
1.932509E1	1.703374E1	1.293177E0
1.935841E1	1.704397E1	1.287000E0
1.939173E1	1.705383E1	1.301131E0
1.942505E1	1.705347E1	1.302833E0
1.945837E1	1.705347E1	1.303747E0
1.949169E1	1.705404E1	1.305174E0
1.952501E1	1.709660E1	1.297145E0
1.955832E1	1.705297E1	1.341555E0
1.959164E1	1.705440E1	1.371245E0
1.962496E1	1.707321E1	1.390473E0
1.965828E1	1.708098E1	1.379304E0
1.969160E1	1.707908E1	1.380531E0
1.972492E1	1.707175E1	1.375095E0
1.975824E1	1.706778E1	1.372390E0
1.979156E1	1.706539E1	1.370756E0
1.982488E1	1.706343E1	1.369509E0
1.985820E1	1.705883E1	1.364850E0
1.989152E1	1.710383E1	1.327153E0
1.992484E1	1.709291E1	1.303194E0
1.995815E1	1.708568E1	1.238168E0
1.999147E1	1.708088E1	1.120528E0
2.002479E1	1.707080E1	1.202724E0
2.005811E1	1.709087E1	1.192968E0
2.009143E1	1.708783E1	1.124197E0
2.012475E1	1.708030E1	1.085989E0
2.015807E1	1.710981E1	1.099602E0
2.019139E1	1.717451E1	1.108870E0
2.022471E1	1.722065E1	1.109349E0
2.025803E1	1.721646E1	1.100461E0
2.029135E1	1.721433E1	1.094864E0
2.032466E1	1.723054E1	1.107347E0
2.035798E1	1.735113E1	1.151423E0
2.039130E1	1.752906E1	1.173847E0
2.042462E1	1.773305E1	1.255734E0
2.045794E1	1.788731E1	1.298039E0
2.049126E1	1.792763E1	1.298694E0
2.052458E1	1.798216E1	1.297531E0
2.055790E1	1.809651E1	1.306869E0
2.059122E1	1.817752E1	1.353402E0
2.062454E1	1.824463E1	1.320761E0
2.065786E1	1.832126E1	1.305020E0
2.069118E1	1.831806E1	1.296491E0
2.072449E1	1.829372E1	1.276068E0
2.075781E1	1.831755E1	1.290825E0
2.079113E1	1.832089E1	1.292745E0
2.082445E1	1.830900E1	1.283384E0
2.085777E1	1.829689E1	1.279974E0
2.089109E1	1.830343E1	1.316932E0
2.092441E1	1.825971E1	1.339830E0
2.095773E1	1.827616E1	1.460197E0
2.099105E1	1.831639E1	1.567884E0
2.102437E1	1.834257E1	1.530266E0
2.105769E1	1.834101E1	1.517083E0
2.109100E1	1.832652E1	1.551956E0
2.112432E1	1.838226E1	1.531463E0
2.115764E1	1.839446E1	1.522075E0
2.119096E1	1.841502E1	1.443245E0
2.122428E1	1.842339E1	1.448290E0
2.125760E1	1.842396E1	1.456295E0
2.129092E1	1.842102E1	1.489767E0
2.132424E1	1.847587E1	1.498412E0
2.135756E1	1.854730E1	1.506668E0
2.139088E1	1.862717E1	1.490206E0
2.142420E1	1.868886E1	1.495465E0
2.145751E1	1.873750E1	1.492173E0
2.149083E1	1.875865E1	1.505008E0
2.152415E1	1.872543E1	1.528923E0
2.155747E1	1.867145E1	1.564204E0
2.159079E1	1.868317E1	1.540080E0
2.162411E1	1.868644E1	1.545769E0
2.165743E1	1.867181E1	1.573560E0
2.169075E1	1.866481E1	1.569999E0
2.172407E1	1.863780E1	1.554409E0
2.175739E1	1.864464E1	1.558374E0
2.179071E1	1.864785E1	1.559895E0
2.182403E1	1.864627E1	1.559092E0
2.185734E1	1.863947E1	1.552432E0
2.189066E1	1.866458E1	1.560311E0
2.192398E1	1.866647E1	1.560081E0
2.195730E1	1.865618E1	1.560671E0
2.199062E1	1.854664E1	1.558344E0
2.202394E1	1.847643E1	1.498292E0
2.205726E1	1.849380E1	1.473313E0
2.209058E1	1.847470E1	1.494764E0
2.212390E1	1.839027E1	1.422322E0
2.215722E1	1.831878E1	1.324539E0
2.219054E1	1.841932E1	1.327176E0
2.222385E1	1.853913E1	1.408497E0
2.225717E1	1.864965E1	1.466358E0
2.229049E1	1.875086E1	1.499299E0
2.232381E1	1.883124E1	1.565668E0
2.235713E1	1.886942E1	1.604280E0
2.239045E1	1.892063E1	1.655112E0
2.242377E1	1.898399E1	1.713496E0
2.245709E1	1.902659E1	1.720254E0
2.249041E1	1.902875E1	1.716620E0
2.252373E1	1.902596E1	1.712668E0
2.255705E1	1.905369E1	1.732898E0
2.259036E1	1.903720E1	1.738719E0
2.262368E1	1.892969E1	1.695922E0
2.265700E1	1.892716E1	1.595501E0
2.269032E1	1.899030E1	1.580881E0
2.272364E1	1.897568E1	1.602167E0
2.275696E1	1.898726E1	1.612175E0
2.279028E1	1.900970E1	1.621996E0
2.282360E1	1.898856E1	1.608971E0
2.285692E1	1.895001E1	1.621004E0
2.289024E1	1.888298E1	1.602279E0
2.292356E1	1.887608E1	1.600253E0
2.295688E1	1.897550E1	1.667722E0
2.299019E1	1.903247E1	1.718578E0
2.302351E1	1.901746E1	1.643701E0
2.305683E1	1.880161E1	1.649314E0
2.309015E1	1.851612E1	1.679510E0
2.312347E1	1.847852E1	1.620012E0
2.315679E1	1.855599E1	1.619702E0
2.319011E1	1.861072E1	1.625409E0
2.322343E1	1.865677E1	1.624774E0
2.325675E1	1.876362E1	1.658019E0
2.329007E1	1.894478E1	1.690275E0
2.332339E1	1.899256E1	1.708510E0
2.335670E1	1.899591E1	1.685105E0
2.339002E1	1.899435E1	1.679341E0
2.342334E1	1.899675E1	1.680161E0
2.345666E1	1.899231E1	1.674455E0
2.348998E1	1.902738E1	1.643025E0
2.352330E1	1.907348E1	1.640730E0
2.355662E1	1.904062E1	1.700642E0
2.358994E1	1.903558E1	1.699428E0
2.362326E1	1.902734E1	1.694062E0
2.365658E1	1.904556E1	1.682170E0
2.368990E1	1.902929E1	1.694205E0
2.372322E1	1.904737E1	1.724372E0
2.375653E1	1.905424E1	1.728621E0
2.378985E1	1.905554E1	1.726913E0
2.382317E1	1.905236E1	1.724681E0
2.385649E1	1.903318E1	1.706888E0
2.388981E1	1.909519E1	1.680445E0
2.392313E1	1.908842E1	1.658432E0
2.395645E1	1.913900E1	1.603273E0
2.398977E1	1.921786E1	1.558988E0
2.402309E1	1.924716E1	1.584836E0
2.405641E1	1.924767E1	1.599667E0
2.408973E1	1.930188E1	1.596811E0
2.412304E1	1.937377E1	1.617797E0
2.415636E1	1.937153E1	1.646688E0
2.418968E1	1.931860E1	1.611173E0
2.422300E1	1.930148E1	1.597713E0
2.425632E1	1.932653E1	1.617772E0
2.428964E1	1.935542E1	1.600703E0
2.432296E1	1.948924E1	1.627891E0
2.435628E1	1.959269E1	1.665168E0
2.438960E1	1.964894E1	1.678610E0
2.442292E1	1.964417E1	1.694990E0
2.445624E1	1.969076E1	1.660043E0
2.448955E1	1.975422E1	1.685210E0
2.452287E1	1.982917E1	1.715247E0
2.455619E1	1.986033E1	1.695225E0
2.458951E1	1.990660E1	1.686327E0
2.462283E1	1.992807E1	1.694655E0
2.465615E1	1.997262E1	1.653331E0
2.468947E1	2.004703E1	1.662626E0
2.472279E1	2.009868E1	1.660530E0
2.475611E1	2.013216E1	1.644821E0
2.478943E1	2.014718E1	1.654130E0
2.482275E1	2.014450E1	1.651181E0
2.485607E1	2.014325E1	1.649681E0
2.488938E1	2.013277E1	1.641078E0
2.492270E1	2.010255E1	1.662253E0
2.495602E1	2.008413E1	1.654173E0
2.498934E1	1.991192E1	1.640610E0
2.502266E1	1.976289E1	1.761567E0
2.505598E1	1.970149E1	1.817190E0
2.508930E1	1.964350E1	1.756532E0
2.512262E1	1.962716E1	1.689087E0
2.515594E1	1.968760E1	1.708436E0
2.518926E1	1.973437E1	1.701786E0
2.522258E1	1.982032E1	1.716690E0
2.525589E1	1.991109E1	1.742584E0
2.528921E1	1.997890E1	1.761472E0
2.532253E1	2.001561E1	1.751386E0
2.535585E1	2.006271E1	1.746258E0
2.538917E1	2.014207E1	1.757410E0
2.542249E1	2.022587E1	1.748147E0
2.545581E1	2.024657E1	1.757321E0
2.548913E1	2.023261E1	1.746680E0
2.552245E1	2.024486E1	1.753222E0
2.555577E1	2.024580E1	1.753061E0
2.558909E1	2.027671E1	1.767513E0
2.562241E1	2.021879E1	1.818394E0
2.565572E1	2.013621E1	1.845575E0
2.568904E1	2.018489E1	1.813318E0
2.572236E1	2.018789E1	1.812041E0
2.575568E1	2.017680E1	1.803026E0
2.578900E1	2.019103E1	1.812189E0
2.582232E1	2.019059E1	1.811449E0
2.585564E1	2.018702E1	1.806576E0
2.588896E1	2.021292E1	1.816198E0
2.592228E1	2.020768E1	1.811994E0
2.595560E1	2.025932E1	1.766814E0
2.598892E1	2.023554E1	1.635266E0
2.602223E1	2.022981E1	1.641143E0
2.605555E1	2.023790E1	1.694264E0
2.608887E1	2.023630E1	1.672527E0
2.612219E1	2.023179E1	1.639277E0
2.615551E1	2.018769E1	1.633325E0
2.618883E1	2.025861E1	1.655604E0
2.622215E1	2.037668E1	1.667339E0
2.625547E1	2.048983E1	1.704672E0
2.628879E1	2.048436E1	1.702266E0
2.632211E1	2.047819E1	1.699021E0
2.635543E1	2.047759E1	1.699492E0
2.638874E1	2.052781E1	1.731349E0
2.642206E1	2.070877E1	1.772966E0
2.645538E1	2.082130E1	1.759403E0
2.648870E1	2.090244E1	1.741181E0
2.652202E1	2.090600E1	1.744925E0
2.655534E1	2.090417E1	1.734527E0
2.658866E1	2.096093E1	1.730472E0
2.662198E1	2.105784E1	1.734070E0
2.665530E1	2.118412E1	1.748352E0
2.668862E1	2.131403E1	1.747367E0
2.672194E1	2.145023E1	1.740560E0
2.675526E1	2.148130E1	1.796432E0
2.678857E1	2.147704E1	1.796222E0
2.682189E1	2.146805E1	1.790750E0
2.685521E1	2.144492E1	1.777517E0
2.688853E1	2.147931E1	1.817204E0
2.692185E1	2.144069E1	1.826679E0
2.695517E1	2.152304E1	1.909840E0
2.698849E1	2.150447E1	2.098723E0
2.702181E1	2.151163E1	1.988470E0
2.705513E1	2.152223E1	1.912005E0
2.708845E1	2.147960E1	1.961611E0
2.712177E1	2.147325E1	1.958863E0
2.715508E1	2.147838E1	1.921797E0
2.718840E1	2.152418E1	1.916598E0
2.722172E1	2.151356E1	1.897335E0
2.725504E1	2.152435E1	1.909496E0
2.728836E1	2.161207E1	1.905389E0
2.732168E1	2.167417E1	1.928093E0
2.735500E1	2.170043E1	1.951146E0
2.738832E1	2.172630E1	1.936520E0
2.742164E1	2.178500E1	1.946728E0
2.745496E1	2.187673E1	1.973411E0
2.748828E1	2.194569E1	1.984157E0
2.752160E1	2.195010E1	2.032046E0
2.755491E1	2.191581E1	2.065741E0
2.758823E1	2.188919E1	2.049182E0
2.762155E1	2.188794E1	2.046963E0
2.765487E1	2.189700E1	2.055389E0
2.768819E1	2.190022E1	2.061178E0
2.772151E1	2.189957E1	2.059792E0
2.775483E1	2.190181E1	2.060947E0
2.778815E1	2.190382E1	2.062902E0
2.782147E1	2.190467E1	2.063676E0
2.785479E1	2.188649E1	2.050251E0
2.788811E1	2.192201E1	2.062633E0
2.792142E1	2.196007E1	2.022228E0
2.795474E1	2.197143E1	2.007642E0
2.798806E1	2.195561E1	1.898067E0
2.802138E1	2.195247E1	1.938752E0
2.805470E1	2.196788E1	1.964797E0
2.808802E1	2.198399E1	1.973063E0
2.812134E1	2.203322E1	2.005845E0
2.815466E1	2.211075E1	1.998137E0
2.818798E1	2.206099E1	1.951065E0
2.822130E1	2.201014E1	1.937214E0
2.825462E1	2.202323E1	1.950165E0
2.828793E1	2.207968E1	1.959956E0
2.832125E1	2.218712E1	1.997575E0
2.835457E1	2.228810E1	2.044604E0
2.838789E1	2.233894E1	2.056981E0
2.842121E1	2.237115E1	2.065869E0
2.845453E1	2.240785E1	2.015777E0
2.848785E1	2.249949E1	2.005888E0
2.852117E1	2.258664E1	2.048665E0
2.855449E1	2.269304E1	2.055387E0
2.858781E1	2.281435E1	2.043270E0
2.862113E1	2.287019E1	2.031143E0
2.865445E1	2.293357E1	2.028785E0
2.868776E1	2.297208E1	2.047607E0
2.872108E1	2.296424E1	2.045780E0
2.875440E1	2.296992E1	2.050529E0
2.878772E1	2.296692E1	2.050052E0
2.882104E1	2.296034E1	2.046088E0
2.885436E1	2.294904E1	2.041294E0
2.888768E1	2.292339E1	2.055301E0
2.892100E1	2.290619E1	2.049106E0
2.895432E1	2.288131E1	2.086354E0
2.898764E1	2.272798E1	2.149570E0
2.902096E1	2.261690E1	2.308991E0
2.905427E1	2.253701E1	2.348313E0
2.908759E1	2.241155E1	2.275679E0
2.912091E1	2.236904E1	2.225930E0
2.915423E1	2.243617E1	2.214062E0
2.918755E1	2.246835E1	2.211320E0
2.922087E1	2.255913E1	2.195852E0
2.925419E1	2.272461E1	2.214689E0
2.928751E1	2.280746E1	2.267689E0
2.932083E1	2.281141E1	2.277046E0
2.935415E1	2.283079E1	2.255191E0
2.938747E1	2.290995E1	2.267855E0
2.942079E1	2.299899E1	2.261147E0
2.945410E1	2.305434E1	2.266537E0
2.948742E1	2.307519E1	2.279103E0
2.952074E1	2.305917E1	2.267491E0
2.955406E1	2.300880E1	2.307059E0
2.958738E1	2.295576E1	2.317101E0
2.962070E1	2.297240E1	2.333356E0
2.965402E1	2.297922E1	2.335661E0
2.968734E1	2.297295E1	2.332334E0
2.972066E1	2.296553E1	2.326893E0
2.975398E1	2.296384E1	2.326160E0
2.978730E1	2.296260E1	2.325428E0
2.982061E1	2.296175E1	2.325364E0
2.985393E1	2.294814E1	2.315914E0
2.988725E1	2.296686E1	2.316922E0
2.992057E1	2.300396E1	2.296515E0
2.995389E1	2.307062E1	2.267877E0
2.998721E1	2.309272E1	2.129569E0
3.002053E1	2.307744E1	2.156308E0
3.005385E1	2.310428E1	2.208567E0
3.008717E1	2.309297E1	2.179875E0
3.012049E1	2.306150E1	2.148705E0
3.015381E1	2.303288E1	2.158087E0
3.018712E1	2.308862E1	2.166114E0
3.022044E1	2.319161E1	2.175762E0
3.025376E1	2.327455E1	2.140792E0
3.028708E1	2.336085E1	2.149824E0
3.032040E1	2.335669E1	2.111760E0
3.035372E1	2.333244E1	2.120592E0
3.038704E1	2.333363E1	2.127555E0
3.042036E1	2.334018E1	2.137840E0
3.045368E1	2.338198E1	2.129125E0
3.048700E1	2.334687E1	2.038122E0
3.052032E1	2.337457E1	1.978629E0
3.055364E1	2.341341E1	2.095779E0
3.058695E1	2.340849E1	2.149023E0
3.062027E1	2.344708E1	2.142866E0
3.065359E1	2.355384E1	2.096713E0
3.068691E1	2.368206E1	2.110677E0
3.072023E1	2.376506E1	2.080990E0
3.075355E1	2.383479E1	2.092508E0
3.078687E1	2.385253E1	2.103303E0
3.082019E1	2.383970E1	2.092685E0
3.085351E1	2.381819E1	2.081049E0
3.088683E1	2.382337E1	2.115316E0
3.092015E1	2.381815E1	2.140769E0
3.095346E1	2.382552E1	2.184650E0
3.098678E1	2.377357E1	2.401931E0
3.102010E1	2.379040E1	2.379484E0
3.105342E1	2.372026E1	2.283883E0
3.108674E1	2.367361E1	2.308058E0
3.112006E1	2.361406E1	2.305520E0
3.115338E1	2.363514E1	2.310557E0
3.118670E1	2.367242E1	2.297852E0
3.122002E1	2.369890E1	2.284556E0
3.125334E1	2.378354E1	2.309237E0
3.128666E1	2.385625E1	2.316698E0
3.131998E1	2.384341E1	2.305831E0
3.135329E1	2.383824E1	2.303930E0
3.138661E1	2.389160E1	2.300636E0
3.141993E1	2.405921E1	2.308727E0
3.145325E1	2.418533E1	2.363963E0
3.148657E1	2.417045E1	2.398849E0
3.151989E1	2.418375E1	2.366798E0
3.155321E1	2.420853E1	2.343366E0
3.158653E1	2.421913E1	2.359358E0
3.161985E1	2.422604E1	2.375585E0
3.165317E1	2.421075E1	2.393217E0
3.168649E1	2.422889E1	2.379239E0
3.171980E1	2.422758E1	2.374546E0
3.175312E1	2.420918E1	2.387082E0
3.178644E1	2.421316E1	2.394803E0
3.181976E1	2.421619E1	2.399980E0
3.185308E1	2.421213E1	2.397917E0
3.188640E1	2.423593E1	2.408235E0
3.191972E1	2.422086E1	2.398342E0
3.195304E1	2.425902E1	2.351956E0
3.198636E1	2.427959E1	2.249134E0
3.201968E1	2.428245E1	2.189946E0
3.205300E1	2.428021E1	2.249928E0
3.208631E1	2.426471E1	2.182096E0
3.211963E1	2.425810E1	2.132949E0
3.215295E1	2.423179E1	2.133285E0
3.218627E1	2.428005E1	2.131393E0
3.221959E1	2.437476E1	2.118418E0
3.225291E1	2.447651E1	2.107966E0
3.228623E1	2.454541E1	2.117213E0
3.231955E1	2.459370E1	2.111497E0
3.235287E1	2.460779E1	2.075588E0
3.238619E1	2.459336E1	2.048655E0
3.241951E1	2.461369E1	2.070406E0
3.245283E1	2.461487E1	2.071936E0
3.248614E1	2.464238E1	2.046813E0
3.251946E1	2.465789E1	2.032623E0
3.255278E1	2.465959E1	2.137196E0
3.258610E1	2.473018E1	2.260584E0
3.261942E1	2.475856E1	2.274718E0
3.265274E1	2.486037E1	2.231337E0
3.268606E1	2.498722E1	2.222864E0
3.271938E1	2.510239E1	2.225273E0
3.275270E1	2.517768E1	2.243622E0
3.278602E1	2.515540E1	2.229246E0
3.281934E1	2.516148E1	2.231797E0
3.285265E1	2.516010E1	2.231055E0
3.288597E1	2.515890E1	2.230005E0
3.291929E1	2.515912E1	2.230074E0
3.295261E1	2.516342E1	2.234428E0
3.298593E1	2.517156E1	2.251842E0
3.301925E1	2.513668E1	2.286520E0
3.305257E1	2.506501E1	2.348406E0
3.308589E1	2.498700E1	2.340958E0
3.311921E1	2.491773E1	2.322449E0
3.315253E1	2.491057E1	2.325176E0
3.318585E1	2.493967E1	2.341221E0
3.321917E1	2.499663E1	2.342149E0
3.325248E1	2.510557E1	2.356709E0
3.328580E1	2.520822E1	2.356797E0
3.331912E1	2.521081E1	2.365533E0
3.335244E1	2.525143E1	2.383016E0
3.338576E1	2.536080E1	2.418110E0
3.341908E1	2.550040E1	2.494437E0
3.345240E1	2.560481E1	2.546958E0
3.348572E1	2.567946E1	2.562905E0
3.351904E1	2.573214E1	2.559197E0
3.355236E1	2.576821E1	2.554418E0
3.358568E1	2.583261E1	2.564797E0
3.361899E1	2.585132E1	2.542910E0
3.365231E1	2.584291E1	2.565572E0
3.368563E1	2.585467E1	2.541885E0
3.371895E1	2.590844E1	2.541737E0
3.375227E1	2.589384E1	2.563693E0
3.378559E1	2.586215E1	2.579551E0
3.381891E1	2.589763E1	2.609963E0
3.385223E1	2.586483E1	2.584889E0
3.388555E1	2.586053E1	2.584963E0
3.391887E1	2.581556E1	2.550275E0
3.395219E1	2.575663E1	2.535159E0
3.398550E1	2.571692E1	2.552974E0
3.401882E1	2.557066E1	2.565582E0
3.405214E1	2.525173E1	2.394305E0
3.408546E1	2.482378E1	2.175597E0
3.411878E1	2.460978E1	2.031858E0
3.415210E1	2.458336E1	2.108309E0
3.418542E1	2.470372E1	2.283304E0
3.421874E1	2.484916E1	2.453128E0
3.425206E1	2.503703E1	2.547041E0
3.428538E1	2.521159E1	2.562914E0
3.431870E1	2.528094E1	2.565183E0
3.435202E1	2.533286E1	2.569022E0
3.438533E1	2.542221E1	2.615552E0
3.441865E1	2.542102E1	2.642814E0
3.445197E1	2.550266E1	2.676538E0
3.448529E1	2.552917E1	2.659681E0
3.451861E1	2.550285E1	2.659918E0
3.455193E1	2.548669E1	2.646123E0
3.458525E1	2.553683E1	2.649735E0
3.461857E1	2.560362E1	2.655478E0
3.465189E1	2.567914E1	2.665783E0
3.468521E1	2.576562E1	2.663422E0
3.471853E1	2.582427E1	2.668793E0
3.475184E1	2.585330E1	2.657666E0
3.478516E1	2.585477E1	2.655195E0
3.481848E1	2.585418E1	2.651342E0
3.485180E1	2.582801E1	2.666019E0
3.488512E1	2.582628E1	2.680631E0
3.491844E1	2.580714E1	2.705542E0
3.495176E1	2.576598E1	2.879357E0
3.498508E1	2.578159E1	3.054816E0
3.501840E1	2.577589E1	2.941926E0
3.505172E1	2.572498E1	2.831291E0
3.508504E1	2.564512E1	2.798961E0
3.511836E1	2.560526E1	2.815799E0
3.515167E1	2.560021E1	2.812443E0
3.518499E1	2.566065E1	2.822324E0
3.521831E1	2.569301E1	2.805926E0
3.525163E1	2.573971E1	2.838278E0
3.528495E1	2.572956E1	2.832317E0
3.531827E1	2.572375E1	2.828590E0
3.535159E1	2.572260E1	2.828250E0
3.538491E1	2.572192E1	2.827754E0
3.541823E1	2.582022E1	2.822504E0
3.545155E1	2.599935E1	2.880191E0
3.548487E1	2.601614E1	2.938354E0
3.551818E1	2.601401E1	2.953718E0
3.555150E1	2.599700E1	2.923196E0
3.558482E1	2.599522E1	2.925802E0
3.561814E1	2.600147E1	2.950285E0
3.565146E1	2.599634E1	2.942698E0
3.568478E1	2.599645E1	2.940070E0
3.571810E1	2.599155E1	2.931961E0
3.575142E1	2.598971E1	2.930764E0
3.578474E1	2.600757E1	2.947879E0
3.581806E1	2.600242E1	2.942019E0
3.585138E1	2.598708E1	2.930082E0
3.588469E1	2.599435E1	2.931127E0
3.591801E1	2.606625E1	2.900130E0
3.595133E1	2.609306E1	2.868813E0
3.598465E1	2.610144E1	2.809709E0
3.601797E1	2.604120E1	2.815040E0
3.605129E1	2.600455E1	2.883414E0
3.608461E1	2.598483E1	2.861337E0
3.611793E1	2.593723E1	2.819942E0
3.615125E1	2.591556E1	2.795841E0
3.618457E1	2.593057E1	2.803531E0
3.621789E1	2.600057E1	2.784353E0
3.625121E1	2.612579E1	2.827727E0
3.628452E1	2.628760E1	2.869853E0
3.631784E1	2.635848E1	2.862259E0
3.635116E1	2.637919E1	2.911930E0
3.638448E1	2.642651E1	2.924193E0
3.641780E1	2.644303E1	2.923493E0
3.645112E1	2.642727E1	2.868579E0
3.648444E1	2.643677E1	2.871853E0
3.651776E1	2.648277E1	2.868159E0
3.655108E1	2.649465E1	2.874805E0
3.658440E1	2.649430E1	2.874240E0
3.661772E1	2.654379E1	2.884835E0
3.665103E1	2.659654E1	2.896847E0
3.668435E1	2.672363E1	2.926115E0
3.671767E1	2.677470E1	2.938061E0
3.675099E1	2.676052E1	2.926657E0
3.678431E1	2.676943E1	2.928094E0
3.681763E1	2.675605E1	2.919516E0
3.685095E1	2.672900E1	2.932321E0
3.688427E1	2.671221E1	2.951018E0
3.691759E1	2.670322E1	2.975143E0
3.695091E1	2.671409E1	3.040464E0
3.698423E1	2.669197E1	3.183765E0
3.701754E1	2.669540E1	3.114251E0
3.705086E1	2.665001E1	3.020735E0
3.708418E1	2.661226E1	2.999486E0
3.711750E1	2.656401E1	2.994414E0
3.715082E1	2.658545E1	2.979444E0
3.718414E1	2.658389E1	2.974868E0
3.721746E1	2.661075E1	2.972994E0
3.725078E1	2.672327E1	2.982057E0
3.728410E1	2.685642E1	3.011966E0
3.731742E1	2.689966E1	3.007558E0
3.735074E1	2.693447E1	3.021987E0
3.738406E1	2.699854E1	3.035068E0
3.741737E1	2.702270E1	3.026810E0
3.745069E1	2.697664E1	3.029348E0
3.748401E1	2.693441E1	3.052835E0
3.751733E1	2.692594E1	3.039273E0
3.755065E1	2.693801E1	3.035879E0
3.758397E1	2.695080E1	3.051984E0
3.761729E1	2.692012E1	3.064668E0
3.765061E1	2.694142E1	3.093588E0
3.768393E1	2.695157E1	3.105279E0
3.771725E1	2.693717E1	3.090661E0
3.775057E1	2.693077E1	3.082916E0
3.778388E1	2.693130E1	3.083579E0
3.781720E1	2.693218E1	3.084466E0
3.785052E1	2.692271E1	3.077501E0
3.788384E1	2.693699E1	3.085179E0
3.791716E1	2.699241E1	3.042240E0
3.795048E1	2.700183E1	3.040488E0
3.798380E1	2.702698E1	2.911647E0
3.801712E1	2.696453E1	2.907949E0
3.805044E1	2.697102E1	2.915488E0
3.808376E1	2.697304E1	2.915270E0
3.811708E1	2.694885E1	2.919467E0
3.815040E1	2.686933E1	2.813037E0
3.818371E1	2.681719E1	2.774025E0
3.821703E1	2.681917E1	2.771679E0
3.825035E1	2.682924E1	2.812781E0
3.828367E1	2.692724E1	2.820984E0
3.831699E1	2.702557E1	2.894401E0
3.835031E1	2.715270E1	2.927281E0
3.838363E1	2.720392E1	2.957596E0
3.841695E1	2.725263E1	2.958778E0
3.845027E1	2.726090E1	2.953979E0
3.848359E1	2.734620E1	2.949157E0
3.851691E1	2.748430E1	2.984112E0
3.855022E1	2.754233E1	3.007121E0
3.858354E1	2.761676E1	2.995892E0
3.861686E1	2.765535E1	3.017027E0
3.865018E1	2.766451E1	2.986933E0
3.868350E1	2.765000E1	2.949063E0
3.871682E1	2.769517E1	2.917272E0
3.875014E1	2.769492E1	2.912650E0
3.878346E1	2.769432E1	2.909265E0
3.881678E1	2.769469E1	2.907741E0
3.885010E1	2.769372E1	2.905687E0
3.888342E1	2.769426E1	2.905079E0
3.891673E1	2.769453E1	2.904602E0
3.895005E1	2.769537E1	2.904826E0
3.898337E1	2.769419E1	2.905511E0
3.901669E1	2.764850E1	2.921060E0
3.905001E1	2.750941E1	2.901148E0
3.908333E1	2.741220E1	2.909654E0
3.911665E1	2.733310E1	2.914857E0
3.914997E1	2.735530E1	2.908635E0
3.918329E1	2.738753E1	2.917519E0
3.921661E1	2.746682E1	2.912578E0
3.924993E1	2.755752E1	2.931930E0
3.928325E1	2.760981E1	2.926049E0
3.931656E1	2.764068E1	2.936360E0
3.934988E1	2.771677E1	2.976149E0
3.938320E1	2.779183E1	3.004174E0
3.941652E1	2.787104E1	3.061173E0
3.944984E1	2.796816E1	3.103360E0
3.948316E1	2.807593E1	3.113005E0
3.951648E1	2.815498E1	3.127975E0
3.954980E1	2.817962E1	3.118621E0
3.958312E1	2.817561E1	3.112362E0
3.961644E1	2.818081E1	3.114330E0
3.964976E1	2.818516E1	3.115678E0
3.968307E1	2.818750E1	3.115841E0
3.971639E1	2.820806E1	3.126897E0
3.974971E1	2.831971E1	3.137579E0
3.978303E1	2.833334E1	3.150462E0
3.981635E1	2.834676E1	3.169832E0
3.984967E1	2.836046E1	3.167551E0
3.988299E1	2.831618E1	3.160517E0
3.991631E1	2.828635E1	3.155816E0
3.994963E1	2.825382E1	3.159355E0
3.998295E1	2.819618E1	3.130090E0
4.001627E1	2.804958E1	3.175637E0
4.004959E1	2.780406E1	3.063721E0
4.008290E1	2.737253E1	2.853456E0
4.011622E1	2.707767E1	2.673909E0
4.014954E1	2.699867E1	2.646077E0
4.018286E1	2.710624E1	2.762621E0
4.021618E1	2.720306E1	2.956866E0
4.024950E1	2.742511E1	3.191312E0
4.028282E1	2.761584E1	3.317478E0
4.031614E1	2.765221E1	3.274567E0
4.034946E1	2.774011E1	3.269325E0
4.038278E1	2.782578E1	3.336559E0
4.041610E1	2.785827E1	3.339809E0
4.044941E1	2.786095E1	3.340189E0
4.048273E1	2.786199E1	3.339724E0
4.051605E1	2.786519E1	3.341528E0
4.054937E1	2.786666E1	3.342151E0
4.058269E1	2.790879E1	3.350829E0
4.061601E1	2.801275E1	3.386932E0
4.064933E1	2.809380E1	3.346506E0
4.068265E1	2.818842E1	3.278789E0
4.071597E1	2.824652E1	3.293000E0
4.074929E1	2.821753E1	3.293505E0
4.078261E1	2.823095E1	3.273337E0
4.081592E1	2.822511E1	3.270078E0
4.084924E1	2.820354E1	3.278467E0
4.088256E1	2.820186E1	3.318427E0
4.091588E1	2.818986E1	3.379156E0
4.094920E1	2.812168E1	3.477321E0
4.098252E1	2.809813E1	3.627852E0
4.101584E1	2.807385E1	3.555658E0
4.104916E1	2.797247E1	3.432836E0
4.108248E1	2.786545E1	3.389794E0
4.111580E1	2.776258E1	3.388412E0
4.114912E1	2.781755E1	3.393709E0
4.118244E1	2.786260E1	3.374566E0
4.121575E1	2.791212E1	3.369614E0
4.124907E1	2.800649E1	3.375828E0
4.128239E1	2.812967E1	3.395147E0
4.131571E1	2.819108E1	3.433374E0
4.134903E1	2.819830E1	3.441617E0
4.138235E1	2.820795E1	3.448746E0
4.141567E1	2.820502E1	3.448165E0
4.144899E1	2.820687E1	3.451098E0
4.148231E1	2.829721E1	3.456500E0
4.151563E1	2.833560E1	3.556896E0
4.154895E1	2.833959E1	3.551805E0
4.158226E1	2.835240E1	3.549291E0
4.161558E1	2.835077E1	3.543899E0
4.164890E1	2.837684E1	3.571617E0
4.168222E1	2.836910E1	3.559952E0
4.171554E1	2.833953E1	3.529846E0
4.174886E1	2.835513E1	3.546398E0
4.178218E1	2.836619E1	3.556334E0
4.181550E1	2.836658E1	3.555795E0
4.184882E1	2.835595E1	3.546970E0
4.188214E1	2.835792E1	3.546226E0
4.191546E1	2.836973E1	3.539498E0
4.194878E1	2.838119E1	3.553572E0
4.198209E1	2.841219E1	3.445486E0
4.201541E1	2.833702E1	3.383192E0
4.204873E1	2.829874E1	3.481412E0
4.208205E1	2.827086E1	3.507634E0
4.211537E1	2.825556E1	3.461024E0
4.214869E1	2.826300E1	3.500249E0
4.218201E1	2.825666E1	3.452373E0
4.221533E1	2.821199E1	3.404606E0
4.224865E1	2.827437E1	3.402861E0
4.228197E1	2.846719E1	3.480786E0
4.231529E1	2.863352E1	3.556592E0
4.234860E1	2.860893E1	3.550663E0
4.238192E1	2.864325E1	3.510092E0
4.241524E1	2.867524E1	3.488841E0
4.244856E1	2.867953E1	3.478813E0
4.248188E1	2.869326E1	3.487574E0
4.251520E1	2.871941E1	3.499041E0
4.254852E1	2.879335E1	3.493321E0
4.258184E1	2.885890E1	3.529716E0
4.261516E1	2.896309E1	3.540086E0
4.264848E1	2.908347E1	3.546322E0
4.268180E1	2.919953E1	3.548171E0
4.271511E1	2.929381E1	3.539286E0
4.274843E1	2.935514E1	3.535348E0
4.278175E1	2.936610E1	3.542256E0
4.281507E1	2.934748E1	3.529344E0
4.284839E1	2.932069E1	3.538609E0
4.288171E1	2.932762E1	3.559160E0
4.291503E1	2.928184E1	3.578905E0
4.294835E1	2.923442E1	3.640559E0
4.298167E1	2.919422E1	3.858553E0
4.301499E1	2.920067E1	3.817906E0
4.304831E1	2.919707E1	3.668602E0
4.308163E1	2.909634E1	3.615722E0
4.311494E1	2.901562E1	3.593706E0
4.314826E1	2.904990E1	3.616637E0
4.318158E1	2.904189E1	3.611018E0
4.321490E1	2.902638E1	3.601189E0
4.324822E1	2.903573E1	3.605917E0
4.328154E1	2.903024E1	3.601756E0
4.331486E1	2.908156E1	3.602352E0
4.334818E1	2.926287E1	3.622454E0
4.338150E1	2.943460E1	3.700329E0
4.341482E1	2.956871E1	3.753891E0
4.344814E1	2.956820E1	3.745971E0
4.348145E1	2.957915E1	3.721181E0
4.351477E1	2.951142E1	3.744160E0
4.354809E1	2.946994E1	3.753415E0
4.358141E1	2.947147E1	3.754223E0
4.361473E1	2.945214E1	3.741228E0
4.364805E1	2.946874E1	3.765882E0
4.368137E1	2.946223E1	3.757693E0
4.371469E1	2.944209E1	3.739200E0
4.374801E1	2.946216E1	3.759646E0
4.378133E1	2.946446E1	3.759138E0
4.381465E1	2.946441E1	3.757803E0
4.384797E1	2.946455E1	3.756530E0
4.388128E1	2.945702E1	3.744971E0
4.391460E1	2.947091E1	3.718826E0
4.394792E1	2.953986E1	3.714439E0
4.398124E1	2.956976E1	3.624771E0
4.401456E1	2.954088E1	3.648500E0
4.404788E1	2.951432E1	3.689062E0
4.408120E1	2.953090E1	3.670076E0
4.411452E1	2.948811E1	3.662201E0
4.414784E1	2.941832E1	3.555645E0
4.418116E1	2.934300E1	3.486752E0
4.421448E1	2.934878E1	3.512340E0
4.424779E1	2.943939E1	3.529522E0
4.428111E1	2.955370E1	3.574881E0
4.431443E1	2.962215E1	3.577841E0
4.434775E1	2.967700E1	3.621497E0
4.438107E1	2.977281E1	3.680556E0
4.441439E1	2.984285E1	3.730254E0
4.444771E1	2.987050E1	3.748146E0
4.448103E1	2.987318E1	3.746923E0
4.451435E1	2.990405E1	3.702829E0
4.454767E1	2.986301E1	3.686545E0
4.458099E1	2.991531E1	3.662523E0
4.461430E1	2.996106E1	3.679086E0
4.464762E1	3.006425E1	3.682727E0
4.468094E1	3.019578E1	3.701827E0
4.471426E1	3.028626E1	3.697800E0
4.474758E1	3.035046E1	3.697894E0
4.478090E1	3.040574E1	3.704473E0
4.481422E1	3.045864E1	3.703781E0
4.484754E1	3.043277E1	3.678114E0
4.488086E1	3.044641E1	3.721283E0
4.491418E1	3.044030E1	3.735769E0
4.494750E1	3.045811E1	3.849403E0
4.498082E1	3.050284E1	4.012108E0
4.501413E1	3.050600E1	4.011798E0
4.504745E1	3.056044E1	3.949061E0
4.508077E1	3.053946E1	3.961147E0
4.511409E1	3.053084E1	4.022047E0
4.514741E1	3.053895E1	4.079226E0
4.518073E1	3.061453E1	4.019110E0
4.521405E1	3.066800E1	3.990737E0
4.524737E1	3.067861E1	3.995616E0
4.528069E1	3.065395E1	4.014901E0
4.531401E1	3.066660E1	4.012926E0
4.534733E1	3.069638E1	4.024347E0
4.538064E1	3.073407E1	4.013905E0
4.541396E1	3.081609E1	4.065024E0
4.544728E1	3.092110E1	4.084145E0
4.548060E1	3.095872E1	4.074411E0
4.551392E1	3.102443E1	4.080627E0
4.554724E1	3.109330E1	4.088816E0
4.558056E1	3.111861E1	4.070825E0
4.561388E1	3.104212E1	4.070550E0
4.564720E1	3.098136E1	4.067634E0
4.568052E1	3.097099E1	4.064227E0
4.571384E1	3.094482E1	4.051553E0
4.574716E1	3.089289E1	4.052091E0
4.578047E1	3.091243E1	4.064838E0
4.581379E1	3.090806E1	4.063938E0
4.584711E1	3.094275E1	4.099067E0
4.588043E1	3.098216E1	4.122298E0
4.591375E1	3.095604E1	4.110368E0
4.594707E1	3.096395E1	4.118074E0
4.598039E1	3.097539E1	4.128220E0
4.601371E1	3.091255E1	4.107305E0
4.604703E1	3.074362E1	3.999882E0
4.608035E1	3.066647E1	3.934940E0
4.611367E1	3.068995E1	3.920644E0
4.614698E1	3.066409E1	3.887433E0
4.618030E1	3.067068E1	3.892643E0
4.621362E1	3.074267E1	3.964077E0
4.624694E1	3.088547E1	4.050889E0
4.628026E1	3.105488E1	4.106585E0
4.631358E1	3.112911E1	4.126816E0
4.634690E1	3.112904E1	4.154513E0
4.638022E1	3.123377E1	4.182064E0
4.641354E1	3.129652E1	4.226394E0
4.644686E1	3.134563E1	4.241276E0
4.648018E1	3.139840E1	4.275844E0
4.651349E1	3.140899E1	4.281600E0
4.654681E1	3.141488E1	4.285316E0
4.658013E1	3.147832E1	4.285296E0
4.661345E1	3.149952E1	4.254158E0
4.664677E1	3.150672E1	4.230555E0
4.668009E1	3.144895E1	4.213602E0
4.671341E1	3.147777E1	4.224870E0
4.674673E1	3.153312E1	4.233257E0
4.678005E1	3.157193E1	4.239690E0
4.681337E1	3.151916E1	4.226112E0
4.684669E1	3.152106E1	4.192737E0
4.688001E1	3.152117E1	4.219630E0
4.691332E1	3.147284E1	4.239740E0
4.694664E1	3.136928E1	4.227683E0
4.697996E1	3.136752E1	4.236296E0
4.701328E1	3.129427E1	4.268577E0
4.704660E1	3.115951E1	4.319263E0
4.707992E1	3.073102E1	4.345121E0
4.711324E1	3.032362E1	4.470685E0
4.714656E1	3.032429E1	4.583229E0
4.717988E1	3.048467E1	4.517700E0
4.721320E1	3.068417E1	4.351215E0
4.724652E1	3.077717E1	4.159688E0
4.727983E1	3.084325E1	4.058642E0
4.731315E1	3.090260E1	4.015910E0
4.734647E1	3.087237E1	3.967060E0
4.737979E1	3.084613E1	3.895570E0
4.741311E1	3.085335E1	3.848508E0
4.744643E1	3.082088E1	3.843813E0
4.747975E1	3.081406E1	3.859744E0
4.751307E1	3.083579E1	3.838932E0
4.754639E1	3.087286E1	3.859334E0
4.757971E1	3.088895E1	3.884558E0
4.761303E1	3.096236E1	3.959854E0
4.764635E1	3.095323E1	3.949290E0
4.767966E1	3.093073E1	3.927587E0
4.771298E1	3.094249E1	3.939216E0
4.774630E1	3.092459E1	3.965968E0
4.777962E1	3.091821E1	3.962609E0
4.781294E1	3.092936E1	3.969058E0
4.784626E1	3.090533E1	3.953985E0
4.787958E1	3.090467E1	3.953464E0
4.791290E1	3.088139E1	3.903352E0
4.794622E1	3.089681E1	3.860544E0
4.797954E1	3.087480E1	3.731995E0
4.801286E1	3.068270E1	3.670120E0
4.804617E1	3.047480E1	3.685687E0
4.807949E1	3.019016E1	3.627992E0
4.811281E1	3.002157E1	3.575678E0
4.814613E1	3.007969E1	3.586732E0
4.817945E1	3.015459E1	3.605752E0
4.821277E1	3.019698E1	3.604321E0
4.824609E1	3.028074E1	3.631747E0
4.827941E1	3.038588E1	3.662051E0
4.831273E1	3.039393E1	3.616006E0
4.834605E1	3.041678E1	3.628331E0
4.837937E1	3.052319E1	3.637418E0
4.841268E1	3.066689E1	3.688972E0
4.844600E1	3.075132E1	3.750874E0
4.847932E1	3.080385E1	3.789599E0
4.851264E1	3.082537E1	3.787634E0
4.854596E1	3.083723E1	3.792711E0
4.857928E1	3.088898E1	3.790763E0
4.861260E1	3.090983E1	3.730723E0
4.864592E1	3.100731E1	3.717883E0
4.867924E1	3.108250E1	3.737423E0
4.871256E1	3.114583E1	3.744670E0
4.874588E1	3.119890E1	3.746876E0
4.877920E1	3.118097E1	3.736751E0
4.881251E1	3.117937E1	3.734694E0
4.884583E1	3.114943E1	3.720833E0
4.887915E1	3.115933E1	3.734037E0
4.891247E1	3.111931E1	3.775036E0
4.894579E1	3.110597E1	3.835339E0
4.897911E1	3.111044E1	4.055522E0
4.901243E1	3.115918E1	4.055626E0
4.904575E1	3.117333E1	3.947858E0
4.907907E1	3.113016E1	3.905896E0
4.911239E1	3.108645E1	3.963574E0
4.914571E1	3.109597E1	3.927644E0
4.917902E1	3.117609E1	3.903008E0
4.921234E1	3.118966E1	3.908867E0
4.924566E1	3.121563E1	3.928666E0
4.927898E1	3.133912E1	3.984194E0
4.931230E1	3.147795E1	4.018712E0
4.934562E1	3.147434E1	4.013980E0
4.937894E1	3.149743E1	4.003342E0
4.941226E1	3.157832E1	4.020769E0
4.944558E1	3.161924E1	4.031753E0
4.947890E1	3.166413E1	4.046854E0
4.951222E1	3.158246E1	4.053368E0
4.954554E1	3.153749E1	4.066524E0
4.957885E1	3.153408E1	4.073268E0
4.961217E1	3.151935E1	4.096899E0
4.964549E1	3.154973E1	4.097647E0
4.967881E1	3.156886E1	4.076988E0
4.971213E1	3.154385E1	4.050224E0
4.974545E1	3.156662E1	4.064894E0
4.977877E1	3.156538E1	4.062219E0
4.981209E1	3.156643E1	4.061569E0
4.984541E1	3.155744E1	4.054208E0
4.987873E1	3.156122E1	4.054680E0
4.991205E1	3.155192E1	4.034224E0
4.994536E1	3.158937E1	4.025389E0
4.997868E1	3.160515E1	3.923877E0
5.001200E1	3.157403E1	3.884020E0
5.004532E1	3.150132E1	3.925476E0
5.007864E1	3.146606E1	3.910234E0
5.011196E1	3.136224E1	3.854726E0
5.014528E1	3.133469E1	3.830384E0
5.017860E1	3.138298E1	3.839214E0
5.021192E1	3.143339E1	3.869082E0
5.024524E1	3.157944E1	3.913097E0
5.027856E1	3.172707E1	3.938147E0
5.031187E1	3.181135E1	3.935259E0
5.034519E1	3.181721E1	3.934868E0
5.037851E1	3.183311E1	3.929088E0
5.041183E1	3.188806E1	3.932928E0
5.044515E1	3.200799E1	3.952625E0
5.047847E1	3.209533E1	3.980637E0
5.051179E1	3.217985E1	4.006832E0
5.054511E1	3.222417E1	3.996560E0
5.057843E1	3.228905E1	4.002243E0
5.061175E1	3.233767E1	3.999315E0
5.064507E1	3.236053E1	3.989849E0
5.067839E1	3.241784E1	3.968940E0
5.071170E1	3.249034E1	3.984115E0
5.074502E1	3.248351E1	3.978443E0
5.077834E1	3.248726E1	3.979822E0
5.081166E1	3.248953E1	3.980525E0
5.084498E1	3.245867E1	3.988517E0
5.087830E1	3.242741E1	3.987065E0
5.091162E1	3.240341E1	4.042146E0
5.094494E1	3.235002E1	4.155922E0
5.097826E1	3.234933E1	4.334807E0
5.101158E1	3.233389E1	4.264484E0
5.104490E1	3.232339E1	4.148973E0
5.107821E1	3.225374E1	4.162802E0
5.111153E1	3.218627E1	4.166775E0
5.114485E1	3.218568E1	4.153631E0
5.117817E1	3.222413E1	4.135879E0
5.121149E1	3.228617E1	4.118431E0
5.124481E1	3.227894E1	4.142508E0
5.127813E1	3.239517E1	4.157433E0
5.131145E1	3.252691E1	4.175610E0
5.134477E1	3.257275E1	4.174699E0
5.137809E1	3.256174E1	4.160261E0
5.141141E1	3.258057E1	4.176674E0
5.144472E1	3.255936E1	4.163431E0
5.147804E1	3.251980E1	4.169376E0
5.151136E1	3.251537E1	4.169263E0
5.154468E1	3.251241E1	4.200734E0
5.157800E1	3.254143E1	4.198173E0
5.161132E1	3.255773E1	4.204984E0
5.164464E1	3.255758E1	4.211494E0
5.167796E1	3.255232E1	4.206550E0
5.171128E1	3.251891E1	4.206595E0
5.174460E1	3.252743E1	4.221787E0
5.177792E1	3.254137E1	4.207928E0
5.181124E1	3.254240E1	4.209958E0
5.184455E1	3.253896E1	4.199504E0
5.187787E1	3.255738E1	4.204925E0
5.191119E1	3.251737E1	4.205269E0
5.194451E1	3.256985E1	4.196397E0
5.197783E1	3.260715E1	4.099474E0
5.201115E1	3.259992E1	4.086731E0
5.204447E1	3.257808E1	4.162290E0
5.207779E1	3.255085E1	4.152125E0
5.211111E1	3.245394E1	4.104487E0
5.214443E1	3.243952E1	4.089656E0
5.217775E1	3.245473E1	4.097915E0
5.221106E1	3.251055E1	4.101592E0
5.224438E1	3.263412E1	4.155231E0
5.227770E1	3.279032E1	4.200737E0
5.231102E1	3.290024E1	4.208205E0
5.234434E1	3.289681E1	4.193593E0
5.237766E1	3.290825E1	4.198895E0
5.241098E1	3.294774E1	4.153432E0
5.244430E1	3.295932E1	4.149048E0
5.247762E1	3.298234E1	4.145267E0
5.251094E1	3.297622E1	4.130056E0
5.254426E1	3.303043E1	4.140493E0
5.257758E1	3.309219E1	4.183270E0
5.261089E1	3.317749E1	4.240265E0
5.264421E1	3.332122E1	4.246879E0
5.267753E1	3.345388E1	4.252778E0
5.271085E1	3.359291E1	4.245624E0
5.274417E1	3.364688E1	4.248282E0
5.277749E1	3.364332E1	4.241813E0
5.281081E1	3.364880E1	4.242384E0
5.284413E1	3.362599E1	4.252207E0
5.287745E1	3.358922E1	4.244903E0
5.291077E1	3.355022E1	4.293231E0
5.294409E1	3.354054E1	4.360658E0
5.297740E1	3.353493E1	4.575774E0
5.301072E1	3.356042E1	4.626619E0
5.304404E1	3.357604E1	4.540798E0
5.307736E1	3.350117E1	4.513827E0
5.311068E1	3.346193E1	4.573886E0
5.314400E1	3.349565E1	4.532888E0
5.317732E1	3.353786E1	4.509926E0
5.321064E1	3.356887E1	4.527924E0
5.324396E1	3.361444E1	4.562201E0
5.327728E1	3.375725E1	4.567826E0
5.331060E1	3.381591E1	4.566192E0
5.334391E1	3.380907E1	4.558386E0
5.337723E1	3.385795E1	4.565387E0
5.341055E1	3.393198E1	4.579478E0
5.344387E1	3.398722E1	4.576550E0
5.347719E1	3.400975E1	4.575331E0
5.351051E1	3.393829E1	4.559767E0
5.354383E1	3.389652E1	4.590852E0
5.357715E1	3.389389E1	4.615418E0
5.361047E1	3.396118E1	4.632854E0
5.364379E1	3.401095E1	4.637628E0
5.367711E1	3.402197E1	4.676579E0
5.371043E1	3.399320E1	4.654529E0
5.374374E1	3.400044E1	4.669344E0
