	mass A		
t	x	y	
0.000000E0	5.070054E-1	6.211196E-2
3.331913E-2	6.057285E-1	7.852885E-2
6.663826E-2	6.761606E-1	6.494552E-2
9.995739E-2	7.878221E-1	5.901924E-2
1.332765E-1	9.236781E-1	6.692102E-2
1.665957E-1	1.042060E0	6.564257E-2
1.999148E-1	1.123411E0	5.084809E-2
2.332339E-1	1.181295E0	3.972588E-2
2.665530E-1	1.309920E0	3.782962E-2
2.998722E-1	1.453070E0	3.657432E-2
3.331913E-1	1.472340E0	5.062877E-2
3.665104E-1	1.456858E0	4.630473E-2
3.998296E-1	1.464591E0	5.234805E-2
4.331487E-1	1.464151E0	6.725713E-2
4.664678E-1	1.433889E0	8.308249E-2
4.997870E-1	1.495580E0	1.181437E-1
5.331061E-1	1.665516E0	2.687186E-1
5.664252E-1	1.708622E0	2.948308E-1
5.997443E-1	1.643710E0	1.605140E-1
6.330635E-1	1.556302E0	1.118346E-1
6.663826E-1	1.536638E0	1.200288E-1
6.997017E-1	1.525279E0	1.223991E-1
7.330209E-1	1.521039E0	1.139752E-1
7.663400E-1	1.538781E0	1.153888E-1
7.996591E-1	1.608261E0	1.121379E-1
8.329783E-1	1.723912E0	1.107921E-1
8.662974E-1	1.872799E0	1.317589E-1
8.996165E-1	1.930012E0	1.275218E-1
9.329357E-1	1.953708E0	1.143588E-1
9.662548E-1	2.029010E0	1.196133E-1
9.995739E-1	2.125690E0	1.046251E-1
1.032893E0	2.212203E0	1.150541E-1
1.066212E0	2.293624E0	1.167070E-1
1.099531E0	2.410339E0	1.254581E-1
1.132850E0	2.540194E0	1.400371E-1
1.166170E0	2.646606E0	1.444423E-1
1.199489E0	2.706658E0	1.474621E-1
1.232808E0	2.694492E0	1.490941E-1
1.266127E0	2.669456E0	1.420779E-1
1.299446E0	2.680911E0	1.476371E-1
1.332765E0	2.681778E0	1.497416E-1
1.366084E0	2.683656E0	1.516794E-1
1.399403E0	2.681127E0	1.512352E-1
1.432723E0	2.685662E0	1.483073E-1
1.466042E0	2.696481E0	1.417596E-1
1.499361E0	2.708356E0	1.492272E-1
1.532680E0	2.618336E0	1.317807E-1
1.565999E0	2.546570E0	8.515553E-2
1.599318E0	2.526541E0	1.126636E-1
1.632637E0	2.520986E0	1.024210E-1
1.665957E0	2.539031E0	9.616457E-2
1.699276E0	2.493903E0	4.350379E-2
1.732595E0	2.522595E0	5.002556E-2
1.765914E0	2.586440E0	5.329598E-2
1.799233E0	2.671318E0	7.134927E-2
1.832552E0	2.795441E0	9.593312E-2
1.865871E0	2.861607E0	1.073002E-1
1.899190E0	2.872988E0	1.052722E-1
1.932510E0	2.920996E0	9.931761E-2
1.965829E0	3.055830E0	1.010540E-1
1.999148E0	3.166056E0	1.210828E-1
2.032467E0	3.244657E0	1.390588E-1
2.065786E0	3.320123E0	1.291882E-1
2.099105E0	3.409496E0	1.353776E-1
2.132424E0	3.509020E0	1.229350E-1
2.165743E0	3.613956E0	1.237819E-1
2.199063E0	3.695238E0	1.302716E-1
2.232382E0	3.791726E0	1.029951E-1
2.265701E0	3.805341E0	7.728333E-2
2.299020E0	3.768081E0	5.719365E-2
2.332339E0	3.785572E0	6.840400E-2
2.365658E0	3.786249E0	7.089013E-2
2.398977E0	3.770703E0	6.851055E-2
2.432297E0	3.800550E0	9.158202E-2
2.465616E0	3.827690E0	1.023519E-1
2.498935E0	3.836544E0	1.329805E-1
2.532254E0	4.004213E0	3.017216E-1
2.565573E0	4.042567E0	3.414963E-1
2.598892E0	4.003169E0	2.228808E-1
2.632211E0	3.897009E0	1.383501E-1
2.665530E0	3.827231E0	1.246758E-1
2.698850E0	3.837693E0	1.367506E-1
2.732169E0	3.839472E0	1.355270E-1
2.765488E0	3.849401E0	1.354166E-1
2.798807E0	3.902296E0	1.346298E-1
2.832126E0	4.022169E0	1.399744E-1
2.865445E0	4.182907E0	1.326266E-1
2.898764E0	4.233756E0	1.240607E-1
2.932083E0	4.243565E0	1.322337E-1
2.965403E0	4.310166E0	1.314294E-1
2.998722E0	4.407264E0	1.575969E-1
3.032041E0	4.516183E0	1.679039E-1
3.065360E0	4.631912E0	1.798507E-1
3.098679E0	4.754817E0	1.728859E-1
3.131998E0	4.843527E0	1.915701E-1
3.165317E0	4.854819E0	2.268037E-1
3.198637E0	4.852160E0	2.281472E-1
3.231956E0	4.849303E0	2.280677E-1
3.265275E0	4.857497E0	2.399680E-1
3.298594E0	4.853221E0	2.385591E-1
3.331913E0	4.850557E0	2.370231E-1
3.365232E0	4.848577E0	2.365270E-1
3.398551E0	4.846602E0	2.370342E-1
3.431870E0	4.843552E0	2.322907E-1
3.465190E0	4.843827E0	2.343606E-1
3.498509E0	4.845505E0	2.338856E-1
3.531828E0	4.782284E0	2.150760E-1
3.565147E0	4.728073E0	1.627511E-1
3.598466E0	4.726695E0	2.185782E-1
3.631785E0	4.748751E0	2.199634E-1
3.665104E0	4.790860E0	2.214258E-1
3.698423E0	4.779478E0	2.130057E-1
3.731743E0	4.774103E0	2.100103E-1
3.765062E0	4.822582E0	2.199472E-1
3.798381E0	4.963673E0	2.414286E-1
3.831700E0	5.116318E0	2.805289E-1
3.865019E0	5.176074E0	2.946677E-1
3.898338E0	5.214991E0	2.867152E-1
3.931657E0	5.310151E0	2.896204E-1
3.964977E0	5.404344E0	3.263111E-1
3.998296E0	5.477016E0	3.169717E-1
4.031615E0	5.537413E0	3.135888E-1
4.064934E0	5.584589E0	2.785207E-1
4.098253E0	5.652603E0	2.671344E-1
4.131572E0	5.767618E0	2.415952E-1
4.164891E0	5.887798E0	2.164445E-1
4.198210E0	5.990567E0	2.034591E-1
4.231530E0	6.085935E0	1.777717E-1
4.264849E0	6.170699E0	1.662849E-1
4.298168E0	6.207178E0	1.494466E-1
4.331487E0	6.228903E0	1.583369E-1
4.364806E0	6.220713E0	1.557952E-1
4.398125E0	6.207260E0	1.524019E-1
4.431444E0	6.220428E0	1.705104E-1
4.464763E0	6.248636E0	1.967871E-1
4.498083E0	6.253007E0	2.306404E-1
4.531402E0	6.395503E0	4.179044E-1
4.564721E0	6.444750E0	5.305493E-1
4.598040E0	6.416084E0	4.194517E-1
4.631359E0	6.365083E0	3.779766E-1
4.664678E0	6.362140E0	3.884456E-1
4.697997E0	6.348828E0	3.694841E-1
4.731317E0	6.352081E0	3.514839E-1
4.764636E0	6.376088E0	3.502512E-1
4.797955E0	6.450325E0	3.680382E-1
4.831274E0	6.577142E0	3.606033E-1
4.864593E0	6.693525E0	3.621342E-1
4.897912E0	6.703185E0	3.647483E-1
4.931231E0	6.734988E0	3.550110E-1
4.964550E0	6.824080E0	3.651787E-1
4.997870E0	6.926993E0	3.666912E-1
5.031189E0	7.042790E0	3.607197E-1
5.064508E0	7.147049E0	3.619081E-1
5.097827E0	7.219015E0	3.762179E-1
5.131146E0	7.191068E0	4.016683E-1
5.164465E0	7.183743E0	4.070584E-1
5.197784E0	7.234115E0	4.109103E-1
5.231103E0	7.254260E0	4.086478E-1
5.264423E0	7.265162E0	4.166746E-1
5.297742E0	7.280614E0	4.256956E-1
5.331061E0	7.277966E0	4.233828E-1
5.364380E0	7.275394E0	4.207427E-1
5.397699E0	7.269816E0	4.183582E-1
5.431018E0	7.262767E0	4.123558E-1
5.464337E0	7.306164E0	3.773670E-1
5.497657E0	7.309663E0	3.622506E-1
5.530976E0	7.257923E0	3.020986E-1
5.564295E0	7.244113E0	2.252465E-1
5.597614E0	7.261356E0	2.963942E-1
5.630933E0	7.284838E0	2.916217E-1
5.664252E0	7.318539E0	2.667205E-1
5.697571E0	7.264669E0	2.365228E-1
5.730890E0	7.272525E0	2.439159E-1
5.764210E0	7.356098E0	2.505573E-1
5.797529E0	7.484951E0	2.705874E-1
5.830848E0	7.575952E0	2.897534E-1
5.864167E0	7.642419E0	3.036408E-1
5.897486E0	7.694422E0	3.056840E-1
5.930805E0	7.752094E0	3.075781E-1
5.964124E0	7.826825E0	3.121132E-1
5.997443E0	7.890044E0	2.878644E-1
6.030763E0	7.972440E0	2.925666E-1
6.064082E0	8.075229E0	2.886233E-1
6.097401E0	8.183522E0	2.893646E-1
6.130720E0	8.285711E0	2.804097E-1
6.164039E0	8.370218E0	2.842024E-1
6.197358E0	8.420397E0	2.742676E-1
6.230677E0	8.472974E0	2.628088E-1
6.263997E0	8.528107E0	2.651686E-1
6.297316E0	8.555303E0	2.612364E-1
6.330635E0	8.579383E0	2.725313E-1
6.363954E0	8.578127E0	2.750448E-1
6.397273E0	8.565441E0	2.738946E-1
6.430592E0	8.558910E0	2.822687E-1
6.463911E0	8.603823E0	3.319404E-1
6.497230E0	8.624390E0	3.757918E-1
6.530550E0	8.760669E0	5.248746E-1
6.563869E0	8.817414E0	6.522436E-1
6.597188E0	8.820813E0	5.164515E-1
6.630507E0	8.713845E0	4.115467E-1
6.663826E0	8.646995E0	4.161684E-1
6.697145E0	8.624742E0	4.236320E-1
6.730464E0	8.632817E0	4.101851E-1
6.763783E0	8.657184E0	4.051940E-1
6.797103E0	8.725068E0	3.952996E-1
6.830422E0	8.850270E0	4.192994E-1
6.863741E0	8.976558E0	4.387164E-1
6.897060E0	9.011295E0	4.353773E-1
6.930379E0	9.023783E0	4.407063E-1
6.963698E0	9.092088E0	4.462835E-1
6.997017E0	9.169358E0	4.386052E-1
7.030337E0	9.287461E0	4.450756E-1
7.063656E0	9.367222E0	4.615443E-1
7.096975E0	9.358030E0	4.724273E-1
7.130294E0	9.338721E0	4.877116E-1
7.163613E0	9.370101E0	5.138071E-1
7.196932E0	9.447311E0	5.010976E-1
7.230251E0	9.531667E0	5.244134E-1
7.263570E0	9.612889E0	5.342385E-1
7.296890E0	9.651546E0	5.514904E-1
7.330209E0	9.647298E0	5.512227E-1
7.363528E0	9.645446E0	5.501599E-1
7.396847E0	9.641892E0	5.490904E-1
7.430166E0	9.638124E0	5.462768E-1
7.463485E0	9.638630E0	5.422060E-1
7.496804E0	9.636774E0	5.369802E-1
7.530123E0	9.571466E0	4.730347E-1
7.563443E0	9.512305E0	3.760795E-1
7.596762E0	9.469721E0	4.164100E-1
7.630081E0	9.470048E0	4.059518E-1
7.663400E0	9.428879E0	3.522992E-1
7.696719E0	9.402591E0	3.361513E-1
7.730038E0	9.398539E0	3.218323E-1
7.763357E0	9.429088E0	3.351660E-1
7.796677E0	9.561900E0	3.294435E-1
7.829996E0	9.739797E0	3.612468E-1
7.863315E0	9.801569E0	3.728606E-1
7.896634E0	9.806981E0	3.779786E-1
7.929953E0	9.868973E0	3.978624E-1
7.963272E0	9.958081E0	4.186782E-1
7.996591E0	1.007575E1	4.322189E-1
8.029910E0	1.015920E1	4.247415E-1
8.063230E0	1.021985E1	4.217972E-1
8.096549E0	1.023608E1	3.998211E-1
8.129868E0	1.025678E1	3.799791E-1
8.163187E0	1.025279E1	3.725870E-1
8.196506E0	1.027298E1	3.520111E-1
8.229825E0	1.036840E1	3.667280E-1
8.263144E0	1.050571E1	3.791439E-1
8.296463E0	1.059169E1	3.931194E-1
8.329783E0	1.064011E1	4.223567E-1
8.363102E0	1.062352E1	4.171828E-1
8.396421E0	1.061504E1	4.151849E-1
8.429740E0	1.062141E1	4.294082E-1
8.463059E0	1.066107E1	4.740721E-1
8.496378E0	1.066265E1	5.253849E-1
8.529697E0	1.077622E1	6.791799E-1
8.563017E0	1.083034E1	7.811080E-1
8.596336E0	1.082887E1	6.415919E-1
8.629655E0	1.079205E1	6.295158E-1
8.662974E0	1.079971E1	6.874192E-1
8.696293E0	1.079167E1	6.606466E-1
8.729612E0	1.078204E1	6.332914E-1
8.762931E0	1.079083E1	6.318268E-1
8.796250E0	1.089736E1	6.508556E-1
8.829570E0	1.103756E1	6.664122E-1
8.862889E0	1.110943E1	6.718003E-1
8.896208E0	1.112050E1	6.763592E-1
8.929527E0	1.117530E1	6.753753E-1
8.962846E0	1.128604E1	6.730968E-1
8.996165E0	1.137698E1	6.733634E-1
9.029484E0	1.142799E1	6.752975E-1
9.062803E0	1.143850E1	6.964950E-1
9.096123E0	1.140541E1	7.368787E-1
9.129442E0	1.141845E1	7.449347E-1
9.162761E0	1.147681E1	7.426996E-1
9.196080E0	1.151974E1	7.396554E-1
9.229399E0	1.154757E1	7.339639E-1
9.262718E0	1.154689E1	7.310478E-1
9.296037E0	1.154815E1	7.331671E-1
9.329357E0	1.154984E1	7.331547E-1
9.362676E0	1.155330E1	7.340509E-1
9.395995E0	1.154783E1	7.326963E-1
9.429314E0	1.153672E1	7.239245E-1
9.462633E0	1.156478E1	7.220180E-1
9.495952E0	1.156594E1	7.067663E-1
9.529271E0	1.154112E1	6.334331E-1
9.562590E0	1.151807E1	5.657776E-1
9.595910E0	1.150451E1	6.216522E-1
9.629229E0	1.152883E1	6.355413E-1
9.662548E0	1.154806E1	5.719874E-1
9.695867E0	1.152955E1	5.531239E-1
9.729186E0	1.153584E1	5.589326E-1
9.762505E0	1.159099E1	5.691818E-1
9.795824E0	1.171431E1	5.852942E-1
9.829143E0	1.184881E1	6.255571E-1
9.862463E0	1.193459E1	6.398815E-1
9.895782E0	1.194374E1	6.481733E-1
9.929101E0	1.198857E1	6.468205E-1
9.962420E0	1.206058E1	6.653677E-1
9.995739E0	1.212666E1	6.791089E-1
1.002906E1	1.220489E1	6.674276E-1
1.006238E1	1.228518E1	6.670897E-1
1.009570E1	1.239738E1	6.714697E-1
1.012902E1	1.250768E1	6.632110E-1
1.016233E1	1.259023E1	6.386915E-1
1.019565E1	1.266969E1	6.187366E-1
1.022897E1	1.272301E1	6.142165E-1
1.026229E1	1.276092E1	6.151381E-1
1.029561E1	1.278665E1	6.211085E-1
1.032893E1	1.281105E1	6.106538E-1
1.036225E1	1.280994E1	6.047008E-1
1.039557E1	1.281199E1	6.052839E-1
1.042889E1	1.279483E1	6.288982E-1
1.046221E1	1.281998E1	6.519379E-1
1.049553E1	1.282859E1	7.025684E-1
1.052885E1	1.290557E1	8.490629E-1
1.056216E1	1.289629E1	9.218541E-1
1.059548E1	1.288225E1	8.414961E-1
1.062880E1	1.284411E1	7.982447E-1
1.066212E1	1.281408E1	8.093526E-1
1.069544E1	1.280173E1	8.087358E-1
1.072876E1	1.281856E1	8.137351E-1
1.076208E1	1.282981E1	8.095556E-1
1.079540E1	1.288876E1	8.243527E-1
1.082872E1	1.300633E1	8.332370E-1
1.086204E1	1.309707E1	8.262605E-1
1.089536E1	1.309562E1	8.251173E-1
1.092867E1	1.312804E1	8.329995E-1
1.096199E1	1.322697E1	8.199572E-1
1.099531E1	1.334015E1	8.261835E-1
1.102863E1	1.338756E1	8.209412E-1
1.106195E1	1.343123E1	8.179627E-1
1.109527E1	1.347483E1	8.477519E-1
1.112859E1	1.348088E1	8.661141E-1
1.116191E1	1.347447E1	8.703219E-1
1.119523E1	1.343882E1	9.115784E-1
1.122855E1	1.344999E1	9.247672E-1
1.126187E1	1.347369E1	9.193452E-1
1.129519E1	1.347517E1	9.201071E-1
1.132850E1	1.347856E1	9.219369E-1
1.136182E1	1.348397E1	9.239981E-1
1.139514E1	1.348121E1	9.233613E-1
1.142846E1	1.347329E1	9.182370E-1
1.146178E1	1.350413E1	9.161837E-1
1.149510E1	1.350679E1	8.928434E-1
1.152842E1	1.347025E1	8.109002E-1
1.156174E1	1.346892E1	7.057318E-1
1.159506E1	1.347508E1	7.577566E-1
1.162838E1	1.350582E1	7.734071E-1
1.166170E1	1.352509E1	7.102589E-1
1.169501E1	1.347272E1	6.881892E-1
1.172833E1	1.348625E1	7.002607E-1
1.176165E1	1.357256E1	7.068545E-1
1.179497E1	1.367218E1	7.516006E-1
1.182829E1	1.380321E1	7.656018E-1
1.186161E1	1.385512E1	7.861020E-1
1.189493E1	1.390137E1	8.114921E-1
1.192825E1	1.395805E1	8.000064E-1
1.196157E1	1.402562E1	8.103762E-1
1.199489E1	1.409957E1	8.117928E-1
1.202821E1	1.421115E1	8.120129E-1
1.206153E1	1.430652E1	8.064359E-1
1.209484E1	1.439808E1	7.942172E-1
1.212816E1	1.448667E1	7.973682E-1
1.216148E1	1.458742E1	7.956883E-1
1.219480E1	1.469485E1	7.939878E-1
1.222812E1	1.479562E1	7.803651E-1
1.226144E1	1.485617E1	7.739114E-1
1.229476E1	1.487964E1	7.851057E-1
1.232808E1	1.488458E1	7.911501E-1
1.236140E1	1.487829E1	7.909749E-1
1.239472E1	1.486496E1	7.867060E-1
1.242804E1	1.485195E1	7.905973E-1
1.246135E1	1.487942E1	8.378142E-1
1.249467E1	1.488187E1	8.769605E-1
1.252799E1	1.494672E1	1.024613E0
1.256131E1	1.497123E1	1.159426E0
1.259463E1	1.498122E1	1.107964E0
1.262795E1	1.493417E1	1.031200E0
1.266127E1	1.487908E1	1.026654E0
1.269459E1	1.486458E1	1.021275E0
1.272791E1	1.487810E1	1.016306E0
1.276123E1	1.491057E1	1.008657E0
1.279455E1	1.497663E1	1.019610E0
1.282787E1	1.508363E1	1.022321E0
1.286118E1	1.513985E1	1.045301E0
1.289450E1	1.514995E1	1.055090E0
1.292782E1	1.520416E1	1.050846E0
1.296114E1	1.531092E1	1.050689E0
1.299446E1	1.542159E1	1.054992E0
1.302778E1	1.548860E1	1.061213E0
1.306110E1	1.550518E1	1.047718E0
1.309442E1	1.548265E1	1.074561E0
1.312774E1	1.547574E1	1.082836E0
1.316106E1	1.549089E1	1.109061E0
1.319438E1	1.552682E1	1.099420E0
1.322769E1	1.554998E1	1.122758E0
1.326101E1	1.555451E1	1.126102E0
1.329433E1	1.554451E1	1.118190E0
1.332765E1	1.554265E1	1.117124E0
1.336097E1	1.554094E1	1.116342E0
1.339429E1	1.553905E1	1.116887E0
1.342761E1	1.553494E1	1.112911E0
1.346093E1	1.553706E1	1.103614E0
1.349425E1	1.553693E1	1.076178E0
1.352757E1	1.552842E1	1.010209E0
1.356089E1	1.553486E1	8.981695E-1
1.359421E1	1.554146E1	9.583960E-1
1.362752E1	1.553571E1	9.513777E-1
1.366084E1	1.550981E1	8.875483E-1
1.369416E1	1.548457E1	8.967794E-1
1.372748E1	1.549473E1	8.982923E-1
1.376080E1	1.557071E1	8.955230E-1
1.379412E1	1.568455E1	9.071074E-1
1.382744E1	1.580538E1	9.362064E-1
1.386076E1	1.587176E1	9.521326E-1
1.389408E1	1.591621E1	9.497843E-1
1.392740E1	1.598334E1	9.633092E-1
1.396072E1	1.602988E1	9.561329E-1
1.399403E1	1.609253E1	9.512446E-1
1.402735E1	1.619152E1	9.501543E-1
1.406067E1	1.630229E1	9.524247E-1
1.409399E1	1.641776E1	9.519713E-1
1.412731E1	1.651074E1	9.482789E-1
1.416063E1	1.658118E1	9.468161E-1
1.419395E1	1.665983E1	9.214453E-1
1.422727E1	1.675500E1	9.202121E-1
1.426059E1	1.683397E1	8.839937E-1
1.429391E1	1.686666E1	8.941457E-1
1.432723E1	1.686146E1	8.882783E-1
1.436055E1	1.686044E1	8.872504E-1
1.439386E1	1.684896E1	8.763233E-1
1.442718E1	1.683898E1	8.808205E-1
1.446050E1	1.685862E1	9.220952E-1
1.449382E1	1.681331E1	9.477871E-1
1.452714E1	1.685004E1	1.084965E0
1.456046E1	1.688451E1	1.201675E0
1.459378E1	1.689971E1	1.134900E0
1.462710E1	1.689320E1	1.090615E0
1.466042E1	1.689358E1	1.130366E0
1.469374E1	1.689007E1	1.134964E0
1.472706E1	1.689136E1	1.107502E0
1.476037E1	1.692339E1	1.108853E0
1.479369E1	1.695069E1	1.125703E0
1.482701E1	1.703215E1	1.155358E0
1.486033E1	1.713861E1	1.148949E0
1.489365E1	1.717295E1	1.145310E0
1.492697E1	1.720188E1	1.158951E0
1.496029E1	1.724453E1	1.153035E0
1.499361E1	1.729166E1	1.152970E0
1.502693E1	1.726260E1	1.192763E0
1.506025E1	1.724338E1	1.167068E0
1.509357E1	1.727939E1	1.156560E0
1.512689E1	1.735385E1	1.184129E0
1.516020E1	1.746660E1	1.204241E0
1.519352E1	1.752290E1	1.204162E0
1.522684E1	1.752724E1	1.210429E0
1.526016E1	1.752568E1	1.208787E0
1.529348E1	1.751817E1	1.199390E0
1.532680E1	1.752123E1	1.200380E0
1.536012E1	1.752260E1	1.203436E0
1.539344E1	1.752315E1	1.202282E0
1.542676E1	1.751522E1	1.193006E0
1.546008E1	1.753069E1	1.186612E0
1.549340E1	1.751631E1	1.146447E0
1.552671E1	1.753383E1	1.087766E0
1.556003E1	1.756661E1	9.743685E-1
1.559335E1	1.753214E1	1.026664E0
1.562667E1	1.753097E1	1.047292E0
1.565999E1	1.751630E1	9.873231E-1
1.569331E1	1.746036E1	9.695354E-1
1.572663E1	1.747024E1	9.747680E-1
1.575995E1	1.753227E1	9.897278E-1
1.579327E1	1.761164E1	9.830062E-1
1.582659E1	1.773747E1	1.008271E0
1.585991E1	1.781426E1	1.031624E0
1.589323E1	1.783685E1	1.022783E0
1.592654E1	1.792457E1	1.048695E0
1.595986E1	1.799434E1	1.059374E0
1.599318E1	1.807317E1	1.074110E0
1.602650E1	1.811693E1	1.072542E0
1.605982E1	1.816197E1	1.065861E0
1.609314E1	1.821633E1	1.061145E0
1.612646E1	1.825811E1	1.029908E0
1.615978E1	1.830338E1	1.032330E0
1.619310E1	1.834445E1	1.023484E0
1.622642E1	1.843051E1	1.015796E0
1.625974E1	1.853324E1	1.015225E0
1.629305E1	1.866603E1	1.022885E0
1.632637E1	1.873561E1	1.026444E0
1.635969E1	1.872292E1	1.017517E0
1.639301E1	1.871915E1	1.015846E0
1.642633E1	1.870691E1	1.016122E0
1.645965E1	1.872470E1	1.058012E0
1.649297E1	1.872921E1	1.105814E0
1.652629E1	1.876470E1	1.236696E0
1.655961E1	1.876361E1	1.388487E0
1.659293E1	1.875059E1	1.305708E0
1.662625E1	1.869984E1	1.234021E0
1.665957E1	1.869533E1	1.264161E0
1.669288E1	1.867103E1	1.244369E0
1.672620E1	1.867449E1	1.221557E0
1.675952E1	1.871415E1	1.187491E0
1.679284E1	1.874030E1	1.222887E0
1.682616E1	1.884012E1	1.235620E0
1.685948E1	1.893892E1	1.241765E0
1.689280E1	1.899480E1	1.240777E0
1.692612E1	1.906655E1	1.248874E0
1.695944E1	1.911958E1	1.267770E0
1.699276E1	1.916976E1	1.268001E0
1.702608E1	1.921750E1	1.276749E0
1.705939E1	1.924434E1	1.311466E0
1.709271E1	1.916429E1	1.331801E0
1.712603E1	1.915641E1	1.330224E0
1.715935E1	1.920711E1	1.329071E0
1.719267E1	1.921610E1	1.331237E0
1.722599E1	1.924688E1	1.363387E0
1.725931E1	1.925573E1	1.341398E0
1.729263E1	1.924508E1	1.347103E0
1.732595E1	1.925173E1	1.353306E0
1.735927E1	1.924547E1	1.348438E0
1.739259E1	1.923983E1	1.345512E0
1.742591E1	1.922114E1	1.333638E0
1.745922E1	1.927397E1	1.307368E0
1.749254E1	1.927769E1	1.282143E0
1.752586E1	1.928847E1	1.237498E0
1.755918E1	1.928455E1	1.123763E0
1.759250E1	1.924080E1	1.142469E0
1.762582E1	1.918957E1	1.179780E0
1.765914E1	1.916687E1	1.131855E0
1.769246E1	1.912111E1	1.118816E0
1.772578E1	1.914033E1	1.108922E0
1.775910E1	1.923651E1	1.136008E0
1.779242E1	1.931930E1	1.148500E0
1.782573E1	1.947357E1	1.160401E0
1.785905E1	1.955808E1	1.176069E0
1.789237E1	1.959643E1	1.173018E0
1.792569E1	1.965359E1	1.196208E0
1.795901E1	1.971032E1	1.210806E0
1.799233E1	1.976716E1	1.212605E0
1.802565E1	1.983782E1	1.226312E0
1.805897E1	1.991682E1	1.225668E0
1.809229E1	2.003896E1	1.236225E0
1.812561E1	2.011698E1	1.228706E0
1.815893E1	2.018112E1	1.226563E0
1.819225E1	2.021810E1	1.220370E0
1.822556E1	2.024235E1	1.222621E0
1.825888E1	2.027320E1	1.215753E0
1.829220E1	2.032021E1	1.212525E0
1.832552E1	2.034115E1	1.220438E0
1.835884E1	2.033622E1	1.218343E0
1.839216E1	2.032866E1	1.214580E0
1.842548E1	2.030019E1	1.209547E0
1.845880E1	2.031194E1	1.230714E0
1.849212E1	2.030297E1	1.260315E0
1.852544E1	2.033132E1	1.384700E0
1.855876E1	2.035638E1	1.542675E0
1.859207E1	2.033713E1	1.386025E0
1.862539E1	2.027862E1	1.321660E0
1.865871E1	2.027823E1	1.345668E0
1.869203E1	2.024541E1	1.320690E0
1.872535E1	2.025668E1	1.322797E0
1.875867E1	2.029817E1	1.331055E0
1.879199E1	2.033142E1	1.332399E0
1.882531E1	2.039167E1	1.336269E0
1.885863E1	2.049527E1	1.337756E0
1.889195E1	2.060258E1	1.345701E0
1.892527E1	2.064989E1	1.354529E0
1.895859E1	2.071630E1	1.369983E0
1.899190E1	2.078796E1	1.386907E0
1.902522E1	2.083474E1	1.388871E0
1.905854E1	2.086857E1	1.386102E0
1.909186E1	2.080310E1	1.417548E0
1.912518E1	2.078864E1	1.453181E0
1.915850E1	2.080952E1	1.433043E0
1.919182E1	2.085204E1	1.419697E0
1.922514E1	2.087935E1	1.439447E0
1.925846E1	2.087670E1	1.433536E0
1.929178E1	2.085628E1	1.421449E0
1.932510E1	2.088045E1	1.436870E0
1.935841E1	2.087950E1	1.432607E0
1.939173E1	2.087884E1	1.431310E0
1.942505E1	2.086221E1	1.422289E0
1.945837E1	2.089428E1	1.419053E0
1.949169E1	2.091800E1	1.373703E0
1.952501E1	2.094387E1	1.325428E0
1.955833E1	2.095492E1	1.218759E0
1.959165E1	2.090260E1	1.219226E0
1.962497E1	2.088112E1	1.254931E0
1.965829E1	2.086160E1	1.209204E0
1.969161E1	2.080884E1	1.200088E0
1.972493E1	2.082825E1	1.207898E0
1.975824E1	2.088052E1	1.208951E0
1.979156E1	2.098682E1	1.214621E0
1.982488E1	2.113953E1	1.237069E0
1.985820E1	2.121665E1	1.255409E0
1.989152E1	2.123990E1	1.245970E0
1.992484E1	2.131085E1	1.259896E0
1.995816E1	2.136883E1	1.257018E0
1.999148E1	2.142866E1	1.260120E0
2.002480E1	2.150098E1	1.274556E0
2.005812E1	2.159793E1	1.276061E0
2.009144E1	2.168828E1	1.261493E0
2.012475E1	2.171757E1	1.258142E0
2.015807E1	2.173063E1	1.262082E0
2.019139E1	2.175275E1	1.248886E0
2.022471E1	2.182623E1	1.249975E0
2.025803E1	2.192610E1	1.215955E0
2.029135E1	2.200416E1	1.248262E0
2.032467E1	2.199901E1	1.248498E0
2.035799E1	2.200000E1	1.251951E0
2.039131E1	2.198806E1	1.246025E0
2.042463E1	2.197276E1	1.243511E0
2.045795E1	2.197981E1	1.258415E0
2.049127E1	2.196133E1	1.293438E0
2.052458E1	2.196705E1	1.441035E0
2.055790E1	2.202760E1	1.665508E0
2.059122E1	2.206235E1	1.571979E0
2.062454E1	2.200418E1	1.480225E0
2.065786E1	2.192540E1	1.469953E0
2.069118E1	2.187546E1	1.467059E0
2.072450E1	2.189163E1	1.455268E0
2.075782E1	2.191926E1	1.450173E0
2.079114E1	2.194913E1	1.469960E0
2.082446E1	2.205560E1	1.475985E0
2.085778E1	2.218973E1	1.475532E0
2.089109E1	2.224528E1	1.474769E0
2.092441E1	2.226189E1	1.475393E0
2.095773E1	2.232180E1	1.482683E0
2.099105E1	2.238129E1	1.498005E0
2.102437E1	2.242628E1	1.509219E0
2.105769E1	2.238177E1	1.536382E0
2.109101E1	2.233831E1	1.568766E0
2.112433E1	2.236023E1	1.562521E0
2.115765E1	2.240722E1	1.563346E0
2.119097E1	2.246785E1	1.580853E0
2.122429E1	2.248516E1	1.608606E0
2.125761E1	2.250275E1	1.629851E0
2.129092E1	2.248520E1	1.617510E0
2.132424E1	2.248408E1	1.618969E0
2.135756E1	2.248406E1	1.621329E0
2.139088E1	2.248333E1	1.622188E0
2.142420E1	2.247831E1	1.619387E0
2.145752E1	2.249238E1	1.615042E0
2.149084E1	2.248355E1	1.603366E0
2.152416E1	2.251247E1	1.546902E0
2.155748E1	2.252457E1	1.450257E0
2.159080E1	2.249139E1	1.483354E0
2.162412E1	2.249540E1	1.526130E0
2.165743E1	2.254568E1	1.475996E0
2.169075E1	2.252857E1	1.416331E0
2.172407E1	2.250945E1	1.397149E0
2.175739E1	2.257110E1	1.410202E0
2.179071E1	2.265601E1	1.452522E0
2.182403E1	2.275516E1	1.495894E0
2.185735E1	2.284537E1	1.511292E0
2.189067E1	2.286781E1	1.538011E0
2.192399E1	2.296670E1	1.562687E0
2.195731E1	2.303732E1	1.604702E0
2.199063E1	2.312396E1	1.618795E0
2.202395E1	2.318351E1	1.610492E0
2.205726E1	2.321023E1	1.609035E0
2.209058E1	2.323891E1	1.589242E0
2.212390E1	2.327424E1	1.579591E0
2.215722E1	2.326542E1	1.563718E0
2.219054E1	2.329325E1	1.552448E0
2.222386E1	2.336079E1	1.551717E0
2.225718E1	2.346332E1	1.557469E0
2.229050E1	2.356777E1	1.552787E0
2.232382E1	2.362899E1	1.550177E0
2.235714E1	2.362918E1	1.549183E0
2.239046E1	2.362741E1	1.547361E0
2.242377E1	2.359820E1	1.557963E0
2.245709E1	2.360168E1	1.594256E0
2.249041E1	2.362593E1	1.624790E0
2.252373E1	2.366948E1	1.723950E0
2.255705E1	2.369462E1	1.934003E0
2.259037E1	2.368954E1	1.856615E0
2.262369E1	2.365856E1	1.739500E0
2.265701E1	2.358935E1	1.724668E0
2.269033E1	2.355793E1	1.721003E0
2.272365E1	2.357729E1	1.712596E0
2.275697E1	2.361191E1	1.702865E0
2.279029E1	2.364619E1	1.725440E0
2.282360E1	2.373604E1	1.727936E0
2.285692E1	2.384561E1	1.743978E0
2.289024E1	2.388461E1	1.769934E0
2.292356E1	2.391235E1	1.764791E0
2.295688E1	2.400856E1	1.761130E0
2.299020E1	2.409803E1	1.782442E0
2.302352E1	2.414941E1	1.787519E0
2.305684E1	2.418775E1	1.787333E0
2.309016E1	2.412394E1	1.807095E0
2.312348E1	2.408727E1	1.859810E0
2.315680E1	2.412794E1	1.866220E0
2.319011E1	2.419142E1	1.870610E0
2.322343E1	2.424580E1	1.883684E0
2.325675E1	2.425180E1	1.886338E0
2.329007E1	2.424317E1	1.875143E0
2.332339E1	2.424342E1	1.874896E0
2.335671E1	2.424874E1	1.877554E0
2.339003E1	2.424873E1	1.876418E0
2.342335E1	2.423465E1	1.869676E0
2.345667E1	2.425944E1	1.863521E0
2.348999E1	2.429325E1	1.831046E0
2.352331E1	2.430207E1	1.803979E0
2.355663E1	2.431739E1	1.708010E0
2.358994E1	2.426009E1	1.702854E0
2.362326E1	2.427088E1	1.764405E0
2.365658E1	2.428498E1	1.709938E0
2.368990E1	2.422728E1	1.689198E0
2.372322E1	2.423451E1	1.665017E0
2.375654E1	2.427181E1	1.684961E0
2.378986E1	2.436684E1	1.708172E0
2.382318E1	2.450776E1	1.708794E0
2.385650E1	2.461031E1	1.702064E0
2.388982E1	2.461678E1	1.698422E0
2.392314E1	2.464361E1	1.704210E0
2.395645E1	2.473120E1	1.709044E0
2.398977E1	2.481845E1	1.752147E0
2.402309E1	2.488178E1	1.750124E0
2.405641E1	2.496049E1	1.756049E0
2.408973E1	2.503460E1	1.771274E0
2.412305E1	2.504156E1	1.768387E0
2.415637E1	2.504282E1	1.755167E0
2.418969E1	2.508457E1	1.749803E0
2.422301E1	2.515353E1	1.732528E0
2.425633E1	2.527666E1	1.736498E0
2.428965E1	2.542499E1	1.747581E0
2.432297E1	2.551529E1	1.749465E0
2.435628E1	2.551329E1	1.746601E0
2.438960E1	2.550142E1	1.742427E0
2.442292E1	2.549592E1	1.741261E0
2.445624E1	2.549991E1	1.773952E0
2.448956E1	2.550657E1	1.815426E0
2.452288E1	2.551552E1	1.936628E0
2.455620E1	2.549926E1	2.157167E0
2.458952E1	2.553012E1	2.123986E0
2.462284E1	2.551148E1	2.032585E0
2.465616E1	2.546184E1	2.040886E0
2.468948E1	2.542160E1	2.037690E0
2.472279E1	2.542782E1	2.015555E0
2.475611E1	2.545910E1	2.007810E0
2.478943E1	2.548773E1	2.028957E0
2.482275E1	2.560425E1	2.019569E0
2.485607E1	2.575284E1	2.035080E0
2.488939E1	2.579546E1	2.036847E0
2.492271E1	2.577432E1	2.017524E0
2.495603E1	2.582598E1	2.017501E0
2.498935E1	2.590772E1	2.033347E0
2.502267E1	2.595300E1	2.037769E0
2.505599E1	2.589286E1	2.055849E0
2.508931E1	2.588303E1	2.057964E0
2.512262E1	2.594114E1	2.073932E0
2.515594E1	2.601229E1	2.086975E0
2.518926E1	2.606964E1	2.117552E0
2.522258E1	2.611017E1	2.128498E0
2.525590E1	2.610733E1	2.118347E0
2.528922E1	2.610265E1	2.109422E0
2.532254E1	2.611956E1	2.123606E0
2.535586E1	2.612030E1	2.123036E0
2.538918E1	2.612055E1	2.122588E0
2.542250E1	2.611609E1	2.118792E0
2.545582E1	2.613115E1	2.113178E0
2.548913E1	2.613591E1	2.090643E0
2.552245E1	2.617467E1	2.024387E0
2.555577E1	2.621306E1	1.896018E0
2.558909E1	2.618167E1	1.908239E0
2.562241E1	2.613603E1	1.951735E0
2.565573E1	2.612648E1	1.902528E0
2.568905E1	2.605907E1	1.879725E0
2.572237E1	2.606705E1	1.859202E0
2.575569E1	2.611554E1	1.885001E0
2.578901E1	2.625080E1	1.921757E0
2.582233E1	2.639267E1	1.914615E0
2.585565E1	2.642816E1	1.925666E0
2.588896E1	2.649709E1	1.950279E0
2.592228E1	2.653974E1	1.948209E0
2.595560E1	2.659823E1	1.951304E0
2.598892E1	2.668480E1	1.971708E0
2.602224E1	2.677948E1	1.967444E0
2.605556E1	2.679032E1	1.956244E0
2.608888E1	2.678856E1	1.952850E0
2.612220E1	2.683795E1	1.964154E0
2.615552E1	2.688265E1	1.971918E0
2.618884E1	2.694783E1	1.986206E0
2.622216E1	2.699957E1	1.977401E0
2.625547E1	2.707719E1	1.961045E0
2.628879E1	2.714997E1	1.944040E0
2.632211E1	2.716235E1	1.946137E0
2.635543E1	2.716370E1	1.944937E0
2.638875E1	2.716551E1	1.944084E0
2.642207E1	2.712826E1	1.950197E0
2.645539E1	2.711483E1	1.954565E0
2.648871E1	2.714499E1	1.992925E0
2.652203E1	2.717204E1	2.113502E0
2.655535E1	2.717049E1	2.315703E0
2.658867E1	2.715408E1	2.193392E0
2.662199E1	2.714129E1	2.132401E0
2.665530E1	2.708675E1	2.166273E0
2.668862E1	2.705598E1	2.164596E0
2.672194E1	2.705616E1	2.146942E0
2.675526E1	2.707919E1	2.153208E0
2.678858E1	2.708801E1	2.148858E0
2.682190E1	2.714952E1	2.153572E0
2.685522E1	2.731216E1	2.148585E0
2.688854E1	2.745697E1	2.164532E0
2.692186E1	2.748550E1	2.161676E0
2.695518E1	2.751859E1	2.173398E0
2.698850E1	2.759395E1	2.189541E0
2.702181E1	2.768890E1	2.221111E0
2.705513E1	2.772788E1	2.222869E0
2.708845E1	2.766555E1	2.245390E0
2.712177E1	2.760427E1	2.298240E0
2.715509E1	2.763534E1	2.317370E0
2.718841E1	2.767118E1	2.312292E0
2.722173E1	2.768100E1	2.322925E0
2.725505E1	2.767836E1	2.322327E0
2.728837E1	2.766985E1	2.315778E0
2.732169E1	2.766705E1	2.318334E0
2.735501E1	2.767459E1	2.322433E0
2.738833E1	2.767077E1	2.320817E0
2.742164E1	2.765410E1	2.314739E0
2.745496E1	2.767400E1	2.309507E0
2.748828E1	2.770113E1	2.292722E0
2.752160E1	2.775330E1	2.261392E0
2.755492E1	2.779658E1	2.160736E0
2.758824E1	2.779223E1	2.120231E0
2.762156E1	2.778871E1	2.217095E0
2.765488E1	2.778289E1	2.209630E0
2.768820E1	2.773068E1	2.165786E0
2.772152E1	2.768962E1	2.117304E0
2.775484E1	2.774425E1	2.116602E0
2.778815E1	2.784282E1	2.113062E0
2.782147E1	2.798315E1	2.133997E0
2.785479E1	2.805994E1	2.101164E0
2.788811E1	2.809530E1	2.092337E0
2.792143E1	2.811424E1	2.046514E0
2.795475E1	2.816351E1	2.013442E0
2.798807E1	2.826926E1	1.987506E0
2.802139E1	2.830955E1	1.980057E0
2.805471E1	2.831125E1	1.974944E0
2.808803E1	2.833247E1	2.033017E0
2.812135E1	2.838995E1	2.124534E0
2.815467E1	2.845039E1	2.152017E0
2.818798E1	2.851725E1	2.150029E0
2.822130E1	2.857603E1	2.130843E0
2.825462E1	2.862896E1	2.141030E0
2.828794E1	2.867962E1	2.140067E0
2.832126E1	2.870950E1	2.135152E0
2.835458E1	2.870699E1	2.133425E0
2.838790E1	2.870766E1	2.134016E0
2.842122E1	2.867799E1	2.141847E0
2.845454E1	2.865577E1	2.146104E0
2.848786E1	2.864466E1	2.195806E0
2.852118E1	2.864143E1	2.309071E0
2.855449E1	2.866656E1	2.526991E0
2.858781E1	2.866095E1	2.454478E0
2.862113E1	2.862309E1	2.373429E0
2.865445E1	2.850335E1	2.359672E0
2.868777E1	2.841490E1	2.337856E0
2.872109E1	2.846763E1	2.367330E0
2.875441E1	2.848608E1	2.344555E0
2.878773E1	2.853020E1	2.347770E0
2.882105E1	2.866190E1	2.362914E0
2.885437E1	2.882214E1	2.375396E0
2.888769E1	2.886855E1	2.397669E0
2.892101E1	2.885831E1	2.392815E0
2.895432E1	2.891124E1	2.390731E0
2.898764E1	2.900572E1	2.416386E0
2.902096E1	2.909395E1	2.427191E0
2.905428E1	2.911814E1	2.429109E0
2.908760E1	2.904649E1	2.445135E0
2.912092E1	2.899862E1	2.482711E0
2.915424E1	2.900226E1	2.475691E0
2.918756E1	2.903889E1	2.457146E0
2.922088E1	2.905492E1	2.479770E0
2.925420E1	2.905529E1	2.477735E0
2.928752E1	2.902429E1	2.456416E0
2.932083E1	2.903047E1	2.465361E0
2.935415E1	2.904177E1	2.467753E0
2.938747E1	2.904167E1	2.467411E0
2.942079E1	2.903155E1	2.459115E0
2.945411E1	2.905423E1	2.458226E0
2.948743E1	2.903882E1	2.442986E0
2.952075E1	2.906876E1	2.427507E0
2.955407E1	2.905080E1	2.318639E0
2.958739E1	2.899919E1	2.267553E0
2.962071E1	2.900441E1	2.318063E0
2.965403E1	2.904390E1	2.302630E0
2.968735E1	2.900974E1	2.261992E0
2.972066E1	2.894894E1	2.239041E0
2.975398E1	2.899120E1	2.244622E0
2.978730E1	2.909610E1	2.250097E0
2.982062E1	2.921339E1	2.279601E0
2.985394E1	2.932838E1	2.314630E0
2.988726E1	2.933056E1	2.334064E0
2.992058E1	2.938516E1	2.355470E0
2.995390E1	2.943977E1	2.366285E0
2.998722E1	2.948063E1	2.356179E0
3.002054E1	2.952227E1	2.354533E0
3.005386E1	2.955692E1	2.368090E0
3.008717E1	2.955603E1	2.355268E0
3.012049E1	2.959226E1	2.353389E0
3.015381E1	2.964118E1	2.352696E0
3.018713E1	2.971267E1	2.358824E0
3.022045E1	2.980621E1	2.362447E0
3.025377E1	2.987757E1	2.377554E0
3.028709E1	2.994297E1	2.386524E0
3.032041E1	2.994894E1	2.396398E0
3.035373E1	2.994172E1	2.396199E0
3.038705E1	2.993833E1	2.396724E0
3.042037E1	2.990194E1	2.384240E0
3.045369E1	2.988327E1	2.403787E0
3.048700E1	2.988127E1	2.433683E0
3.052032E1	2.987585E1	2.554553E0
3.055364E1	2.989709E1	2.833658E0
3.058696E1	2.990053E1	2.782850E0
3.062028E1	2.988185E1	2.671538E0
3.065360E1	2.982897E1	2.632313E0
3.068692E1	2.976977E1	2.628216E0
3.072024E1	2.976368E1	2.615956E0
3.075356E1	2.980667E1	2.603012E0
3.078688E1	2.983186E1	2.616803E0
3.082020E1	2.991178E1	2.617627E0
3.085351E1	3.004429E1	2.631783E0
3.088683E1	3.010180E1	2.640294E0
3.092015E1	3.010611E1	2.652034E0
3.095347E1	3.015931E1	2.659738E0
3.098679E1	3.022028E1	2.673574E0
3.102011E1	3.027221E1	2.680543E0
3.105343E1	3.031312E1	2.674295E0
3.108675E1	3.025737E1	2.683724E0
3.112007E1	3.019664E1	2.713008E0
3.115339E1	3.022142E1	2.725818E0
3.118671E1	3.023863E1	2.713550E0
3.122003E1	3.027340E1	2.739290E0
3.125334E1	3.028344E1	2.736782E0
3.128666E1	3.027310E1	2.730529E0
3.131998E1	3.026814E1	2.731865E0
3.135330E1	3.026952E1	2.731101E0
3.138662E1	3.026805E1	2.728296E0
3.141994E1	3.025453E1	2.721740E0
3.145326E1	3.026395E1	2.712072E0
3.148658E1	3.024291E1	2.696408E0
3.151990E1	3.026859E1	2.671618E0
3.155322E1	3.030086E1	2.541953E0
3.158654E1	3.025446E1	2.547798E0
3.161985E1	3.024437E1	2.598641E0
3.165317E1	3.026154E1	2.591825E0
3.168649E1	3.021771E1	2.568909E0
3.171981E1	3.017777E1	2.559016E0
3.175313E1	3.020177E1	2.557780E0
3.178645E1	3.026022E1	2.559905E0
3.181977E1	3.038402E1	2.604180E0
3.185309E1	3.053867E1	2.657668E0
3.188641E1	3.058348E1	2.662221E0
3.191973E1	3.056632E1	2.636765E0
3.195305E1	3.059057E1	2.636492E0
3.198637E1	3.064601E1	2.633841E0
3.201968E1	3.071199E1	2.649705E0
3.205300E1	3.071701E1	2.657893E0
3.208632E1	3.072589E1	2.667722E0
3.211964E1	3.077318E1	2.673397E0
3.215296E1	3.079926E1	2.650719E0
3.218628E1	3.082556E1	2.648328E0
3.221960E1	3.087070E1	2.621145E0
3.225292E1	3.088720E1	2.597939E0
3.228624E1	3.092617E1	2.594363E0
3.231956E1	3.092530E1	2.595624E0
3.235288E1	3.092867E1	2.598843E0
3.238619E1	3.092641E1	2.598757E0
3.241951E1	3.089529E1	2.606780E0
3.245283E1	3.087704E1	2.612420E0
3.248615E1	3.086972E1	2.658055E0
3.251947E1	3.085771E1	2.779248E0
3.255279E1	3.086892E1	2.980491E0
3.258611E1	3.087960E1	2.880174E0
3.261943E1	3.086727E1	2.781948E0
3.265275E1	3.081945E1	2.785587E0
3.268607E1	3.075302E1	2.776147E0
3.271939E1	3.075465E1	2.768453E0
3.275271E1	3.080329E1	2.757725E0
3.278602E1	3.087315E1	2.763087E0
3.281934E1	3.098486E1	2.778139E0
3.285266E1	3.103996E1	2.794236E0
3.288598E1	3.106027E1	2.816708E0
3.291930E1	3.108455E1	2.812052E0
3.295262E1	3.116155E1	2.826051E0
3.298594E1	3.126913E1	2.836184E0
3.301926E1	3.131495E1	2.847779E0
3.305258E1	3.131917E1	2.866221E0
3.308590E1	3.124987E1	2.873839E0
3.311922E1	3.121168E1	2.912354E0
3.315253E1	3.125157E1	2.919207E0
3.318585E1	3.125325E1	2.922882E0
3.321917E1	3.127234E1	2.948586E0
3.325249E1	3.129581E1	2.930409E0
3.328581E1	3.129461E1	2.922494E0
3.331913E1	3.127499E1	2.930121E0
3.335245E1	3.127113E1	2.931108E0
3.338577E1	3.126724E1	2.930415E0
3.341909E1	3.125693E1	2.926133E0
3.345241E1	3.127286E1	2.923280E0
3.348573E1	3.125279E1	2.907125E0
3.351905E1	3.127799E1	2.896568E0
3.355236E1	3.130667E1	2.773655E0
3.358568E1	3.124993E1	2.740162E0
3.361900E1	3.126183E1	2.819887E0
3.365232E1	3.131569E1	2.818004E0
3.368564E1	3.131277E1	2.783216E0
3.371896E1	3.125831E1	2.757693E0
3.375228E1	3.128147E1	2.772046E0
3.378560E1	3.135222E1	2.763830E0
3.381892E1	3.148027E1	2.784542E0
3.385224E1	3.158398E1	2.808673E0
3.388556E1	3.161482E1	2.804402E0
3.391887E1	3.165798E1	2.825470E0
3.395219E1	3.172002E1	2.858961E0
3.398551E1	3.174842E1	2.846183E0
3.401883E1	3.179246E1	2.821226E0
3.405215E1	3.179988E1	2.809874E0
3.408547E1	3.180883E1	2.807615E0
3.411879E1	3.185223E1	2.806167E0
3.415211E1	3.193597E1	2.820347E0
3.418543E1	3.204505E1	2.823044E0
3.421875E1	3.216836E1	2.809769E0
3.425207E1	3.226740E1	2.794472E0
3.428539E1	3.230147E1	2.782783E0
3.431870E1	3.229312E1	2.787387E0
3.435202E1	3.229739E1	2.792221E0
3.438534E1	3.230026E1	2.795177E0
3.441866E1	3.228009E1	2.792703E0
3.445198E1	3.226274E1	2.810736E0
3.448530E1	3.226457E1	2.875129E0
3.451862E1	3.227018E1	3.024265E0
3.455194E1	3.231567E1	3.241113E0
3.458526E1	3.233647E1	3.133236E0
3.461858E1	3.230034E1	3.025302E0
3.465190E1	3.221979E1	2.988015E0
3.468521E1	3.213279E1	2.966369E0
3.471853E1	3.213178E1	2.966090E0
3.475185E1	3.218314E1	2.958806E0
3.478517E1	3.223047E1	2.951431E0
3.481849E1	3.234051E1	2.964791E0
3.485181E1	3.246741E1	2.977345E0
3.488513E1	3.252385E1	2.987242E0
3.491845E1	3.253891E1	3.005589E0
3.495177E1	3.261367E1	3.005369E0
3.498509E1	3.272015E1	3.021560E0
3.501841E1	3.276008E1	3.054288E0
3.505173E1	3.278559E1	3.055870E0
3.508504E1	3.281586E1	3.088709E0
3.511836E1	3.272434E1	3.114001E0
3.515168E1	3.272963E1	3.110667E0
3.518500E1	3.275337E1	3.119376E0
3.521832E1	3.276949E1	3.138972E0
3.525164E1	3.279082E1	3.136714E0
3.528496E1	3.278162E1	3.125620E0
3.531828E1	3.278045E1	3.123042E0
3.535160E1	3.279504E1	3.126935E0
3.538492E1	3.279493E1	3.126472E0
3.541824E1	3.277936E1	3.119497E0
3.545155E1	3.278789E1	3.117015E0
3.548487E1	3.278246E1	3.112662E0
3.551819E1	3.278774E1	3.120163E0
3.555151E1	3.280149E1	3.060370E0
3.558483E1	3.276020E1	3.042488E0
3.561815E1	3.272470E1	3.075337E0
3.565147E1	3.275679E1	3.072173E0
3.568479E1	3.271955E1	3.018551E0
3.571811E1	3.268234E1	3.006866E0
3.575143E1	3.270174E1	3.023623E0
3.578475E1	3.273824E1	3.016810E0
3.581807E1	3.284759E1	3.028963E0
3.585138E1	3.299650E1	3.047387E0
3.588470E1	3.309995E1	3.111784E0
3.591802E1	3.310124E1	3.089853E0
3.595134E1	3.309292E1	3.033181E0
3.598466E1	3.313934E1	3.010919E0
3.601798E1	3.318484E1	3.044566E0
3.605130E1	3.323731E1	3.073043E0
3.608462E1	3.329873E1	3.081068E0
3.611794E1	3.337936E1	3.080158E0
3.615126E1	3.339497E1	3.057583E0
3.618458E1	3.340110E1	3.042895E0
3.621789E1	3.339448E1	3.012074E0
3.625121E1	3.339380E1	2.998385E0
3.628453E1	3.343648E1	2.979011E0
3.631785E1	3.351468E1	2.964309E0
3.635117E1	3.352239E1	2.965840E0
3.638449E1	3.351646E1	2.956473E0
3.641781E1	3.351221E1	2.957352E0
3.645113E1	3.350723E1	2.980133E0
3.648445E1	3.349900E1	3.047893E0
3.651777E1	3.350960E1	3.183833E0
3.655109E1	3.350012E1	3.376865E0
3.658441E1	3.355360E1	3.330779E0
3.661772E1	3.352647E1	3.262751E0
3.665104E1	3.345861E1	3.229096E0
3.668436E1	3.337323E1	3.236827E0
3.671768E1	3.336635E1	3.228137E0
3.675100E1	3.341191E1	3.221291E0
3.678432E1	3.343019E1	3.229072E0
3.681764E1	3.351383E1	3.228251E0
3.685096E1	3.363250E1	3.258029E0
3.688428E1	3.369125E1	3.275772E0
3.691760E1	3.369913E1	3.278381E0
3.695092E1	3.375161E1	3.282568E0
3.698423E1	3.379588E1	3.305686E0
3.701755E1	3.385265E1	3.317382E0
3.705087E1	3.383842E1	3.314184E0
3.708419E1	3.373422E1	3.360549E0
3.711751E1	3.373862E1	3.367402E0
3.715083E1	3.378424E1	3.360956E0
3.718415E1	3.379369E1	3.394141E0
3.721747E1	3.380036E1	3.431042E0
3.725079E1	3.386130E1	3.436336E0
3.728411E1	3.387053E1	3.434603E0
3.731743E1	3.387253E1	3.442053E0
3.735075E1	3.387960E1	3.445453E0
3.738406E1	3.387324E1	3.444170E0
3.741738E1	3.386448E1	3.441256E0
3.745070E1	3.385530E1	3.433082E0
3.748402E1	3.383867E1	3.421117E0
3.751734E1	3.384364E1	3.416766E0
3.755066E1	3.392503E1	3.331947E0
3.758398E1	3.389912E1	3.284016E0
3.761730E1	3.385633E1	3.344389E0
3.765062E1	3.380322E1	3.314497E0
3.768394E1	3.375456E1	3.283529E0
3.771726E1	3.373990E1	3.273831E0
3.775057E1	3.374387E1	3.277791E0
3.778389E1	3.378330E1	3.271892E0
3.781721E1	3.390126E1	3.310984E0
3.785053E1	3.405852E1	3.328206E0
3.788385E1	3.413653E1	3.334809E0
3.791717E1	3.417868E1	3.332015E0
3.795049E1	3.423479E1	3.334750E0
3.798381E1	3.427901E1	3.325106E0
3.801713E1	3.435774E1	3.339813E0
3.805045E1	3.444742E1	3.364169E0
3.808377E1	3.452633E1	3.374540E0
3.811709E1	3.456329E1	3.369344E0
3.815040E1	3.453456E1	3.363159E0
3.818372E1	3.453932E1	3.369189E0
3.821704E1	3.456003E1	3.354499E0
3.825036E1	3.461611E1	3.356405E0
3.828368E1	3.469076E1	3.356985E0
3.831700E1	3.473355E1	3.354133E0
3.835032E1	3.473304E1	3.359418E0
3.838364E1	3.473043E1	3.359941E0
3.841696E1	3.469861E1	3.362769E0
3.845028E1	3.471942E1	3.372686E0
3.848360E1	3.473150E1	3.432775E0
3.851691E1	3.475478E1	3.562247E0
3.855023E1	3.479189E1	3.726107E0
3.858355E1	3.484952E1	3.709875E0
3.861687E1	3.480748E1	3.643285E0
3.865019E1	3.469038E1	3.582102E0
3.868351E1	3.457604E1	3.570829E0
3.871683E1	3.457522E1	3.560784E0
3.875015E1	3.464393E1	3.555051E0
3.878347E1	3.467401E1	3.540256E0
3.881679E1	3.477065E1	3.541576E0
3.885011E1	3.491449E1	3.579064E0
3.888343E1	3.501104E1	3.587441E0
3.891674E1	3.502059E1	3.595525E0
3.895006E1	3.502030E1	3.597817E0
3.898338E1	3.502410E1	3.630897E0
3.901670E1	3.507674E1	3.650022E0
3.905002E1	3.512250E1	3.645603E0
3.908334E1	3.511626E1	3.644494E0
3.911666E1	3.505425E1	3.679621E0
3.914998E1	3.503138E1	3.709105E0
3.918330E1	3.500948E1	3.691200E0
3.921662E1	3.500641E1	3.697135E0
3.924994E1	3.502450E1	3.718271E0
3.928325E1	3.501826E1	3.708768E0
3.931657E1	3.501801E1	3.706269E0
3.934989E1	3.501796E1	3.704185E0
3.938321E1	3.501731E1	3.702541E0
3.941653E1	3.500745E1	3.697613E0
3.944985E1	3.498549E1	3.697199E0
3.948317E1	3.504607E1	3.639995E0
3.951649E1	3.512402E1	3.620640E0
3.954981E1	3.523704E1	3.552162E0
3.958313E1	3.517325E1	3.561515E0
3.961645E1	3.514097E1	3.633557E0
3.964977E1	3.511534E1	3.618009E0
3.968308E1	3.504565E1	3.571781E0
3.971640E1	3.505162E1	3.573910E0
3.974972E1	3.505311E1	3.573728E0
3.978304E1	3.512833E1	3.596301E0
3.981636E1	3.527438E1	3.625870E0
3.984968E1	3.538931E1	3.633451E0
3.988300E1	3.537334E1	3.617775E0
3.991632E1	3.542761E1	3.617349E0
3.994964E1	3.552496E1	3.644514E0
3.998296E1	3.562589E1	3.657607E0
4.001628E1	3.567734E1	3.674219E0
4.004959E1	3.575596E1	3.691428E0
4.008291E1	3.581811E1	3.671838E0
4.011623E1	3.586701E1	3.688321E0
4.014955E1	3.587911E1	3.676330E0
4.018287E1	3.589557E1	3.685256E0
4.021619E1	3.594255E1	3.693126E0
4.024951E1	3.598302E1	3.673013E0
4.028283E1	3.603463E1	3.670624E0
4.031615E1	3.608554E1	3.693163E0
4.034947E1	3.607855E1	3.690844E0
4.038279E1	3.607280E1	3.688204E0
4.041611E1	3.604065E1	3.676234E0
4.044942E1	3.601431E1	3.694292E0
4.048274E1	3.600852E1	3.724895E0
4.051606E1	3.601594E1	3.774417E0
4.054938E1	3.603417E1	3.972214E0
4.058270E1	3.601637E1	3.925934E0
4.061602E1	3.597759E1	3.789133E0
4.064934E1	3.587624E1	3.727994E0
4.068266E1	3.580928E1	3.754303E0
4.071598E1	3.579775E1	3.729653E0
4.074930E1	3.585230E1	3.738926E0
4.078262E1	3.584874E1	3.741178E0
4.081593E1	3.590999E1	3.752576E0
4.084925E1	3.601822E1	3.771321E0
4.088257E1	3.611661E1	3.790772E0
4.091589E1	3.614709E1	3.783842E0
4.094921E1	3.615825E1	3.788377E0
4.098253E1	3.615745E1	3.823886E0
4.101585E1	3.618305E1	3.853805E0
4.104917E1	3.622181E1	3.841277E0
4.108249E1	3.625752E1	3.849752E0
4.111581E1	3.623821E1	3.901630E0
4.114913E1	3.619297E1	3.908459E0
4.118245E1	3.619256E1	3.900746E0
4.121576E1	3.620754E1	3.906314E0
4.124908E1	3.622008E1	3.916595E0
4.128240E1	3.621459E1	3.903396E0
4.131572E1	3.621844E1	3.905491E0
4.134904E1	3.622291E1	3.905706E0
4.138236E1	3.622381E1	3.904907E0
4.141568E1	3.620756E1	3.897221E0
4.144900E1	3.621922E1	3.894807E0
4.148232E1	3.628557E1	3.843148E0
4.151564E1	3.630753E1	3.836187E0
4.154896E1	3.634212E1	3.742738E0
4.158227E1	3.627529E1	3.694582E0
4.161559E1	3.621848E1	3.742322E0
4.164891E1	3.622788E1	3.757361E0
4.168223E1	3.615145E1	3.716086E0
4.171555E1	3.611774E1	3.688556E0
4.174887E1	3.612589E1	3.693690E0
4.178219E1	3.619777E1	3.707400E0
4.181551E1	3.634059E1	3.739754E0
4.184883E1	3.648192E1	3.759612E0
4.188215E1	3.651145E1	3.741043E0
4.191547E1	3.653527E1	3.722127E0
4.194879E1	3.662116E1	3.742857E0
4.198210E1	3.671611E1	3.768925E0
4.201542E1	3.681936E1	3.788704E0
4.204874E1	3.689729E1	3.793990E0
4.208206E1	3.698587E1	3.785283E0
4.211538E1	3.706154E1	3.786578E0
4.214870E1	3.709264E1	3.763280E0
4.218202E1	3.711037E1	3.770980E0
4.221534E1	3.711063E1	3.770223E0
4.224866E1	3.713230E1	3.775510E0
4.228198E1	3.715235E1	3.755189E0
4.231530E1	3.718410E1	3.777371E0
4.234861E1	3.717534E1	3.775977E0
4.238193E1	3.717244E1	3.777117E0
4.241525E1	3.715334E1	3.770098E0
4.244857E1	3.714218E1	3.777833E0
4.248189E1	3.712168E1	3.820997E0
4.251521E1	3.712261E1	3.912862E0
4.254853E1	3.711013E1	4.115566E0
4.258185E1	3.707891E1	4.069483E0
4.261517E1	3.707188E1	4.009230E0
4.264849E1	3.703128E1	4.034485E0
4.268181E1	3.701766E1	4.064702E0
4.271513E1	3.704676E1	4.011685E0
4.274844E1	3.708038E1	4.003554E0
4.278176E1	3.709675E1	3.996586E0
4.281508E1	3.716395E1	4.008133E0
4.284840E1	3.727550E1	4.007089E0
4.288172E1	3.733331E1	4.027253E0
4.291504E1	3.734754E1	4.045501E0
4.294836E1	3.736593E1	4.032570E0
4.298168E1	3.742648E1	4.048057E0
4.301500E1	3.745150E1	4.064105E0
4.304832E1	3.746558E1	4.069875E0
4.308164E1	3.747798E1	4.046948E0
4.311495E1	3.750248E1	4.081545E0
4.314827E1	3.755668E1	4.112096E0
4.318159E1	3.756906E1	4.139584E0
4.321491E1	3.756076E1	4.136597E0
4.324823E1	3.755357E1	4.137622E0
4.328155E1	3.756257E1	4.154049E0
4.331487E1	3.755997E1	4.157511E0
4.334819E1	3.755895E1	4.157063E0
4.338151E1	3.755666E1	4.157304E0
4.341483E1	3.754063E1	4.151680E0
4.344815E1	3.754734E1	4.148624E0
4.348147E1	3.755846E1	4.130366E0
4.351478E1	3.759591E1	4.115910E0
4.354810E1	3.763255E1	4.046187E0
4.358142E1	3.757694E1	4.005356E0
4.361474E1	3.751906E1	4.063997E0
4.364806E1	3.750418E1	4.082760E0
4.368138E1	3.745386E1	4.055075E0
4.371470E1	3.744249E1	4.041026E0
4.374802E1	3.749041E1	4.052229E0
4.378134E1	3.757016E1	4.094456E0
4.381466E1	3.771825E1	4.111254E0
4.384798E1	3.783390E1	4.124355E0
4.388129E1	3.783389E1	4.127330E0
4.391461E1	3.785082E1	4.112575E0
4.394793E1	3.788057E1	4.064357E0
4.398125E1	3.797818E1	4.078372E0
4.401457E1	3.811101E1	4.136602E0
4.404789E1	3.823523E1	4.167779E0
4.408121E1	3.831941E1	4.174004E0
4.411453E1	3.841218E1	4.179010E0
4.414785E1	3.850081E1	4.195779E0
4.418117E1	3.860041E1	4.197510E0
4.421449E1	3.865821E1	4.194715E0
4.424781E1	3.868392E1	4.192216E0
4.428112E1	3.869843E1	4.186041E0
4.431444E1	3.870317E1	4.189265E0
4.434776E1	3.870660E1	4.192001E0
4.438108E1	3.870810E1	4.192468E0
4.441440E1	3.868808E1	4.186490E0
4.444772E1	3.866033E1	4.199578E0
4.448104E1	3.863170E1	4.243783E0
4.451436E1	3.864302E1	4.318738E0
4.454768E1	3.864644E1	4.518217E0
4.458100E1	3.867835E1	4.563910E0
4.461432E1	3.867511E1	4.456741E0
4.464763E1	3.855756E1	4.362769E0
4.468095E1	3.844372E1	4.368113E0
4.471427E1	3.843843E1	4.355029E0
4.474759E1	3.850957E1	4.354952E0
4.478091E1	3.853641E1	4.347692E0
4.481423E1	3.861083E1	4.360262E0
4.484755E1	3.876156E1	4.367758E0
4.488087E1	3.886271E1	4.386347E0
4.491419E1	3.887087E1	4.396643E0
4.494751E1	3.884779E1	4.418652E0
4.498083E1	3.887468E1	4.427748E0
4.501415E1	3.891792E1	4.447998E0
4.504746E1	3.894442E1	4.461278E0
4.508078E1	3.890273E1	4.468755E0
4.511410E1	3.891410E1	4.465314E0
4.514742E1	3.898635E1	4.500652E0
4.518074E1	3.907828E1	4.524403E0
4.521406E1	3.912197E1	4.557439E0
4.524738E1	3.912913E1	4.567526E0
4.528070E1	3.910942E1	4.558484E0
4.531402E1	3.910375E1	4.559442E0
4.534734E1	3.910541E1	4.564853E0
4.538066E1	3.910603E1	4.568048E0
4.541397E1	3.909997E1	4.569560E0
4.544729E1	3.909914E1	4.566418E0
4.548061E1	3.911997E1	4.546629E0
4.551393E1	3.913232E1	4.509041E0
4.554725E1	3.920861E1	4.416401E0
4.558057E1	3.914805E1	4.346852E0
4.561389E1	3.908351E1	4.397956E0
4.564721E1	3.903621E1	4.405796E0
4.568053E1	3.893001E1	4.355571E0
4.571385E1	3.894324E1	4.348287E0
4.574717E1	3.898887E1	4.370315E0
4.578049E1	3.904364E1	4.404863E0
4.581380E1	3.914767E1	4.438101E0
4.584712E1	3.927673E1	4.454135E0
4.588044E1	3.936279E1	4.442143E0
4.591376E1	3.940840E1	4.448300E0
4.594708E1	3.945697E1	4.468847E0
4.598040E1	3.952504E1	4.470377E0
4.601372E1	3.962072E1	4.495562E0
4.604704E1	3.970743E1	4.505414E0
4.608036E1	3.979086E1	4.520042E0
4.611368E1	3.984343E1	4.509952E0
4.614700E1	3.988712E1	4.509383E0
4.618031E1	3.989744E1	4.511171E0
4.621363E1	3.990683E1	4.502250E0
4.624695E1	3.991965E1	4.469957E0
4.628027E1	3.992005E1	4.453204E0
4.631359E1	3.992933E1	4.455625E0
4.634691E1	3.992847E1	4.454677E0
4.638023E1	3.992749E1	4.453904E0
4.641355E1	3.990257E1	4.448396E0
4.644687E1	3.987263E1	4.459573E0
4.648019E1	3.987532E1	4.479781E0
4.651351E1	3.984429E1	4.560554E0
4.654683E1	3.982720E1	4.757673E0
4.658014E1	3.989299E1	4.804080E0
4.661346E1	3.989767E1	4.680979E0
4.664678E1	3.976173E1	4.575841E0
4.668010E1	3.964046E1	4.595970E0
4.671342E1	3.964014E1	4.597995E0
4.674674E1	3.969454E1	4.601791E0
4.678006E1	3.971207E1	4.604604E0
4.681338E1	3.980031E1	4.613191E0
4.684670E1	3.993701E1	4.624720E0
4.688002E1	4.003914E1	4.650855E0
4.691334E1	4.005616E1	4.670828E0
4.694665E1	4.006718E1	4.685217E0
4.697997E1	4.011376E1	4.686367E0
4.701329E1	4.016005E1	4.704335E0
4.704661E1	4.021255E1	4.726562E0
4.707993E1	4.017201E1	4.763135E0
4.711325E1	4.011541E1	4.769271E0
4.714657E1	4.012646E1	4.784791E0
4.717989E1	4.013517E1	4.784642E0
4.721321E1	4.014950E1	4.792846E0
4.724653E1	4.014134E1	4.778480E0
4.727985E1	4.014382E1	4.779937E0
4.731317E1	4.014479E1	4.782430E0
4.734648E1	4.014749E1	4.781658E0
4.737980E1	4.014787E1	4.781108E0
4.741312E1	4.013729E1	4.777856E0
4.744644E1	4.015242E1	4.774924E0
4.747976E1	4.016066E1	4.747180E0
4.751308E1	4.017575E1	4.732965E0
4.754640E1	4.025110E1	4.630973E0
4.757972E1	4.026825E1	4.584757E0
4.761304E1	4.019122E1	4.642317E0
4.764636E1	4.015385E1	4.665557E0
4.767968E1	4.005419E1	4.625044E0
4.771299E1	4.005592E1	4.614345E0
4.774631E1	4.009206E1	4.630622E0
4.777963E1	4.013249E1	4.651215E0
4.781295E1	4.024256E1	4.673767E0
4.784627E1	4.038842E1	4.690115E0
4.787959E1	4.048162E1	4.678843E0
4.791291E1	4.050540E1	4.669350E0
4.794623E1	4.052363E1	4.657296E0
4.797955E1	4.060922E1	4.680950E0
4.801287E1	4.070359E1	4.698919E0
4.804619E1	4.078854E1	4.708319E0
4.807951E1	4.087222E1	4.723206E0
4.811282E1	4.096818E1	4.723926E0
4.814614E1	4.104141E1	4.716857E0
4.817946E1	4.106590E1	4.696788E0
4.821278E1	4.108119E1	4.690645E0
4.824610E1	4.112618E1	4.673810E0
4.827942E1	4.117336E1	4.660288E0
4.831274E1	4.119302E1	4.665870E0
4.834606E1	4.119584E1	4.663765E0
4.837938E1	4.119567E1	4.660159E0
4.841270E1	4.119232E1	4.657251E0
4.844602E1	4.115351E1	4.666971E0
4.847933E1	4.113207E1	4.684193E0
4.851265E1	4.112998E1	4.767524E0
4.854597E1	4.110292E1	4.982811E0
4.857929E1	4.110580E1	4.982056E0
4.861261E1	4.110998E1	4.898987E0
4.864593E1	4.101748E1	4.857697E0
4.867925E1	4.092241E1	4.865579E0
4.871257E1	4.093676E1	4.862874E0
4.874589E1	4.096234E1	4.862582E0
4.877921E1	4.097465E1	4.869053E0
4.881253E1	4.103391E1	4.876727E0
4.884585E1	4.116742E1	4.886064E0
4.887916E1	4.126307E1	4.895294E0
4.891248E1	4.127081E1	4.897556E0
4.894580E1	4.129514E1	4.890725E0
4.897912E1	4.135818E1	4.902609E0
4.901244E1	4.144360E1	4.929420E0
4.904576E1	4.149724E1	4.939570E0
4.907908E1	4.145324E1	4.928703E0
4.911240E1	4.144057E1	4.938807E0
4.914572E1	4.147020E1	4.941918E0
4.917904E1	4.147249E1	4.942176E0
4.921236E1	4.147636E1	4.966058E0
4.924567E1	4.147950E1	4.974821E0
4.927899E1	4.147134E1	4.967135E0
4.931231E1	4.146963E1	4.970723E0
4.934563E1	4.147478E1	4.975363E0
4.937895E1	4.147484E1	4.976745E0
4.941227E1	4.146746E1	4.974930E0
4.944559E1	4.147559E1	4.975396E0
4.947891E1	4.148068E1	4.961198E0
4.951223E1	4.151710E1	4.956730E0
4.954555E1	4.157429E1	4.865758E0
4.957887E1	4.157709E1	4.819492E0
4.961219E1	4.152452E1	4.881832E0
4.964550E1	4.147991E1	4.902141E0
4.967882E1	4.137687E1	4.867942E0
4.971214E1	4.136718E1	4.836237E0
4.974546E1	4.138071E1	4.860542E0
4.977878E1	4.144575E1	4.879777E0
4.981210E1	4.153604E1	4.906498E0
4.984542E1	4.169146E1	4.928583E0
4.987874E1	4.177935E1	4.942430E0
4.991206E1	4.179741E1	4.921842E0
4.994538E1	4.183609E1	4.943480E0
4.997870E1	4.188329E1	4.940235E0
5.001201E1	4.194759E1	4.924686E0
5.004533E1	4.203783E1	4.935103E0
5.007865E1	4.210383E1	4.925832E0
5.011197E1	4.210741E1	4.915599E0
5.014529E1	4.209376E1	4.907305E0
5.017861E1	4.210338E1	4.906546E0
5.021193E1	4.213440E1	4.894404E0
5.024525E1	4.219902E1	4.898900E0
5.027857E1	4.226280E1	4.906195E0
5.031189E1	4.229504E1	4.902252E0
5.034521E1	4.229817E1	4.906047E0
5.037853E1	4.229946E1	4.907539E0
5.041184E1	4.228839E1	4.906592E0
5.044516E1	4.225572E1	4.917177E0
5.047848E1	4.226336E1	4.937849E0
5.051180E1	4.227061E1	5.034909E0
5.054512E1	4.226875E1	5.244457E0
5.057844E1	4.226737E1	5.285850E0
5.061176E1	4.227461E1	5.202867E0
5.064508E1	4.216334E1	5.123505E0
5.067840E1	4.203112E1	5.116858E0
5.071172E1	4.205227E1	5.124022E0
5.074504E1	4.208500E1	5.117412E0
5.077835E1	4.207947E1	5.119613E0
5.081167E1	4.210411E1	5.139651E0
5.084499E1	4.221288E1	5.141691E0
5.087831E1	4.235382E1	5.151648E0
5.091163E1	4.241157E1	5.169797E0
5.094495E1	4.244567E1	5.197239E0
5.097827E1	4.249994E1	5.210486E0
5.101159E1	4.257133E1	5.209706E0
5.104491E1	4.263063E1	5.207597E0
5.107823E1	4.263522E1	5.219871E0
5.111155E1	4.256007E1	5.229946E0
5.114487E1	4.255184E1	5.246068E0
5.117818E1	4.259683E1	5.263430E0
5.121150E1	4.259844E1	5.253590E0
5.124482E1	4.260720E1	5.263236E0
5.127814E1	4.258738E1	5.250339E0
5.131146E1	4.258296E1	5.244815E0
5.134478E1	4.258755E1	5.246598E0
5.137810E1	4.258738E1	5.245089E0
5.141142E1	4.258093E1	5.241520E0
5.144474E1	4.258232E1	5.237444E0
5.147806E1	4.256936E1	5.230149E0
5.151138E1	4.259688E1	5.235207E0
5.154469E1	4.264143E1	5.194878E0
5.157801E1	4.260016E1	5.144717E0
5.161133E1	4.252506E1	5.174050E0
5.164465E1	4.248302E1	5.180360E0
5.167797E1	4.237948E1	5.139046E0
5.171129E1	4.236441E1	5.135405E0
5.174461E1	4.240247E1	5.145740E0
5.177793E1	4.245388E1	5.164538E0
5.181125E1	4.254943E1	5.185110E0
5.184457E1	4.266851E1	5.177295E0
5.187789E1	4.278641E1	5.188728E0
5.191121E1	4.285827E1	5.196079E0
5.194452E1	4.288551E1	5.201925E0
5.197784E1	4.291373E1	5.209558E0
5.201116E1	4.299323E1	5.231386E0
5.204448E1	4.306618E1	5.226430E0
5.207780E1	4.317082E1	5.232699E0
5.211112E1	4.326576E1	5.242663E0
5.214444E1	4.330063E1	5.230484E0
5.217776E1	4.329194E1	5.216182E0
5.221108E1	4.331111E1	5.218130E0
5.224440E1	4.334503E1	5.193381E0
5.227772E1	4.335950E1	5.175356E0
5.231103E1	4.337327E1	5.179897E0
5.234435E1	4.336891E1	5.178430E0
5.237767E1	4.336549E1	5.177541E0
5.241099E1	4.336058E1	5.175827E0
5.244431E1	4.333402E1	5.174743E0
5.247763E1	4.331580E1	5.198343E0
5.251095E1	4.326486E1	5.267983E0
5.254427E1	4.324294E1	5.478870E0
5.257759E1	4.329491E1	5.606911E0
5.261091E1	4.334566E1	5.511664E0
5.264423E1	4.323019E1	5.391577E0
5.267755E1	4.312630E1	5.384323E0
5.271086E1	4.313107E1	5.387437E0
5.274418E1	4.317760E1	5.381878E0
5.277750E1	4.318392E1	5.387058E0
5.281082E1	4.323145E1	5.390936E0
5.284414E1	4.336373E1	5.400587E0
5.287746E1	4.347751E1	5.417755E0
5.291078E1	4.348432E1	5.431122E0
5.294410E1	4.352533E1	5.444564E0
5.297742E1	4.360300E1	5.462666E0
5.301074E1	4.363634E1	5.456855E0
5.304406E1	4.365240E1	5.464974E0
5.307737E1	4.363710E1	5.473464E0
5.311069E1	4.358870E1	5.489838E0
5.314401E1	4.357835E1	5.493365E0
5.317733E1	4.355107E1	5.518111E0
5.321065E1	4.355600E1	5.513467E0
5.324397E1	4.355700E1	5.503792E0
5.327729E1	4.355801E1	5.499278E0
5.331061E1	4.356387E1	5.503559E0
5.334393E1	4.357194E1	5.505562E0
5.337725E1	4.357544E1	5.505314E0
5.341057E1	4.357195E1	5.502724E0
5.344389E1	4.357555E1	5.500273E0
5.347720E1	4.356204E1	5.496774E0
5.351052E1	4.357745E1	5.494194E0
5.354384E1	4.363884E1	5.421404E0
5.357716E1	4.368781E1	5.349217E0
5.361048E1	4.362067E1	5.393971E0
5.364380E1	4.358725E1	5.401004E0
5.367712E1	4.346729E1	5.366393E0
5.371044E1	4.346966E1	5.359372E0
5.374376E1	4.349296E1	5.386002E0
5.377708E1	4.354173E1	5.393945E0
5.381040E1	4.364547E1	5.405738E0
5.384371E1	4.377971E1	5.419722E0
5.387703E1	4.385901E1	5.428120E0
5.391035E1	4.388251E1	5.417385E0
5.394367E1	4.392780E1	5.426917E0
5.397699E1	4.400933E1	5.438017E0
5.401031E1	4.412394E1	5.459084E0
5.404363E1	4.421338E1	5.487728E0
5.407695E1	4.430207E1	5.490749E0
5.411027E1	4.439022E1	5.485291E0
5.414359E1	4.446699E1	5.484633E0
5.417691E1	4.452112E1	5.485221E0
5.421023E1	4.452840E1	5.479718E0
5.424354E1	4.446172E1	5.415955E0
