	mass A		
t	x	y	
0.000000E0	1.342151E-1	-3.939878E-2
3.331913E-2	1.264742E-1	-4.095917E-2
6.663826E-2	1.130935E-1	-4.476955E-2
9.995739E-2	5.140981E-2	-5.877910E-2
1.332765E-1	-5.721052E-2	-1.074372E-1
1.665956E-1	-1.324732E-1	-1.500905E-1
1.999148E-1	-1.217326E-1	-1.781681E-1
2.332339E-1	2.882206E-2	-1.632486E-1
2.665530E-1	1.576561E-1	-2.160320E-1
2.998722E-1	3.864165E-1	-2.019181E-1
3.331913E-1	5.371509E-1	-1.424796E-1
3.665104E-1	5.284091E-1	-1.191834E-1
3.998295E-1	4.087548E-1	-3.048904E-2
4.331487E-1	4.880206E-1	1.763554E-2
4.664678E-1	8.688985E-1	2.372392E-2
4.997869E-1	1.175568E0	5.545055E-2
5.331061E-1	1.323411E0	9.833037E-2
5.664252E-1	1.305987E0	7.949109E-2
5.997443E-1	1.116812E0	7.054200E-2
6.330634E-1	7.588529E-1	5.314811E-2
6.663826E-1	5.595097E-1	-2.354472E-2
6.997017E-1	6.812632E-1	-6.336389E-2
7.330208E-1	8.046110E-1	-7.086743E-2
7.663400E-1	9.611510E-1	-1.257638E-1
7.996591E-1	1.164246E0	-1.307502E-1
8.329782E-1	1.272133E0	-6.873078E-2
8.662974E-1	1.207111E0	-4.180945E-2
8.996165E-1	1.015724E0	-1.238019E-2
9.329356E-1	1.169334E0	6.521400E-2
9.662547E-1	1.541425E0	9.488775E-2
9.995739E-1	1.807358E0	1.696259E-1
1.032893E0	1.867055E0	2.114670E-1
1.066212E0	1.871538E0	2.155382E-1
1.099531E0	1.665656E0	2.142295E-1
1.132850E0	1.261694E0	2.081573E-1
1.166170E0	1.112183E0	1.783713E-1
1.199489E0	1.163242E0	1.407546E-1
1.232808E0	1.280211E0	5.048861E-2
1.266127E0	1.475171E0	-8.767176E-3
1.299446E0	1.634392E0	-3.337636E-2
1.332765E0	1.709726E0	1.857341E-2
1.366084E0	1.617656E0	3.842773E-2
1.399403E0	1.423648E0	8.057260E-2
1.432723E0	1.500851E0	1.172928E-1
1.466042E0	1.822124E0	1.565778E-1
1.499361E0	1.962125E0	2.200382E-1
1.532680E0	2.033619E0	2.450358E-1
1.565999E0	2.024744E0	2.349504E-1
1.599318E0	1.840845E0	2.612413E-1
1.632637E0	1.455726E0	2.546444E-1
1.665956E0	1.299770E0	2.351937E-1
1.699276E0	1.384841E0	2.039541E-1
1.732595E0	1.594826E0	1.625761E-1
1.765914E0	1.808923E0	1.023628E-1
1.799233E0	2.036990E0	9.639421E-2
1.832552E0	1.889746E0	6.374317E-2
1.865871E0	1.832130E0	6.889636E-2
1.899190E0	1.638741E0	1.226308E-1
1.932509E0	1.762315E0	1.610646E-1
1.965829E0	2.115042E0	1.945939E-1
1.999148E0	2.307422E0	2.638404E-1
2.032467E0	2.457250E0	3.296735E-1
2.065786E0	2.462816E0	3.168565E-1
2.099105E0	2.226536E0	2.971297E-1
2.132424E0	1.872019E0	2.908925E-1
2.165743E0	1.668256E0	2.468924E-1
2.199063E0	1.837961E0	2.642753E-1
2.232382E0	2.002402E0	3.081656E-1
2.265701E0	2.214972E0	2.698487E-1
2.299020E0	2.372947E0	1.746083E-1
2.332339E0	2.154486E0	1.130392E-1
2.365658E0	2.015169E0	8.642334E-2
2.398977E0	1.722221E0	1.625881E-1
2.432296E0	1.791991E0	2.374602E-1
2.465616E0	2.076710E0	2.623696E-1
2.498935E0	2.287666E0	3.170348E-1
2.532254E0	2.347577E0	3.485878E-1
2.565573E0	2.294065E0	3.778593E-1
2.598892E0	2.123570E0	3.860756E-1
2.632211E0	1.820401E0	3.328973E-1
2.665530E0	1.676422E0	2.919559E-1
2.698849E0	1.778736E0	3.004729E-1
2.732169E0	1.894969E0	2.705635E-1
2.765488E0	2.124366E0	2.289517E-1
2.798807E0	2.276043E0	2.059781E-1
2.832126E0	2.165467E0	2.135967E-1
2.865445E0	2.084675E0	2.059970E-1
2.898764E0	1.897849E0	2.740629E-1
2.932083E0	1.960121E0	3.147194E-1
2.965402E0	2.315935E0	3.191716E-1
2.998722E0	2.562934E0	3.399505E-1
3.032041E0	2.628498E0	3.638749E-1
3.065360E0	2.598536E0	4.035500E-1
3.098679E0	2.402558E0	4.317862E-1
3.131998E0	2.069483E0	4.193102E-1
3.165317E0	1.913626E0	3.690242E-1
3.198636E0	2.020170E0	3.484974E-1
3.231956E0	2.245310E0	3.782235E-1
3.265275E0	2.367882E0	3.318009E-1
3.298594E0	2.586436E0	3.044072E-1
3.331913E0	2.440821E0	2.611862E-1
3.365232E0	2.400923E0	2.431912E-1
3.398551E0	2.163369E0	3.078580E-1
3.431870E0	2.243547E0	4.115676E-1
3.465189E0	2.594720E0	4.403224E-1
3.498509E0	2.914115E0	4.868978E-1
3.531828E0	3.005220E0	5.213022E-1
3.565147E0	2.996410E0	5.277586E-1
3.598466E0	2.855813E0	5.211216E-1
3.631785E0	2.540981E0	4.707148E-1
3.665104E0	2.335832E0	4.240326E-1
3.698423E0	2.425375E0	4.226366E-1
3.731742E0	2.676064E0	4.662563E-1
3.765062E0	2.795186E0	4.438474E-1
3.798381E0	3.031128E0	4.209696E-1
3.831700E0	2.899149E0	3.829192E-1
3.865019E0	2.803429E0	3.551334E-1
3.898338E0	2.644345E0	4.418845E-1
3.931657E0	2.699803E0	4.882102E-1
3.964976E0	3.000663E0	5.122477E-1
3.998295E0	3.174712E0	5.411605E-1
4.031615E0	3.237057E0	5.690201E-1
4.064934E0	3.175164E0	5.827959E-1
4.098253E0	2.966717E0	6.077960E-1
4.131572E0	2.597666E0	5.930152E-1
4.164891E0	2.418525E0	5.393579E-1
4.198210E0	2.494253E0	5.089475E-1
4.231529E0	2.580753E0	4.871467E-1
4.264849E0	2.691277E0	4.535584E-1
4.298168E0	2.857060E0	4.186167E-1
4.331487E0	2.899697E0	4.655868E-1
4.364806E0	2.870845E0	4.761743E-1
4.398125E0	2.679252E0	4.801390E-1
4.431444E0	2.772857E0	4.789221E-1
4.464763E0	3.101996E0	4.928415E-1
4.498082E0	3.267394E0	5.351186E-1
4.531402E0	3.360599E0	5.949586E-1
4.564721E0	3.306392E0	5.786225E-1
4.598040E0	3.119866E0	5.818454E-1
4.631359E0	2.846208E0	5.411710E-1
4.664678E0	2.653838E0	4.906850E-1
4.697997E0	2.685073E0	5.073244E-1
4.731316E0	2.695456E0	5.362394E-1
4.764635E0	2.752259E0	4.884176E-1
4.797955E0	2.948077E0	3.905480E-1
4.831274E0	2.862115E0	3.808342E-1
4.864593E0	2.750040E0	3.851997E-1
4.897912E0	2.684552E0	4.096614E-1
4.931231E0	2.791312E0	4.461324E-1
4.964550E0	3.227064E0	4.148737E-1
4.997869E0	3.712477E0	3.718371E-1
5.031188E0	3.815774E0	4.032618E-1
5.064508E0	3.724341E0	3.970314E-1
5.097827E0	3.255229E0	3.791091E-1
5.131146E0	2.751471E0	3.774293E-1
5.164465E0	2.698877E0	4.773455E-1
5.197784E0	2.905804E0	5.821742E-1
5.231103E0	3.204483E0	6.006847E-1
5.264422E0	3.522508E0	5.106906E-1
5.297741E0	3.717392E0	4.862199E-1
5.331061E0	3.558565E0	4.413881E-1
5.364380E0	3.517081E0	4.301212E-1
5.397699E0	3.279173E0	5.006112E-1
5.431018E0	3.346175E0	5.954516E-1
5.464337E0	3.690527E0	6.034854E-1
5.497656E0	3.953843E0	6.186474E-1
5.530975E0	4.085694E0	6.391389E-1
5.564295E0	4.008306E0	6.509205E-1
5.597614E0	3.821943E0	6.549254E-1
5.630933E0	3.439655E0	5.935752E-1
5.664252E0	3.277249E0	5.695755E-1
5.697571E0	3.395549E0	5.569952E-1
5.730890E0	3.690576E0	5.088396E-1
5.764209E0	3.987378E0	4.493067E-1
5.797528E0	4.275463E0	4.244705E-1
5.830848E0	4.411412E0	4.632222E-1
5.864167E0	4.313512E0	4.694225E-1
5.897486E0	4.220828E0	5.612821E-1
5.930805E0	4.258393E0	6.251551E-1
5.964124E0	4.529043E0	6.536447E-1
5.997443E0	4.688117E0	6.632356E-1
6.030762E0	4.633129E0	6.757347E-1
6.064081E0	4.699162E0	6.711747E-1
6.097401E0	4.552923E0	6.763618E-1
6.130720E0	4.241661E0	6.766407E-1
6.164039E0	4.026992E0	6.625954E-1
6.197358E0	4.054018E0	6.798240E-1
6.230677E0	4.104639E0	6.865732E-1
6.263996E0	4.187747E0	6.521075E-1
6.297315E0	4.360496E0	6.031798E-1
6.330634E0	4.420004E0	6.318440E-1
6.363954E0	4.379674E0	6.253156E-1
6.397273E0	4.167127E0	6.274453E-1
6.430592E0	4.224744E0	6.496042E-1
6.463911E0	4.468565E0	6.876560E-1
6.497230E0	4.546690E0	7.308692E-1
6.530549E0	4.533906E0	7.419772E-1
6.563868E0	4.478459E0	7.526707E-1
6.597188E0	4.303248E0	7.977847E-1
6.630507E0	3.987043E0	8.088689E-1
6.663826E0	3.836241E0	7.630776E-1
6.697145E0	3.909733E0	7.568270E-1
6.730464E0	4.038388E0	7.460216E-1
6.763783E0	4.210251E0	6.968683E-1
6.797102E0	4.405608E0	6.689749E-1
6.830421E0	4.355898E0	6.585269E-1
6.863741E0	4.291021E0	6.232177E-1
6.897060E0	4.085567E0	6.789555E-1
6.930379E0	4.139298E0	7.923765E-1
6.963698E0	4.438371E0	8.322374E-1
6.997017E0	4.613074E0	8.473797E-1
7.030336E0	4.616824E0	8.484244E-1
7.063655E0	4.613359E0	8.500752E-1
7.096974E0	4.441355E0	8.467727E-1
7.130294E0	4.057203E0	8.065451E-1
7.163613E0	3.790709E0	7.494968E-1
7.196932E0	3.807967E0	7.394900E-1
7.230251E0	4.013087E0	7.484778E-1
7.263570E0	4.117402E0	7.257069E-1
7.296889E0	4.303647E0	6.761257E-1
7.330208E0	4.394477E0	6.957212E-1
7.363527E0	4.354844E0	6.806190E-1
7.396847E0	4.221977E0	6.919002E-1
7.430166E0	4.273815E0	7.708410E-1
7.463485E0	4.559987E0	8.457144E-1
7.496804E0	4.770862E0	9.015188E-1
7.530123E0	4.812307E0	9.183009E-1
7.563442E0	4.715984E0	9.529232E-1
7.596761E0	4.491023E0	1.002898E0
7.630081E0	4.095679E0	9.614453E-1
7.663400E0	3.961708E0	9.561707E-1
7.696719E0	4.123599E0	9.836556E-1
7.730038E0	4.407475E0	1.005932E0
7.763357E0	4.642099E0	8.972249E-1
7.796676E0	4.934316E0	8.461882E-1
7.829995E0	4.900134E0	8.374226E-1
7.863314E0	4.796690E0	8.189410E-1
7.896634E0	4.594881E0	8.424995E-1
7.929953E0	4.610789E0	9.274081E-1
7.963272E0	4.912692E0	9.712981E-1
7.996591E0	5.138063E0	1.006076E0
8.029910E0	5.138378E0	1.009057E0
8.063229E0	5.140400E0	1.037451E0
8.096548E0	4.975890E0	1.038591E0
8.129867E0	4.666428E0	9.910244E-1
8.163187E0	4.492984E0	9.694880E-1
8.196506E0	4.602571E0	1.006882E0
8.229825E0	4.824866E0	1.044492E0
8.263144E0	5.068407E0	1.005780E0
8.296463E0	5.206043E0	9.307974E-1
8.329782E0	5.080423E0	9.044625E-1
8.363101E0	4.955064E0	8.667615E-1
8.396420E0	4.699402E0	8.732875E-1
8.429740E0	4.736749E0	9.803050E-1
8.463059E0	5.014719E0	1.033249E0
8.496378E0	5.224437E0	1.102674E0
8.529697E0	5.307737E0	1.124513E0
8.563016E0	5.272937E0	1.130141E0
8.596335E0	5.095389E0	1.130778E0
8.629654E0	4.745609E0	1.083818E0
8.662974E0	4.587963E0	1.078249E0
8.696293E0	4.671956E0	1.121178E0
8.729612E0	4.875250E0	1.126438E0
8.762931E0	5.146662E0	1.088411E0
8.796250E0	5.366868E0	1.052412E0
8.829569E0	5.431989E0	1.079223E0
8.862888E0	5.324061E0	1.054435E0
8.896207E0	5.187064E0	1.091175E0
8.929527E0	5.167771E0	1.114953E0
8.962846E0	5.409781E0	1.166226E0
8.996165E0	5.560399E0	1.197460E0
9.029484E0	5.609871E0	1.211448E0
9.062803E0	5.565898E0	1.220005E0
9.096122E0	5.347232E0	1.219809E0
9.129441E0	5.049251E0	1.224653E0
9.162760E0	4.862810E0	1.179626E0
9.196080E0	4.972011E0	1.214710E0
9.229399E0	5.124937E0	1.197477E0
9.262718E0	5.415980E0	1.169650E0
9.296037E0	5.599555E0	1.136623E0
9.329356E0	5.490557E0	1.090318E0
9.362675E0	5.377705E0	1.073742E0
9.395994E0	5.158921E0	1.114606E0
9.429313E0	5.147108E0	1.212903E0
9.462633E0	5.412175E0	1.264289E0
9.495952E0	5.584384E0	1.301506E0
9.529271E0	5.572448E0	1.282831E0
9.562590E0	5.568267E0	1.282585E0
9.595909E0	5.416867E0	1.302498E0
9.629228E0	5.068096E0	1.253352E0
9.662547E0	4.910809E0	1.254566E0
9.695867E0	5.001477E0	1.299379E0
9.729186E0	5.163414E0	1.300295E0
9.762505E0	5.452726E0	1.247926E0
9.795824E0	5.621590E0	1.222438E0
9.829143E0	5.653152E0	1.237191E0
9.862462E0	5.511441E0	1.184983E0
9.895781E0	5.309757E0	1.165383E0
9.929100E0	5.287765E0	1.206007E0
9.962420E0	5.478592E0	1.266726E0
9.995739E0	5.604687E0	1.324770E0
1.002906E1	5.627727E0	1.377021E0
1.006238E1	5.550014E0	1.384749E0
1.009570E1	5.402249E0	1.374585E0
1.012902E1	5.137632E0	1.333792E0
1.016233E1	4.967492E0	1.285742E0
1.019565E1	4.993518E0	1.292676E0
1.022897E1	5.097757E0	1.320109E0
1.026229E1	5.208499E0	1.293186E0
1.029561E1	5.401770E0	1.237751E0
1.032893E1	5.466696E0	1.253909E0
1.036225E1	5.406574E0	1.224458E0
1.039557E1	5.222664E0	1.242978E0
1.042889E1	5.262519E0	1.297240E0
1.046221E1	5.515633E0	1.350077E0
1.049553E1	5.692182E0	1.397050E0
1.052884E1	5.654544E0	1.427746E0
1.056216E1	5.586207E0	1.455647E0
1.059548E1	5.383076E0	1.468618E0
1.062880E1	5.037663E0	1.439740E0
1.066212E1	4.962797E0	1.421527E0
1.069544E1	5.074765E0	1.438173E0
1.072876E1	5.223625E0	1.403395E0
1.076208E1	5.456717E0	1.361726E0
1.079540E1	5.634857E0	1.307601E0
1.082872E1	5.626409E0	1.308100E0
1.086204E1	5.501806E0	1.265199E0
1.089536E1	5.397098E0	1.338952E0
1.092867E1	5.420245E0	1.390432E0
1.096199E1	5.687581E0	1.431569E0
1.099531E1	5.876388E0	1.432460E0
1.102863E1	5.880290E0	1.448499E0
1.106195E1	5.807210E0	1.444889E0
1.109527E1	5.572687E0	1.429865E0
1.112859E1	5.214897E0	1.416879E0
1.116191E1	4.984500E0	1.393528E0
1.119523E1	5.087757E0	1.449503E0
1.122855E1	5.300416E0	1.490554E0
1.126187E1	5.504158E0	1.443325E0
1.129518E1	5.760992E0	1.393241E0
1.132850E1	5.829983E0	1.387519E0
1.136182E1	5.751807E0	1.336403E0
1.139514E1	5.571416E0	1.305379E0
1.142846E1	5.525623E0	1.331385E0
1.146178E1	5.728855E0	1.386336E0
1.149510E1	5.854014E0	1.442881E0
1.152842E1	5.854278E0	1.480259E0
1.156174E1	5.780110E0	1.477073E0
1.159506E1	5.580603E0	1.477756E0
1.162838E1	5.271819E0	1.437126E0
1.166170E1	5.048538E0	1.389448E0
1.169501E1	5.150518E0	1.412029E0
1.172833E1	5.396838E0	1.450212E0
1.176165E1	5.690780E0	1.406183E0
1.179497E1	5.811317E0	1.348281E0
1.182829E1	5.724701E0	1.327961E0
1.186161E1	5.537736E0	1.246672E0
1.189493E1	5.284546E0	1.323665E0
1.192825E1	5.267782E0	1.388565E0
1.196157E1	5.573033E0	1.422798E0
1.199489E1	5.808000E0	1.488370E0
1.202821E1	5.909026E0	1.492280E0
1.206152E1	5.848073E0	1.497462E0
1.209484E1	5.626765E0	1.495350E0
1.212816E1	5.246680E0	1.433437E0
1.216148E1	5.060637E0	1.398913E0
1.219480E1	5.144459E0	1.447543E0
1.222812E1	5.393148E0	1.491990E0
1.226144E1	5.704224E0	1.435634E0
1.229476E1	5.885186E0	1.372449E0
1.232808E1	5.964188E0	1.379659E0
1.236140E1	5.779734E0	1.309792E0
1.239472E1	5.629846E0	1.277945E0
1.242804E1	5.618695E0	1.324606E0
1.246135E1	5.849426E0	1.400853E0
1.249467E1	5.965501E0	1.469985E0
1.252799E1	5.967406E0	1.527788E0
1.256131E1	5.900801E0	1.516109E0
1.259463E1	5.636258E0	1.500191E0
1.262795E1	5.320138E0	1.464607E0
1.266127E1	5.061843E0	1.385557E0
1.269459E1	5.191513E0	1.429944E0
1.272791E1	5.461079E0	1.477084E0
1.276123E1	5.694352E0	1.429665E0
1.279455E1	5.936245E0	1.387719E0
1.282786E1	5.920147E0	1.364888E0
1.286118E1	5.821618E0	1.280899E0
1.289450E1	5.669405E0	1.308158E0
1.292782E1	5.604255E0	1.387996E0
1.296114E1	5.867725E0	1.434662E0
1.299446E1	6.127663E0	1.496519E0
1.302778E1	6.199830E0	1.502475E0
1.306110E1	6.168383E0	1.507469E0
1.309442E1	6.009212E0	1.497647E0
1.312774E1	5.707536E0	1.437437E0
1.316106E1	5.502192E0	1.390903E0
1.319438E1	5.575001E0	1.424795E0
1.322769E1	5.758414E0	1.483566E0
1.326101E1	5.965203E0	1.458953E0
1.329433E1	6.226923E0	1.436621E0
1.332765E1	6.277014E0	1.436930E0
1.336097E1	6.182355E0	1.361231E0
1.339429E1	6.065591E0	1.435057E0
1.342761E1	6.096821E0	1.527344E0
1.346093E1	6.365431E0	1.563110E0
1.349425E1	6.646435E0	1.616100E0
1.352757E1	6.761958E0	1.644050E0
1.356089E1	6.754270E0	1.645672E0
1.359420E1	6.618375E0	1.684842E0
1.362752E1	6.277162E0	1.612629E0
1.366084E1	6.082116E0	1.551115E0
1.369416E1	6.165430E0	1.574462E0
1.372748E1	6.407677E0	1.630124E0
1.376080E1	6.695826E0	1.608517E0
1.379412E1	6.935407E0	1.577902E0
1.382744E1	6.965091E0	1.585314E0
1.386076E1	6.842218E0	1.518886E0
1.389408E1	6.668954E0	1.548280E0
1.392740E1	6.647974E0	1.599600E0
1.396072E1	6.940232E0	1.650704E0
1.399403E1	7.135550E0	1.717582E0
1.402735E1	7.156384E0	1.719211E0
1.406067E1	7.155336E0	1.707453E0
1.409399E1	7.000791E0	1.699533E0
1.412731E1	6.663509E0	1.659046E0
1.416063E1	6.436651E0	1.630981E0
1.419395E1	6.519878E0	1.675441E0
1.422727E1	6.771944E0	1.743001E0
1.426059E1	6.942237E0	1.694494E0
1.429391E1	7.153177E0	1.680038E0
1.432723E1	7.208053E0	1.693627E0
1.436054E1	7.083828E0	1.618396E0
1.439386E1	6.898741E0	1.538482E0
1.442718E1	6.824359E0	1.573523E0
1.446050E1	7.024507E0	1.633441E0
1.449382E1	7.167418E0	1.706834E0
1.452714E1	7.158319E0	1.762811E0
1.456046E1	7.085103E0	1.764164E0
1.459378E1	6.898099E0	1.760429E0
1.462710E1	6.655924E0	1.748404E0
1.466042E1	6.431986E0	1.658962E0
1.469374E1	6.515842E0	1.695933E0
1.472705E1	6.719607E0	1.753550E0
1.476037E1	7.004694E0	1.735821E0
1.479369E1	7.225818E0	1.698906E0
1.482701E1	7.274866E0	1.701354E0
1.486033E1	7.154630E0	1.631034E0
1.489365E1	7.039203E0	1.611325E0
1.492697E1	7.035859E0	1.690225E0
1.496029E1	7.264902E0	1.732460E0
1.499361E1	7.476942E0	1.812433E0
1.502693E1	7.507181E0	1.888471E0
1.506025E1	7.480155E0	1.919526E0
1.509357E1	7.237682E0	1.871509E0
1.512688E1	6.897683E0	1.830871E0
1.516020E1	6.614851E0	1.781463E0
1.519352E1	6.703101E0	1.799412E0
1.522684E1	7.003075E0	1.852879E0
1.526016E1	7.314426E0	1.805001E0
1.529348E1	7.653786E0	1.762309E0
1.532680E1	7.771984E0	1.768942E0
1.536012E1	7.704632E0	1.734610E0
1.539344E1	7.652720E0	1.811301E0
1.542676E1	7.611704E0	1.902534E0
1.546008E1	7.841894E0	1.930061E0
1.549339E1	8.065861E0	1.962864E0
1.552671E1	8.112047E0	1.974905E0
1.556003E1	8.117686E0	1.961903E0
1.559335E1	7.969853E0	1.955809E0
1.562667E1	7.588440E0	1.898717E0
1.565999E1	7.363042E0	1.868943E0
1.569331E1	7.445301E0	1.923910E0
1.572663E1	7.614104E0	1.982487E0
1.575995E1	7.824223E0	1.985468E0
1.579327E1	8.037220E0	1.980045E0
1.582659E1	8.059985E0	2.005271E0
1.585991E1	7.990242E0	1.979365E0
1.589322E1	7.933831E0	2.058028E0
1.592654E1	7.927961E0	2.062720E0
1.595986E1	8.150956E0	2.076261E0
1.599318E1	8.428317E0	2.107538E0
1.602650E1	8.614764E0	2.137562E0
1.605982E1	8.527241E0	2.121693E0
1.609314E1	8.227567E0	2.083265E0
1.612646E1	7.878368E0	2.060500E0
1.615978E1	7.559298E0	2.034874E0
1.619310E1	7.617339E0	2.070039E0
1.622642E1	7.803508E0	2.069637E0
1.625973E1	7.985871E0	2.034367E0
1.629305E1	8.170428E0	2.013720E0
1.632637E1	8.254446E0	2.028772E0
1.635969E1	8.182147E0	1.976953E0
1.639301E1	8.050732E0	1.977993E0
1.642633E1	8.051535E0	2.054723E0
1.645965E1	8.307810E0	2.116026E0
1.649297E1	8.562930E0	2.188874E0
1.652629E1	8.612206E0	2.197089E0
1.655961E1	8.545892E0	2.192428E0
1.659293E1	8.322391E0	2.184547E0
1.662625E1	7.913178E0	2.082544E0
1.665956E1	7.693674E0	2.034549E0
1.669288E1	7.741371E0	2.104557E0
1.672620E1	7.971253E0	2.159378E0
1.675952E1	8.239679E0	2.165423E0
1.679284E1	8.467672E0	2.134702E0
1.682616E1	8.534247E0	2.162488E0
1.685948E1	8.424064E0	2.091362E0
1.689280E1	8.351735E0	2.077588E0
1.692612E1	8.259299E0	2.135374E0
1.695944E1	8.473113E0	2.169281E0
1.699276E1	8.755918E0	2.234615E0
1.702607E1	8.855083E0	2.237401E0
1.705939E1	8.824255E0	2.241027E0
1.709271E1	8.597699E0	2.230424E0
1.712603E1	8.226370E0	2.157978E0
1.715935E1	7.932919E0	2.112724E0
1.719267E1	7.977390E0	2.169533E0
1.722599E1	8.168003E0	2.215454E0
1.725931E1	8.404241E0	2.199767E0
1.729263E1	8.653235E0	2.175514E0
1.732595E1	8.704742E0	2.185213E0
1.735927E1	8.674894E0	2.160126E0
1.739259E1	8.647626E0	2.247711E0
1.742590E1	8.615495E0	2.233646E0
1.745922E1	8.801038E0	2.245630E0
1.749254E1	9.019890E0	2.292235E0
1.752586E1	9.153091E0	2.319369E0
1.755918E1	9.131248E0	2.312706E0
1.759250E1	8.851662E0	2.251465E0
1.762582E1	8.510210E0	2.199145E0
1.765914E1	8.202869E0	2.122559E0
1.769246E1	8.204410E0	2.182833E0
1.772578E1	8.394410E0	2.229139E0
1.775910E1	8.573014E0	2.217276E0
1.779241E1	8.787199E0	2.193430E0
1.782573E1	8.847869E0	2.229240E0
1.785905E1	8.803186E0	2.200595E0
1.789237E1	8.698299E0	2.179966E0
1.792569E1	8.692590E0	2.252242E0
1.795901E1	8.939618E0	2.288606E0
1.799233E1	9.143786E0	2.343326E0
1.802565E1	9.240258E0	2.380883E0
1.805897E1	9.153784E0	2.386394E0
1.809229E1	8.980773E0	2.375180E0
1.812561E1	8.575948E0	2.263153E0
1.815893E1	8.344431E0	2.245266E0
1.819224E1	8.435275E0	2.290995E0
1.822556E1	8.626422E0	2.358401E0
1.825888E1	8.856894E0	2.352939E0
1.829220E1	9.044461E0	2.329991E0
1.832552E1	9.097009E0	2.357569E0
1.835884E1	9.074207E0	2.307520E0
1.839216E1	8.900121E0	2.230039E0
1.842548E1	8.899164E0	2.293741E0
1.845880E1	9.195361E0	2.344531E0
1.849212E1	9.442945E0	2.440391E0
1.852544E1	9.534134E0	2.451927E0
1.855875E1	9.482217E0	2.451012E0
1.859207E1	9.261511E0	2.438293E0
1.862539E1	8.861547E0	2.368220E0
1.865871E1	8.548674E0	2.299168E0
1.869203E1	8.573054E0	2.325541E0
1.872535E1	8.789568E0	2.401806E0
1.875867E1	8.981283E0	2.394229E0
1.879199E1	9.197194E0	2.373965E0
1.882531E1	9.237317E0	2.384921E0
1.885863E1	9.170083E0	2.327066E0
1.889195E1	9.076260E0	2.336730E0
1.892527E1	8.979318E0	2.406611E0
1.895858E1	9.172248E0	2.437497E0
1.899190E1	9.484426E0	2.494667E0
1.902522E1	9.568136E0	2.487209E0
1.905854E1	9.530204E0	2.497260E0
1.909186E1	9.335736E0	2.470101E0
1.912518E1	9.004696E0	2.363385E0
1.915850E1	8.786272E0	2.284434E0
1.919182E1	8.771637E0	2.273306E0
1.922514E1	8.928933E0	2.333236E0
1.925846E1	9.014803E0	2.332280E0
1.929178E1	9.155109E0	2.317450E0
1.932509E1	9.207198E0	2.334657E0
1.935841E1	9.102969E0	2.236245E0
1.939173E1	8.955160E0	2.171320E0
1.942505E1	8.899261E0	2.203379E0
1.945837E1	9.109184E0	2.235619E0
1.949169E1	9.261031E0	2.281860E0
1.952501E1	9.276070E0	2.255939E0
1.955833E1	9.244177E0	2.226102E0
1.959165E1	9.104202E0	2.197823E0
1.962497E1	8.786030E0	2.056770E0
1.965829E1	8.530386E0	1.969358E0
1.969161E1	8.512886E0	1.959752E0
1.972492E1	8.654887E0	1.978650E0
1.975824E1	8.842688E0	1.985157E0
1.979156E1	9.018857E0	2.002847E0
1.982488E1	9.047368E0	2.024284E0
1.985820E1	8.901883E0	1.931624E0
1.989152E1	8.669324E0	1.803928E0
1.992484E1	8.583228E0	1.803226E0
1.995816E1	8.756315E0	1.870058E0
1.999148E1	8.900837E0	1.980259E0
2.002480E1	8.977685E0	2.007914E0
2.005812E1	8.922540E0	2.004715E0
2.009143E1	8.739811E0	1.977463E0
2.012475E1	8.417351E0	1.868434E0
2.015807E1	8.192238E0	1.811815E0
2.019139E1	8.219207E0	1.851938E0
2.022471E1	8.375968E0	1.884715E0
2.025803E1	8.550790E0	1.857429E0
2.029135E1	8.796652E0	1.787302E0
2.032467E1	8.924494E0	1.820526E0
2.035799E1	8.844965E0	1.738981E0
2.039131E1	8.731408E0	1.759019E0
2.042463E1	8.689563E0	1.878239E0
2.045795E1	8.900730E0	1.922468E0
2.049126E1	9.112872E0	1.951777E0
2.052458E1	9.182704E0	1.977885E0
2.055790E1	9.177084E0	1.959745E0
2.059122E1	9.071078E0	1.938855E0
2.062454E1	8.793094E0	1.831125E0
2.065786E1	8.625837E0	1.792202E0
2.069118E1	8.632266E0	1.861793E0
2.072450E1	8.798631E0	1.966843E0
2.075782E1	8.931044E0	1.951842E0
2.079114E1	9.111272E0	1.953077E0
2.082446E1	9.074696E0	1.963199E0
2.085777E1	8.952814E0	1.867131E0
2.089109E1	8.724540E0	1.718203E0
2.092441E1	8.674610E0	1.724117E0
2.095773E1	8.922325E0	1.786742E0
2.099105E1	9.129176E0	1.909863E0
2.102437E1	9.168529E0	1.947239E0
2.105769E1	9.108929E0	1.960578E0
2.109101E1	8.886233E0	1.944563E0
2.112433E1	8.536719E0	1.846328E0
2.115765E1	8.254943E0	1.767995E0
2.119097E1	8.247497E0	1.774444E0
2.122429E1	8.455065E0	1.866209E0
2.125760E1	8.664359E0	1.849434E0
2.129092E1	8.907433E0	1.829703E0
2.132424E1	8.970247E0	1.838438E0
2.135756E1	8.864599E0	1.756626E0
2.139088E1	8.800088E0	1.745491E0
2.142420E1	8.770106E0	1.747186E0
2.145752E1	8.956790E0	1.799318E0
2.149084E1	9.219396E0	1.881897E0
2.152416E1	9.331649E0	1.962601E0
2.155748E1	9.246577E0	1.976999E0
2.159080E1	8.901172E0	1.899764E0
2.162411E1	8.532020E0	1.879992E0
2.165743E1	8.199448E0	1.792060E0
2.169075E1	8.247647E0	1.848587E0
2.172407E1	8.371405E0	1.875659E0
2.175739E1	8.524179E0	1.849616E0
2.179071E1	8.780004E0	1.808658E0
2.182403E1	8.817123E0	1.828506E0
2.185735E1	8.772178E0	1.731070E0
2.189067E1	8.661738E0	1.743195E0
2.192399E1	8.639465E0	1.756934E0
2.195731E1	8.896491E0	1.818374E0
2.199063E1	9.117137E0	1.952574E0
2.202394E1	9.165295E0	2.016279E0
2.205726E1	9.174784E0	2.000995E0
2.209058E1	9.031392E0	1.965322E0
2.212390E1	8.720606E0	1.883132E0
2.215722E1	8.420019E0	1.834283E0
2.219054E1	8.404112E0	1.850697E0
2.222386E1	8.616085E0	1.899092E0
2.225718E1	8.780493E0	1.916319E0
2.229050E1	9.014073E0	1.898207E0
2.232382E1	9.139895E0	1.953726E0
2.235714E1	9.159087E0	1.936489E0
2.239045E1	9.130276E0	1.956026E0
2.242377E1	9.107535E0	1.957759E0
2.245709E1	9.275825E0	2.003258E0
2.249041E1	9.527102E0	2.117035E0
2.252373E1	9.635576E0	2.191667E0
2.255705E1	9.598064E0	2.162655E0
2.259037E1	9.307161E0	2.053157E0
2.262369E1	8.985679E0	1.995797E0
2.265701E1	8.667256E0	1.898170E0
2.269033E1	8.637526E0	1.952228E0
2.272365E1	8.761642E0	2.039414E0
2.275697E1	8.897275E0	2.027298E0
2.279028E1	9.096043E0	2.008977E0
2.282360E1	9.147191E0	2.030315E0
2.285692E1	9.117631E0	1.960757E0
2.289024E1	9.044033E0	1.953631E0
2.292356E1	9.041503E0	1.977208E0
2.295688E1	9.280234E0	2.047759E0
2.299020E1	9.550084E0	2.175765E0
2.302352E1	9.639412E0	2.235287E0
2.305684E1	9.572439E0	2.234400E0
2.309016E1	9.349728E0	2.182428E0
2.312348E1	9.040145E0	2.120827E0
2.315679E1	8.723412E0	2.012415E0
2.319011E1	8.660836E0	2.036809E0
2.322343E1	8.816694E0	2.107014E0
2.325675E1	8.980708E0	2.158420E0
2.329007E1	9.197231E0	2.132353E0
2.332339E1	9.280239E0	2.168748E0
2.335671E1	9.258471E0	2.105340E0
2.339003E1	9.141117E0	2.073406E0
2.342335E1	9.122733E0	2.125329E0
2.345667E1	9.358232E0	2.173107E0
2.348999E1	9.625794E0	2.282813E0
2.352331E1	9.675097E0	2.331361E0
2.355662E1	9.661155E0	2.361540E0
2.358994E1	9.484040E0	2.313576E0
2.362326E1	9.189411E0	2.239650E0
2.365658E1	8.906643E0	2.175366E0
2.368990E1	8.859573E0	2.120074E0
2.372322E1	9.098343E0	2.127970E0
2.375654E1	9.206917E0	2.092946E0
2.378986E1	9.370016E0	2.080533E0
2.382318E1	9.449174E0	2.121988E0
2.385650E1	9.374686E0	2.053449E0
2.388982E1	9.263803E0	2.022405E0
2.392313E1	9.237484E0	2.058305E0
2.395645E1	9.443903E0	2.128268E0
2.398977E1	9.659226E0	2.226107E0
2.402309E1	9.713187E0	2.235223E0
2.405641E1	9.664886E0	2.222577E0
2.408973E1	9.492903E0	2.170035E0
2.412305E1	9.205997E0	2.044695E0
2.415637E1	8.910632E0	1.879140E0
2.418969E1	8.849420E0	1.846406E0
2.422301E1	8.956635E0	1.908718E0
2.425633E1	8.990541E0	1.906259E0
2.428964E1	9.135884E0	1.894990E0
2.432296E1	9.199063E0	1.917397E0
2.435628E1	9.134352E0	1.808085E0
2.438960E1	9.046584E0	1.730877E0
2.442292E1	8.998582E0	1.746817E0
2.445624E1	9.229052E0	1.819437E0
2.448956E1	9.522208E0	1.972230E0
2.452288E1	9.631423E0	2.061477E0
2.455620E1	9.585376E0	2.035202E0
2.458952E1	9.375397E0	1.932382E0
2.462284E1	9.090492E0	1.862234E0
2.465616E1	8.791012E0	1.758072E0
2.468947E1	8.789406E0	1.778464E0
2.472279E1	9.014858E0	1.860256E0
2.475611E1	9.252980E0	1.908989E0
2.478943E1	9.520583E0	1.917838E0
2.482275E1	9.617040E0	1.954735E0
2.485607E1	9.561442E0	1.899939E0
2.488939E1	9.445835E0	1.834421E0
2.492271E1	9.417058E0	1.953058E0
2.495603E1	9.629479E0	2.016260E0
2.498935E1	9.840991E0	2.109120E0
2.502267E1	9.940795E0	2.154136E0
2.505598E1	9.926232E0	2.153166E0
2.508930E1	9.873853E0	2.134961E0
2.512262E1	9.631266E0	2.028860E0
2.515594E1	9.341794E0	1.932210E0
2.518926E1	9.274714E0	1.913447E0
2.522258E1	9.431936E0	1.964275E0
2.525590E1	9.541439E0	1.967450E0
2.528922E1	9.735459E0	1.973324E0
2.532254E1	9.718653E0	1.917379E0
2.535586E1	9.634893E0	1.787673E0
2.538918E1	9.430946E0	1.637930E0
2.542250E1	9.367218E0	1.642668E0
2.545581E1	9.629064E0	1.732448E0
2.548913E1	9.870597E0	1.887320E0
2.552245E1	9.877111E0	1.943083E0
2.555577E1	9.866609E0	1.932869E0
2.558909E1	9.751655E0	1.893397E0
2.562241E1	9.471597E0	1.802459E0
2.565573E1	9.171045E0	1.695022E0
2.568905E1	9.059076E0	1.588605E0
2.572237E1	9.219485E0	1.637024E0
2.575569E1	9.253365E0	1.629889E0
2.578901E1	9.401877E0	1.630954E0
2.582232E1	9.485407E0	1.645127E0
2.585564E1	9.479735E0	1.581563E0
2.588896E1	9.404644E0	1.556104E0
2.592228E1	9.363334E0	1.585986E0
2.595560E1	9.565859E0	1.665782E0
2.598892E1	9.824623E0	1.804978E0
2.602224E1	9.887734E0	1.856885E0
2.605556E1	9.877414E0	1.850358E0
2.608888E1	9.738823E0	1.811157E0
2.612220E1	9.487865E0	1.714698E0
2.615552E1	9.226499E0	1.652082E0
2.618884E1	9.172448E0	1.644958E0
2.622215E1	9.432836E0	1.729853E0
2.625547E1	9.662965E0	1.797836E0
2.628879E1	9.846121E0	1.825851E0
2.632211E1	9.938389E0	1.878516E0
2.635543E1	9.918471E0	1.850930E0
2.638875E1	9.823336E0	1.830348E0
2.642207E1	9.801481E0	1.913076E0
2.645539E1	1.000376E1	1.971055E0
2.648871E1	1.025937E1	2.041466E0
2.652203E1	1.035748E1	2.079073E0
2.655535E1	1.032215E1	2.051739E0
2.658866E1	1.027640E1	2.035331E0
2.662198E1	1.007698E1	1.938895E0
2.665530E1	9.888383E0	1.807589E0
2.668862E1	9.872355E0	1.851166E0
2.672194E1	1.003218E1	1.997610E0
2.675526E1	1.021420E1	2.092248E0
2.678858E1	1.039961E1	2.100604E0
2.682190E1	1.043029E1	2.115286E0
2.685522E1	1.033341E1	1.998633E0
2.688854E1	1.013585E1	1.847888E0
2.692186E1	1.011847E1	1.901864E0
2.695518E1	1.036727E1	1.982177E0
2.698849E1	1.064956E1	2.127966E0
2.702181E1	1.069565E1	2.168713E0
2.705513E1	1.063500E1	2.151741E0
2.708845E1	1.048971E1	2.121636E0
2.712177E1	1.019705E1	2.048141E0
2.715509E1	9.837280E0	1.956207E0
2.718841E1	9.823723E0	1.964625E0
2.722173E1	9.986325E0	2.015640E0
2.725505E1	1.022521E1	2.097353E0
2.728837E1	1.036444E1	2.137920E0
2.732169E1	1.038518E1	2.147450E0
2.735500E1	1.025243E1	2.043649E0
2.738832E1	1.003141E1	1.900069E0
2.742164E1	9.970286E0	1.948306E0
2.745496E1	1.021182E1	1.984581E0
2.748828E1	1.046429E1	2.124084E0
2.752160E1	1.060285E1	2.193154E0
2.755492E1	1.054292E1	2.174355E0
2.758824E1	1.030547E1	2.154301E0
2.762156E1	9.859145E0	2.025624E0
2.765488E1	9.535624E0	1.897890E0
2.768820E1	9.516033E0	1.858979E0
2.772152E1	9.563715E0	1.884185E0
2.775483E1	9.656555E0	1.929378E0
2.778815E1	9.871905E0	1.951607E0
2.782147E1	9.933797E0	1.964664E0
2.785479E1	9.829507E0	1.825195E0
2.788811E1	9.648188E0	1.762527E0
2.792143E1	9.604769E0	1.805139E0
2.795475E1	9.851750E0	1.862193E0
2.798807E1	1.013270E1	2.014373E0
2.802139E1	1.027162E1	2.076837E0
2.805471E1	1.024561E1	2.062669E0
2.808803E1	1.009572E1	2.005431E0
2.812134E1	9.853642E0	1.879172E0
2.815466E1	9.657723E0	1.753424E0
2.818798E1	9.587828E0	1.709786E0
2.822130E1	9.734522E0	1.805710E0
2.825462E1	9.840079E0	1.881239E0
2.828794E1	9.982466E0	1.923224E0
2.832126E1	1.002369E1	1.926049E0
2.835458E1	9.948272E0	1.819032E0
2.838790E1	9.824695E0	1.694480E0
2.842122E1	9.785060E0	1.730757E0
2.845454E1	9.973807E0	1.811440E0
2.848786E1	1.027159E1	1.953085E0
2.852117E1	1.035298E1	2.061866E0
2.855449E1	1.030531E1	2.079401E0
2.858781E1	1.006153E1	2.002474E0
2.862113E1	9.731174E0	1.955297E0
2.865445E1	9.380952E0	1.799751E0
2.868777E1	9.341663E0	1.821820E0
2.872109E1	9.460276E0	1.887885E0
2.875441E1	9.587854E0	1.963439E0
2.878773E1	9.797357E0	1.984936E0
2.882105E1	9.844575E0	2.014808E0
2.885437E1	9.800963E0	1.947455E0
2.888768E1	9.700419E0	1.836035E0
2.892100E1	9.660343E0	1.909782E0
2.895432E1	9.856498E0	1.957815E0
2.898764E1	1.013883E1	2.104524E0
2.902096E1	1.024774E1	2.183003E0
2.905428E1	1.018721E1	2.185917E0
2.908760E1	9.974481E0	2.150572E0
2.912092E1	9.651223E0	2.077394E0
2.915424E1	9.341270E0	1.969294E0
2.918756E1	9.336751E0	2.005006E0
2.922088E1	9.512184E0	2.124579E0
2.925420E1	9.711073E0	2.217675E0
2.928751E1	9.923421E0	2.230162E0
2.932083E1	9.964154E0	2.246800E0
2.935415E1	9.874545E0	2.107128E0
2.938747E1	9.752720E0	2.008487E0
2.942079E1	9.745356E0	2.039402E0
2.945411E1	9.925042E0	2.130245E0
2.948743E1	1.021155E1	2.265274E0
2.952075E1	1.035803E1	2.400677E0
2.955407E1	1.036673E1	2.384339E0
2.958739E1	1.019935E1	2.292702E0
2.962071E1	9.937913E0	2.207884E0
2.965402E1	9.580463E0	2.060526E0
2.968734E1	9.538860E0	2.059190E0
2.972066E1	9.697308E0	2.207489E0
2.975398E1	9.850235E0	2.297023E0
2.978730E1	1.003928E1	2.308994E0
2.982062E1	1.003988E1	2.324663E0
2.985394E1	9.945898E0	2.194142E0
2.988726E1	9.763455E0	1.980791E0
2.992058E1	9.727177E0	2.064401E0
2.995390E1	9.914907E0	2.126288E0
2.998722E1	1.018672E1	2.267125E0
3.002054E1	1.031994E1	2.339794E0
3.005385E1	1.028206E1	2.334584E0
3.008717E1	1.015867E1	2.284174E0
3.012049E1	9.873908E0	2.159002E0
3.015381E1	9.603092E0	2.046496E0
3.018713E1	9.481665E0	1.978258E0
3.022045E1	9.563640E0	1.926883E0
3.025377E1	9.679954E0	1.955637E0
3.028709E1	9.764499E0	1.971665E0
3.032041E1	9.828150E0	1.986287E0
3.035373E1	9.825712E0	1.934255E0
3.038705E1	9.743019E0	1.847701E0
3.042036E1	9.762968E0	1.903809E0
3.045368E1	9.933280E0	1.956391E0
3.048700E1	1.018214E1	2.124646E0
3.052032E1	1.029659E1	2.266727E0
3.055364E1	1.029108E1	2.275275E0
3.058696E1	1.013017E1	2.242001E0
3.062028E1	9.856162E0	2.174604E0
3.065360E1	9.555458E0	2.034800E0
3.068692E1	9.494940E0	2.037476E0
3.072024E1	9.641969E0	2.159485E0
3.075356E1	9.821138E0	2.264185E0
3.078688E1	1.004486E1	2.287451E0
3.082019E1	1.008011E1	2.293925E0
3.085351E1	9.996699E0	2.176559E0
3.088683E1	9.843660E0	2.026268E0
3.092015E1	9.850448E0	2.066523E0
3.095347E1	1.002669E1	2.133939E0
3.098679E1	1.028907E1	2.292902E0
3.102011E1	1.044821E1	2.447529E0
3.105343E1	1.039713E1	2.427215E0
3.108675E1	1.020263E1	2.308680E0
3.112007E1	9.887141E0	2.244954E0
3.115339E1	9.501460E0	2.120626E0
3.118670E1	9.417536E0	2.064027E0
3.122002E1	9.549268E0	2.127549E0
3.125334E1	9.629227E0	2.141624E0
3.128666E1	9.774766E0	2.168405E0
3.131998E1	9.798442E0	2.192315E0
3.135330E1	9.703148E0	2.048630E0
3.138662E1	9.536835E0	1.868200E0
3.141994E1	9.464801E0	1.878736E0
3.145326E1	9.646280E0	1.967281E0
3.148658E1	9.914384E0	2.132439E0
3.151990E1	1.002705E1	2.222012E0
3.155322E1	9.997890E0	2.232123E0
3.158653E1	9.919986E0	2.196595E0
3.161985E1	9.692476E0	2.086737E0
3.165317E1	9.410976E0	1.963057E0
3.168649E1	9.334559E0	1.974441E0
3.171981E1	9.476819E0	2.135140E0
3.175313E1	9.658968E0	2.236966E0
3.178645E1	9.821847E0	2.281801E0
3.181977E1	9.817096E0	2.272327E0
3.185309E1	9.764848E0	2.162828E0
3.188641E1	9.603637E0	1.934689E0
3.191973E1	9.543094E0	2.025311E0
3.195304E1	9.734466E0	2.074696E0
3.198636E1	9.981789E0	2.244101E0
3.201968E1	1.009786E1	2.334030E0
3.205300E1	1.005717E1	2.344547E0
3.208632E1	9.936610E0	2.299179E0
3.211964E1	9.680670E0	2.182373E0
3.215296E1	9.441086E0	2.086328E0
3.218628E1	9.414903E0	2.115917E0
3.221960E1	9.622810E0	2.237756E0
3.225292E1	9.846940E0	2.385649E0
3.228624E1	1.009058E1	2.437867E0
3.231956E1	1.016962E1	2.480255E0
3.235287E1	1.009391E1	2.410460E0
3.238619E1	9.945195E0	2.238009E0
3.241951E1	9.910525E0	2.330234E0
3.245283E1	1.008524E1	2.392197E0
3.248615E1	1.033934E1	2.515779E0
3.251947E1	1.042154E1	2.584512E0
3.255279E1	1.036714E1	2.604725E0
3.258611E1	1.022316E1	2.577856E0
3.261943E1	9.955952E0	2.501947E0
3.265275E1	9.685763E0	2.394893E0
3.268607E1	9.596971E0	2.374517E0
3.271938E1	9.719349E0	2.437057E0
3.275270E1	9.786215E0	2.444533E0
3.278602E1	9.932385E0	2.451631E0
3.281934E1	9.947302E0	2.457930E0
3.285266E1	9.864592E0	2.390640E0
3.288598E1	9.734493E0	2.225326E0
3.291930E1	9.722510E0	2.300327E0
3.295262E1	9.909430E0	2.365085E0
3.298594E1	1.019356E1	2.527907E0
3.301926E1	1.029026E1	2.649577E0
3.305258E1	1.029916E1	2.653027E0
3.308590E1	1.021261E1	2.611290E0
3.311921E1	9.918717E0	2.521997E0
3.315253E1	9.542080E0	2.381129E0
3.318585E1	9.448469E0	2.348033E0
3.321917E1	9.563512E0	2.470154E0
3.325249E1	9.691089E0	2.509593E0
3.328581E1	9.855990E0	2.479462E0
3.331913E1	9.866867E0	2.461866E0
3.335245E1	9.715400E0	2.253190E0
3.338577E1	9.525423E0	2.060854E0
3.341909E1	9.451181E0	2.091955E0
3.345241E1	9.713843E0	2.194739E0
3.348572E1	9.988718E0	2.428688E0
3.351904E1	1.007659E1	2.553720E0
3.355236E1	1.007083E1	2.555726E0
3.358568E1	1.001860E1	2.508193E0
3.361900E1	9.771665E0	2.418882E0
3.365232E1	9.361043E0	2.289542E0
3.368564E1	9.270653E0	2.287166E0
3.371896E1	9.449383E0	2.356525E0
3.375228E1	9.657100E0	2.430943E0
3.378560E1	9.904545E0	2.492142E0
3.381892E1	1.001861E1	2.506684E0
3.385223E1	9.967431E0	2.407814E0
3.388555E1	9.846477E0	2.252083E0
3.391887E1	9.825563E0	2.325521E0
3.395219E1	9.982616E0	2.422426E0
3.398551E1	1.025454E1	2.574088E0
3.401883E1	1.031653E1	2.686758E0
3.405215E1	1.028814E1	2.680130E0
3.408547E1	1.008172E1	2.598411E0
3.411879E1	9.794247E0	2.549839E0
3.415211E1	9.446916E0	2.396304E0
3.418543E1	9.418356E0	2.386430E0
3.421875E1	9.547519E0	2.481436E0
3.425206E1	9.707268E0	2.567447E0
3.428538E1	9.948136E0	2.595650E0
3.431870E1	1.003041E1	2.597728E0
3.435202E1	9.953350E0	2.455096E0
3.438534E1	9.780089E0	2.269131E0
3.441866E1	9.699184E0	2.324985E0
3.445198E1	9.910662E0	2.440418E0
3.448530E1	1.016466E1	2.623531E0
3.451862E1	1.024352E1	2.701104E0
3.455194E1	1.019509E1	2.698991E0
3.458526E1	1.014268E1	2.670164E0
3.461857E1	9.929709E0	2.603227E0
3.465189E1	9.624180E0	2.480703E0
3.468521E1	9.508345E0	2.466750E0
3.471853E1	9.689835E0	2.522440E0
3.475185E1	9.977301E0	2.624514E0
3.478517E1	1.019177E1	2.671468E0
3.481849E1	1.028229E1	2.691317E0
3.485181E1	1.022065E1	2.608502E0
3.488513E1	1.008884E1	2.454186E0
3.491845E1	1.005460E1	2.489513E0
3.495177E1	1.020843E1	2.579088E0
3.498509E1	1.042686E1	2.757075E0
3.501840E1	1.049188E1	2.876230E0
3.505172E1	1.043465E1	2.857474E0
3.508504E1	1.029371E1	2.808058E0
3.511836E1	1.001746E1	2.733604E0
3.515168E1	9.683851E0	2.592010E0
3.518500E1	9.626894E0	2.590743E0
3.521832E1	9.733518E0	2.702489E0
3.525164E1	9.874084E0	2.804504E0
3.528496E1	1.013303E1	2.850783E0
3.531828E1	1.019908E1	2.870132E0
3.535160E1	1.015224E1	2.756268E0
3.538491E1	9.999826E0	2.538661E0
3.541823E1	9.947445E0	2.588505E0
3.545155E1	1.010139E1	2.680160E0
3.548487E1	1.038084E1	2.829813E0
3.551819E1	1.050848E1	2.974585E0
3.555151E1	1.050869E1	2.967330E0
3.558483E1	1.036456E1	2.868774E0
3.561815E1	1.016092E1	2.786481E0
3.565147E1	9.844125E0	2.665895E0
3.568479E1	9.727301E0	2.625560E0
3.571811E1	9.836027E0	2.718129E0
3.575143E1	9.954591E0	2.810061E0
3.578474E1	1.016300E1	2.853310E0
3.581806E1	1.021406E1	2.853395E0
3.585138E1	1.011408E1	2.701438E0
3.588470E1	9.909546E0	2.453166E0
3.591802E1	9.819608E0	2.460451E0
3.595134E1	1.000474E1	2.547659E0
3.598466E1	1.020555E1	2.730641E0
3.601798E1	1.032984E1	2.854883E0
3.605130E1	1.026288E1	2.844947E0
3.608462E1	1.012721E1	2.799124E0
3.611794E1	9.888521E0	2.717333E0
3.615125E1	9.626066E0	2.582554E0
3.618457E1	9.620828E0	2.607691E0
3.621789E1	9.760452E0	2.764331E0
3.625121E1	9.974366E0	2.919247E0
3.628453E1	1.024403E1	2.982817E0
3.631785E1	1.032170E1	2.991534E0
3.635117E1	1.025437E1	2.876329E0
3.638449E1	1.010335E1	2.634862E0
3.641781E1	1.002820E1	2.672937E0
3.645113E1	1.015864E1	2.751039E0
3.648445E1	1.043100E1	2.922882E0
3.651777E1	1.051657E1	3.040564E0
3.655108E1	1.052470E1	3.027633E0
3.658440E1	1.040123E1	2.906368E0
3.661772E1	1.014543E1	2.811788E0
3.665104E1	9.846957E0	2.624493E0
3.668436E1	9.880837E0	2.639926E0
3.671768E1	1.004923E1	2.848950E0
3.675100E1	1.026636E1	3.028639E0
3.678432E1	1.052243E1	3.087102E0
3.681764E1	1.053005E1	3.088489E0
3.685096E1	1.039132E1	2.880089E0
3.688428E1	1.022467E1	2.601822E0
3.691759E1	1.008431E1	2.596100E0
3.695091E1	1.023780E1	2.676101E0
3.698423E1	1.051543E1	2.858217E0
3.701755E1	1.058995E1	2.972353E0
3.705087E1	1.056467E1	2.963867E0
3.708419E1	1.049358E1	2.900828E0
3.711751E1	1.020754E1	2.777810E0
3.715083E1	9.826753E0	2.622708E0
3.718415E1	9.719182E0	2.591576E0
3.721747E1	9.804659E0	2.706643E0
3.725079E1	9.929350E0	2.798936E0
3.728411E1	1.018333E1	2.864732E0
3.731742E1	1.026624E1	2.904064E0
3.735074E1	1.020291E1	2.795882E0
3.738406E1	1.004756E1	2.558090E0
3.741738E1	9.941477E0	2.533326E0
3.745070E1	1.006574E1	2.598934E0
3.748402E1	1.032601E1	2.797322E0
3.751734E1	1.042655E1	2.926758E0
3.755066E1	1.040227E1	2.915257E0
3.758398E1	1.027243E1	2.783549E0
3.761730E1	1.002307E1	2.658149E0
3.765062E1	9.697260E0	2.471561E0
3.768393E1	9.633483E0	2.443123E0
3.771725E1	9.727296E0	2.544017E0
3.775057E1	9.840547E0	2.668351E0
3.778389E1	1.006243E1	2.741474E0
3.781721E1	1.010940E1	2.765547E0
3.785053E1	1.005052E1	2.622751E0
3.788385E1	9.897611E0	2.375070E0
3.791717E1	9.798979E0	2.346740E0
3.795049E1	9.946340E0	2.420935E0
3.798381E1	1.018773E1	2.616167E0
3.801713E1	1.024579E1	2.713389E0
3.805045E1	1.018674E1	2.687514E0
3.808376E1	1.006143E1	2.593311E0
3.811708E1	9.784302E0	2.465458E0
3.815040E1	9.383361E0	2.254996E0
3.818372E1	9.288578E0	2.226987E0
3.821704E1	9.420092E0	2.394851E0
3.825036E1	9.593457E0	2.503152E0
3.828368E1	9.862962E0	2.556448E0
3.831700E1	9.932532E0	2.594319E0
3.835032E1	9.872122E0	2.465433E0
3.838364E1	9.744870E0	2.222454E0
3.841696E1	9.693929E0	2.208441E0
3.845027E1	9.826301E0	2.304537E0
3.848359E1	1.008415E1	2.486559E0
3.851691E1	1.016834E1	2.602240E0
3.855023E1	1.015573E1	2.606288E0
3.858355E1	1.010261E1	2.537583E0
3.861687E1	9.841417E0	2.388305E0
3.865019E1	9.505305E0	2.262468E0
3.868351E1	9.408679E0	2.224271E0
3.871683E1	9.527200E0	2.386779E0
3.875015E1	9.671724E0	2.458269E0
3.878347E1	9.888899E0	2.499619E0
3.881679E1	9.927847E0	2.483695E0
3.885010E1	9.817635E0	2.294364E0
3.888342E1	9.610421E0	1.974909E0
3.891674E1	9.470671E0	1.979190E0
3.895006E1	9.605554E0	2.077602E0
3.898338E1	9.818165E0	2.288067E0
3.901670E1	9.887179E0	2.393580E0
3.905002E1	9.854407E0	2.353426E0
3.908334E1	9.749415E0	2.275121E0
3.911666E1	9.536720E0	2.086104E0
3.914998E1	9.324831E0	1.913216E0
3.918330E1	9.314555E0	1.962154E0
3.921661E1	9.455005E0	2.136337E0
3.924993E1	9.637720E0	2.372801E0
3.928325E1	9.924304E0	2.489748E0
3.931657E1	9.972403E0	2.543342E0
3.934989E1	9.876172E0	2.378692E0
3.938321E1	9.703761E0	2.063522E0
3.941653E1	9.538769E0	2.024305E0
3.944985E1	9.697530E0	2.091334E0
3.948317E1	9.927617E0	2.321438E0
3.951649E1	9.991935E0	2.500669E0
3.954981E1	9.978834E0	2.524912E0
3.958313E1	9.913495E0	2.483138E0
3.961644E1	9.699618E0	2.366782E0
3.964976E1	9.441841E0	2.194399E0
3.968308E1	9.398438E0	2.183168E0
3.971640E1	9.561756E0	2.325045E0
3.974972E1	9.715692E0	2.457790E0
3.978304E1	9.944902E0	2.554130E0
3.981636E1	1.004163E1	2.601076E0
3.984968E1	9.987230E0	2.506513E0
3.988300E1	9.845874E0	2.258843E0
3.991632E1	9.768223E0	2.282611E0
3.994964E1	9.920131E0	2.391756E0
3.998295E1	1.021664E1	2.594767E0
4.001627E1	1.035024E1	2.787683E0
4.004959E1	1.037161E1	2.806516E0
4.008291E1	1.022574E1	2.671210E0
4.011623E1	9.941422E0	2.523163E0
4.014955E1	9.538615E0	2.297792E0
4.018287E1	9.455565E0	2.269302E0
4.021619E1	9.571122E0	2.419751E0
4.024951E1	9.677152E0	2.556518E0
4.028283E1	9.908517E0	2.613540E0
4.031615E1	9.992280E0	2.607221E0
4.034947E1	9.950200E0	2.490709E0
4.038278E1	9.812905E0	2.217676E0
4.041610E1	9.690998E0	2.224924E0
4.044942E1	9.815219E0	2.289535E0
4.048274E1	9.991108E0	2.477774E0
4.051606E1	1.007246E1	2.618675E0
4.054938E1	1.006003E1	2.595963E0
4.058270E1	9.930802E0	2.519809E0
4.061602E1	9.701121E0	2.343607E0
4.064934E1	9.465978E0	2.157579E0
4.068266E1	9.420885E0	2.194394E0
4.071598E1	9.567715E0	2.392011E0
4.074929E1	9.746616E0	2.626157E0
4.078261E1	1.000614E1	2.730167E0
4.081593E1	1.004057E1	2.754976E0
4.084925E1	9.900753E0	2.554808E0
4.088257E1	9.723999E0	2.218839E0
4.091589E1	9.553673E0	2.133182E0
4.094921E1	9.681354E0	2.207675E0
4.098253E1	9.902462E0	2.453601E0
4.101585E1	9.962780E0	2.588008E0
4.104917E1	9.976867E0	2.627837E0
4.108249E1	9.924886E0	2.557317E0
4.111581E1	9.676788E0	2.439705E0
4.114912E1	9.399959E0	2.247658E0
4.118244E1	9.398393E0	2.265960E0
4.121576E1	9.545726E0	2.501178E0
4.124908E1	9.715525E0	2.702093E0
4.128240E1	9.973642E0	2.799171E0
4.131572E1	1.002539E1	2.822317E0
4.134904E1	9.930702E0	2.623032E0
4.138236E1	9.745315E0	2.253519E0
4.141568E1	9.584707E0	2.194589E0
4.144900E1	9.695365E0	2.278814E0
4.148232E1	9.839061E0	2.503715E0
4.151563E1	9.912289E0	2.647412E0
4.154895E1	9.911910E0	2.639320E0
4.158227E1	9.822310E0	2.577281E0
4.161559E1	9.608217E0	2.426389E0
4.164891E1	9.417503E0	2.255900E0
4.168223E1	9.428852E0	2.287431E0
4.171555E1	9.559852E0	2.472744E0
4.174887E1	9.718228E0	2.705763E0
4.178219E1	9.968081E0	2.819916E0
4.181551E1	1.000148E1	2.819593E0
4.184883E1	9.900232E0	2.632721E0
4.188215E1	9.717037E0	2.280164E0
4.191546E1	9.551191E0	2.236296E0
4.194878E1	9.653269E0	2.344717E0
4.198210E1	9.774643E0	2.544247E0
4.201542E1	9.821931E0	2.653118E0
4.204874E1	9.815378E0	2.614478E0
4.208206E1	9.709788E0	2.530859E0
4.211538E1	9.495717E0	2.344420E0
4.214870E1	9.278855E0	2.137976E0
4.218202E1	9.267498E0	2.177532E0
4.221534E1	9.401108E0	2.350109E0
4.224866E1	9.535159E0	2.579450E0
4.228197E1	9.799270E0	2.683749E0
4.231529E1	9.858331E0	2.704803E0
4.234861E1	9.781104E0	2.525800E0
4.238193E1	9.607576E0	2.176412E0
4.241525E1	9.455158E0	2.122291E0
4.244857E1	9.548063E0	2.244269E0
4.248189E1	9.709798E0	2.461615E0
4.251521E1	9.802914E0	2.615402E0
4.254853E1	9.796343E0	2.630443E0
4.258185E1	9.667491E0	2.564403E0
4.261517E1	9.433508E0	2.442915E0
4.264849E1	9.180513E0	2.237546E0
4.268180E1	9.186750E0	2.274260E0
4.271512E1	9.300066E0	2.477870E0
4.274844E1	9.489911E0	2.729484E0
4.278176E1	9.720276E0	2.825593E0
4.281508E1	9.753619E0	2.822303E0
4.284840E1	9.629175E0	2.662547E0
4.288172E1	9.429743E0	2.286455E0
4.291504E1	9.292949E0	2.180319E0
4.294836E1	9.399399E0	2.236107E0
4.298168E1	9.637059E0	2.466520E0
4.301500E1	9.689034E0	2.609971E0
4.304831E1	9.689794E0	2.652422E0
4.308163E1	9.657198E0	2.583142E0
4.311495E1	9.406398E0	2.428114E0
4.314827E1	9.133537E0	2.220491E0
4.318159E1	9.133300E0	2.244067E0
4.321491E1	9.247561E0	2.467202E0
4.324823E1	9.431081E0	2.707526E0
4.328155E1	9.680883E0	2.818371E0
4.331487E1	9.702800E0	2.827266E0
4.334819E1	9.607869E0	2.630507E0
4.338151E1	9.441237E0	2.253202E0
4.341482E1	9.269813E0	2.167620E0
4.344814E1	9.367814E0	2.255360E0
4.348146E1	9.552710E0	2.468788E0
4.351478E1	9.583433E0	2.605946E0
4.354810E1	9.565870E0	2.582604E0
4.358142E1	9.472876E0	2.505716E0
4.361474E1	9.265317E0	2.368462E0
4.364806E1	9.045357E0	2.167428E0
4.368138E1	9.062755E0	2.209931E0
4.371470E1	9.173793E0	2.387085E0
4.374802E1	9.317406E0	2.606978E0
4.378134E1	9.585279E0	2.757128E0
4.381465E1	9.671046E0	2.812446E0
4.384797E1	9.620879E0	2.693925E0
4.388129E1	9.488465E0	2.380127E0
4.391461E1	9.333976E0	2.245732E0
4.394793E1	9.419380E0	2.346195E0
4.398125E1	9.589803E0	2.576763E0
4.401457E1	9.601180E0	2.706842E0
4.404789E1	9.593912E0	2.727720E0
4.408121E1	9.551681E0	2.667965E0
4.411453E1	9.301713E0	2.532991E0
4.414785E1	9.025240E0	2.341921E0
4.418116E1	9.016160E0	2.376779E0
4.421448E1	9.151004E0	2.601392E0
4.424780E1	9.317612E0	2.817239E0
4.428112E1	9.543688E0	2.930096E0
4.431444E1	9.572537E0	2.924912E0
4.434776E1	9.532561E0	2.797345E0
4.438108E1	9.392230E0	2.423153E0
4.441440E1	9.221485E0	2.346450E0
4.444772E1	9.274329E0	2.475194E0
4.448104E1	9.509954E0	2.721524E0
4.451436E1	9.568386E0	2.886785E0
4.454768E1	9.555635E0	2.878486E0
4.458099E1	9.442259E0	2.772272E0
4.461431E1	9.190768E0	2.551413E0
4.464763E1	8.926645E0	2.355822E0
4.468095E1	8.899827E0	2.365564E0
4.471427E1	9.017490E0	2.525781E0
4.474759E1	9.162031E0	2.730505E0
4.478091E1	9.404932E0	2.864611E0
4.481423E1	9.471435E0	2.880600E0
4.484755E1	9.439011E0	2.762328E0
4.488087E1	9.313168E0	2.440782E0
4.491419E1	9.204409E0	2.345895E0
4.494750E1	9.276447E0	2.502315E0
4.498082E1	9.440988E0	2.773301E0
4.501414E1	9.478557E0	2.981414E0
4.504746E1	9.500983E0	2.984437E0
4.508078E1	9.438542E0	2.924367E0
4.511410E1	9.238599E0	2.763301E0
4.514742E1	8.996467E0	2.551970E0
4.518074E1	9.001570E0	2.617323E0
4.521406E1	9.229758E0	2.806047E0
4.524738E1	9.473278E0	3.034028E0
4.528070E1	9.701820E0	3.172680E0
4.531402E1	9.825964E0	3.222368E0
4.534733E1	9.781061E0	3.093640E0
4.538065E1	9.618180E0	2.775424E0
4.541397E1	9.499604E0	2.729880E0
4.544729E1	9.588292E0	2.836370E0
4.548061E1	9.760503E0	3.080036E0
4.551393E1	9.807436E0	3.246788E0
4.554725E1	9.771236E0	3.238933E0
4.558057E1	9.724562E0	3.190970E0
4.561389E1	9.519947E0	3.058485E0
4.564721E1	9.235337E0	2.829845E0
4.568053E1	9.183086E0	2.831476E0
4.571384E1	9.320546E0	3.058337E0
4.574716E1	9.518896E0	3.288250E0
4.578048E1	9.718716E0	3.381503E0
4.581380E1	9.734422E0	3.351764E0
4.584712E1	9.680281E0	3.209800E0
4.588044E1	9.517605E0	2.810869E0
4.591376E1	9.381851E0	2.756365E0
4.594708E1	9.505397E0	2.869977E0
4.598040E1	9.708924E0	3.100777E0
4.601372E1	9.755555E0	3.280877E0
4.604704E1	9.709651E0	3.292213E0
4.608036E1	9.607695E0	3.197230E0
4.611367E1	9.392057E0	3.074723E0
4.614699E1	9.161019E0	2.853361E0
4.618031E1	9.180434E0	2.832236E0
4.621363E1	9.399465E0	3.014576E0
4.624695E1	9.650555E0	3.279026E0
4.628027E1	9.913377E0	3.419074E0
4.631359E1	1.005697E1	3.479419E0
4.634691E1	1.001524E1	3.359343E0
4.638023E1	9.903236E0	3.069098E0
4.641355E1	9.752391E0	2.966205E0
4.644687E1	9.824645E0	3.047851E0
4.648018E1	9.997364E0	3.262256E0
4.651350E1	9.994317E0	3.366347E0
4.654682E1	9.969978E0	3.358200E0
4.658014E1	9.926950E0	3.277563E0
4.661346E1	9.662185E0	3.098548E0
4.664678E1	9.289347E0	2.833316E0
4.668010E1	9.215262E0	2.784749E0
4.671342E1	9.380778E0	2.895738E0
4.674674E1	9.572270E0	3.028166E0
4.678006E1	9.820369E0	3.176316E0
4.681338E1	9.980494E0	3.252365E0
4.684670E1	9.961833E0	3.164182E0
4.688001E1	9.845878E0	2.874684E0
4.691333E1	9.753614E0	2.883615E0
4.694665E1	9.823081E0	2.942810E0
4.697997E1	1.005260E1	3.156157E0
4.701329E1	1.010256E1	3.333304E0
4.704661E1	1.010989E1	3.357363E0
4.707993E1	1.004789E1	3.239535E0
4.711325E1	9.817137E0	3.091570E0
4.714657E1	9.544741E0	2.906104E0
4.717989E1	9.441033E0	2.777126E0
4.721321E1	9.536360E0	2.819606E0
4.724652E1	9.621103E0	2.895088E0
4.727984E1	9.794646E0	3.034917E0
4.731316E1	9.821702E0	3.058174E0
4.734648E1	9.781056E0	2.964836E0
4.737980E1	9.653980E0	2.673366E0
4.741312E1	9.561223E0	2.602821E0
4.744644E1	9.640990E0	2.742523E0
4.747976E1	9.854741E0	2.976681E0
4.751308E1	9.904566E0	3.174069E0
4.754640E1	9.884974E0	3.189213E0
4.757972E1	9.819065E0	3.123175E0
4.761304E1	9.614518E0	2.937005E0
4.764635E1	9.380032E0	2.719616E0
4.767967E1	9.306601E0	2.658515E0
4.771299E1	9.378543E0	2.689068E0
4.774631E1	9.486217E0	2.776703E0
4.777963E1	9.636450E0	2.872612E0
4.781295E1	9.724978E0	2.884729E0
4.784627E1	9.706149E0	2.779063E0
4.787959E1	9.611489E0	2.490168E0
4.791291E1	9.487860E0	2.383141E0
4.794623E1	9.560897E0	2.432301E0
4.797955E1	9.762374E0	2.667483E0
4.801286E1	9.752513E0	2.745916E0
4.804618E1	9.755369E0	2.763563E0
4.807950E1	9.722605E0	2.665343E0
4.811282E1	9.493234E0	2.490154E0
4.814614E1	9.175456E0	2.250521E0
4.817946E1	9.160708E0	2.243355E0
4.821278E1	9.304719E0	2.460307E0
4.824610E1	9.477700E0	2.714065E0
4.827942E1	9.743650E0	2.863644E0
4.831274E1	9.784163E0	2.900760E0
4.834606E1	9.734428E0	2.774598E0
4.837938E1	9.639621E0	2.452375E0
4.841269E1	9.510843E0	2.305504E0
4.844601E1	9.595652E0	2.369340E0
4.847933E1	9.821604E0	2.612572E0
4.851265E1	9.833198E0	2.730093E0
4.854597E1	9.838282E0	2.756597E0
4.857929E1	9.810753E0	2.650036E0
4.861261E1	9.598423E0	2.450916E0
4.864593E1	9.339292E0	2.244622E0
4.867925E1	9.287409E0	2.187512E0
4.871257E1	9.428834E0	2.343640E0
4.874589E1	9.601674E0	2.590069E0
4.877920E1	9.821417E0	2.786788E0
4.881252E1	9.941797E0	2.866629E0
4.884584E1	9.920803E0	2.775739E0
4.887916E1	9.858472E0	2.504642E0
4.891248E1	9.755799E0	2.364728E0
4.894580E1	9.795687E0	2.439750E0
4.897912E1	9.971415E0	2.694912E0
4.901244E1	9.972621E0	2.834777E0
4.904576E1	9.962528E0	2.846880E0
4.907908E1	9.931690E0	2.751324E0
4.911240E1	9.721627E0	2.578024E0
4.914572E1	9.442483E0	2.334226E0
4.917903E1	9.419800E0	2.337706E0
4.921235E1	9.558721E0	2.550575E0
4.924567E1	9.707479E0	2.818320E0
4.927899E1	9.935847E0	3.000210E0
4.931231E1	9.973226E0	3.025081E0
4.934563E1	9.922036E0	2.902227E0
4.937895E1	9.814923E0	2.532824E0
4.941227E1	9.686039E0	2.383776E0
4.944559E1	9.699948E0	2.549880E0
4.947891E1	9.861964E0	2.817256E0
4.951223E1	9.895646E0	2.976809E0
4.954554E1	9.886668E0	2.980968E0
4.957886E1	9.783936E0	2.865712E0
4.961218E1	9.546987E0	2.652963E0
4.964550E1	9.276147E0	2.417634E0
4.967882E1	9.201070E0	2.399098E0
4.971214E1	9.344226E0	2.568361E0
4.974546E1	9.490721E0	2.812118E0
4.977878E1	9.718153E0	3.009551E0
4.981210E1	9.782961E0	3.047385E0
4.984542E1	9.741722E0	2.947510E0
4.987874E1	9.639034E0	2.620754E0
4.991206E1	9.537359E0	2.447787E0
4.994537E1	9.588353E0	2.490334E0
4.997869E1	9.753713E0	2.714618E0
5.001201E1	9.720810E0	2.821651E0
5.004533E1	9.696290E0	2.832911E0
5.007865E1	9.634730E0	2.695363E0
5.011197E1	9.395699E0	2.499246E0
5.014529E1	9.081118E0	2.249419E0
5.017861E1	8.980373E0	2.189795E0
5.021193E1	9.113484E0	2.438221E0
5.024525E1	9.266389E0	2.681851E0
5.027857E1	9.483049E0	2.814350E0
5.031188E1	9.544896E0	2.832316E0
5.034520E1	9.508354E0	2.709699E0
5.037852E1	9.428896E0	2.384807E0
5.041184E1	9.292600E0	2.224495E0
5.044516E1	9.329376E0	2.263009E0
5.047848E1	9.518404E0	2.466383E0
5.051180E1	9.536065E0	2.571993E0
5.054512E1	9.546975E0	2.599790E0
5.057844E1	9.530194E0	2.525164E0
5.061176E1	9.331878E0	2.354938E0
5.064508E1	9.024623E0	2.087854E0
5.067840E1	9.001898E0	2.095498E0
5.071171E1	9.127887E0	2.299348E0
5.074503E1	9.302236E0	2.572302E0
