	mass A		
t	x	y	
0.000000E0	1.028509E-1	4.778046E-2
3.331913E-2	1.080739E-1	7.066757E-2
6.663825E-2	1.032895E-1	4.695684E-2
9.995738E-2	9.645283E-2	3.916562E-2
1.332765E-1	1.044848E-1	6.545882E-2
1.665956E-1	1.067759E-1	5.600781E-2
1.999148E-1	9.223946E-2	3.307160E-2
2.332339E-1	1.003831E-1	4.880702E-2
2.665530E-1	1.169995E-1	5.908549E-2
2.998721E-1	1.108341E-1	1.791099E-2
3.331913E-1	8.037874E-2	1.145990E-2
3.665104E-1	6.430377E-2	-5.543959E-3
3.998295E-1	-5.707740E-2	-6.371935E-2
4.331486E-1	-5.198689E-2	-8.999028E-2
4.664678E-1	1.668701E-1	-6.944104E-2
4.997869E-1	4.762934E-1	-5.393919E-2
5.331060E-1	6.595288E-1	-6.322420E-2
5.664252E-1	7.928665E-1	-2.745383E-2
5.997443E-1	8.840522E-1	-8.739707E-3
6.330634E-1	1.017770E0	-3.169034E-2
6.663825E-1	1.226138E0	-5.513321E-2
6.997017E-1	1.335545E0	-2.399328E-2
7.330208E-1	1.312909E0	-1.477243E-2
7.663399E-1	1.326088E0	-1.687563E-5
7.996590E-1	1.312508E0	1.657005E-3
8.329782E-1	1.367572E0	1.193368E-1
8.662973E-1	1.329439E0	2.582862E-1
8.996164E-1	1.267882E0	2.427324E-1
9.329355E-1	1.294321E0	2.230115E-1
9.662547E-1	1.439478E0	2.365784E-1
9.995738E-1	1.706474E0	2.157470E-1
1.032893E0	1.968680E0	2.073022E-1
1.066212E0	2.129888E0	1.830168E-1
1.099531E0	2.214996E0	2.284424E-1
1.132850E0	2.276228E0	2.919065E-1
1.166169E0	2.326115E0	2.948580E-1
1.199489E0	2.343438E0	2.780233E-1
1.232808E0	2.359435E0	3.028848E-1
1.266127E0	2.355851E0	2.979070E-1
1.299446E0	2.270927E0	2.677156E-1
1.332765E0	2.130974E0	2.608031E-1
1.366084E0	1.810612E0	2.250234E-1
1.399403E0	1.529288E0	1.124466E-1
1.432722E0	1.408462E0	4.232055E-2
1.466042E0	1.586552E0	7.243497E-2
1.499361E0	1.910802E0	9.474466E-2
1.532680E0	2.189941E0	1.440166E-1
1.565999E0	2.301666E0	1.648571E-1
1.599318E0	2.439615E0	1.582051E-1
1.632637E0	2.559686E0	1.435051E-1
1.665956E0	2.670526E0	1.125043E-1
1.699275E0	2.796126E0	1.021145E-1
1.732595E0	2.842993E0	1.085617E-1
1.765914E0	2.796157E0	9.606864E-2
1.799233E0	2.828361E0	1.114370E-1
1.832552E0	2.916219E0	1.514011E-1
1.865871E0	2.932100E0	1.764252E-1
1.899190E0	2.956001E0	2.011740E-1
1.932509E0	2.954343E0	2.150898E-1
1.965828E0	3.035023E0	2.422539E-1
1.999148E0	3.215740E0	2.557599E-1
2.032467E0	3.505778E0	2.460662E-1
2.065786E0	3.696505E0	2.233452E-1
2.099105E0	3.776138E0	1.908284E-1
2.132424E0	3.883898E0	1.944046E-1
2.165743E0	3.871054E0	2.106628E-1
2.199062E0	3.770916E0	2.432901E-1
2.232381E0	3.790422E0	2.688688E-1
2.265701E0	3.767171E0	2.449489E-1
2.299020E0	3.494164E0	2.125482E-1
2.332339E0	3.092216E0	2.252151E-1
2.365658E0	2.648051E0	2.109840E-1
2.398977E0	2.295995E0	1.535143E-1
2.432296E0	2.101676E0	1.351268E-1
2.465615E0	2.190875E0	1.608483E-1
2.498934E0	2.471236E0	2.786210E-1
2.532254E0	2.629647E0	3.708171E-1
2.565573E0	2.791924E0	3.934622E-1
2.598892E0	2.815512E0	3.740573E-1
2.632211E0	2.935109E0	4.083102E-1
2.665530E0	3.064038E0	3.246120E-1
2.698849E0	3.290809E0	2.749614E-1
2.732168E0	3.330683E0	2.825246E-1
2.765488E0	3.399785E0	3.167362E-1
2.798807E0	3.267971E0	3.183093E-1
2.832126E0	3.218851E0	3.880295E-1
2.865445E0	3.055584E0	5.336596E-1
2.898764E0	3.019826E0	6.265270E-1
2.932083E0	3.057648E0	6.436187E-1
2.965402E0	3.203753E0	6.026682E-1
2.998721E0	3.501681E0	5.813579E-1
3.032041E0	3.793011E0	5.938342E-1
3.065360E0	3.944837E0	5.994038E-1
3.098679E0	3.947258E0	5.889238E-1
3.131998E0	4.047049E0	6.551523E-1
3.165317E0	4.054900E0	6.653734E-1
3.198636E0	4.051810E0	6.546008E-1
3.231955E0	4.051833E0	6.505085E-1
3.265274E0	4.044862E0	6.417131E-1
3.298594E0	3.972832E0	6.072504E-1
3.331913E0	3.720484E0	5.606705E-1
3.365232E0	3.543826E0	4.706329E-1
3.398551E0	3.406922E0	4.031906E-1
3.431870E0	3.343708E0	3.720530E-1
3.465189E0	3.510675E0	3.731217E-1
3.498508E0	3.809689E0	4.216278E-1
3.531827E0	4.066026E0	4.903569E-1
3.565147E0	4.236848E0	4.884526E-1
3.598466E0	4.344558E0	4.292500E-1
3.631785E0	4.432100E0	3.998804E-1
3.665104E0	4.600962E0	4.402516E-1
3.698423E0	4.700066E0	4.615280E-1
3.731742E0	4.709856E0	4.774836E-1
3.765061E0	4.694946E0	4.856669E-1
3.798380E0	4.678230E0	4.856505E-1
3.831700E0	4.732416E0	5.760602E-1
3.865019E0	4.804083E0	7.953591E-1
3.898338E0	4.824040E0	7.497648E-1
3.931657E0	4.771037E0	5.894791E-1
3.964976E0	4.713264E0	5.740671E-1
3.998295E0	4.768560E0	6.165428E-1
4.031614E0	5.077439E0	6.817530E-1
4.064933E0	5.379269E0	7.356130E-1
4.098253E0	5.567519E0	7.607141E-1
4.131572E0	5.686307E0	7.814703E-1
4.164891E0	5.717864E0	8.250260E-1
4.198210E0	5.715274E0	8.194051E-1
4.231529E0	5.704449E0	8.150456E-1
4.264848E0	5.711041E0	8.021673E-1
4.298167E0	5.643662E0	7.592690E-1
4.331486E0	5.460857E0	7.114654E-1
4.364806E0	5.262521E0	5.647449E-1
4.398125E0	5.117499E0	4.810197E-1
4.431444E0	5.016023E0	4.546311E-1
4.464763E0	5.102810E0	4.804220E-1
4.498082E0	5.437791E0	5.708971E-1
4.531401E0	5.800137E0	6.765807E-1
4.564720E0	5.925643E0	7.115121E-1
4.598039E0	5.986744E0	7.229404E-1
4.631359E0	6.078886E0	6.873478E-1
4.664678E0	6.251280E0	6.883944E-1
4.697997E0	6.397844E0	6.966600E-1
4.731316E0	6.406952E0	7.046586E-1
4.764635E0	6.345519E0	7.060063E-1
4.797954E0	6.307890E0	7.106848E-1
4.831273E0	6.210637E0	7.595111E-1
4.864592E0	6.048794E0	8.535612E-1
4.897912E0	6.045579E0	8.678652E-1
4.931231E0	6.056841E0	7.997881E-1
4.964550E0	6.215356E0	7.895661E-1
4.997869E0	6.473585E0	8.217390E-1
5.031188E0	6.687993E0	8.480887E-1
5.064507E0	6.768599E0	8.413652E-1
5.097826E0	6.817028E0	8.384578E-1
5.131146E0	6.856056E0	9.103404E-1
5.164465E0	6.851942E0	9.345468E-1
5.197784E0	6.854500E0	9.255150E-1
5.231103E0	6.857072E0	9.196413E-1
5.264422E0	6.860735E0	9.144631E-1
5.297741E0	6.810838E0	8.866021E-1
5.331060E0	6.584317E0	8.347699E-1
5.364379E0	6.380345E0	7.479671E-1
5.397699E0	6.253208E0	6.865827E-1
5.431018E0	6.216933E0	6.855332E-1
5.464337E0	6.366104E0	7.001707E-1
5.497656E0	6.682147E0	7.837951E-1
5.530975E0	6.903135E0	8.829265E-1
5.564294E0	6.981419E0	9.017147E-1
5.597613E0	7.012176E0	8.912308E-1
5.630932E0	7.059797E0	8.391989E-1
5.664252E0	7.147926E0	8.020438E-1
5.697571E0	7.188943E0	8.037948E-1
5.730890E0	7.195551E0	8.045096E-1
5.764209E0	7.193044E0	8.044334E-1
5.797528E0	7.226315E0	8.119816E-1
5.830847E0	7.234904E0	8.277446E-1
5.864166E0	7.205660E0	8.666830E-1
5.897485E0	7.171060E0	8.945562E-1
5.930805E0	7.143830E0	9.055053E-1
5.964124E0	7.233810E0	9.071538E-1
5.997443E0	7.507559E0	9.358559E-1
6.030762E0	7.869621E0	1.003096E0
6.064081E0	8.052927E0	1.039630E0
6.097400E0	8.065597E0	1.029131E0
6.130719E0	8.207478E0	1.067301E0
6.164038E0	8.311134E0	1.085288E0
6.197358E0	8.309161E0	1.086648E0
6.230677E0	8.306183E0	1.081794E0
6.263996E0	8.271743E0	1.074940E0
6.297315E0	8.088233E0	1.032096E0
6.330634E0	7.737096E0	1.022975E0
6.363953E0	7.225733E0	9.737902E-1
6.397272E0	6.656196E0	8.157028E-1
6.430591E0	6.573583E0	8.148209E-1
6.463911E0	6.509421E0	8.180973E-1
6.497230E0	6.603649E0	8.968308E-1
6.530549E0	6.702022E0	9.844439E-1
6.563868E0	7.018321E0	1.094818E0
6.597187E0	7.363150E0	1.116028E0
6.630506E0	7.749483E0	1.106340E0
6.663825E0	8.140111E0	1.121681E0
6.697144E0	8.223032E0	1.142403E0
6.730464E0	8.160960E0	1.136416E0
6.763783E0	8.198891E0	1.151031E0
6.797102E0	8.186251E0	1.177498E0
6.830421E0	8.153928E0	1.256133E0
6.863740E0	8.019325E0	1.367387E0
6.897059E0	7.994797E0	1.412353E0
6.930378E0	8.005063E0	1.370394E0
6.963697E0	8.172594E0	1.327631E0
6.997017E0	8.458856E0	1.365510E0
7.030336E0	8.739953E0	1.405709E0
7.063655E0	8.900776E0	1.416650E0
7.096974E0	9.004942E0	1.437977E0
7.130293E0	9.042058E0	1.484068E0
7.163612E0	9.100544E0	1.511550E0
7.196931E0	9.108272E0	1.513784E0
7.230250E0	9.111621E0	1.515098E0
7.263570E0	9.112433E0	1.513402E0
7.296889E0	9.055493E0	1.462382E0
7.330208E0	8.887669E0	1.406726E0
7.363527E0	8.728614E0	1.294085E0
7.396846E0	8.612051E0	1.238006E0
7.430165E0	8.559975E0	1.203411E0
7.463484E0	8.695902E0	1.205494E0
7.496803E0	9.035265E0	1.321387E0
7.530123E0	9.254513E0	1.405892E0
7.563442E0	9.320064E0	1.436906E0
7.596761E0	9.421801E0	1.458407E0
7.630080E0	9.588057E0	1.471295E0
7.663399E0	9.779773E0	1.485305E0
7.696718E0	9.918264E0	1.471570E0
7.730037E0	9.932506E0	1.477339E0
7.763357E0	9.884000E0	1.478394E0
7.796676E0	9.866411E0	1.450561E0
7.829995E0	9.835824E0	1.497409E0
7.863314E0	9.725801E0	1.605083E0
7.896633E0	9.753795E0	1.679155E0
7.929952E0	9.808578E0	1.683429E0
7.963271E0	9.884202E0	1.676662E0
7.996590E0	1.011215E1	1.720832E0
8.029910E0	1.040157E1	1.725677E0
8.063229E0	1.057786E1	1.695117E0
8.096548E0	1.077448E1	1.726463E0
8.129867E0	1.095465E1	1.795064E0
8.163186E0	1.100875E1	1.830977E0
8.196505E0	1.094522E1	1.814721E0
8.229824E0	1.095926E1	1.817796E0
8.263143E0	1.097190E1	1.819387E0
8.296463E0	1.093391E1	1.789026E0
8.329782E0	1.075477E1	1.744549E0
8.363101E0	1.057127E1	1.608090E0
8.396420E0	1.044258E1	1.503291E0
8.429739E0	1.036406E1	1.495301E0
8.463058E0	1.043402E1	1.514518E0
8.496377E0	1.071908E1	1.581224E0
8.529696E0	1.102174E1	1.665867E0
8.563016E0	1.122264E1	1.733178E0
8.596335E0	1.125564E1	1.726214E0
8.629654E0	1.124299E1	1.686716E0
8.662973E0	1.126056E1	1.660297E0
8.696292E0	1.129889E1	1.666710E0
8.729611E0	1.129494E1	1.670159E0
8.762930E0	1.129110E1	1.684307E0
8.796249E0	1.136425E1	1.725759E0
8.829569E0	1.131731E1	1.778189E0
8.862888E0	1.121548E1	1.895818E0
8.896207E0	1.113390E1	1.946266E0
8.929526E0	1.106291E1	1.890619E0
8.962845E0	1.111290E1	1.818420E0
8.996164E0	1.138229E1	1.823767E0
9.029483E0	1.178743E1	1.903672E0
9.062802E0	1.210251E1	1.954407E0
9.096122E0	1.216851E1	1.953015E0
9.129441E0	1.217579E1	1.947996E0
9.162760E0	1.223966E1	1.989476E0
9.196079E0	1.221427E1	2.016233E0
9.229398E0	1.223350E1	2.013869E0
9.262717E0	1.223366E1	2.001089E0
9.296036E0	1.219983E1	1.962026E0
9.329355E0	1.202181E1	1.908088E0
9.362675E0	1.183797E1	1.788800E0
9.395994E0	1.169603E1	1.694840E0
9.429313E0	1.164424E1	1.689702E0
9.462632E0	1.177946E1	1.710816E0
9.495951E0	1.205484E1	1.774767E0
9.529270E0	1.224866E1	1.833199E0
9.562589E0	1.234432E1	1.847534E0
9.595908E0	1.245109E1	1.857873E0
9.629228E0	1.258602E1	1.838595E0
9.662547E0	1.279714E1	1.837330E0
9.695866E0	1.293709E1	1.843251E0
9.729185E0	1.289399E1	1.843382E0
9.762504E0	1.291239E1	1.862834E0
9.795823E0	1.300242E1	1.904599E0
9.829142E0	1.307801E1	1.981135E0
9.862461E0	1.319486E1	2.157679E0
9.895781E0	1.319165E1	2.170714E0
9.929100E0	1.312917E1	1.989586E0
9.962419E0	1.301205E1	1.896493E0
9.995738E0	1.302878E1	1.943135E0
1.002906E1	1.320234E1	2.012360E0
1.006238E1	1.350912E1	2.104641E0
1.009570E1	1.373881E1	2.143989E0
1.012901E1	1.385678E1	2.180215E0
1.016233E1	1.392193E1	2.208610E0
1.019565E1	1.392598E1	2.221368E0
1.022897E1	1.392212E1	2.223353E0
1.026229E1	1.394329E1	2.222269E0
1.029561E1	1.390653E1	2.185752E0
1.032893E1	1.374616E1	2.131684E0
1.036225E1	1.373006E1	2.069817E0
1.039557E1	1.379947E1	2.155025E0
1.042889E1	1.376182E1	2.156359E0
1.046221E1	1.371178E1	2.126702E0
1.049552E1	1.373729E1	2.122373E0
1.052884E1	1.389362E1	2.162676E0
1.056216E1	1.399309E1	2.205061E0
1.059548E1	1.397605E1	2.207068E0
1.062880E1	1.399857E1	2.211018E0
1.066212E1	1.400385E1	2.157058E0
1.069544E1	1.412070E1	2.091958E0
1.072876E1	1.421824E1	2.100505E0
1.076208E1	1.419698E1	2.123034E0
1.079540E1	1.414664E1	2.151351E0
1.082872E1	1.401608E1	2.163375E0
1.086204E1	1.395392E1	2.267727E0
1.089535E1	1.389432E1	2.284406E0
1.092867E1	1.393940E1	2.284299E0
1.096199E1	1.405986E1	2.275605E0
1.099531E1	1.437429E1	2.275846E0
1.102863E1	1.467800E1	2.281185E0
1.106195E1	1.482934E1	2.275563E0
1.109527E1	1.489963E1	2.291639E0
1.112859E1	1.494357E1	2.352871E0
1.116191E1	1.497367E1	2.345602E0
1.119523E1	1.494091E1	2.328450E0
1.122855E1	1.488129E1	2.329044E0
1.126186E1	1.490497E1	2.319052E0
1.129518E1	1.487956E1	2.283363E0
1.132850E1	1.466919E1	2.235809E0
1.136182E1	1.449928E1	2.118930E0
1.139514E1	1.435652E1	1.996424E0
1.142846E1	1.432660E1	1.993162E0
1.146178E1	1.444715E1	2.009165E0
1.149510E1	1.473539E1	2.087101E0
1.152842E1	1.490866E1	2.160102E0
1.156174E1	1.499066E1	2.190139E0
1.159506E1	1.506866E1	2.166124E0
1.162838E1	1.515456E1	2.136057E0
1.166169E1	1.536844E1	2.140501E0
1.169501E1	1.546605E1	2.161127E0
1.172833E1	1.547803E1	2.162645E0
1.176165E1	1.548042E1	2.183212E0
1.179497E1	1.549694E1	2.218045E0
1.182829E1	1.534464E1	2.247446E0
1.186161E1	1.522086E1	2.420525E0
1.189493E1	1.506641E1	2.445515E0
1.192825E1	1.498925E1	2.378786E0
1.196157E1	1.506346E1	2.278600E0
1.199489E1	1.535563E1	2.253791E0
1.202820E1	1.570810E1	2.358764E0
1.206152E1	1.592264E1	2.426158E0
1.209484E1	1.595447E1	2.435566E0
1.212816E1	1.594341E1	2.433001E0
1.216148E1	1.593896E1	2.432773E0
1.219480E1	1.593579E1	2.437243E0
1.222812E1	1.593463E1	2.438428E0
1.226144E1	1.593274E1	2.437310E0
1.229476E1	1.587501E1	2.387299E0
1.232808E1	1.570536E1	2.325801E0
1.236140E1	1.549208E1	2.161430E0
1.239472E1	1.532641E1	2.009999E0
1.242803E1	1.528318E1	1.983306E0
1.246135E1	1.543684E1	2.041962E0
1.249467E1	1.573039E1	2.148591E0
1.252799E1	1.580581E1	2.213346E0
1.256131E1	1.581000E1	2.233478E0
1.259463E1	1.590924E1	2.274405E0
1.262795E1	1.601579E1	2.270009E0
1.266127E1	1.624273E1	2.255711E0
1.269459E1	1.630995E1	2.259966E0
1.272791E1	1.626295E1	2.259049E0
1.276123E1	1.627400E1	2.281091E0
1.279454E1	1.628129E1	2.325150E0
1.282786E1	1.615217E1	2.335181E0
1.286118E1	1.601604E1	2.445468E0
1.289450E1	1.598103E1	2.476274E0
1.292782E1	1.602388E1	2.459039E0
1.296114E1	1.612416E1	2.440817E0
1.299446E1	1.630793E1	2.503160E0
1.302778E1	1.651833E1	2.503204E0
1.306110E1	1.656950E1	2.452893E0
1.309442E1	1.664968E1	2.511150E0
1.312774E1	1.669418E1	2.574074E0
1.316106E1	1.676112E1	2.598306E0
1.319437E1	1.670271E1	2.595486E0
1.322769E1	1.674997E1	2.602993E0
1.326101E1	1.674984E1	2.599921E0
1.329433E1	1.670735E1	2.589565E0
1.332765E1	1.668362E1	2.552280E0
1.336097E1	1.663609E1	2.494729E0
1.339429E1	1.658225E1	2.435914E0
1.342761E1	1.649239E1	2.341106E0
1.346093E1	1.664197E1	2.403962E0
1.349425E1	1.703809E1	2.540928E0
1.352757E1	1.728229E1	2.642636E0
1.356088E1	1.732714E1	2.699689E0
1.359420E1	1.740681E1	2.763684E0
1.362752E1	1.757920E1	2.827369E0
1.366084E1	1.775643E1	2.871031E0
1.369416E1	1.787888E1	2.880349E0
1.372748E1	1.784129E1	2.865515E0
1.376080E1	1.783633E1	2.858913E0
1.379412E1	1.778659E1	2.811564E0
1.382744E1	1.748701E1	2.706740E0
1.386076E1	1.714831E1	2.646502E0
1.389408E1	1.676294E1	2.667393E0
1.392739E1	1.623884E1	2.726147E0
1.396071E1	1.606007E1	2.705510E0
1.399403E1	1.624751E1	2.599205E0
1.402735E1	1.669285E1	2.544641E0
1.406067E1	1.709675E1	2.560091E0
1.409399E1	1.722703E1	2.576388E0
1.412731E1	1.725130E1	2.594118E0
1.416063E1	1.724897E1	2.607481E0
1.419395E1	1.723196E1	2.601520E0
1.422727E1	1.724220E1	2.603018E0
1.426059E1	1.724521E1	2.602056E0
1.429391E1	1.715126E1	2.610758E0
1.432722E1	1.691979E1	2.593039E0
1.436054E1	1.672458E1	2.525334E0
1.439386E1	1.653610E1	2.391718E0
1.442718E1	1.653436E1	2.409570E0
1.446050E1	1.669091E1	2.454451E0
1.449382E1	1.695320E1	2.499474E0
1.452714E1	1.718383E1	2.546368E0
1.456046E1	1.733199E1	2.551249E0
1.459378E1	1.737183E1	2.546491E0
1.462710E1	1.736627E1	2.547635E0
1.466042E1	1.740866E1	2.554284E0
1.469373E1	1.747727E1	2.503258E0
1.472705E1	1.762163E1	2.505214E0
1.476037E1	1.758388E1	2.518599E0
1.479369E1	1.748475E1	2.541830E0
1.482701E1	1.741596E1	2.588030E0
1.486033E1	1.724544E1	2.723626E0
1.489365E1	1.712651E1	2.758834E0
1.492697E1	1.709170E1	2.687814E0
1.496029E1	1.719480E1	2.654479E0
1.499361E1	1.751356E1	2.699930E0
1.502693E1	1.785127E1	2.756408E0
1.506025E1	1.804209E1	2.770327E0
1.509356E1	1.812979E1	2.787294E0
1.512688E1	1.818334E1	2.832597E0
1.516020E1	1.818510E1	2.831869E0
1.519352E1	1.813549E1	2.814767E0
1.522684E1	1.814252E1	2.816628E0
1.526016E1	1.813731E1	2.816359E0
1.529348E1	1.812267E1	2.780421E0
1.532680E1	1.791997E1	2.744236E0
1.536012E1	1.770519E1	2.667205E0
1.539344E1	1.751761E1	2.526049E0
1.542676E1	1.747845E1	2.535153E0
1.546007E1	1.760780E1	2.590430E0
1.549339E1	1.787513E1	2.631222E0
1.552671E1	1.803457E1	2.719480E0
1.556003E1	1.820709E1	2.752153E0
1.559335E1	1.830636E1	2.757402E0
1.562667E1	1.841333E1	2.747727E0
1.565999E1	1.854321E1	2.725762E0
1.569331E1	1.867072E1	2.725655E0
1.572663E1	1.867120E1	2.721189E0
1.575995E1	1.864932E1	2.742480E0
1.579327E1	1.864266E1	2.765271E0
1.582659E1	1.853531E1	2.810513E0
1.585990E1	1.841966E1	2.970315E0
1.589322E1	1.829406E1	3.007543E0
1.592654E1	1.825558E1	2.942040E0
1.595986E1	1.824191E1	2.872099E0
1.599318E1	1.826289E1	2.877053E0
1.602650E1	1.834449E1	2.888901E0
1.605982E1	1.863965E1	2.893448E0
1.609314E1	1.905017E1	2.939847E0
1.612646E1	1.927336E1	3.035262E0
1.615978E1	1.931586E1	3.082735E0
1.619310E1	1.931137E1	3.085586E0
1.622641E1	1.930756E1	3.090100E0
1.625973E1	1.930672E1	3.089963E0
1.629305E1	1.927397E1	3.052117E0
1.632637E1	1.910516E1	2.998720E0
1.635969E1	1.886561E1	2.880961E0
1.639301E1	1.865224E1	2.707767E0
1.642633E1	1.854964E1	2.645583E0
1.645965E1	1.866543E1	2.672218E0
1.649297E1	1.897033E1	2.770547E0
1.652629E1	1.928116E1	2.931794E0
1.655961E1	1.934389E1	2.988464E0
1.659293E1	1.936212E1	2.986483E0
1.662624E1	1.936783E1	2.918739E0
1.665956E1	1.947788E1	2.886145E0
1.669288E1	1.952211E1	2.895087E0
1.672620E1	1.952642E1	2.889438E0
1.675952E1	1.950806E1	2.893362E0
1.679284E1	1.954179E1	2.933472E0
1.682616E1	1.942037E1	2.937226E0
1.685948E1	1.922766E1	3.000057E0
1.689280E1	1.908531E1	3.043871E0
1.692612E1	1.901275E1	3.012211E0
1.695944E1	1.906822E1	2.904655E0
1.699275E1	1.934478E1	2.901924E0
1.702607E1	1.972523E1	2.973908E0
1.705939E1	1.996566E1	3.043716E0
1.709271E1	2.005651E1	3.050967E0
1.712603E1	2.008752E1	3.037953E0
1.715935E1	2.009359E1	3.054907E0
1.719267E1	2.008573E1	3.050068E0
1.722599E1	2.010321E1	3.050550E0
1.725931E1	2.011056E1	3.047596E0
1.729263E1	2.002096E1	3.035592E0
1.732595E1	1.983358E1	3.010371E0
1.735926E1	1.961427E1	2.895162E0
1.739258E1	1.944814E1	2.760725E0
1.742590E1	1.937448E1	2.734809E0
1.745922E1	1.947423E1	2.770091E0
1.749254E1	1.977760E1	2.876798E0
1.752586E1	2.006841E1	2.994429E0
1.755918E1	2.028776E1	3.086156E0
1.759250E1	2.038748E1	3.115883E0
1.762582E1	2.050059E1	3.111710E0
1.765914E1	2.058999E1	3.031159E0
1.769246E1	2.066665E1	3.030634E0
1.772578E1	2.062325E1	3.032563E0
1.775909E1	2.063487E1	3.049544E0
1.779241E1	2.067475E1	3.087328E0
1.782573E1	2.067111E1	3.112418E0
1.785905E1	2.068750E1	3.090028E0
1.789237E1	2.065859E1	3.106200E0
1.792569E1	2.056724E1	3.136797E0
1.795901E1	2.045431E1	3.108272E0
1.799233E1	2.040290E1	3.106178E0
1.802565E1	2.047714E1	3.099010E0
1.805897E1	2.071719E1	3.098322E0
1.809229E1	2.101567E1	3.116453E0
1.812560E1	2.117029E1	3.151520E0
1.815892E1	2.116650E1	3.135959E0
1.819224E1	2.107606E1	3.117904E0
1.822556E1	2.111787E1	3.129183E0
1.825888E1	2.110308E1	3.132586E0
1.829220E1	2.106886E1	3.142204E0
1.832552E1	2.077818E1	3.138567E0
1.835884E1	2.030162E1	3.036828E0
1.839216E1	1.996632E1	2.970786E0
1.842548E1	1.981657E1	2.897713E0
1.845880E1	1.991007E1	2.922446E0
1.849212E1	2.015905E1	2.905966E0
1.852543E1	2.058465E1	3.068819E0
1.855875E1	2.075918E1	3.090330E0
1.859207E1	2.063923E1	3.101442E0
1.862539E1	2.077016E1	3.133934E0
1.865871E1	2.077600E1	3.135719E0
1.869203E1	2.090042E1	3.117403E0
1.872535E1	2.090196E1	3.136197E0
1.875867E1	2.086446E1	3.142450E0
1.879199E1	2.083561E1	3.144727E0
1.882531E1	2.073129E1	3.198019E0
1.885863E1	2.060616E1	3.314631E0
1.889194E1	2.047669E1	3.347798E0
1.892526E1	2.043762E1	3.308008E0
1.895858E1	2.053829E1	3.300797E0
1.899190E1	2.083243E1	3.346308E0
1.902522E1	2.118088E1	3.381587E0
1.905854E1	2.136550E1	3.367628E0
1.909186E1	2.144130E1	3.371573E0
1.912518E1	2.144085E1	3.406576E0
1.915850E1	2.143811E1	3.401882E0
1.919182E1	2.143885E1	3.406914E0
1.922514E1	2.143829E1	3.408262E0
1.925846E1	2.143836E1	3.409453E0
1.929177E1	2.143050E1	3.387465E0
1.932509E1	2.128741E1	3.360486E0
1.935841E1	2.114151E1	3.283717E0
1.939173E1	2.104860E1	3.245512E0
1.942505E1	2.100077E1	3.214082E0
1.945837E1	2.113013E1	3.242960E0
1.949169E1	2.144655E1	3.274545E0
1.952501E1	2.164307E1	3.405074E0
1.955833E1	2.177627E1	3.432763E0
1.959165E1	2.183127E1	3.444573E0
1.962497E1	2.192477E1	3.453270E0
1.965828E1	2.204638E1	3.451948E0
1.969160E1	2.213642E1	3.450464E0
1.972492E1	2.213779E1	3.453376E0
1.975824E1	2.212442E1	3.462662E0
1.979156E1	2.213965E1	3.495446E0
1.982488E1	2.196976E1	3.466839E0
1.985820E1	2.177193E1	3.435237E0
1.989152E1	2.161795E1	3.475924E0
1.992484E1	2.151999E1	3.458555E0
1.995816E1	2.163591E1	3.435251E0
1.999148E1	2.192284E1	3.457167E0
2.002480E1	2.220055E1	3.508422E0
2.005811E1	2.231225E1	3.469080E0
2.009143E1	2.229708E1	3.419598E0
2.012475E1	2.224599E1	3.429372E0
2.015807E1	2.218768E1	3.392094E0
2.019139E1	2.214624E1	3.387936E0
2.022471E1	2.214866E1	3.393169E0
2.025803E1	2.214820E1	3.394468E0
2.029135E1	2.212949E1	3.402345E0
2.032467E1	2.193438E1	3.415063E0
2.035799E1	2.175235E1	3.425375E0
2.039131E1	2.161461E1	3.395367E0
2.042462E1	2.147739E1	3.367723E0
2.045794E1	2.156990E1	3.409812E0
2.049126E1	2.186495E1	3.455325E0
2.052458E1	2.216239E1	3.526370E0
2.055790E1	2.233962E1	3.589030E0
2.059122E1	2.246720E1	3.622065E0
2.062454E1	2.252896E1	3.575161E0
2.065786E1	2.262240E1	3.548578E0
2.069118E1	2.261773E1	3.546536E0
2.072450E1	2.261597E1	3.555483E0
2.075782E1	2.261588E1	3.572023E0
2.079114E1	2.257383E1	3.574751E0
2.082445E1	2.240865E1	3.523264E0
2.085777E1	2.221048E1	3.560796E0
2.089109E1	2.203029E1	3.578711E0
2.092441E1	2.192548E1	3.511017E0
2.095773E1	2.196924E1	3.485493E0
2.099105E1	2.223864E1	3.559196E0
2.102437E1	2.259424E1	3.641574E0
2.105769E1	2.278932E1	3.629344E0
2.109101E1	2.288033E1	3.647054E0
2.112433E1	2.294169E1	3.709861E0
2.115765E1	2.292602E1	3.692104E0
2.119096E1	2.281479E1	3.631029E0
2.122428E1	2.280982E1	3.632590E0
2.125760E1	2.281505E1	3.618278E0
2.129092E1	2.277087E1	3.615831E0
2.132424E1	2.254195E1	3.582561E0
2.135756E1	2.227730E1	3.519600E0
2.139088E1	2.198291E1	3.304732E0
2.142420E1	2.186056E1	3.216639E0
2.145752E1	2.198670E1	3.271615E0
2.149084E1	2.232444E1	3.395538E0
2.152416E1	2.262738E1	3.521997E0
2.155747E1	2.276376E1	3.547682E0
2.159079E1	2.278241E1	3.559781E0
2.162411E1	2.277566E1	3.501107E0
2.165743E1	2.285418E1	3.511541E0
2.169075E1	2.284024E1	3.516871E0
2.172407E1	2.284310E1	3.508177E0
2.175739E1	2.285907E1	3.489959E0
2.179071E1	2.290043E1	3.553878E0
2.182403E1	2.264983E1	3.407549E0
2.185735E1	2.245905E1	3.441047E0
2.189067E1	2.234567E1	3.448737E0
2.192399E1	2.236395E1	3.417170E0
2.195730E1	2.250816E1	3.410693E0
2.199062E1	2.278611E1	3.454858E0
2.202394E1	2.303577E1	3.488570E0
2.205726E1	2.317937E1	3.524365E0
2.209058E1	2.324262E1	3.537591E0
2.212390E1	2.325201E1	3.556368E0
2.215722E1	2.323262E1	3.565790E0
2.219054E1	2.317717E1	3.575144E0
2.222386E1	2.318372E1	3.571836E0
2.225718E1	2.321150E1	3.570097E0
2.229050E1	2.312149E1	3.572093E0
2.232381E1	2.294969E1	3.577754E0
2.235713E1	2.274349E1	3.496708E0
2.239045E1	2.254927E1	3.340302E0
2.242377E1	2.238385E1	3.223566E0
2.245709E1	2.236950E1	3.241159E0
2.249041E1	2.259650E1	3.347762E0
2.252373E1	2.312564E1	3.631518E0
2.255705E1	2.336848E1	3.660172E0
2.259037E1	2.343321E1	3.644481E0
2.262369E1	2.346381E1	3.628298E0
2.265701E1	2.350613E1	3.607120E0
2.269033E1	2.358328E1	3.601712E0
2.272364E1	2.359121E1	3.611148E0
2.275696E1	2.356321E1	3.620897E0
2.279028E1	2.356480E1	3.634675E0
2.282360E1	2.334077E1	3.506847E0
2.285692E1	2.321055E1	3.583939E0
2.289024E1	2.313382E1	3.609025E0
2.292356E1	2.313087E1	3.580988E0
2.295688E1	2.318093E1	3.558120E0
2.299020E1	2.338968E1	3.597463E0
2.302352E1	2.356108E1	3.643793E0
2.305684E1	2.357303E1	3.601477E0
2.309015E1	2.363058E1	3.601913E0
2.312347E1	2.370059E1	3.630403E0
2.315679E1	2.365725E1	3.633932E0
2.319011E1	2.360381E1	3.610357E0
2.322343E1	2.361042E1	3.612919E0
2.325675E1	2.362303E1	3.592732E0
2.329007E1	2.353148E1	3.567839E0
2.332339E1	2.337224E1	3.572106E0
2.335671E1	2.325127E1	3.508251E0
2.339003E1	2.314178E1	3.368293E0
2.342335E1	2.311726E1	3.377973E0
2.345667E1	2.316344E1	3.379429E0
2.348998E1	2.335364E1	3.416830E0
2.352330E1	2.376923E1	3.664287E0
2.355662E1	2.400004E1	3.756523E0
2.358994E1	2.411137E1	3.766949E0
2.362326E1	2.419950E1	3.774003E0
2.365658E1	2.428869E1	3.723195E0
2.368990E1	2.434601E1	3.686409E0
2.372322E1	2.432901E1	3.684586E0
2.375654E1	2.434017E1	3.697489E0
2.378986E1	2.433232E1	3.718757E0
2.382318E1	2.422980E1	3.723914E0
2.385649E1	2.411750E1	3.762624E0
2.388981E1	2.406407E1	3.780979E0
2.392313E1	2.405110E1	3.702782E0
2.395645E1	2.404663E1	3.639075E0
2.398977E1	2.406142E1	3.682077E0
2.402309E1	2.416105E1	3.759099E0
2.405641E1	2.442115E1	3.849092E0
2.408973E1	2.467545E1	3.850188E0
2.412305E1	2.477275E1	3.858529E0
2.415637E1	2.477569E1	3.866908E0
2.418969E1	2.469794E1	3.845716E0
2.422301E1	2.473016E1	3.848216E0
2.425632E1	2.472201E1	3.840668E0
2.428964E1	2.467696E1	3.828743E0
2.432296E1	2.444341E1	3.828594E0
2.435628E1	2.415788E1	3.787959E0
2.438960E1	2.385182E1	3.589445E0
2.442292E1	2.360543E1	3.419441E0
2.445624E1	2.361624E1	3.442010E0
2.448956E1	2.390765E1	3.577607E0
2.452288E1	2.445032E1	3.890840E0
2.455620E1	2.470710E1	3.962576E0
2.458952E1	2.475717E1	3.951933E0
2.462283E1	2.472286E1	3.907540E0
2.465615E1	2.473579E1	3.854065E0
2.468947E1	2.477883E1	3.863497E0
2.472279E1	2.476619E1	3.859472E0
2.475611E1	2.477080E1	3.870396E0
2.478943E1	2.478235E1	3.892320E0
2.482275E1	2.456990E1	3.777090E0
2.485607E1	2.443529E1	3.870050E0
2.488939E1	2.432812E1	3.929682E0
2.492271E1	2.423410E1	3.828319E0
2.495603E1	2.425374E1	3.731973E0
2.498934E1	2.450257E1	3.790314E0
2.502266E1	2.486417E1	3.929726E0
2.505598E1	2.508654E1	3.964236E0
2.508930E1	2.511166E1	3.943351E0
2.512262E1	2.506918E1	3.971602E0
2.515594E1	2.506218E1	3.976851E0
2.518926E1	2.499679E1	3.946997E0
2.522258E1	2.499327E1	3.946877E0
2.525590E1	2.499350E1	3.944928E0
2.528922E1	2.499799E1	3.907426E0
2.532254E1	2.486635E1	3.888282E0
2.535586E1	2.472694E1	3.795528E0
2.538917E1	2.454133E1	3.623093E0
2.542249E1	2.444037E1	3.536073E0
2.545581E1	2.449662E1	3.568319E0
2.548913E1	2.475421E1	3.683759E0
2.552245E1	2.503227E1	3.840004E0
2.555577E1	2.520885E1	4.007483E0
2.558909E1	2.527139E1	4.012149E0
2.562241E1	2.532174E1	4.005312E0
2.565573E1	2.536902E1	4.009308E0
2.568905E1	2.536138E1	4.010330E0
2.572237E1	2.536993E1	4.010325E0
2.575568E1	2.537253E1	4.008455E0
2.578900E1	2.537432E1	4.006951E0
2.582232E1	2.536988E1	4.005385E0
2.585564E1	2.539051E1	4.008592E0
2.588896E1	2.541373E1	4.044399E0
2.592228E1	2.553216E1	4.094947E0
2.595560E1	2.560232E1	4.117563E0
2.598892E1	2.553973E1	4.123644E0
2.602224E1	2.552643E1	4.157986E0
2.605556E1	2.566551E1	4.176689E0
2.608888E1	2.598829E1	4.267801E0
2.612220E1	2.620563E1	4.340916E0
2.615551E1	2.631682E1	4.312064E0
2.618883E1	2.633023E1	4.277154E0
2.622215E1	2.630805E1	4.309052E0
2.625547E1	2.627639E1	4.307819E0
2.628879E1	2.621605E1	4.299022E0
2.632211E1	2.602161E1	4.266229E0
2.635543E1	2.560647E1	4.154541E0
2.638875E1	2.493151E1	3.902374E0
2.642207E1	2.463825E1	3.842718E0
2.645539E1	2.470280E1	3.908251E0
2.648871E1	2.498623E1	3.991262E0
2.652202E1	2.534652E1	4.159283E0
2.655534E1	2.564734E1	4.355997E0
2.658866E1	2.573666E1	4.383139E0
2.662198E1	2.572707E1	4.433526E0
2.665530E1	2.570726E1	4.389020E0
2.668862E1	2.575561E1	4.374584E0
2.672194E1	2.576483E1	4.390815E0
2.675526E1	2.574959E1	4.398078E0
2.678858E1	2.572909E1	4.383484E0
2.682190E1	2.560464E1	4.353834E0
2.685522E1	2.549023E1	4.444268E0
2.688854E1	2.535052E1	4.487485E0
2.692185E1	2.523738E1	4.399057E0
2.695517E1	2.524573E1	4.308803E0
2.698849E1	2.546606E1	4.354640E0
2.702181E1	2.584675E1	4.479653E0
2.705513E1	2.608159E1	4.512253E0
2.708845E1	2.616147E1	4.521851E0
2.712177E1	2.616372E1	4.554901E0
2.715509E1	2.616439E1	4.569620E0
2.718841E1	2.613371E1	4.552470E0
2.722173E1	2.614676E1	4.563878E0
2.725505E1	2.614366E1	4.558842E0
2.728836E1	2.612333E1	4.560428E0
2.732168E1	2.597998E1	4.531365E0
2.735500E1	2.580841E1	4.425144E0
2.738832E1	2.561214E1	4.255503E0
2.742164E1	2.549338E1	4.160517E0
2.745496E1	2.555819E1	4.197956E0
2.748828E1	2.582376E1	4.335093E0
2.752160E1	2.610698E1	4.527018E0
2.755492E1	2.618925E1	4.581888E0
2.758824E1	2.625347E1	4.593785E0
2.762156E1	2.628903E1	4.554263E0
2.765488E1	2.633755E1	4.536367E0
2.768819E1	2.632946E1	4.522869E0
2.772151E1	2.632334E1	4.522750E0
2.775483E1	2.628334E1	4.518071E0
2.778815E1	2.628946E1	4.542394E0
2.782147E1	2.630428E1	4.585443E0
2.785479E1	2.626634E1	4.631209E0
2.788811E1	2.626438E1	4.659859E0
2.792143E1	2.625236E1	4.574863E0
2.795475E1	2.621018E1	4.494768E0
2.798807E1	2.630432E1	4.557072E0
2.802139E1	2.659111E1	4.647759E0
2.805470E1	2.686468E1	4.680474E0
2.808802E1	2.697383E1	4.709063E0
2.812134E1	2.698093E1	4.716044E0
2.815466E1	2.693307E1	4.729443E0
2.818798E1	2.685251E1	4.686191E0
2.822130E1	2.687084E1	4.700017E0
2.825462E1	2.686817E1	4.691091E0
2.828794E1	2.680365E1	4.676555E0
2.832126E1	2.666719E1	4.688483E0
2.835458E1	2.642159E1	4.607315E0
2.838790E1	2.631367E1	4.557238E0
2.842122E1	2.624349E1	4.458264E0
2.845453E1	2.630747E1	4.431804E0
2.848785E1	2.652401E1	4.492036E0
2.852117E1	2.682787E1	4.678198E0
2.855449E1	2.700604E1	4.759406E0
2.858781E1	2.705928E1	4.754682E0
2.862113E1	2.709448E1	4.704766E0
2.865445E1	2.714250E1	4.680328E0
2.868777E1	2.716639E1	4.689664E0
2.872109E1	2.714759E1	4.685376E0
2.875441E1	2.712067E1	4.681734E0
2.878773E1	2.712036E1	4.712836E0
2.882104E1	2.701523E1	4.729112E0
2.885436E1	2.683505E1	4.780577E0
2.888768E1	2.675104E1	4.864484E0
2.892100E1	2.669053E1	4.781782E0
2.895432E1	2.674975E1	4.734520E0
2.898764E1	2.700685E1	4.827405E0
2.902096E1	2.734448E1	4.916490E0
2.905428E1	2.752014E1	4.940220E0
2.908760E1	2.758928E1	4.953599E0
2.912092E1	2.757437E1	4.988235E0
2.915424E1	2.759327E1	5.016464E0
2.918755E1	2.758828E1	5.007575E0
2.922087E1	2.758802E1	5.008945E0
2.925419E1	2.758971E1	5.011122E0
2.928751E1	2.758442E1	5.006523E0
2.932083E1	2.745564E1	4.963718E0
2.935415E1	2.724212E1	4.890220E0
2.938747E1	2.702207E1	4.748903E0
2.942079E1	2.690555E1	4.673586E0
2.945411E1	2.703299E1	4.723623E0
2.948743E1	2.735845E1	4.849372E0
2.952075E1	2.761368E1	4.982926E0
2.955407E1	2.774160E1	5.055036E0
2.958738E1	2.781262E1	5.083425E0
2.962070E1	2.781606E1	5.013662E0
2.965402E1	2.785457E1	5.007864E0
2.968734E1	2.784728E1	5.004605E0
2.972066E1	2.784156E1	5.004968E0
2.975398E1	2.781747E1	5.006216E0
2.978730E1	2.780532E1	5.024805E0
2.982062E1	2.768604E1	5.019557E0
2.985394E1	2.749443E1	5.085139E0
2.988726E1	2.743710E1	5.186047E0
2.992058E1	2.735316E1	5.100107E0
2.995389E1	2.731119E1	4.982264E0
2.998721E1	2.745996E1	5.059239E0
3.002053E1	2.782166E1	5.186369E0
3.005385E1	2.809017E1	5.245747E0
3.008717E1	2.814504E1	5.284551E0
3.012049E1	2.813824E1	5.284017E0
3.015381E1	2.813507E1	5.279400E0
3.018713E1	2.811873E1	5.269054E0
3.022045E1	2.812279E1	5.275439E0
3.025377E1	2.811930E1	5.271194E0
3.028709E1	2.813707E1	5.257083E0
3.032041E1	2.803641E1	5.234485E0
3.035372E1	2.791232E1	5.138852E0
3.038704E1	2.774146E1	4.994683E0
3.042036E1	2.768332E1	5.006050E0
3.045368E1	2.773921E1	5.010607E0
3.048700E1	2.794810E1	5.067002E0
3.052032E1	2.819072E1	5.199054E0
3.055364E1	2.818208E1	5.192054E0
3.058696E1	2.816822E1	5.208608E0
3.062028E1	2.827236E1	5.265247E0
3.065360E1	2.838430E1	5.290808E0
3.068692E1	2.849121E1	5.289199E0
3.072023E1	2.850553E1	5.301420E0
3.075355E1	2.845242E1	5.284171E0
3.078687E1	2.841580E1	5.289764E0
3.082019E1	2.825603E1	5.268118E0
3.085351E1	2.805872E1	5.289393E0
3.088683E1	2.799071E1	5.398994E0
3.092015E1	2.792890E1	5.331078E0
3.095347E1	2.796154E1	5.271721E0
3.098679E1	2.814187E1	5.332142E0
3.102011E1	2.844190E1	5.421373E0
3.105343E1	2.863736E1	5.488434E0
3.108675E1	2.864119E1	5.494590E0
3.112006E1	2.857374E1	5.497900E0
3.115338E1	2.856405E1	5.497094E0
3.118670E1	2.853072E1	5.487171E0
3.122002E1	2.852322E1	5.491194E0
3.125334E1	2.851826E1	5.485084E0
3.128666E1	2.852438E1	5.478818E0
3.131998E1	2.840779E1	5.454595E0
3.135330E1	2.826862E1	5.393188E0
3.138662E1	2.806383E1	5.256986E0
3.141994E1	2.797513E1	5.197630E0
3.145326E1	2.802538E1	5.187134E0
3.148657E1	2.829707E1	5.304956E0
3.151989E1	2.856827E1	5.478788E0
3.155321E1	2.865679E1	5.546744E0
3.158653E1	2.873928E1	5.562453E0
3.161985E1	2.880125E1	5.569813E0
3.165317E1	2.884117E1	5.553920E0
3.168649E1	2.882307E1	5.545845E0
3.171981E1	2.882272E1	5.551905E0
3.175313E1	2.879945E1	5.549551E0
3.178645E1	2.879541E1	5.565575E0
3.181977E1	2.868152E1	5.536368E0
3.185309E1	2.846848E1	5.510688E0
3.188640E1	2.829765E1	5.512338E0
3.191972E1	2.819136E1	5.400451E0
3.195304E1	2.820721E1	5.383743E0
3.198636E1	2.835617E1	5.473946E0
3.201968E1	2.848818E1	5.578950E0
3.205300E1	2.844626E1	5.556510E0
3.208632E1	2.853844E1	5.584293E0
3.211964E1	2.871057E1	5.609913E0
3.215296E1	2.875983E1	5.601703E0
3.218628E1	2.870276E1	5.560216E0
3.221960E1	2.872303E1	5.562405E0
3.225291E1	2.872767E1	5.556047E0
3.228623E1	2.873441E1	5.518547E0
3.231955E1	2.856888E1	5.480297E0
3.235287E1	2.840615E1	5.438719E0
3.238619E1	2.824277E1	5.307468E0
3.241951E1	2.814816E1	5.235053E0
3.245283E1	2.820948E1	5.248466E0
3.248615E1	2.840355E1	5.324264E0
3.251947E1	2.867018E1	5.490779E0
3.255279E1	2.880195E1	5.553161E0
3.258611E1	2.887672E1	5.561097E0
3.261942E1	2.889929E1	5.536651E0
3.265274E1	2.891012E1	5.561990E0
3.268606E1	2.893266E1	5.571658E0
3.271938E1	2.892057E1	5.519589E0
3.275270E1	2.891223E1	5.506937E0
3.278602E1	2.890084E1	5.534853E0
3.281934E1	2.878995E1	5.518782E0
3.285266E1	2.854772E1	5.483501E0
3.288598E1	2.839332E1	5.580993E0
3.291930E1	2.829540E1	5.531867E0
3.295262E1	2.831528E1	5.409611E0
3.298594E1	2.850648E1	5.437717E0
3.301925E1	2.883889E1	5.556714E0
3.305257E1	2.907486E1	5.662449E0
3.308589E1	2.919635E1	5.691376E0
3.311921E1	2.921504E1	5.694144E0
3.315253E1	2.921024E1	5.709031E0
3.318585E1	2.917092E1	5.703780E0
3.321917E1	2.917719E1	5.713241E0
3.325249E1	2.918270E1	5.710621E0
3.328581E1	2.918164E1	5.713457E0
3.331913E1	2.918081E1	5.715067E0
3.335245E1	2.918337E1	5.715207E0
3.338576E1	2.923272E1	5.671833E0
3.341908E1	2.922165E1	5.595451E0
3.345240E1	2.913983E1	5.555497E0
3.348572E1	2.911879E1	5.551446E0
3.351904E1	2.917677E1	5.576731E0
3.355236E1	2.934455E1	5.659437E0
3.358568E1	2.956722E1	5.777133E0
3.361900E1	2.969380E1	5.871991E0
3.365232E1	2.979788E1	5.946205E0
3.368564E1	2.984728E1	5.940184E0
3.371896E1	2.984251E1	5.916973E0
3.375228E1	2.982971E1	5.892585E0
3.378559E1	2.979965E1	5.844650E0
3.381891E1	2.958614E1	5.739739E0
3.385223E1	2.921468E1	5.613314E0
3.388555E1	2.885329E1	5.597987E0
3.391887E1	2.842355E1	5.527334E0
3.395219E1	2.828439E1	5.335013E0
3.398551E1	2.858235E1	5.230841E0
3.401883E1	2.894087E1	5.290709E0
3.405215E1	2.922961E1	5.401823E0
3.408547E1	2.940902E1	5.515810E0
3.411879E1	2.944973E1	5.527053E0
3.415210E1	2.942297E1	5.519267E0
3.418542E1	2.939798E1	5.513241E0
3.421874E1	2.939751E1	5.510663E0
3.425206E1	2.941580E1	5.511449E0
3.428538E1	2.936600E1	5.497997E0
3.431870E1	2.926521E1	5.461196E0
3.435202E1	2.913153E1	5.397897E0
3.438534E1	2.896588E1	5.267606E0
3.441866E1	2.885002E1	5.177374E0
3.445198E1	2.886760E1	5.212166E0
3.448530E1	2.903194E1	5.274506E0
3.451862E1	2.934606E1	5.451653E0
3.455193E1	2.951146E1	5.536925E0
3.458525E1	2.956517E1	5.545775E0
3.461857E1	2.963876E1	5.552516E0
3.465189E1	2.972708E1	5.559560E0
3.468521E1	2.980277E1	5.576596E0
3.471853E1	2.980014E1	5.574666E0
3.475185E1	2.979679E1	5.570439E0
3.478517E1	2.981797E1	5.581134E0
3.481849E1	2.982549E1	5.593424E0
3.485181E1	2.980496E1	5.646862E0
3.488513E1	2.975494E1	5.676518E0
3.491844E1	2.967170E1	5.674628E0
3.495176E1	2.966994E1	5.661762E0
3.498508E1	2.984678E1	5.714504E0
3.501840E1	3.009363E1	5.778126E0
3.505172E1	3.033899E1	5.856797E0
3.508504E1	3.046619E1	5.927125E0
3.511836E1	3.055637E1	5.941103E0
3.515168E1	3.066470E1	5.954588E0
3.518500E1	3.066785E1	5.946227E0
3.521832E1	3.058227E1	5.935741E0
3.525164E1	3.059678E1	5.946168E0
3.528496E1	3.061397E1	5.949476E0
3.531827E1	3.042017E1	5.929565E0
3.535159E1	3.005924E1	5.841628E0
3.538491E1	2.944443E1	5.559220E0
3.541823E1	2.905264E1	5.355548E0
3.545155E1	2.894360E1	5.348256E0
3.548487E1	2.899851E1	5.425660E0
3.551819E1	2.926121E1	5.576258E0
3.555151E1	2.966700E1	5.817870E0
3.558483E1	2.999428E1	5.941913E0
3.561815E1	3.016176E1	5.939442E0
3.565147E1	3.019771E1	5.940869E0
3.568478E1	3.017064E1	5.917065E0
3.571810E1	3.016920E1	5.927260E0
3.575142E1	3.016193E1	5.936252E0
3.578474E1	3.011177E1	5.935259E0
3.581806E1	2.993749E1	5.878971E0
3.585138E1	2.973910E1	5.888725E0
3.588470E1	2.957032E1	5.929706E0
3.591802E1	2.950612E1	5.855713E0
3.595134E1	2.947940E1	5.702929E0
3.598466E1	2.964395E1	5.771978E0
3.601798E1	2.994957E1	5.901113E0
3.605130E1	3.012627E1	5.987695E0
3.608461E1	3.009064E1	5.932743E0
3.611793E1	3.011685E1	5.936624E0
3.615125E1	3.010608E1	5.942709E0
3.618457E1	3.001882E1	5.901454E0
3.621789E1	3.002917E1	5.898967E0
3.625121E1	3.005225E1	5.885246E0
3.628453E1	3.002558E1	5.876974E0
3.631785E1	2.987922E1	5.806036E0
3.635117E1	2.973193E1	5.720314E0
3.638449E1	2.956174E1	5.510412E0
3.641781E1	2.945315E1	5.445692E0
3.645112E1	2.947690E1	5.468131E0
3.648444E1	2.961397E1	5.488262E0
3.651776E1	2.991828E1	5.665181E0
3.655108E1	3.009920E1	5.769049E0
3.658440E1	3.017953E1	5.796215E0
3.661772E1	3.024953E1	5.795582E0
3.665104E1	3.034454E1	5.795519E0
3.668436E1	3.042215E1	5.811370E0
3.671768E1	3.041913E1	5.818127E0
3.675100E1	3.038636E1	5.816985E0
3.678432E1	3.038158E1	5.843703E0
3.681763E1	3.027086E1	5.833172E0
3.685095E1	3.006318E1	5.837399E0
3.688427E1	2.992550E1	5.840944E0
3.691759E1	2.981998E1	5.683330E0
3.695091E1	2.985460E1	5.629902E0
3.698423E1	3.000686E1	5.705755E0
3.701755E1	3.026309E1	5.804733E0
3.705087E1	3.046889E1	5.872044E0
3.708419E1	3.053987E1	5.882912E0
3.711751E1	3.055047E1	5.916377E0
3.715083E1	3.051660E1	5.895438E0
3.718415E1	3.045132E1	5.872624E0
3.721746E1	3.048809E1	5.917275E0
3.725078E1	3.046154E1	5.913245E0
3.728410E1	3.039524E1	5.890891E0
3.731742E1	3.034285E1	5.872282E0
3.735074E1	3.026304E1	5.812975E0
3.738406E1	3.013293E1	5.670510E0
3.741738E1	2.998100E1	5.540968E0
3.745070E1	2.997878E1	5.557428E0
3.748402E1	3.010294E1	5.621278E0
3.751734E1	3.037586E1	5.757007E0
3.755066E1	3.065481E1	5.930835E0
3.758397E1	3.081593E1	6.001324E0
3.761729E1	3.089001E1	6.001753E0
3.765061E1	3.089600E1	5.988267E0
3.768393E1	3.087985E1	5.980770E0
3.771725E1	3.088104E1	5.986552E0
3.775057E1	3.084110E1	5.980628E0
3.778389E1	3.083219E1	6.002861E0
3.781721E1	3.074568E1	5.998180E0
3.785053E1	3.055984E1	5.973055E0
3.788385E1	3.045325E1	6.010877E0
3.791717E1	3.033396E1	5.876362E0
3.795049E1	3.032112E1	5.773545E0
3.798380E1	3.050518E1	5.884741E0
3.801712E1	3.081375E1	6.015850E0
3.805044E1	3.100383E1	6.091461E0
3.808376E1	3.106681E1	6.121141E0
3.811708E1	3.107543E1	6.126041E0
3.815040E1	3.106385E1	6.114482E0
3.818372E1	3.099603E1	6.081386E0
3.821704E1	3.100696E1	6.099782E0
3.825036E1	3.101158E1	6.098386E0
3.828368E1	3.098693E1	6.087961E0
3.831700E1	3.091387E1	6.065932E0
3.835031E1	3.077945E1	5.998608E0
3.838363E1	3.059401E1	5.831940E0
3.841695E1	3.046362E1	5.718420E0
3.845027E1	3.050333E1	5.757506E0
3.848359E1	3.074393E1	5.887534E0
3.851691E1	3.102861E1	6.056149E0
3.855023E1	3.109693E1	6.096731E0
3.858355E1	3.115298E1	6.125304E0
3.861687E1	3.121460E1	6.140729E0
3.865019E1	3.131752E1	6.175894E0
3.868351E1	3.133757E1	6.171669E0
3.871683E1	3.129617E1	6.158003E0
3.875014E1	3.127478E1	6.153557E0
3.878346E1	3.127034E1	6.169931E0
3.881678E1	3.116951E1	6.138825E0
3.885010E1	3.094159E1	6.099141E0
3.888342E1	3.076685E1	6.104408E0
3.891674E1	3.069188E1	5.971463E0
3.895006E1	3.071891E1	5.854906E0
3.898338E1	3.086912E1	5.937822E0
3.901670E1	3.116035E1	6.074432E0
3.905002E1	3.138009E1	6.171827E0
3.908334E1	3.145263E1	6.223686E0
3.911665E1	3.144220E1	6.240164E0
3.914997E1	3.142179E1	6.226703E0
3.918329E1	3.137772E1	6.194164E0
3.921661E1	3.134790E1	6.202923E0
3.924993E1	3.137407E1	6.201824E0
3.928325E1	3.134451E1	6.200868E0
3.931657E1	3.122084E1	6.171996E0
3.934989E1	3.107052E1	6.124754E0
3.938321E1	3.086390E1	5.929667E0
3.941653E1	3.070299E1	5.764577E0
3.944985E1	3.072826E1	5.814111E0
3.948317E1	3.088242E1	5.888986E0
3.951648E1	3.120671E1	6.058765E0
3.954980E1	3.137439E1	6.129785E0
3.958312E1	3.140193E1	6.118857E0
3.961644E1	3.143216E1	6.099273E0
3.964976E1	3.148253E1	6.100289E0
3.968308E1	3.148691E1	6.109230E0
3.971640E1	3.148628E1	6.107226E0
3.974972E1	3.146393E1	6.095441E0
3.978304E1	3.143874E1	6.096203E0
3.981636E1	3.132532E1	6.077224E0
3.984968E1	3.111451E1	6.058548E0
3.988299E1	3.096367E1	6.105817E0
3.991631E1	3.083563E1	5.963877E0
3.994963E1	3.083803E1	5.852172E0
3.998295E1	3.099587E1	5.917709E0
4.001627E1	3.129801E1	6.063605E0
4.004959E1	3.154163E1	6.251301E0
4.008291E1	3.164493E1	6.286247E0
4.011623E1	3.165797E1	6.273432E0
4.014955E1	3.162625E1	6.244960E0
4.018287E1	3.163445E1	6.252501E0
4.021619E1	3.164194E1	6.257860E0
4.024950E1	3.164414E1	6.258740E0
4.028282E1	3.167366E1	6.249964E0
4.031614E1	3.165479E1	6.286900E0
4.034946E1	3.148904E1	6.259396E0
4.038278E1	3.130471E1	6.108656E0
4.041610E1	3.115749E1	5.960492E0
4.044942E1	3.119080E1	5.988533E0
4.048274E1	3.136950E1	6.057035E0
4.051606E1	3.168004E1	6.222555E0
4.054938E1	3.187269E1	6.332073E0
4.058270E1	3.193751E1	6.353242E0
4.061602E1	3.194689E1	6.325248E0
4.064933E1	3.196751E1	6.288916E0
4.068265E1	3.195856E1	6.265219E0
4.071597E1	3.197352E1	6.267958E0
4.074929E1	3.193133E1	6.259896E0
4.078261E1	3.190949E1	6.276088E0
4.081593E1	3.182639E1	6.258073E0
4.084925E1	3.165315E1	6.261528E0
4.088257E1	3.156256E1	6.369284E0
4.091589E1	3.145170E1	6.265089E0
4.094921E1	3.143448E1	6.108697E0
4.098253E1	3.160511E1	6.172974E0
4.101584E1	3.182005E1	6.329309E0
4.104916E1	3.194536E1	6.512969E0
4.108248E1	3.200324E1	6.556648E0
4.111580E1	3.200345E1	6.479375E0
4.114912E1	3.199017E1	6.436531E0
4.118244E1	3.193521E1	6.424438E0
4.121576E1	3.191801E1	6.421821E0
4.124908E1	3.193037E1	6.422108E0
4.128240E1	3.198270E1	6.424951E0
4.131572E1	3.187835E1	6.400915E0
4.134904E1	3.166153E1	6.330908E0
4.138236E1	3.142190E1	6.140338E0
4.141567E1	3.128230E1	5.994991E0
4.144899E1	3.132814E1	6.013100E0
4.148231E1	3.153184E1	6.103547E0
4.151563E1	3.183413E1	6.290387E0
4.154895E1	3.194449E1	6.348553E0
4.158227E1	3.200034E1	6.371844E0
4.161559E1	3.207896E1	6.385860E0
4.164891E1	3.218678E1	6.413770E0
4.168223E1	3.225410E1	6.427595E0
4.171555E1	3.223177E1	6.422777E0
4.174887E1	3.220440E1	6.419152E0
4.178218E1	3.217913E1	6.432102E0
4.181550E1	3.203013E1	6.374612E0
4.184882E1	3.177747E1	6.310435E0
4.188214E1	3.165803E1	6.334947E0
4.191546E1	3.154766E1	6.201961E0
4.194878E1	3.158099E1	6.166193E0
4.198210E1	3.176243E1	6.234052E0
4.201542E1	3.205819E1	6.395009E0
4.204874E1	3.224673E1	6.491139E0
4.208206E1	3.227500E1	6.490276E0
4.211538E1	3.226784E1	6.491746E0
4.214870E1	3.226657E1	6.491593E0
4.218201E1	3.226378E1	6.490613E0
4.221533E1	3.226154E1	6.490184E0
4.224865E1	3.225996E1	6.489869E0
4.228197E1	3.226173E1	6.492537E0
4.231529E1	3.219179E1	6.486631E0
4.234861E1	3.207870E1	6.439163E0
4.238193E1	3.184953E1	6.314487E0
4.241525E1	3.172362E1	6.251341E0
4.244857E1	3.176514E1	6.275631E0
4.248189E1	3.197641E1	6.379593E0
4.251521E1	3.228145E1	6.536809E0
4.254852E1	3.241482E1	6.602660E0
4.258184E1	3.246977E1	6.631351E0
4.261516E1	3.251022E1	6.640664E0
4.264848E1	3.255287E1	6.649936E0
4.268180E1	3.254740E1	6.641337E0
4.271512E1	3.254208E1	6.647645E0
4.274844E1	3.250043E1	6.639619E0
4.278176E1	3.245887E1	6.643341E0
4.281508E1	3.231664E1	6.598412E0
4.284840E1	3.205693E1	6.544802E0
4.288172E1	3.189335E1	6.603671E0
4.291504E1	3.172269E1	6.455704E0
4.294835E1	3.171479E1	6.290515E0
4.298167E1	3.185092E1	6.360477E0
4.301499E1	3.209469E1	6.478027E0
4.304831E1	3.229936E1	6.583156E0
4.308163E1	3.237969E1	6.643482E0
4.311495E1	3.237608E1	6.649364E0
4.314827E1	3.236110E1	6.626849E0
4.318159E1	3.235333E1	6.626407E0
4.321491E1	3.234560E1	6.633825E0
4.324823E1	3.235408E1	6.637006E0
4.328155E1	3.235582E1	6.631856E0
4.331486E1	3.222187E1	6.598859E0
4.334818E1	3.205843E1	6.496554E0
4.338150E1	3.180099E1	6.252521E0
4.341482E1	3.157417E1	6.037398E0
4.344814E1	3.158723E1	6.043455E0
4.348146E1	3.176923E1	6.132785E0
4.351478E1	3.212278E1	6.359046E0
4.354810E1	3.232345E1	6.480275E0
4.358142E1	3.240280E1	6.533149E0
4.361474E1	3.248923E1	6.588271E0
4.364806E1	3.253483E1	6.582379E0
4.368138E1	3.253697E1	6.573207E0
4.371469E1	3.253448E1	6.582575E0
4.374801E1	3.252633E1	6.577058E0
4.378133E1	3.251514E1	6.594431E0
4.381465E1	3.233747E1	6.500299E0
4.384797E1	3.203290E1	6.330349E0
4.388129E1	3.177692E1	6.286836E0
4.391461E1	3.160944E1	6.184168E0
4.394793E1	3.166845E1	6.154704E0
4.398125E1	3.189959E1	6.261609E0
4.401457E1	3.214642E1	6.398248E0
4.404789E1	3.227423E1	6.456890E0
4.408120E1	3.228051E1	6.456760E0
4.411452E1	3.225866E1	6.480990E0
4.414784E1	3.223972E1	6.478544E0
4.418116E1	3.215562E1	6.408978E0
4.421448E1	3.214466E1	6.430197E0
4.424780E1	3.215684E1	6.422341E0
4.428112E1	3.213538E1	6.412831E0
4.431444E1	3.207614E1	6.384178E0
4.434776E1	3.212148E1	6.332547E0
4.438108E1	3.224249E1	6.263586E0
4.441440E1	3.223168E1	6.247602E0
4.444771E1	3.218847E1	6.223375E0
4.448103E1	3.216775E1	6.181751E0
4.451435E1	3.219363E1	6.198955E0
4.454767E1	3.235455E1	6.279112E0
4.458099E1	3.261219E1	6.400187E0
4.461431E1	3.276445E1	6.464652E0
4.464763E1	3.282199E1	6.418739E0
4.468095E1	3.284341E1	6.416663E0
4.471427E1	3.283685E1	6.422119E0
4.474759E1	3.281376E1	6.419493E0
4.478091E1	3.276568E1	6.430644E0
4.481423E1	3.259737E1	6.394603E0
4.484754E1	3.233401E1	6.334009E0
4.488086E1	3.219857E1	6.407201E0
4.491418E1	3.207878E1	6.301601E0
4.494750E1	3.210819E1	6.249928E0
4.498082E1	3.231701E1	6.339246E0
4.501414E1	3.260725E1	6.485378E0
4.504746E1	3.277862E1	6.555644E0
4.508078E1	3.276331E1	6.546453E0
4.511410E1	3.271894E1	6.546099E0
4.514742E1	3.268540E1	6.544032E0
4.518074E1	3.263514E1	6.509898E0
4.521405E1	3.261713E1	6.494295E0
4.524737E1	3.264491E1	6.496262E0
4.528069E1	3.264066E1	6.482526E0
4.531401E1	3.252110E1	6.443187E0
4.534733E1	3.239613E1	6.376227E0
4.538065E1	3.219298E1	6.144385E0
4.541397E1	3.201643E1	5.945467E0
4.544729E1	3.204447E1	5.971042E0
4.548061E1	3.224700E1	6.084362E0
4.551393E1	3.254669E1	6.291994E0
4.554725E1	3.265962E1	6.391372E0
4.558057E1	3.271025E1	6.436088E0
4.561388E1	3.276014E1	6.428388E0
4.564720E1	3.280998E1	6.424898E0
4.568052E1	3.281795E1	6.423093E0
4.571384E1	3.279545E1	6.418597E0
4.574716E1	3.277266E1	6.420290E0
4.578048E1	3.274028E1	6.428165E0
4.581380E1	3.264006E1	6.390332E0
4.584712E1	3.241690E1	6.302317E0
4.588044E1	3.230560E1	6.389381E0
4.591376E1	3.217051E1	6.307452E0
4.594708E1	3.215345E1	6.184446E0
4.598039E1	3.221647E1	6.225376E0
4.601371E1	3.232950E1	6.272083E0
4.604703E1	3.260566E1	6.425139E0
4.608035E1	3.276720E1	6.542375E0
4.611367E1	3.280329E1	6.583183E0
4.614699E1	3.279827E1	6.551141E0
4.618031E1	3.275902E1	6.512546E0
4.621363E1	3.274021E1	6.512144E0
4.624695E1	3.275880E1	6.499419E0
4.628027E1	3.271790E1	6.485216E0
4.631359E1	3.257718E1	6.435742E0
4.634691E1	3.246834E1	6.334802E0
4.638022E1	3.221502E1	6.092644E0
4.641354E1	3.201808E1	5.927871E0
4.644686E1	3.203697E1	5.946465E0
4.648018E1	3.223706E1	6.043671E0
4.651350E1	3.260756E1	6.261288E0
4.654682E1	3.281037E1	6.406689E0
4.658014E1	3.283772E1	6.412864E0
4.661346E1	3.288084E1	6.385208E0
4.664678E1	3.291274E1	6.375813E0
4.668010E1	3.291654E1	6.386127E0
4.671342E1	3.291779E1	6.381143E0
4.674673E1	3.291747E1	6.380160E0
4.678005E1	3.291817E1	6.377878E0
4.681337E1	3.292695E1	6.381852E0
4.684669E1	3.286053E1	6.415509E0
4.688001E1	3.277495E1	6.423724E0
4.691333E1	3.273117E1	6.410335E0
4.694665E1	3.274548E1	6.405333E0
4.697997E1	3.290047E1	6.478466E0
4.701329E1	3.313332E1	6.579746E0
4.704661E1	3.332675E1	6.660459E0
4.707993E1	3.343256E1	6.710111E0
4.711325E1	3.351709E1	6.732454E0
4.714656E1	3.361572E1	6.761306E0
4.717988E1	3.359434E1	6.727567E0
4.721320E1	3.349771E1	6.702234E0
4.724652E1	3.351402E1	6.723222E0
4.727984E1	3.353797E1	6.713474E0
4.731316E1	3.354434E1	6.709273E0
4.734648E1	3.337690E1	6.611634E0
4.737980E1	3.300370E1	6.277812E0
4.741312E1	3.259555E1	5.857407E0
4.744644E1	3.251145E1	5.768400E0
4.747976E1	3.273606E1	5.996850E0
4.751307E1	3.310232E1	6.430928E0
4.754639E1	3.340380E1	6.717850E0
4.757971E1	3.347171E1	6.784341E0
4.761303E1	3.351741E1	6.838890E0
4.764635E1	3.355854E1	6.901215E0
4.767967E1	3.357622E1	6.924136E0
4.771299E1	3.360304E1	6.878280E0
4.774631E1	3.359255E1	6.861215E0
4.777963E1	3.355043E1	6.858778E0
4.781295E1	3.345111E1	6.817018E0
4.784627E1	3.315956E1	6.685955E0
4.787958E1	3.285269E1	6.670781E0
4.791290E1	3.238362E1	6.619741E0
4.794622E1	3.198261E1	6.610171E0
4.797954E1	3.198550E1	6.583258E0
4.801286E1	3.209027E1	6.425231E0
4.804618E1	3.218366E1	6.421130E0
4.807950E1	3.242238E1	6.431145E0
4.811282E1	3.271113E1	6.570963E0
4.814614E1	3.292354E1	6.713136E0
4.817946E1	3.299133E1	6.731544E0
4.821278E1	3.298135E1	6.737593E0
4.824610E1	3.297628E1	6.739677E0
4.827941E1	3.293737E1	6.725207E0
4.831273E1	3.279709E1	6.656846E0
4.834605E1	3.263993E1	6.489721E0
4.837937E1	3.239780E1	6.283376E0
4.841269E1	3.220233E1	6.113723E0
4.844601E1	3.220252E1	6.099898E0
4.847933E1	3.241636E1	6.208500E0
4.851265E1	3.274523E1	6.416670E0
4.854597E1	3.293948E1	6.560307E0
4.857929E1	3.298662E1	6.594901E0
4.861261E1	3.298078E1	6.596188E0
4.864592E1	3.298720E1	6.612116E0
4.867924E1	3.296464E1	6.547375E0
4.871256E1	3.296250E1	6.492248E0
4.874588E1	3.294242E1	6.493627E0
4.877920E1	3.291802E1	6.507009E0
4.881252E1	3.284584E1	6.451219E0
4.884584E1	3.263163E1	6.333383E0
4.887916E1	3.255724E1	6.401758E0
4.891248E1	3.246052E1	6.317202E0
4.894580E1	3.246771E1	6.206570E0
4.897912E1	3.261553E1	6.257293E0
4.901244E1	3.291015E1	6.394184E0
4.904575E1	3.314946E1	6.524620E0
4.907907E1	3.326648E1	6.595955E0
4.911239E1	3.330722E1	6.611496E0
4.914571E1	3.326726E1	6.609270E0
4.917903E1	3.322194E1	6.582716E0
4.921235E1	3.322935E1	6.588918E0
4.924567E1	3.324227E1	6.595333E0
4.927899E1	3.321521E1	6.597640E0
4.931231E1	3.306823E1	6.565138E0
4.934563E1	3.292114E1	6.509050E0
4.937895E1	3.272668E1	6.326626E0
4.941226E1	3.254375E1	6.144521E0
4.944558E1	3.257825E1	6.164717E0
4.947890E1	3.274967E1	6.242429E0
4.951222E1	3.302571E1	6.418589E0
4.954554E1	3.307746E1	6.449202E0
4.957886E1	3.302275E1	6.437907E0
4.961218E1	3.310876E1	6.490949E0
4.964550E1	3.324698E1	6.528902E0
4.967882E1	3.340153E1	6.555364E0
4.971214E1	3.341688E1	6.560004E0
4.974546E1	3.338094E1	6.550672E0
4.977878E1	3.329662E1	6.534940E0
4.981209E1	3.313984E1	6.482133E0
4.984541E1	3.290840E1	6.389520E0
4.987873E1	3.275412E1	6.504843E0
4.991205E1	3.269276E1	6.453018E0
4.994537E1	3.268715E1	6.306526E0
4.997869E1	3.282771E1	6.325288E0
5.001201E1	3.311308E1	6.440763E0
5.004533E1	3.338273E1	6.599654E0
5.007865E1	3.348358E1	6.661111E0
5.011197E1	3.346719E1	6.649181E0
5.014529E1	3.344351E1	6.682378E0
5.017860E1	3.338864E1	6.651246E0
5.021192E1	3.337386E1	6.639245E0
5.024524E1	3.340323E1	6.656499E0
5.027856E1	3.339399E1	6.650727E0
5.031188E1	3.341210E1	6.637597E0
5.034520E1	3.337125E1	6.590419E0
5.037852E1	3.325697E1	6.436719E0
5.041184E1	3.309265E1	6.206686E0
5.044516E1	3.309137E1	6.160986E0
5.047848E1	3.330032E1	6.322505E0
5.051180E1	3.354503E1	6.549451E0
5.054512E1	3.360689E1	6.638490E0
5.057843E1	3.367858E1	6.716261E0
5.061175E1	3.382066E1	6.828670E0
5.064507E1	3.394418E1	6.925788E0
5.067839E1	3.399605E1	6.962725E0
5.071171E1	3.399569E1	6.953080E0
5.074503E1	3.398853E1	6.942497E0
5.077835E1	3.396142E1	6.917822E0
5.081167E1	3.376939E1	6.800624E0
5.084499E1	3.342435E1	6.596010E0
5.087831E1	3.313670E1	6.528778E0
5.091163E1	3.273417E1	6.480786E0
5.094494E1	3.238649E1	6.426042E0
5.097826E1	3.243843E1	6.312353E0
5.101158E1	3.271395E1	6.305193E0
5.104490E1	3.304807E1	6.373827E0
5.107822E1	3.330420E1	6.508025E0
5.111154E1	3.335414E1	6.538593E0
5.114486E1	3.334778E1	6.550327E0
5.117818E1	3.329770E1	6.506704E0
5.121150E1	3.332158E1	6.509353E0
5.124482E1	3.330198E1	6.498980E0
5.127814E1	3.327433E1	6.484714E0
5.131146E1	3.319659E1	6.461504E0
5.134477E1	3.310854E1	6.423129E0
5.137809E1	3.291663E1	6.220644E0
5.141141E1	3.271067E1	6.055570E0
5.144473E1	3.271330E1	6.049370E0
5.147805E1	3.289300E1	6.143355E0
5.151137E1	3.318742E1	6.361717E0
5.154469E1	3.332989E1	6.478529E0
