	mass A		
t	x	y	
0.000000E0	1.241898E-1	6.294679E-2
3.331913E-2	1.163865E-1	3.189903E-2
6.663826E-2	1.147830E-1	2.960554E-2
9.995739E-2	1.688371E-1	6.686870E-2
1.332765E-1	1.317730E-1	3.063375E-2
1.665956E-1	1.129388E-1	-2.443112E-2
1.999148E-1	1.100886E-1	-3.156538E-2
2.332339E-1	1.399532E-1	-1.443398E-3
2.665530E-1	2.007001E-1	-1.625768E-3
2.998722E-1	4.198295E-1	2.097850E-2
3.331913E-1	6.801129E-1	5.577460E-2
3.665104E-1	8.195154E-1	5.658987E-2
3.998296E-1	9.361356E-1	6.813877E-2
4.331487E-1	1.092933E0	6.376603E-2
4.664678E-1	1.263552E0	1.794784E-2
4.997869E-1	1.429555E0	5.222927E-3
5.331061E-1	1.456017E0	2.141624E-2
5.664252E-1	1.429264E0	4.069871E-2
5.997443E-1	1.410379E0	7.345739E-2
6.330635E-1	1.439620E0	2.342259E-1
6.663826E-1	1.445357E0	4.226716E-1
6.997017E-1	1.447485E0	4.751717E-1
7.330209E-1	1.436026E0	4.286986E-1
7.663400E-1	1.450498E0	3.626558E-1
7.996591E-1	1.743933E0	3.735929E-1
8.329782E-1	2.095085E0	3.914644E-1
8.662974E-1	2.331104E0	3.623423E-1
8.996165E-1	2.501316E0	3.646362E-1
9.329356E-1	2.608658E0	3.953373E-1
9.662548E-1	2.644143E0	4.306481E-1
9.995739E-1	2.646503E0	4.315449E-1
1.032893E0	2.649898E0	4.329569E-1
1.066212E0	2.649864E0	4.336811E-1
1.099531E0	2.644885E0	4.030135E-1
1.132850E0	2.467380E0	3.629979E-1
1.166170E0	2.343189E0	2.900624E-1
1.199489E0	2.330001E0	2.744461E-1
1.232808E0	2.208522E0	2.118941E-1
1.266127E0	2.079317E0	1.260799E-1
1.299446E0	2.069630E0	1.012252E-1
1.332765E0	2.193203E0	1.025990E-1
1.366084E0	2.438662E0	1.344243E-1
1.399403E0	2.605768E0	1.128354E-1
1.432723E0	2.724622E0	7.561288E-2
1.466042E0	2.806453E0	4.780135E-2
1.499361E0	2.907440E0	3.227646E-2
1.532680E0	2.997624E0	3.994885E-2
1.565999E0	3.021663E0	6.653899E-2
1.599318E0	3.070436E0	1.126661E-1
1.632637E0	3.059228E0	1.927948E-1
1.665956E0	3.048158E0	3.535511E-1
1.699276E0	2.996692E0	4.197427E-1
1.732595E0	2.926778E0	3.860827E-1
1.765914E0	2.901514E0	2.642162E-1
1.799233E0	3.129221E0	2.344919E-1
1.832552E0	3.428425E0	2.799732E-1
1.865871E0	3.749777E0	3.496529E-1
1.899190E0	3.903610E0	3.449044E-1
1.932510E0	3.985200E0	3.354252E-1
1.965829E0	4.011299E0	3.403821E-1
1.999148E0	4.029135E0	3.688855E-1
2.032467E0	4.028203E0	3.721398E-1
2.065786E0	4.027921E0	3.752224E-1
2.099105E0	4.023290E0	3.684603E-1
2.132424E0	3.841035E0	3.405897E-1
2.165743E0	3.663615E0	2.466654E-1
2.199063E0	3.537888E0	1.551488E-1
2.232382E0	3.468843E0	1.280536E-1
2.265701E0	3.568384E0	1.303552E-1
2.299020E0	3.861280E0	1.673819E-1
2.332339E0	4.138886E0	1.913158E-1
2.365658E0	4.344533E0	1.765397E-1
2.398977E0	4.445652E0	1.543919E-1
2.432296E0	4.529173E0	1.181007E-1
2.465616E0	4.627557E0	1.071171E-1
2.498935E0	4.694895E0	1.209499E-1
2.532254E0	4.746023E0	1.422789E-1
2.565573E0	4.784867E0	1.680892E-1
2.598892E0	4.719066E0	1.883052E-1
2.632211E0	4.771551E0	2.757596E-1
2.665530E0	4.729879E0	4.214383E-1
2.698850E0	4.761924E0	4.865433E-1
2.732169E0	4.797912E0	5.057282E-1
2.765488E0	4.871602E0	4.773850E-1
2.798807E0	5.119261E0	4.871731E-1
2.832126E0	5.407646E0	4.745880E-1
2.865445E0	5.609859E0	4.671869E-1
2.898764E0	5.719899E0	4.857725E-1
2.932083E0	5.761473E0	5.020581E-1
2.965403E0	5.756899E0	5.142265E-1
2.998722E0	5.719067E0	5.005805E-1
3.032041E0	5.720868E0	4.992471E-1
3.065360E0	5.727492E0	4.929030E-1
3.098679E0	5.740396E0	4.591059E-1
3.131998E0	5.559908E0	4.413435E-1
3.165317E0	5.356940E0	3.788805E-1
3.198636E0	5.259276E0	3.662072E-1
3.231956E0	5.232352E0	3.780533E-1
3.265275E0	5.239416E0	3.612700E-1
3.298594E0	5.385638E0	3.416285E-1
3.331913E0	5.655880E0	3.374594E-1
3.365232E0	5.807915E0	3.269903E-1
3.398551E0	6.092344E0	3.737589E-1
3.431870E0	6.260669E0	3.669254E-1
3.465189E0	6.342528E0	3.685798E-1
3.498509E0	6.347226E0	3.728264E-1
3.531828E0	6.328427E0	3.762184E-1
3.565147E0	6.391043E0	4.022270E-1
3.598466E0	6.430687E0	4.393941E-1
3.631785E0	6.408212E0	4.916252E-1
3.665104E0	6.330584E0	5.978799E-1
3.698423E0	6.273038E0	6.243767E-1
3.731743E0	6.237714E0	5.919035E-1
3.765062E0	6.287442E0	5.479044E-1
3.798381E0	6.505478E0	5.600465E-1
3.831700E0	6.775365E0	5.910435E-1
3.865019E0	6.983169E0	5.982901E-1
3.898338E0	7.103589E0	5.851121E-1
3.931657E0	7.136419E0	6.304571E-1
3.964976E0	7.146680E0	6.661047E-1
3.998296E0	7.159577E0	6.604003E-1
4.031615E0	7.176514E0	6.556040E-1
4.064934E0	7.150292E0	6.526820E-1
4.098253E0	7.161465E0	6.239141E-1
4.131572E0	7.058925E0	5.864135E-1
4.164891E0	6.888050E0	5.073498E-1
4.198210E0	6.751527E0	3.995560E-1
4.231529E0	6.692513E0	3.631530E-1
4.264849E0	6.728097E0	3.755065E-1
4.298168E0	6.941759E0	4.128597E-1
4.331487E0	7.239638E0	5.020984E-1
4.364806E0	7.517408E0	5.671943E-1
4.398125E0	7.672852E0	5.921330E-1
4.431444E0	7.728572E0	5.866555E-1
4.464763E0	7.882786E0	5.477293E-1
4.498083E0	8.087870E0	5.652475E-1
4.531402E0	8.091034E0	5.676410E-1
4.564721E0	8.041172E0	5.778014E-1
4.598040E0	8.042951E0	5.756806E-1
4.631359E0	8.049761E0	6.275507E-1
4.664678E0	7.986297E0	7.414046E-1
4.697997E0	8.021841E0	8.608243E-1
4.731316E0	7.987933E0	7.997009E-1
4.764636E0	7.894697E0	6.523651E-1
4.797955E0	7.983074E0	6.888650E-1
4.831274E0	8.199301E0	7.519103E-1
4.864593E0	8.426400E0	7.711279E-1
4.897912E0	8.598714E0	7.785604E-1
4.931231E0	8.744910E0	8.013546E-1
4.964550E0	8.799734E0	8.553145E-1
4.997869E0	8.804734E0	8.606836E-1
5.031189E0	8.809143E0	8.600689E-1
5.064508E0	8.811337E0	8.625523E-1
5.097827E0	8.807563E0	8.579876E-1
5.131146E0	8.680148E0	8.221366E-1
5.164465E0	8.559686E0	7.175787E-1
5.197784E0	8.426518E0	6.515797E-1
5.231103E0	8.365719E0	6.373857E-1
5.264422E0	8.426766E0	6.339356E-1
5.297742E0	8.674537E0	6.959640E-1
5.331061E0	8.866301E0	7.874619E-1
5.364380E0	8.877107E0	7.957935E-1
5.397699E0	8.910351E0	8.062470E-1
5.431018E0	8.962076E0	8.118379E-1
5.464337E0	8.964256E0	7.613149E-1
5.497656E0	9.115819E0	7.289642E-1
5.530976E0	9.149546E0	7.347432E-1
5.564295E0	9.186749E0	7.528593E-1
5.597614E0	9.223740E0	7.693138E-1
5.630933E0	9.185510E0	8.276902E-1
5.664252E0	9.113807E0	9.281382E-1
5.697571E0	9.089302E0	9.871496E-1
5.730890E0	9.069694E0	9.465679E-1
5.764209E0	9.097726E0	8.801004E-1
5.797529E0	9.319388E0	8.979300E-1
5.830848E0	9.676179E0	9.640331E-1
5.864167E0	9.925716E0	9.760002E-1
5.897486E0	9.985294E0	9.550772E-1
5.930805E0	1.001291E1	9.967590E-1
5.964124E0	9.981742E0	1.022388E0
5.997443E0	1.000655E1	1.027568E0
6.030762E0	1.001308E1	1.030458E0
6.064082E0	1.001529E1	1.031019E0
6.097401E0	1.002955E1	1.014435E0
6.130720E0	9.860655E0	9.949115E-1
6.164039E0	9.654955E0	9.381025E-1
6.197358E0	9.494631E0	8.720866E-1
6.230677E0	9.383535E0	8.344887E-1
6.263996E0	9.443843E0	8.240140E-1
6.297316E0	9.651667E0	8.381684E-1
6.330635E0	9.910521E0	8.923661E-1
6.363954E0	1.012190E1	9.080180E-1
6.397273E0	1.027550E1	9.078475E-1
6.430592E0	1.035450E1	8.806168E-1
6.463911E0	1.038246E1	8.303095E-1
6.497230E0	1.046287E1	8.127913E-1
6.530549E0	1.049039E1	8.151375E-1
6.563869E0	1.050863E1	8.345992E-1
6.597188E0	1.058281E1	8.765645E-1
6.630507E0	1.058456E1	9.692701E-1
6.663826E0	1.058044E1	1.137112E0
6.697145E0	1.053136E1	1.183084E0
6.730464E0	1.047534E1	1.167621E0
6.763783E0	1.044715E1	1.130894E0
6.797102E0	1.059313E1	1.160320E0
6.830422E0	1.085434E1	1.138912E0
6.863741E0	1.113581E1	1.146784E0
6.897060E0	1.133609E1	1.186472E0
6.930379E0	1.143461E1	1.236700E0
6.963698E0	1.146010E1	1.233157E0
6.997017E0	1.143029E1	1.210290E0
7.030336E0	1.145193E1	1.233744E0
7.063655E0	1.145143E1	1.237368E0
7.096975E0	1.146538E1	1.230048E0
7.130294E0	1.132928E1	1.189195E0
7.163613E0	1.119018E1	1.109152E0
7.196932E0	1.102726E1	9.964535E-1
7.230251E0	1.090190E1	9.648934E-1
7.263570E0	1.092468E1	9.578161E-1
7.296889E0	1.113829E1	9.827120E-1
7.330209E0	1.151412E1	1.085820E0
7.363528E0	1.170882E1	1.100705E0
7.396847E0	1.185369E1	1.097003E0
7.430166E0	1.203322E1	1.087016E0
7.463485E0	1.228317E1	1.096177E0
7.496804E0	1.249677E1	1.133587E0
7.530123E0	1.244247E1	1.136258E0
7.563442E0	1.241923E1	1.150424E0
7.596762E0	1.241914E1	1.159417E0
7.630081E0	1.240977E1	1.241568E0
7.663400E0	1.231371E1	1.407901E0
7.696719E0	1.229279E1	1.460806E0
7.730038E0	1.225208E1	1.431955E0
7.763357E0	1.222337E1	1.355112E0
7.796676E0	1.240600E1	1.367079E0
7.829995E0	1.275610E1	1.415278E0
7.863315E0	1.308266E1	1.460941E0
7.896634E0	1.323510E1	1.456382E0
7.929953E0	1.331118E1	1.480494E0
7.963272E0	1.331862E1	1.509658E0
7.996591E0	1.331777E1	1.526285E0
8.029910E0	1.331709E1	1.523660E0
8.063229E0	1.331862E1	1.524208E0
8.096549E0	1.333915E1	1.515744E0
8.129868E0	1.318380E1	1.478500E0
8.163187E0	1.293744E1	1.415616E0
8.196506E0	1.271649E1	1.276332E0
8.229825E0	1.260251E1	1.202111E0
8.263144E0	1.270649E1	1.231285E0
8.296463E0	1.293299E1	1.276668E0
8.329782E0	1.320704E1	1.360707E0
8.363102E0	1.337645E1	1.413072E0
8.396421E0	1.344931E1	1.411056E0
8.429740E0	1.348519E1	1.352737E0
8.463059E0	1.357507E1	1.329308E0
8.496378E0	1.366111E1	1.338708E0
8.529697E0	1.366101E1	1.348327E0
8.563016E0	1.365421E1	1.364808E0
8.596335E0	1.372913E1	1.421594E0
8.629655E0	1.372957E1	1.507056E0
8.662974E0	1.364616E1	1.639828E0
8.696293E0	1.357135E1	1.702951E0
8.729612E0	1.350088E1	1.676235E0
8.762931E0	1.341247E1	1.602463E0
8.796250E0	1.348443E1	1.623095E0
8.829569E0	1.367956E1	1.625485E0
8.862888E0	1.403074E1	1.624525E0
8.896208E0	1.436410E1	1.637903E0
8.929527E0	1.456331E1	1.678308E0
8.962846E0	1.459469E1	1.691607E0
8.996165E0	1.458487E1	1.678492E0
9.029484E0	1.458743E1	1.679109E0
9.062803E0	1.458657E1	1.680455E0
9.096122E0	1.458567E1	1.654928E0
9.129442E0	1.446898E1	1.623929E0
9.162761E0	1.432877E1	1.517014E0
9.196080E0	1.420468E1	1.400034E0
9.229399E0	1.414229E1	1.376281E0
9.262718E0	1.422246E1	1.398353E0
9.296037E0	1.443660E1	1.461946E0
9.329356E0	1.464043E1	1.528347E0
9.362675E0	1.475571E1	1.538505E0
9.395995E0	1.486299E1	1.531184E0
9.429314E0	1.498119E1	1.520567E0
9.462633E0	1.508594E1	1.511301E0
9.495952E0	1.515407E1	1.523958E0
9.529271E0	1.511871E1	1.523492E0
9.562590E0	1.513975E1	1.536490E0
9.595909E0	1.520877E1	1.582934E0
9.629228E0	1.514130E1	1.612448E0
9.662548E0	1.498094E1	1.693288E0
9.695867E0	1.486626E1	1.746949E0
9.729186E0	1.482148E1	1.711672E0
9.762505E0	1.487832E1	1.637047E0
9.795824E0	1.513085E1	1.647834E0
9.829143E0	1.542304E1	1.694739E0
9.862462E0	1.558835E1	1.689215E0
9.895782E0	1.567585E1	1.686452E0
9.929101E0	1.564288E1	1.699643E0
9.962420E0	1.564464E1	1.721634E0
9.995739E0	1.567045E1	1.727931E0
1.002906E1	1.567964E1	1.724980E0
1.006238E1	1.567350E1	1.729218E0
1.009570E1	1.569667E1	1.695935E0
1.012902E1	1.560877E1	1.655956E0
1.016233E1	1.548908E1	1.575031E0
1.019565E1	1.535866E1	1.509979E0
1.022897E1	1.525598E1	1.446609E0
1.026229E1	1.532757E1	1.444783E0
1.029561E1	1.558208E1	1.533707E0
1.032893E1	1.579051E1	1.621851E0
1.036225E1	1.586118E1	1.654370E0
1.039557E1	1.596167E1	1.643424E0
1.042889E1	1.604124E1	1.586687E0
1.046221E1	1.612348E1	1.554238E0
1.049553E1	1.616828E1	1.571276E0
1.052884E1	1.617959E1	1.580949E0
1.056216E1	1.613667E1	1.583463E0
1.059548E1	1.620458E1	1.615854E0
1.062880E1	1.618452E1	1.625958E0
1.066212E1	1.600198E1	1.682550E0
1.069544E1	1.594389E1	1.749286E0
1.072876E1	1.592498E1	1.749452E0
1.076208E1	1.592289E1	1.694778E0
1.079540E1	1.613378E1	1.677212E0
1.082872E1	1.648022E1	1.726909E0
1.086204E1	1.675338E1	1.750257E0
1.089536E1	1.687419E1	1.745489E0
1.092867E1	1.693012E1	1.760474E0
1.096199E1	1.691368E1	1.790882E0
1.099531E1	1.691294E1	1.782967E0
1.102863E1	1.691454E1	1.787386E0
1.106195E1	1.691023E1	1.789309E0
1.109527E1	1.691192E1	1.762283E0
1.112859E1	1.687631E1	1.752253E0
1.116191E1	1.679161E1	1.683142E0
1.119523E1	1.669861E1	1.609390E0
1.122855E1	1.666630E1	1.620017E0
1.126187E1	1.679047E1	1.679778E0
1.129518E1	1.706568E1	1.745740E0
1.132850E1	1.734366E1	1.793850E0
1.136182E1	1.752697E1	1.838767E0
1.139514E1	1.762717E1	1.844678E0
1.142846E1	1.778481E1	1.862423E0
1.146178E1	1.798463E1	1.844851E0
1.149510E1	1.821128E1	1.874293E0
1.152842E1	1.826022E1	1.886451E0
1.156174E1	1.821988E1	1.907374E0
1.159506E1	1.817715E1	1.954545E0
1.162838E1	1.808963E1	1.955603E0
1.166170E1	1.807704E1	2.070431E0
1.169501E1	1.789968E1	2.124719E0
1.172833E1	1.782245E1	2.078551E0
1.176165E1	1.783004E1	2.001387E0
1.179497E1	1.783781E1	2.032235E0
1.182829E1	1.805923E1	2.041836E0
1.186161E1	1.839613E1	2.060264E0
1.189493E1	1.867208E1	2.099690E0
1.192825E1	1.876921E1	2.138862E0
1.196157E1	1.875649E1	2.128450E0
1.199489E1	1.870613E1	2.129006E0
1.202821E1	1.871269E1	2.135765E0
1.206152E1	1.871772E1	2.127559E0
1.209484E1	1.874317E1	2.120188E0
1.212816E1	1.859924E1	2.144217E0
1.216148E1	1.839335E1	2.101854E0
1.219480E1	1.823196E1	1.984924E0
1.222812E1	1.811852E1	1.907176E0
1.226144E1	1.817173E1	1.905906E0
1.229476E1	1.837575E1	1.926453E0
1.232808E1	1.861574E1	1.998263E0
1.236140E1	1.883065E1	2.060792E0
1.239472E1	1.896689E1	2.107903E0
1.242804E1	1.904228E1	2.059883E0
1.246135E1	1.904993E1	2.003700E0
1.249467E1	1.909379E1	2.012279E0
1.252799E1	1.906596E1	2.015900E0
1.256131E1	1.905014E1	2.030209E0
1.259463E1	1.910182E1	2.069832E0
1.262795E1	1.905348E1	2.123652E0
1.266127E1	1.894726E1	2.219270E0
1.269459E1	1.888613E1	2.304829E0
1.272791E1	1.883374E1	2.275886E0
1.276123E1	1.881241E1	2.169815E0
1.279455E1	1.898765E1	2.144257E0
1.282786E1	1.928129E1	2.183519E0
1.286118E1	1.950217E1	2.239325E0
1.289450E1	1.958875E1	2.260092E0
1.292782E1	1.958102E1	2.234212E0
1.296114E1	1.958651E1	2.246866E0
1.299446E1	1.958822E1	2.248162E0
1.302778E1	1.959076E1	2.248979E0
1.306110E1	1.959407E1	2.248789E0
1.309442E1	1.959582E1	2.248348E0
1.312774E1	1.960325E1	2.248104E0
1.316106E1	1.955118E1	2.190042E0
1.319438E1	1.940150E1	2.037441E0
1.322769E1	1.924498E1	1.931335E0
1.326101E1	1.921604E1	1.907672E0
1.329433E1	1.939723E1	1.991050E0
1.332765E1	1.970532E1	2.109193E0
1.336097E1	1.994480E1	2.148636E0
1.339429E1	2.004072E1	2.194042E0
1.342761E1	2.010022E1	2.223671E0
1.346093E1	2.011901E1	2.230366E0
1.349425E1	2.008886E1	2.218748E0
1.352757E1	2.008728E1	2.200993E0
1.356089E1	2.009535E1	2.204978E0
1.359420E1	2.006476E1	2.217273E0
1.362752E1	1.991765E1	2.119536E0
1.366084E1	1.972784E1	2.125960E0
1.369416E1	1.935443E1	2.193908E0
1.372748E1	1.890147E1	2.292598E0
1.376080E1	1.868106E1	2.311318E0
1.379412E1	1.873590E1	2.139781E0
1.382744E1	1.907237E1	1.949428E0
1.386076E1	1.947635E1	1.850815E0
1.389408E1	1.980099E1	1.923778E0
1.392740E1	1.988684E1	1.997120E0
1.396072E1	1.990525E1	2.027707E0
1.399403E1	1.978891E1	2.027892E0
1.402735E1	1.986237E1	2.015529E0
1.406067E1	1.983174E1	2.003331E0
1.409399E1	1.983173E1	1.997208E0
1.412731E1	1.969709E1	2.046407E0
1.416063E1	1.961125E1	1.973065E0
1.419395E1	1.947642E1	1.893678E0
1.422727E1	1.937225E1	1.850980E0
1.426059E1	1.951922E1	1.856870E0
1.429391E1	1.965396E1	1.875026E0
1.432723E1	1.996033E1	2.009250E0
1.436054E1	2.008892E1	2.009046E0
1.439386E1	2.016246E1	2.045668E0
1.442718E1	2.019912E1	1.996625E0
1.446050E1	2.019907E1	1.966009E0
1.449382E1	2.024803E1	1.947561E0
1.452714E1	2.030314E1	1.953597E0
1.456046E1	2.026643E1	1.972025E0
1.459378E1	2.030928E1	1.959711E0
1.462710E1	2.038279E1	1.984087E0
1.466042E1	2.040126E1	2.045289E0
1.469374E1	2.027271E1	2.069986E0
1.472706E1	2.025432E1	2.057769E0
1.476037E1	2.021145E1	2.051714E0
1.479369E1	2.043805E1	2.075847E0
1.482701E1	2.069538E1	2.173410E0
1.486033E1	2.102612E1	2.227993E0
1.489365E1	2.120375E1	2.264451E0
1.492697E1	2.126492E1	2.227614E0
1.496029E1	2.122817E1	2.221549E0
1.499361E1	2.114865E1	2.270661E0
1.502693E1	2.107517E1	2.270778E0
1.506025E1	2.115477E1	2.270652E0
1.509357E1	2.109340E1	2.185024E0
1.512688E1	2.089135E1	2.191468E0
1.516020E1	2.056070E1	2.191993E0
1.519352E1	2.001548E1	2.033655E0
1.522684E1	1.955603E1	1.899674E0
1.526016E1	1.935395E1	1.893872E0
1.529348E1	1.948284E1	2.083487E0
1.532680E1	1.971865E1	2.141530E0
1.536012E1	2.004953E1	2.187032E0
1.539344E1	2.018683E1	2.184549E0
1.542676E1	2.020652E1	2.144750E0
1.546008E1	2.017813E1	2.090523E0
1.549340E1	2.019573E1	2.071700E0
1.552671E1	2.020510E1	2.082317E0
1.556003E1	2.016647E1	2.088316E0
1.559335E1	2.020975E1	2.126184E0
1.562667E1	2.018688E1	2.149009E0
1.565999E1	2.011645E1	2.255059E0
1.569331E1	2.005744E1	2.344539E0
1.572663E1	2.001349E1	2.348241E0
1.575995E1	1.995583E1	2.257396E0
1.579327E1	2.010594E1	2.247516E0
1.582659E1	2.031769E1	2.230976E0
1.585991E1	2.062561E1	2.277602E0
1.589322E1	2.084350E1	2.345288E0
1.592654E1	2.096672E1	2.369530E0
1.595986E1	2.101865E1	2.396588E0
1.599318E1	2.101642E1	2.401460E0
1.602650E1	2.102003E1	2.400853E0
1.605982E1	2.102101E1	2.402753E0
1.609314E1	2.102241E1	2.396348E0
1.612646E1	2.093807E1	2.362521E0
1.615978E1	2.080529E1	2.276065E0
1.619310E1	2.069212E1	2.123668E0
1.622642E1	2.064016E1	2.099280E0
1.625974E1	2.074582E1	2.170756E0
1.629305E1	2.098069E1	2.258877E0
1.632637E1	2.124443E1	2.364493E0
1.635969E1	2.144868E1	2.407643E0
1.639301E1	2.155018E1	2.415082E0
1.642633E1	2.157280E1	2.375656E0
1.645965E1	2.156812E1	2.299114E0
1.649297E1	2.159952E1	2.300412E0
1.652629E1	2.157953E1	2.301903E0
1.655961E1	2.157103E1	2.311223E0
1.659293E1	2.158466E1	2.353878E0
1.662625E1	2.148529E1	2.409255E0
1.665956E1	2.135100E1	2.515896E0
1.669288E1	2.124248E1	2.640128E0
1.672620E1	2.112444E1	2.591316E0
1.675952E1	2.105792E1	2.436012E0
1.679284E1	2.120293E1	2.357492E0
1.682616E1	2.145738E1	2.412184E0
1.685948E1	2.171595E1	2.467681E0
1.689280E1	2.185407E1	2.509305E0
1.692612E1	2.187807E1	2.512108E0
1.695944E1	2.186990E1	2.511175E0
1.699276E1	2.184899E1	2.495070E0
1.702608E1	2.186044E1	2.517567E0
1.705939E1	2.184884E1	2.511883E0
1.709271E1	2.190270E1	2.500704E0
1.712603E1	2.184283E1	2.470633E0
1.715935E1	2.173153E1	2.375276E0
1.719267E1	2.164855E1	2.253416E0
1.722599E1	2.161905E1	2.282835E0
1.725931E1	2.167792E1	2.301997E0
1.729263E1	2.188821E1	2.364933E0
1.732595E1	2.211195E1	2.461427E0
1.735927E1	2.223348E1	2.486457E0
1.739259E1	2.231453E1	2.449929E0
1.742590E1	2.233277E1	2.450131E0
1.745922E1	2.233880E1	2.468578E0
1.749254E1	2.234121E1	2.467602E0
1.752586E1	2.233822E1	2.462218E0
1.755918E1	2.233577E1	2.463426E0
1.759250E1	2.235373E1	2.498640E0
1.762582E1	2.233599E1	2.556612E0
1.765914E1	2.221328E1	2.588727E0
1.769246E1	2.216143E1	2.593362E0
1.772578E1	2.214411E1	2.506222E0
1.775910E1	2.224511E1	2.472575E0
1.779242E1	2.247251E1	2.513927E0
1.782573E1	2.267120E1	2.524113E0
1.785905E1	2.280829E1	2.524220E0
1.789237E1	2.285828E1	2.535223E0
1.792569E1	2.285045E1	2.544120E0
1.795901E1	2.286539E1	2.530096E0
1.799233E1	2.284783E1	2.506286E0
1.802565E1	2.283938E1	2.516453E0
1.805897E1	2.283772E1	2.516805E0
1.809229E1	2.289211E1	2.505673E0
1.812561E1	2.290778E1	2.503497E0
1.815893E1	2.285335E1	2.474052E0
1.819224E1	2.280130E1	2.385637E0
1.822556E1	2.270906E1	2.298809E0
1.825888E1	2.268463E1	2.239270E0
1.829220E1	2.282532E1	2.283356E0
1.832552E1	2.302295E1	2.396346E0
1.835884E1	2.322680E1	2.557133E0
1.839216E1	2.334453E1	2.636530E0
1.842548E1	2.344262E1	2.654391E0
1.845880E1	2.346091E1	2.611903E0
1.849212E1	2.340319E1	2.562415E0
1.852544E1	2.343567E1	2.577683E0
1.855876E1	2.344158E1	2.585609E0
1.859207E1	2.344669E1	2.578638E0
1.862539E1	2.340388E1	2.523674E0
1.865871E1	2.318996E1	2.525004E0
1.869203E1	2.288602E1	2.519142E0
1.872535E1	2.274722E1	2.456718E0
1.875867E1	2.267647E1	2.378734E0
1.879199E1	2.284198E1	2.358801E0
1.882531E1	2.320210E1	2.419408E0
1.885863E1	2.349591E1	2.489720E0
1.889195E1	2.360864E1	2.519513E0
1.892527E1	2.361064E1	2.510321E0
1.895858E1	2.361036E1	2.512219E0
1.899190E1	2.361086E1	2.513687E0
1.902522E1	2.361119E1	2.514382E0
1.905854E1	2.360382E1	2.516476E0
1.909186E1	2.360222E1	2.518319E0
1.912518E1	2.352518E1	2.508865E0
1.915850E1	2.340233E1	2.467637E0
1.919182E1	2.332968E1	2.453438E0
1.922514E1	2.327556E1	2.432468E0
1.925846E1	2.335028E1	2.453002E0
1.929178E1	2.357785E1	2.528486E0
1.932510E1	2.381994E1	2.619918E0
1.935841E1	2.401162E1	2.677188E0
1.939173E1	2.415509E1	2.714582E0
1.942505E1	2.422343E1	2.696577E0
1.945837E1	2.425793E1	2.631544E0
1.949169E1	2.429299E1	2.625943E0
1.952501E1	2.427140E1	2.624569E0
1.955833E1	2.424185E1	2.628681E0
1.959165E1	2.426302E1	2.678965E0
1.962497E1	2.422581E1	2.720962E0
1.965829E1	2.410829E1	2.787838E0
1.969161E1	2.404246E1	2.891760E0
1.972492E1	2.399951E1	2.866439E0
1.975824E1	2.390839E1	2.743344E0
1.979156E1	2.392754E1	2.761965E0
1.982488E1	2.398831E1	2.769464E0
1.985820E1	2.418159E1	2.774832E0
1.989152E1	2.443412E1	2.784817E0
1.992484E1	2.459404E1	2.820778E0
1.995816E1	2.466584E1	2.877188E0
1.999148E1	2.466273E1	2.891087E0
2.002480E1	2.464757E1	2.899614E0
2.005812E1	2.465071E1	2.899531E0
2.009144E1	2.467927E1	2.889470E0
2.012475E1	2.456619E1	2.876125E0
2.015807E1	2.438268E1	2.835893E0
2.019139E1	2.423872E1	2.696216E0
2.022471E1	2.414811E1	2.646923E0
2.025803E1	2.415420E1	2.663372E0
2.029135E1	2.430080E1	2.686370E0
2.032467E1	2.457672E1	2.750363E0
2.035799E1	2.471004E1	2.793773E0
2.039131E1	2.470310E1	2.803201E0
2.042463E1	2.470524E1	2.790844E0
2.045795E1	2.471687E1	2.811962E0
2.049126E1	2.474558E1	2.784936E0
2.052458E1	2.479925E1	2.697350E0
2.055790E1	2.485422E1	2.645620E0
2.059122E1	2.486838E1	2.685553E0
2.062454E1	2.477351E1	2.751335E0
2.065786E1	2.462794E1	2.828655E0
2.069118E1	2.454151E1	2.989817E0
2.072450E1	2.445288E1	3.006499E0
2.075782E1	2.437442E1	2.902128E0
2.079114E1	2.448833E1	2.844007E0
2.082446E1	2.473138E1	2.807696E0
2.085778E1	2.498992E1	2.879127E0
2.089109E1	2.516140E1	2.942992E0
2.092441E1	2.520759E1	2.989243E0
2.095773E1	2.518688E1	2.964146E0
2.099105E1	2.519010E1	2.962917E0
2.102437E1	2.519485E1	2.964049E0
2.105769E1	2.519198E1	2.961350E0
2.109101E1	2.519846E1	2.951714E0
2.112433E1	2.508668E1	2.929141E0
2.115765E1	2.488125E1	2.855901E0
2.119097E1	2.467894E1	2.700441E0
2.122429E1	2.450748E1	2.609864E0
2.125760E1	2.446055E1	2.626082E0
2.129092E1	2.448975E1	2.684515E0
2.132424E1	2.461311E1	2.697607E0
2.135756E1	2.500158E1	2.845689E0
2.139088E1	2.522742E1	2.834061E0
2.142420E1	2.546443E1	2.833873E0
2.145752E1	2.565834E1	2.826485E0
2.149084E1	2.580747E1	2.873584E0
2.152416E1	2.584858E1	2.893559E0
2.155748E1	2.582516E1	2.904605E0
2.159080E1	2.581900E1	2.945767E0
2.162412E1	2.559053E1	2.839897E0
2.165743E1	2.536184E1	2.880014E0
2.169075E1	2.520366E1	2.987144E0
2.172407E1	2.506949E1	2.977485E0
2.175739E1	2.502203E1	2.858392E0
2.179071E1	2.525013E1	2.864575E0
2.182403E1	2.563375E1	2.907370E0
2.185735E1	2.592062E1	2.949991E0
2.189067E1	2.605521E1	2.995989E0
2.192399E1	2.602306E1	2.978554E0
2.195731E1	2.602562E1	2.970366E0
2.199063E1	2.607233E1	2.989282E0
2.202394E1	2.608057E1	3.006047E0
2.205726E1	2.597054E1	2.992278E0
2.209058E1	2.598736E1	2.990914E0
2.212390E1	2.590964E1	2.984032E0
2.215722E1	2.574920E1	2.931630E0
2.219054E1	2.559493E1	2.795786E0
2.222386E1	2.547701E1	2.732022E0
2.225718E1	2.549776E1	2.744627E0
2.229050E1	2.569876E1	2.790841E0
2.232382E1	2.593309E1	2.844721E0
2.235714E1	2.608577E1	2.865169E0
2.239046E1	2.620929E1	2.856122E0
2.242377E1	2.632266E1	2.833264E0
2.245709E1	2.636539E1	2.788139E0
2.249041E1	2.642989E1	2.775937E0
2.252373E1	2.646706E1	2.783124E0
2.255705E1	2.644069E1	2.785843E0
2.259037E1	2.641280E1	2.804664E0
2.262369E1	2.635867E1	2.850712E0
2.265701E1	2.619666E1	2.890535E0
2.269033E1	2.606667E1	2.946423E0
2.272365E1	2.599241E1	2.895186E0
2.275697E1	2.607620E1	2.886056E0
2.279028E1	2.619458E1	2.906299E0
2.282360E1	2.624566E1	2.898838E0
2.285692E1	2.623248E1	2.883813E0
2.289024E1	2.636212E1	2.897805E0
2.292356E1	2.651543E1	2.914211E0
2.295688E1	2.653738E1	2.930161E0
2.299020E1	2.648052E1	2.892424E0
2.302352E1	2.649980E1	2.910339E0
2.305684E1	2.651013E1	2.902795E0
2.309016E1	2.651724E1	2.876979E0
2.312348E1	2.634850E1	2.858320E0
2.315680E1	2.618054E1	2.829096E0
2.319011E1	2.602005E1	2.701066E0
2.322343E1	2.590982E1	2.587100E0
2.325675E1	2.596375E1	2.607415E0
2.329007E1	2.616547E1	2.658346E0
2.332339E1	2.644948E1	2.788765E0
2.335671E1	2.659045E1	2.800026E0
2.339003E1	2.667982E1	2.789568E0
2.342335E1	2.672130E1	2.755519E0
2.345667E1	2.675272E1	2.768139E0
2.348999E1	2.675260E1	2.781721E0
2.352331E1	2.674157E1	2.776383E0
2.355662E1	2.673862E1	2.780888E0
2.358994E1	2.675906E1	2.819172E0
2.362326E1	2.663447E1	2.777111E0
2.365658E1	2.653427E1	2.869530E0
2.368990E1	2.653301E1	2.948335E0
2.372322E1	2.656760E1	2.930112E0
2.375654E1	2.663517E1	2.877819E0
2.378986E1	2.679979E1	2.896815E0
2.382318E1	2.705491E1	2.967054E0
2.385650E1	2.724485E1	2.979119E0
2.388982E1	2.731494E1	2.942640E0
2.392314E1	2.730030E1	2.964908E0
2.395645E1	2.729871E1	2.961288E0
2.398977E1	2.729850E1	2.952666E0
2.402309E1	2.730608E1	2.953202E0
2.405641E1	2.729061E1	2.946848E0
2.408973E1	2.730494E1	2.942365E0
2.412305E1	2.720623E1	2.894377E0
2.415637E1	2.703144E1	2.798881E0
2.418969E1	2.685293E1	2.623112E0
2.422301E1	2.671134E1	2.515652E0
2.425633E1	2.663059E1	2.500144E0
2.428965E1	2.673549E1	2.529144E0
2.432296E1	2.703046E1	2.596205E0
2.435628E1	2.733286E1	2.755810E0
2.438960E1	2.751956E1	2.767520E0
2.442292E1	2.760744E1	2.778369E0
2.445624E1	2.769046E1	2.794002E0
2.448956E1	2.774193E1	2.803525E0
2.452288E1	2.777469E1	2.807872E0
2.455620E1	2.777699E1	2.822259E0
2.458952E1	2.779242E1	2.871864E0
2.462284E1	2.756397E1	2.781337E0
2.465616E1	2.735708E1	2.853498E0
2.468948E1	2.729531E1	3.002980E0
2.472279E1	2.722460E1	2.970718E0
2.475611E1	2.722475E1	2.834410E0
2.478943E1	2.741083E1	2.807857E0
2.482275E1	2.766417E1	2.833874E0
2.485607E1	2.786663E1	2.893107E0
2.488939E1	2.796833E1	2.936342E0
2.492271E1	2.797531E1	2.932455E0
2.495603E1	2.796048E1	2.929171E0
2.498935E1	2.790958E1	2.941182E0
2.502267E1	2.788589E1	2.959682E0
2.505599E1	2.790478E1	2.947263E0
2.508930E1	2.790716E1	2.920847E0
2.512262E1	2.774050E1	2.891169E0
2.515594E1	2.751822E1	2.838739E0
2.518926E1	2.727399E1	2.641791E0
2.522258E1	2.716281E1	2.542053E0
2.525590E1	2.722220E1	2.557777E0
2.528922E1	2.746079E1	2.620623E0
2.532254E1	2.771992E1	2.737450E0
2.535586E1	2.783240E1	2.780472E0
2.538918E1	2.790729E1	2.785242E0
2.542250E1	2.790633E1	2.727101E0
2.545582E1	2.792125E1	2.682263E0
2.548913E1	2.795625E1	2.671630E0
2.552245E1	2.795684E1	2.673438E0
2.555577E1	2.792470E1	2.670046E0
2.558909E1	2.790545E1	2.687792E0
2.562241E1	2.784086E1	2.690220E0
2.565573E1	2.764368E1	2.668545E0
2.568905E1	2.751543E1	2.735038E0
2.572237E1	2.746042E1	2.729413E0
2.575569E1	2.745514E1	2.669067E0
2.578901E1	2.758092E1	2.679612E0
2.582233E1	2.784720E1	2.747355E0
2.585564E1	2.811603E1	2.787380E0
2.588896E1	2.828851E1	2.831732E0
2.592228E1	2.834645E1	2.845499E0
2.595560E1	2.833449E1	2.865172E0
2.598892E1	2.827545E1	2.859889E0
2.602224E1	2.828928E1	2.883958E0
2.605556E1	2.829555E1	2.883138E0
2.608888E1	2.825666E1	2.876290E0
2.612220E1	2.807192E1	2.858229E0
2.615552E1	2.794925E1	2.845637E0
2.618884E1	2.779548E1	2.686971E0
2.622216E1	2.771860E1	2.609088E0
2.625547E1	2.775826E1	2.616158E0
2.628879E1	2.791092E1	2.658647E0
2.632211E1	2.817434E1	2.776798E0
2.635543E1	2.829305E1	2.838103E0
2.638875E1	2.827976E1	2.848737E0
2.642207E1	2.831803E1	2.858888E0
2.645539E1	2.839156E1	2.799374E0
2.648871E1	2.846764E1	2.719873E0
2.652203E1	2.850920E1	2.732532E0
2.655535E1	2.846840E1	2.728280E0
2.658867E1	2.844774E1	2.748714E0
2.662198E1	2.833738E1	2.792833E0
2.665530E1	2.807945E1	2.825135E0
2.668862E1	2.802438E1	2.980615E0
2.672194E1	2.795863E1	2.955901E0
2.675526E1	2.801648E1	2.900747E0
2.678858E1	2.822446E1	2.932438E0
2.682190E1	2.844584E1	3.004655E0
2.685522E1	2.860624E1	3.040913E0
2.688854E1	2.869691E1	3.053650E0
2.692186E1	2.869810E1	3.040047E0
2.695518E1	2.866331E1	3.059645E0
2.698850E1	2.863204E1	3.052842E0
2.702181E1	2.863520E1	3.061442E0
2.705513E1	2.862718E1	3.057368E0
2.708845E1	2.863855E1	3.045713E0
2.712177E1	2.846671E1	3.007132E0
2.715509E1	2.825876E1	2.960628E0
2.718841E1	2.802992E1	2.749389E0
2.722173E1	2.785763E1	2.614496E0
2.725505E1	2.782050E1	2.628506E0
2.728837E1	2.785010E1	2.653799E0
2.732169E1	2.784421E1	2.656984E0
2.735501E1	2.784946E1	2.673313E0
2.738832E1	2.797750E1	2.679120E0
2.742164E1	2.823855E1	2.703626E0
2.745496E1	2.867910E1	2.905580E0
2.748828E1	2.889750E1	2.776033E0
2.752160E1	2.899702E1	2.809732E0
2.755492E1	2.893480E1	2.803334E0
2.758824E1	2.888729E1	2.840405E0
2.762156E1	2.872526E1	2.855350E0
2.765488E1	2.848030E1	2.886882E0
2.768820E1	2.837177E1	3.018083E0
2.772152E1	2.834194E1	2.994818E0
2.775484E1	2.836437E1	2.944876E0
2.778815E1	2.849330E1	2.957630E0
2.782147E1	2.873465E1	3.025055E0
2.785479E1	2.896490E1	3.081841E0
2.788811E1	2.901842E1	3.083011E0
2.792143E1	2.901334E1	3.072631E0
2.795475E1	2.901091E1	3.066823E0
2.798807E1	2.903068E1	3.072672E0
2.802139E1	2.903670E1	3.066258E0
2.805471E1	2.893950E1	3.040088E0
2.808803E1	2.894878E1	3.033966E0
2.812135E1	2.888469E1	3.010424E0
2.815466E1	2.875247E1	2.992894E0
2.818798E1	2.859782E1	2.887893E0
2.822130E1	2.843775E1	2.776751E0
2.825462E1	2.845676E1	2.763925E0
2.828794E1	2.866831E1	2.822386E0
2.832126E1	2.894480E1	2.967729E0
2.835458E1	2.911914E1	3.033377E0
2.838790E1	2.920676E1	3.071843E0
2.842122E1	2.922436E1	3.005653E0
2.845454E1	2.924229E1	2.957819E0
2.848786E1	2.928248E1	2.945892E0
2.852117E1	2.929370E1	2.944531E0
2.855449E1	2.926288E1	2.946491E0
2.858781E1	2.924895E1	2.957283E0
2.862113E1	2.918510E1	2.946661E0
2.865445E1	2.893546E1	2.947285E0
2.868777E1	2.878343E1	3.043019E0
2.872109E1	2.861498E1	3.022041E0
2.875441E1	2.852884E1	2.814891E0
2.878773E1	2.856163E1	2.805020E0
2.882105E1	2.868484E1	2.850864E0
2.885437E1	2.897507E1	2.892556E0
2.888769E1	2.927053E1	2.962448E0
2.892100E1	2.940644E1	3.068264E0
2.895432E1	2.939787E1	3.068872E0
2.898764E1	2.938546E1	3.056811E0
2.902096E1	2.938114E1	3.064575E0
2.905428E1	2.938127E1	3.063297E0
2.908760E1	2.938313E1	3.062096E0
2.912092E1	2.924501E1	3.055418E0
2.915424E1	2.903057E1	3.003211E0
2.918756E1	2.880017E1	2.809950E0
2.922088E1	2.864139E1	2.680691E0
2.925420E1	2.864246E1	2.722270E0
2.928751E1	2.879367E1	2.768325E0
2.932083E1	2.913456E1	2.897293E0
2.935415E1	2.935761E1	2.947089E0
2.938747E1	2.939516E1	2.953771E0
2.942079E1	2.935227E1	2.949167E0
2.945411E1	2.937028E1	2.950923E0
2.948743E1	2.943564E1	2.890037E0
2.952075E1	2.951768E1	2.881764E0
2.955407E1	2.949480E1	2.901161E0
2.958739E1	2.945237E1	2.936631E0
2.962071E1	2.932404E1	2.994634E0
2.965403E1	2.905712E1	3.000175E0
2.968734E1	2.889166E1	3.120642E0
2.972066E1	2.877576E1	3.118100E0
2.975398E1	2.881769E1	3.096156E0
2.978730E1	2.899542E1	3.120789E0
2.982062E1	2.929563E1	3.187060E0
2.985394E1	2.955019E1	3.252549E0
2.988726E1	2.964003E1	3.266688E0
2.992058E1	2.961878E1	3.243229E0
2.995390E1	2.960902E1	3.262742E0
2.998722E1	2.955812E1	3.248481E0
3.002054E1	2.955668E1	3.240658E0
3.005385E1	2.956433E1	3.233892E0
3.008717E1	2.955391E1	3.235105E0
3.012049E1	2.947213E1	3.212400E0
3.015381E1	2.933383E1	3.219576E0
3.018713E1	2.900969E1	3.147388E0
3.022045E1	2.865115E1	2.980092E0
3.025377E1	2.858786E1	2.884970E0
3.028709E1	2.886562E1	2.988846E0
3.032041E1	2.916900E1	3.084943E0
3.035373E1	2.946104E1	3.163292E0
3.038705E1	2.964200E1	3.220764E0
3.042037E1	2.975338E1	3.220044E0
3.045368E1	2.981977E1	3.197595E0
3.048700E1	2.982247E1	3.202795E0
3.052032E1	2.982040E1	3.213279E0
3.055364E1	2.980760E1	3.221654E0
3.058696E1	2.977177E1	3.230980E0
3.062028E1	2.965970E1	3.228851E0
3.065360E1	2.941033E1	3.142544E0
3.068692E1	2.926523E1	3.216990E0
3.072024E1	2.916332E1	3.182735E0
3.075356E1	2.921328E1	3.125858E0
3.078688E1	2.933384E1	3.107156E0
3.082019E1	2.955532E1	3.184174E0
3.085351E1	2.978475E1	3.262574E0
3.088683E1	2.985918E1	3.284735E0
3.092015E1	2.984843E1	3.264152E0
3.095347E1	2.982705E1	3.271163E0
3.098679E1	2.978181E1	3.304850E0
3.102011E1	2.972982E1	3.307151E0
3.105343E1	2.972679E1	3.315575E0
3.108675E1	2.972544E1	3.321094E0
3.112007E1	2.954440E1	3.301384E0
3.115339E1	2.936016E1	3.254348E0
3.118671E1	2.915247E1	3.066878E0
3.122002E1	2.903014E1	2.951870E0
3.125334E1	2.902332E1	2.947565E0
3.128666E1	2.912713E1	2.942944E0
3.131998E1	2.943568E1	3.037905E0
3.135330E1	2.964493E1	3.132816E0
3.138662E1	2.960309E1	3.115834E0
3.141994E1	2.961847E1	3.105839E0
3.145326E1	2.975154E1	3.115654E0
3.148658E1	2.987535E1	3.111588E0
3.151990E1	2.987876E1	3.116101E0
3.155322E1	2.984763E1	3.104096E0
3.158653E1	2.979618E1	3.108703E0
3.161985E1	2.964801E1	3.128188E0
3.165317E1	2.937809E1	3.096592E0
3.168649E1	2.921857E1	3.215454E0
3.171981E1	2.910722E1	3.201906E0
3.175313E1	2.915719E1	3.164797E0
3.178645E1	2.935736E1	3.171580E0
3.181977E1	2.964561E1	3.259134E0
3.185309E1	2.984174E1	3.333438E0
3.188641E1	2.989757E1	3.353026E0
3.191973E1	2.985928E1	3.336692E0
3.195305E1	2.980223E1	3.333909E0
3.198636E1	2.981367E1	3.331355E0
3.201968E1	2.985856E1	3.332931E0
3.205300E1	2.983605E1	3.327276E0
3.208632E1	2.981942E1	3.342313E0
3.211964E1	2.967539E1	3.354406E0
3.215296E1	2.949437E1	3.309893E0
3.218628E1	2.934388E1	3.196748E0
3.221960E1	2.921992E1	3.100077E0
3.225292E1	2.920825E1	3.075941E0
3.228624E1	2.940892E1	3.102465E0
3.231956E1	2.973260E1	3.221948E0
3.235287E1	2.999381E1	3.341728E0
3.238619E1	3.015218E1	3.391890E0
3.241951E1	3.026595E1	3.394572E0
3.245283E1	3.036039E1	3.397351E0
3.248615E1	3.038389E1	3.373129E0
3.251947E1	3.036685E1	3.381801E0
3.255279E1	3.037142E1	3.385121E0
3.258611E1	3.037517E1	3.423637E0
3.261943E1	3.026390E1	3.430857E0
3.265275E1	3.000154E1	3.366563E0
3.268607E1	2.982657E1	3.465250E0
3.271939E1	2.972439E1	3.425502E0
3.275270E1	2.967246E1	3.273207E0
3.278602E1	2.977509E1	3.274193E0
3.281934E1	2.999532E1	3.371953E0
3.285266E1	3.021678E1	3.487040E0
3.288598E1	3.033679E1	3.510066E0
3.291930E1	3.038299E1	3.534240E0
3.295262E1	3.037495E1	3.527168E0
3.298594E1	3.033130E1	3.528559E0
3.301926E1	3.030023E1	3.546317E0
3.305258E1	3.033047E1	3.538641E0
3.308590E1	3.031856E1	3.534613E0
3.311921E1	3.013881E1	3.510733E0
3.315253E1	3.001164E1	3.450944E0
3.318585E1	2.976997E1	3.233858E0
3.321917E1	2.957451E1	3.063853E0
3.325249E1	2.955495E1	3.072355E0
3.328581E1	2.972733E1	3.125512E0
3.331913E1	3.008918E1	3.290391E0
3.335245E1	3.026366E1	3.352224E0
3.338577E1	3.021827E1	3.351588E0
3.341909E1	3.020348E1	3.340097E0
3.345241E1	3.021654E1	3.340437E0
3.348573E1	3.027692E1	3.281867E0
3.351904E1	3.043126E1	3.273420E0
3.355236E1	3.047940E1	3.289482E0
3.358568E1	3.040659E1	3.325524E0
3.361900E1	3.025244E1	3.354606E0
3.365232E1	2.995093E1	3.276673E0
3.368564E1	2.972197E1	3.348651E0
3.371896E1	2.955163E1	3.341544E0
3.375228E1	2.950215E1	3.248881E0
3.378560E1	2.966326E1	3.260504E0
3.381892E1	2.995717E1	3.334979E0
3.385224E1	3.024049E1	3.436758E0
3.388555E1	3.040795E1	3.482857E0
3.391887E1	3.048203E1	3.494554E0
3.395219E1	3.048059E1	3.497187E0
3.398551E1	3.046549E1	3.507452E0
3.401883E1	3.046976E1	3.507860E0
3.405215E1	3.048370E1	3.511806E0
3.408547E1	3.047156E1	3.516761E0
3.411879E1	3.042145E1	3.500670E0
3.415211E1	3.027081E1	3.446512E0
3.418543E1	2.994339E1	3.350209E0
3.421875E1	2.959128E1	3.189749E0
3.425207E1	2.955099E1	3.127083E0
3.428538E1	2.985804E1	3.245942E0
3.431870E1	3.017769E1	3.310770E0
3.435202E1	3.046306E1	3.435531E0
3.438534E1	3.066959E1	3.503277E0
3.441866E1	3.079920E1	3.520704E0
3.445198E1	3.096807E1	3.539714E0
3.448530E1	3.103993E1	3.497889E0
3.451862E1	3.103664E1	3.498113E0
3.455194E1	3.101541E1	3.497835E0
3.458526E1	3.102887E1	3.534191E0
3.461858E1	3.088406E1	3.497154E0
3.465189E1	3.057603E1	3.448795E0
3.468521E1	3.037694E1	3.510022E0
3.471853E1	3.026854E1	3.496922E0
3.475185E1	3.020272E1	3.372003E0
3.478517E1	3.025018E1	3.313408E0
3.481849E1	3.047368E1	3.386674E0
3.485181E1	3.077129E1	3.480416E0
3.488513E1	3.092932E1	3.588763E0
3.491845E1	3.095139E1	3.614631E0
3.495177E1	3.094319E1	3.598389E0
3.498509E1	3.091574E1	3.587953E0
3.501841E1	3.090946E1	3.608030E0
3.505172E1	3.091698E1	3.605696E0
3.508504E1	3.092592E1	3.599603E0
3.511836E1	3.080846E1	3.563789E0
3.515168E1	3.065512E1	3.496224E0
3.518500E1	3.040801E1	3.280774E0
3.521832E1	3.022462E1	3.150787E0
3.525164E1	3.020361E1	3.180798E0
3.528496E1	3.033514E1	3.198560E0
3.531828E1	3.066162E1	3.340790E0
3.535160E1	3.092622E1	3.447996E0
3.538492E1	3.103466E1	3.462896E0
3.541823E1	3.110039E1	3.418976E0
3.545155E1	3.113371E1	3.423304E0
3.548487E1	3.113412E1	3.440858E0
3.551819E1	3.114025E1	3.440484E0
3.555151E1	3.114245E1	3.425428E0
3.558483E1	3.108748E1	3.410710E0
3.561815E1	3.103507E1	3.493874E0
3.565147E1	3.080278E1	3.513931E0
3.568479E1	3.063544E1	3.537696E0
3.571811E1	3.054153E1	3.488574E0
3.575143E1	3.057785E1	3.442177E0
3.578475E1	3.077670E1	3.458725E0
3.581806E1	3.107432E1	3.573033E0
3.585138E1	3.127893E1	3.615410E0
3.588470E1	3.132091E1	3.595055E0
3.591802E1	3.126732E1	3.594050E0
3.595134E1	3.126334E1	3.608874E0
3.598466E1	3.125262E1	3.587858E0
3.601798E1	3.123675E1	3.591329E0
3.605130E1	3.124865E1	3.596852E0
3.608462E1	3.127370E1	3.581325E0
3.611794E1	3.121465E1	3.564011E0
3.615126E1	3.107582E1	3.542318E0
3.618457E1	3.093158E1	3.388528E0
3.621789E1	3.082464E1	3.281819E0
3.625121E1	3.080323E1	3.266165E0
3.628453E1	3.091284E1	3.287413E0
3.631785E1	3.120929E1	3.348035E0
3.635117E1	3.153186E1	3.496648E0
3.638449E1	3.168702E1	3.550524E0
3.641781E1	3.177924E1	3.561276E0
3.645113E1	3.189054E1	3.573358E0
3.648445E1	3.200294E1	3.594394E0
3.651777E1	3.203454E1	3.609769E0
3.655109E1	3.198660E1	3.600922E0
3.658440E1	3.197029E1	3.636918E0
3.661772E1	3.184534E1	3.663527E0
3.665104E1	3.153625E1	3.621546E0
3.668436E1	3.136681E1	3.709584E0
3.671768E1	3.120741E1	3.635684E0
3.675100E1	3.113739E1	3.508668E0
3.678432E1	3.125791E1	3.543028E0
3.681764E1	3.155149E1	3.641476E0
3.685096E1	3.186280E1	3.780696E0
3.688428E1	3.202530E1	3.847355E0
3.691760E1	3.208294E1	3.855049E0
3.695091E1	3.204064E1	3.849074E0
3.698423E1	3.201690E1	3.857818E0
3.701755E1	3.201507E1	3.861211E0
3.705087E1	3.202607E1	3.863908E0
3.708419E1	3.202291E1	3.868938E0
3.711751E1	3.202280E1	3.871778E0
3.715083E1	3.202314E1	3.872467E0
3.718415E1	3.209531E1	3.867832E0
3.721747E1	3.216380E1	3.893876E0
3.725079E1	3.214993E1	3.860524E0
3.728411E1	3.201209E1	3.770774E0
3.731743E1	3.201400E1	3.766200E0
3.735074E1	3.219378E1	3.852886E0
3.738406E1	3.241493E1	4.009752E0
3.741738E1	3.256281E1	4.123640E0
3.745070E1	3.268799E1	4.192543E0
3.748402E1	3.275577E1	4.212511E0
3.751734E1	3.275440E1	4.183261E0
3.755066E1	3.274857E1	4.195158E0
3.758398E1	3.271201E1	4.194992E0
3.761730E1	3.253130E1	4.090626E0
3.765062E1	3.227528E1	3.941046E0
3.768394E1	3.223897E1	3.897151E0
3.771725E1	3.222280E1	3.990716E0
3.775057E1	3.198583E1	3.940361E0
3.778389E1	3.169124E1	3.830816E0
3.781721E1	3.183065E1	3.654384E0
3.785053E1	3.212522E1	3.667899E0
3.788385E1	3.244549E1	3.767186E0
3.791717E1	3.265554E1	3.917971E0
3.795049E1	3.270661E1	3.960806E0
3.798381E1	3.265093E1	3.943028E0
3.801713E1	3.263922E1	3.946507E0
3.805045E1	3.263876E1	3.938480E0
3.808377E1	3.266778E1	3.936978E0
3.811708E1	3.258791E1	3.929101E0
3.815040E1	3.248710E1	3.883694E0
3.818372E1	3.229178E1	3.725853E0
3.821704E1	3.213180E1	3.598316E0
3.825036E1	3.208853E1	3.572604E0
3.828368E1	3.221750E1	3.613738E0
3.831700E1	3.254321E1	3.769079E0
3.835032E1	3.275962E1	3.893455E0
3.838364E1	3.273075E1	3.887844E0
3.841696E1	3.268476E1	3.872884E0
3.845028E1	3.270175E1	3.885528E0
3.848359E1	3.279315E1	3.908958E0
3.851691E1	3.287301E1	3.868730E0
3.855023E1	3.287257E1	3.870432E0
3.858355E1	3.284446E1	3.914177E0
3.861687E1	3.269079E1	3.929715E0
3.865019E1	3.235423E1	3.828521E0
3.868351E1	3.220563E1	3.928401E0
3.871683E1	3.203654E1	3.944973E0
3.875015E1	3.202790E1	3.921867E0
3.878347E1	3.218156E1	3.938636E0
3.881679E1	3.242847E1	4.000707E0
3.885011E1	3.265548E1	4.052929E0
3.888342E1	3.278453E1	4.097432E0
3.891674E1	3.277099E1	4.086652E0
3.895006E1	3.276525E1	4.095359E0
3.898338E1	3.275756E1	4.096993E0
3.901670E1	3.273975E1	4.102612E0
3.905002E1	3.274707E1	4.100933E0
3.908334E1	3.275354E1	4.097451E0
3.911666E1	3.274710E1	4.101445E0
3.914998E1	3.274683E1	4.100530E0
3.918330E1	3.279203E1	4.098166E0
3.921662E1	3.285172E1	4.098552E0
3.924993E1	3.286994E1	4.077221E0
3.928325E1	3.284846E1	4.071675E0
3.931657E1	3.282405E1	4.086062E0
3.934989E1	3.294596E1	4.133627E0
3.938321E1	3.324727E1	4.255241E0
3.941653E1	3.347930E1	4.374120E0
3.944985E1	3.360639E1	4.486050E0
3.948317E1	3.367277E1	4.503046E0
3.951649E1	3.367022E1	4.468289E0
3.954981E1	3.365219E1	4.444173E0
3.958313E1	3.365529E1	4.445009E0
3.961645E1	3.354702E1	4.429625E0
3.964976E1	3.317228E1	4.312177E0
3.968308E1	3.282335E1	4.299143E0
3.971640E1	3.239626E1	4.371278E0
3.974972E1	3.206970E1	4.377116E0
3.978304E1	3.212541E1	4.336563E0
3.981636E1	3.232866E1	4.101575E0
3.984968E1	3.260841E1	3.927807E0
3.988300E1	3.287320E1	3.832256E0
3.991632E1	3.311424E1	3.927389E0
3.994964E1	3.322473E1	4.046841E0
3.998296E1	3.322004E1	4.048680E0
4.001627E1	3.321996E1	4.047053E0
4.004959E1	3.322443E1	4.045409E0
4.008291E1	3.318554E1	4.047340E0
4.011623E1	3.309916E1	4.060090E0
4.014955E1	3.302809E1	4.025644E0
4.018287E1	3.289613E1	3.885511E0
4.021619E1	3.275066E1	3.778727E0
4.024951E1	3.276200E1	3.785044E0
4.028283E1	3.292192E1	3.825422E0
4.031615E1	3.322646E1	4.007567E0
4.034947E1	3.345642E1	4.156705E0
4.038279E1	3.356522E1	4.220246E0
4.041610E1	3.360828E1	4.173324E0
4.044942E1	3.363245E1	4.094623E0
4.048274E1	3.365895E1	4.111042E0
4.051606E1	3.365743E1	4.104800E0
4.054938E1	3.364141E1	4.089765E0
4.058270E1	3.359761E1	4.114144E0
4.061602E1	3.360278E1	4.154147E0
4.064934E1	3.359365E1	4.266309E0
4.068266E1	3.367962E1	4.463904E0
4.071598E1	3.373232E1	4.511397E0
4.074930E1	3.376088E1	4.491277E0
4.078261E1	3.372839E1	4.439811E0
4.081593E1	3.374776E1	4.475730E0
4.084925E1	3.382947E1	4.512507E0
4.088257E1	3.399463E1	4.561774E0
4.091589E1	3.417545E1	4.578546E0
4.094921E1	3.422824E1	4.616579E0
4.098253E1	3.417616E1	4.579037E0
4.101585E1	3.415782E1	4.586036E0
4.104917E1	3.416947E1	4.589230E0
4.108249E1	3.421031E1	4.588155E0
4.111581E1	3.413391E1	4.573267E0
4.114913E1	3.397973E1	4.552491E0
4.118244E1	3.379956E1	4.341475E0
4.121576E1	3.361285E1	4.156994E0
4.124908E1	3.356226E1	4.136782E0
4.128240E1	3.363891E1	4.158303E0
4.131572E1	3.378137E1	4.243435E0
4.134904E1	3.385642E1	4.298457E0
4.138236E1	3.388240E1	4.321216E0
4.141568E1	3.407685E1	4.374250E0
4.144900E1	3.430539E1	4.464811E0
4.148232E1	3.449364E1	4.533371E0
4.151564E1	3.451686E1	4.537426E0
4.154895E1	3.445980E1	4.532970E0
4.158227E1	3.443553E1	4.587179E0
4.161559E1	3.431446E1	4.596067E0
4.164891E1	3.406703E1	4.583361E0
4.168223E1	3.397674E1	4.748655E0
4.171555E1	3.389446E1	4.751236E0
4.174887E1	3.390586E1	4.685616E0
4.178219E1	3.401337E1	4.686417E0
4.181551E1	3.424484E1	4.744382E0
4.184883E1	3.446309E1	4.829542E0
4.188215E1	3.456701E1	4.853706E0
4.191547E1	3.456462E1	4.846510E0
4.194878E1	3.453897E1	4.877978E0
4.198210E1	3.454313E1	4.876439E0
4.201542E1	3.454986E1	4.870305E0
4.204874E1	3.455058E1	4.869677E0
4.208206E1	3.455972E1	4.859352E0
4.211538E1	3.455716E1	4.864879E0
4.214870E1	3.447888E1	4.816309E0
4.218202E1	3.437088E1	4.667016E0
4.221534E1	3.421635E1	4.497471E0
4.224866E1	3.417512E1	4.477080E0
4.228198E1	3.429054E1	4.507183E0
4.231529E1	3.456640E1	4.596812E0
4.234861E1	3.485443E1	4.755246E0
4.238193E1	3.506010E1	4.876321E0
4.241525E1	3.520148E1	4.927933E0
4.244857E1	3.529563E1	4.914737E0
4.248189E1	3.532198E1	4.920716E0
4.251521E1	3.527531E1	4.903411E0
4.254853E1	3.527358E1	4.915184E0
4.258185E1	3.527818E1	4.957664E0
4.261517E1	3.512885E1	4.924293E0
4.264849E1	3.483347E1	4.866752E0
4.268181E1	3.466515E1	4.975545E0
4.271512E1	3.451699E1	4.982501E0
4.274844E1	3.443229E1	4.870572E0
4.278176E1	3.447622E1	4.808302E0
4.281508E1	3.470640E1	4.813659E0
4.284840E1	3.497906E1	4.913987E0
4.288172E1	3.514254E1	5.025700E0
4.291504E1	3.516323E1	5.052953E0
4.294836E1	3.516062E1	5.018874E0
4.298168E1	3.515856E1	5.014601E0
4.301500E1	3.514923E1	5.039180E0
4.304832E1	3.515337E1	5.035441E0
4.308163E1	3.516632E1	5.022647E0
4.311495E1	3.509509E1	5.008846E0
4.314827E1	3.492737E1	4.973173E0
4.318159E1	3.469521E1	4.796563E0
4.321491E1	3.442377E1	4.587583E0
4.324823E1	3.437487E1	4.581509E0
4.328155E1	3.452067E1	4.632133E0
4.331487E1	3.484770E1	4.789654E0
4.334819E1	3.510247E1	4.945213E0
4.338151E1	3.521932E1	5.005572E0
4.341483E1	3.524814E1	4.984105E0
4.344815E1	3.526691E1	4.898039E0
4.348146E1	3.531805E1	4.906259E0
4.351478E1	3.531906E1	4.919158E0
4.354810E1	3.532399E1	4.910151E0
4.358142E1	3.532435E1	4.911644E0
4.361474E1	3.532956E1	4.919576E0
4.364806E1	3.536814E1	4.965717E0
4.368138E1	3.536548E1	5.018917E0
4.371470E1	3.529278E1	5.017730E0
4.374802E1	3.522591E1	5.031554E0
4.378134E1	3.527109E1	5.042004E0
4.381466E1	3.550272E1	5.124280E0
4.384797E1	3.571659E1	5.204146E0
4.388129E1	3.592823E1	5.298805E0
4.391461E1	3.604171E1	5.310035E0
4.394793E1	3.612751E1	5.309971E0
4.398125E1	3.615346E1	5.296961E0
4.401457E1	3.610059E1	5.296878E0
4.404789E1	3.608330E1	5.305822E0
4.408121E1	3.609636E1	5.303506E0
4.411453E1	3.604804E1	5.291598E0
4.414785E1	3.576125E1	5.249131E0
4.418117E1	3.514422E1	4.991236E0
4.421449E1	3.461813E1	4.698618E0
4.424780E1	3.440094E1	4.627145E0
4.428112E1	3.444050E1	4.662593E0
4.431444E1	3.459841E1	4.716417E0
4.434776E1	3.483208E1	4.815285E0
4.438108E1	3.519502E1	4.971236E0
4.441440E1	3.554573E1	5.138388E0
4.444772E1	3.576701E1	5.226811E0
4.448104E1	3.581215E1	5.251632E0
4.451436E1	3.581447E1	5.247633E0
4.454768E1	3.577793E1	5.237388E0
4.458100E1	3.571098E1	5.241835E0
4.461431E1	3.558951E1	5.199770E0
4.464763E1	3.535167E1	5.179246E0
4.468095E1	3.521009E1	5.305219E0
4.471427E1	3.509858E1	5.324933E0
4.474759E1	3.509477E1	5.295175E0
4.478091E1	3.517676E1	5.262016E0
4.481423E1	3.541637E1	5.318991E0
4.484755E1	3.561586E1	5.364054E0
4.488087E1	3.561732E1	5.352234E0
4.491419E1	3.560165E1	5.318408E0
4.494751E1	3.558222E1	5.326653E0
4.498083E1	3.551627E1	5.333787E0
4.501414E1	3.549868E1	5.369512E0
4.504746E1	3.554414E1	5.365352E0
4.508078E1	3.553059E1	5.352301E0
4.511410E1	3.539408E1	5.325723E0
4.514742E1	3.528824E1	5.301761E0
4.518074E1	3.516061E1	5.142459E0
4.521406E1	3.501373E1	4.993662E0
4.524738E1	3.498517E1	4.992545E0
4.528070E1	3.505586E1	4.995158E0
4.531402E1	3.528002E1	5.051513E0
4.534734E1	3.553258E1	5.177799E0
4.538065E1	3.569533E1	5.254068E0
4.541397E1	3.583870E1	5.306736E0
4.544729E1	3.596184E1	5.312764E0
4.548061E1	3.605200E1	5.240341E0
4.551393E1	3.607213E1	5.262397E0
4.554725E1	3.604752E1	5.254306E0
4.558057E1	3.604058E1	5.298749E0
4.561389E1	3.593457E1	5.298557E0
4.564721E1	3.564730E1	5.239231E0
4.568053E1	3.547074E1	5.352700E0
4.571385E1	3.530796E1	5.346004E0
4.574717E1	3.512655E1	5.200736E0
4.578048E1	3.511898E1	5.194932E0
4.581380E1	3.526842E1	5.260548E0
4.584712E1	3.560658E1	5.316604E0
4.588044E1	3.593543E1	5.363899E0
4.591376E1	3.613408E1	5.472836E0
4.594708E1	3.615089E1	5.471719E0
4.598040E1	3.606256E1	5.430333E0
4.601372E1	3.600561E1	5.465374E0
4.604704E1	3.603175E1	5.473274E0
4.608036E1	3.604933E1	5.426485E0
4.611368E1	3.592314E1	5.443626E0
4.614699E1	3.577630E1	5.441246E0
4.618031E1	3.565563E1	5.302472E0
4.621363E1	3.547684E1	5.133828E0
4.624695E1	3.541642E1	5.109957E0
4.628027E1	3.553700E1	5.153975E0
4.631359E1	3.584213E1	5.300036E0
4.634691E1	3.609075E1	5.472316E0
4.638023E1	3.610418E1	5.480510E0
4.641355E1	3.608252E1	5.482552E0
4.644687E1	3.615404E1	5.405928E0
4.648019E1	3.627098E1	5.403410E0
4.651350E1	3.625118E1	5.416410E0
4.654682E1	3.623862E1	5.423741E0
4.658014E1	3.621832E1	5.432163E0
4.661346E1	3.609904E1	5.427013E0
4.664678E1	3.583534E1	5.355493E0
4.668010E1	3.567585E1	5.414946E0
4.671342E1	3.556422E1	5.412820E0
4.674674E1	3.547380E1	5.327838E0
4.678006E1	3.556783E1	5.317555E0
4.681338E1	3.580160E1	5.417496E0
4.684670E1	3.604975E1	5.500775E0
4.688002E1	3.617689E1	5.526640E0
4.691333E1	3.621176E1	5.519574E0
4.694665E1	3.616846E1	5.512496E0
4.697997E1	3.613075E1	5.522940E0
4.701329E1	3.613277E1	5.520133E0
4.704661E1	3.614227E1	5.518111E0
4.707993E1	3.614611E1	5.514041E0
4.711325E1	3.602594E1	5.482462E0
4.714657E1	3.602329E1	5.530566E0
4.717989E1	3.589478E1	5.425484E0
4.721321E1	3.574543E1	5.317296E0
4.724653E1	3.569913E1	5.291651E0
4.727984E1	3.570481E1	5.297286E0
4.731316E1	3.572921E1	5.295880E0
4.734648E1	3.571221E1	5.299495E0
4.737980E1	3.576404E1	5.321958E0
4.741312E1	3.607030E1	5.461145E0
4.744644E1	3.642793E1	5.603430E0
4.747976E1	3.670273E1	5.661506E0
4.751308E1	3.677852E1	5.664760E0
4.754640E1	3.676992E1	5.692655E0
4.757972E1	3.676040E1	5.706158E0
4.761304E1	3.662927E1	5.696106E0
4.764636E1	3.633104E1	5.630020E0
4.767967E1	3.619379E1	5.799143E0
4.771299E1	3.603928E1	5.815711E0
4.774631E1	3.596850E1	5.735670E0
4.777963E1	3.603838E1	5.679974E0
4.781295E1	3.628702E1	5.719356E0
4.784627E1	3.659245E1	5.844360E0
4.787959E1	3.677272E1	5.912117E0
4.791291E1	3.681758E1	5.914078E0
4.794623E1	3.678751E1	5.920222E0
4.797955E1	3.679535E1	5.918155E0
4.801287E1	3.680245E1	5.911892E0
4.804618E1	3.680593E1	5.909980E0
4.807950E1	3.681243E1	5.908686E0
4.811282E1	3.676553E1	5.871162E0
4.814614E1	3.663960E1	5.871228E0
4.817946E1	3.637164E1	5.774048E0
4.821278E1	3.612354E1	5.619848E0
4.824610E1	3.607402E1	5.633971E0
4.827942E1	3.624901E1	5.675059E0
4.831274E1	3.654202E1	5.746854E0
4.834606E1	3.682502E1	5.853073E0
4.837938E1	3.694998E1	5.903362E0
4.841270E1	3.701303E1	5.914111E0
4.844601E1	3.707698E1	5.928575E0
4.847933E1	3.713503E1	5.946218E0
4.851265E1	3.713596E1	5.955420E0
4.854597E1	3.711992E1	5.962973E0
4.857929E1	3.707550E1	5.970229E0
4.861261E1	3.704476E1	5.995475E0
4.864593E1	3.704013E1	6.098214E0
4.867925E1	3.707789E1	6.321075E0
4.871257E1	3.708754E1	6.365600E0
4.874589E1	3.708320E1	6.240437E0
4.877921E1	3.701997E1	6.111751E0
4.881252E1	3.702988E1	6.136755E0
4.884584E1	3.713029E1	6.233447E0
4.887916E1	3.727201E1	6.278751E0
4.891248E1	3.738431E1	6.293266E0
4.894580E1	3.742962E1	6.337379E0
4.897912E1	3.735838E1	6.311264E0
4.901244E1	3.729801E1	6.341267E0
4.904576E1	3.729294E1	6.361842E0
4.907908E1	3.731726E1	6.334840E0
4.911240E1	3.722076E1	6.285071E0
4.914572E1	3.707827E1	6.292853E0
4.917904E1	3.693786E1	6.191340E0
4.921235E1	3.675335E1	6.031195E0
4.924567E1	3.668710E1	5.977792E0
4.927899E1	3.677656E1	6.014520E0
4.931231E1	3.706047E1	6.139103E0
4.934563E1	3.734948E1	6.285671E0
4.937895E1	3.747392E1	6.340385E0
4.941227E1	3.756786E1	6.352405E0
4.944559E1	3.758396E1	6.310021E0
4.947891E1	3.758095E1	6.297265E0
4.951223E1	3.757606E1	6.289919E0
4.954555E1	3.756110E1	6.289909E0
4.957886E1	3.749297E1	6.289789E0
4.961218E1	3.740042E1	6.253731E0
4.964550E1	3.718697E1	6.136331E0
4.967882E1	3.703043E1	6.234807E0
4.971214E1	3.687060E1	6.259515E0
4.974546E1	3.681268E1	6.123426E0
4.977878E1	3.687596E1	6.035237E0
4.981210E1	3.710074E1	6.083813E0
4.984542E1	3.736735E1	6.231979E0
4.987874E1	3.754156E1	6.332492E0
4.991206E1	3.756898E1	6.351681E0
4.994538E1	3.756702E1	6.344572E0
4.997869E1	3.758128E1	6.333794E0
5.001201E1	3.758048E1	6.344425E0
5.004533E1	3.758033E1	6.344350E0
5.007865E1	3.758593E1	6.333528E0
5.011197E1	3.752629E1	6.316380E0
5.014529E1	3.741709E1	6.327519E0
5.017861E1	3.723815E1	6.225533E0
5.021193E1	3.704842E1	6.062325E0
5.024525E1	3.699580E1	6.047518E0
5.027857E1	3.713932E1	6.103097E0
5.031189E1	3.746842E1	6.277684E0
5.034520E1	3.769476E1	6.413750E0
5.037852E1	3.780003E1	6.447964E0
5.041184E1	3.780912E1	6.390512E0
5.044516E1	3.780274E1	6.338073E0
5.047848E1	3.785097E1	6.343811E0
5.051180E1	3.785235E1	6.344393E0
5.054512E1	3.781385E1	6.336832E0
5.057844E1	3.777014E1	6.348043E0
5.061176E1	3.770213E1	6.345537E0
5.064508E1	3.747987E1	6.347607E0
5.067840E1	3.734705E1	6.500839E0
5.071172E1	3.719284E1	6.518395E0
5.074503E1	3.712665E1	6.398205E0
5.077835E1	3.710306E1	6.292943E0
5.081167E1	3.714807E1	6.338159E0
5.084499E1	3.719179E1	6.349783E0
5.087831E1	3.737467E1	6.359240E0
5.091163E1	3.758949E1	6.412478E0
5.094495E1	3.774261E1	6.507458E0
5.097827E1	3.778131E1	6.572595E0
5.101159E1	3.778613E1	6.567811E0
5.104491E1	3.779203E1	6.565500E0
5.107823E1	3.780865E1	6.550641E0
5.111154E1	3.773474E1	6.562505E0
5.114486E1	3.758798E1	6.553662E0
5.117818E1	3.741916E1	6.440670E0
5.121150E1	3.714182E1	6.205087E0
5.124482E1	3.706604E1	6.178783E0
5.127814E1	3.719541E1	6.225345E0
5.131146E1	3.750019E1	6.351586E0
5.134478E1	3.779118E1	6.514582E0
5.137810E1	3.789121E1	6.561381E0
5.141142E1	3.791908E1	6.521389E0
5.144474E1	3.796524E1	6.473632E0
5.147806E1	3.801366E1	6.468240E0
5.151137E1	3.801690E1	6.467669E0
5.154469E1	3.799891E1	6.469492E0
5.157801E1	3.795292E1	6.472588E0
5.161133E1	3.792658E1	6.511167E0
5.164465E1	3.780330E1	6.502217E0
5.167797E1	3.762792E1	6.459732E0
5.171129E1	3.753820E1	6.474011E0
5.174461E1	3.749513E1	6.460175E0
5.177793E1	3.748499E1	6.459547E0
5.181125E1	3.764204E1	6.482045E0
5.184457E1	3.788567E1	6.530126E0
5.187788E1	3.807507E1	6.539837E0
5.191120E1	3.808751E1	6.559057E0
5.194452E1	3.803401E1	6.530681E0
5.197784E1	3.797402E1	6.500564E0
5.201116E1	3.791892E1	6.490602E0
5.204448E1	3.792580E1	6.496041E0
5.207780E1	3.795338E1	6.502860E0
5.211112E1	3.786688E1	6.487688E0
5.214444E1	3.764746E1	6.488285E0
5.217776E1	3.719745E1	6.323408E0
5.221108E1	3.687976E1	6.195906E0
5.224440E1	3.681623E1	6.157220E0
5.227771E1	3.681662E1	6.143121E0
5.231103E1	3.704623E1	6.210188E0
5.234435E1	3.743867E1	6.321359E0
5.237767E1	3.771372E1	6.415285E0
5.241099E1	3.773351E1	6.435391E0
5.244431E1	3.769607E1	6.441547E0
5.247763E1	3.769409E1	6.446431E0
5.251095E1	3.769364E1	6.449805E0
5.254427E1	3.769266E1	6.447923E0
5.257759E1	3.767417E1	6.440070E0
5.261091E1	3.757247E1	6.414797E0
5.264422E1	3.741987E1	6.409521E0
5.267754E1	3.735194E1	6.454623E0
5.271086E1	3.725802E1	6.391044E0
5.274418E1	3.722362E1	6.284951E0
5.277750E1	3.733016E1	6.341980E0
5.281082E1	3.756546E1	6.423999E0
5.284414E1	3.784563E1	6.498923E0
5.287746E1	3.794120E1	6.521532E0
5.291078E1	3.792819E1	6.494488E0
5.294410E1	3.787786E1	6.487878E0
5.297742E1	3.783161E1	6.501654E0
5.301074E1	3.781958E1	6.503486E0
5.304405E1	3.781701E1	6.497771E0
5.307737E1	3.780730E1	6.500859E0
5.311069E1	3.773213E1	6.501976E0
5.314401E1	3.758756E1	6.479083E0
5.317733E1	3.745009E1	6.418815E0
5.321065E1	3.721172E1	6.230466E0
5.324397E1	3.703326E1	6.100149E0
5.327729E1	3.692571E1	6.114789E0
5.331061E1	3.680641E1	6.119201E0
5.334393E1	3.680836E1	6.175968E0
5.337725E1	3.704612E1	6.323625E0
5.341056E1	3.722811E1	6.445983E0
5.344388E1	3.728882E1	6.462993E0
5.347720E1	3.715608E1	6.413753E0
5.351052E1	3.699060E1	6.396960E0
