	mass A		
t	x	y	
0.000000E0	1.396639E-1	4.934705E-2
3.331913E-2	1.866897E-1	5.325995E-2
6.663826E-2	2.611072E-1	6.498567E-2
9.995739E-2	4.015070E-1	9.247194E-2
1.332765E-1	5.140055E-1	1.326070E-1
1.665956E-1	5.671778E-1	1.337991E-1
1.999148E-1	6.619416E-1	1.541417E-1
2.332339E-1	7.318554E-1	1.217341E-1
2.665530E-1	8.462752E-1	1.248379E-1
2.998722E-1	9.613594E-1	1.379322E-1
3.331913E-1	1.028392E0	1.324183E-1
3.665104E-1	1.124976E0	1.328760E-1
3.998295E-1	1.250101E0	1.395734E-1
4.331487E-1	1.359241E0	1.323072E-1
4.664678E-1	1.447145E0	1.184436E-1
4.997869E-1	1.567010E0	1.214783E-1
5.331061E-1	1.662839E0	1.173624E-1
5.664252E-1	1.701039E0	1.215123E-1
5.997443E-1	1.770921E0	1.184482E-1
6.330634E-1	1.787107E0	1.264358E-1
6.663826E-1	1.767324E0	1.142395E-1
6.997017E-1	1.793092E0	1.278701E-1
7.330208E-1	1.748425E0	1.382254E-1
7.663400E-1	1.793801E0	1.392361E-1
7.996591E-1	1.844788E0	1.813261E-1
8.329782E-1	1.813346E0	1.534904E-1
8.662973E-1	1.799658E0	1.402504E-1
8.996165E-1	1.813143E0	1.422572E-1
9.329356E-1	1.822686E0	1.411946E-1
9.662547E-1	1.808856E0	1.753319E-1
9.995739E-1	1.792341E0	1.909870E-1
1.032893E0	1.759168E0	1.901745E-1
1.066212E0	1.710235E0	1.902073E-1
1.099531E0	1.725919E0	1.790872E-1
1.132850E0	1.717025E0	1.672386E-1
1.166170E0	1.789438E0	1.653900E-1
1.199489E0	1.912112E0	1.658019E-1
1.232808E0	2.015596E0	1.422415E-1
1.266127E0	2.066398E0	1.277210E-1
1.299446E0	2.124096E0	1.281872E-1
1.332765E0	2.165480E0	1.217496E-1
1.366084E0	2.154812E0	1.157220E-1
1.399403E0	2.165590E0	1.169034E-1
1.432723E0	2.168548E0	1.177470E-1
1.466042E0	2.165722E0	1.175530E-1
1.499361E0	2.224580E0	1.111822E-1
1.532680E0	2.332488E0	8.351150E-2
1.565999E0	2.285299E0	7.062431E-2
1.599318E0	2.280480E0	5.580071E-2
1.632637E0	2.321695E0	4.528369E-2
1.665956E0	2.311707E0	6.260865E-2
1.699276E0	2.299089E0	6.305929E-2
1.732595E0	2.256788E0	6.858964E-2
1.765914E0	2.255572E0	5.991054E-2
1.799233E0	2.127015E0	2.311603E-4
1.832552E0	2.021375E0	-5.100589E-2
1.865871E0	2.016003E0	-6.502069E-3
1.899190E0	1.838919E0	1.125489E-2
1.932509E0	1.507945E0	-3.082885E-2
1.965829E0	1.397882E0	-5.383027E-2
1.999148E0	1.519156E0	5.623734E-3
2.032467E0	1.719182E0	2.164265E-2
2.065786E0	1.899079E0	6.298002E-2
2.099105E0	2.064238E0	6.844804E-2
2.132424E0	2.196854E0	1.105154E-1
2.165743E0	2.232491E0	1.138734E-1
2.199063E0	2.280485E0	1.129915E-1
2.232382E0	2.355570E0	1.319839E-1
2.265701E0	2.411555E0	1.554772E-1
2.299020E0	2.471262E0	1.813358E-1
2.332339E0	2.509315E0	1.703946E-1
2.365658E0	2.615412E0	1.599247E-1
2.398977E0	2.725879E0	1.565827E-1
2.432296E0	2.794745E0	1.599625E-1
2.465616E0	2.842791E0	1.346428E-1
2.498935E0	2.877484E0	9.233138E-2
2.532254E0	2.922051E0	5.891588E-2
2.565573E0	2.955545E0	6.180916E-2
2.598892E0	2.955952E0	5.962547E-2
2.632211E0	2.956203E0	5.790911E-2
2.665530E0	2.952924E0	5.527025E-2
2.698849E0	2.936359E0	5.678764E-2
2.732169E0	2.981694E0	7.067218E-2
2.765488E0	3.022091E0	1.192644E-1
2.798807E0	3.164133E0	2.380533E-1
2.832126E0	3.241501E0	4.123119E-1
2.865445E0	3.186607E0	3.139241E-1
2.898764E0	3.141207E0	2.701173E-1
2.932083E0	3.135509E0	2.718368E-1
2.965402E0	3.131857E0	2.684049E-1
2.998722E0	3.096308E0	2.519051E-1
3.032041E0	3.132221E0	3.192799E-1
3.065360E0	3.158541E0	2.793506E-1
3.098679E0	3.188038E0	2.828312E-1
3.131998E0	3.241012E0	2.803727E-1
3.165317E0	3.354892E0	2.872411E-1
3.198636E0	3.438810E0	2.685266E-1
3.231955E0	3.454354E0	2.653942E-1
3.265275E0	3.526814E0	2.684109E-1
3.298594E0	3.651461E0	2.531979E-1
3.331913E0	3.756536E0	2.486728E-1
3.365232E0	3.848278E0	2.634242E-1
3.398551E0	3.948212E0	2.673155E-1
3.431870E0	4.008675E0	2.694216E-1
3.465189E0	3.997395E0	2.957015E-1
3.498509E0	3.992277E0	2.962160E-1
3.531828E0	4.004921E0	3.038848E-1
3.565147E0	4.036106E0	3.009098E-1
3.598466E0	4.043334E0	3.038825E-1
3.631785E0	4.048888E0	3.058176E-1
3.665104E0	4.050908E0	3.062434E-1
3.698423E0	4.052113E0	3.063410E-1
3.731742E0	4.053163E0	3.068885E-1
3.765062E0	4.047386E0	3.046100E-1
3.798381E0	4.050483E0	3.121579E-1
3.831700E0	3.894534E0	3.423114E-1
3.865019E0	3.607575E0	3.519298E-1
3.898338E0	3.427128E0	3.095733E-1
3.931657E0	3.326797E0	2.668256E-1
3.964976E0	3.288546E0	2.199755E-1
3.998295E0	3.364520E0	2.022985E-1
4.031615E0	3.477739E0	2.339271E-1
4.064934E0	3.555741E0	2.612186E-1
4.098253E0	3.684975E0	3.104778E-1
4.131572E0	3.792706E0	3.238239E-1
4.164891E0	3.837897E0	3.165487E-1
4.198210E0	3.907301E0	3.255687E-1
4.231529E0	3.973627E0	3.056271E-1
4.264848E0	4.021901E0	3.224019E-1
4.298168E0	4.058486E0	2.997447E-1
4.331487E0	4.149481E0	2.887909E-1
4.364806E0	4.255718E0	2.870040E-1
4.398125E0	4.325162E0	2.886467E-1
4.431444E0	4.383143E0	2.825624E-1
4.464763E0	4.489803E0	2.346419E-1
4.498082E0	4.663849E0	2.297075E-1
4.531402E0	4.783791E0	2.414229E-1
4.564721E0	4.821343E0	2.362132E-1
4.598040E0	4.830131E0	2.402565E-1
4.631359E0	4.827701E0	2.387825E-1
4.664678E0	4.825476E0	2.373702E-1
4.697997E0	4.807997E0	2.344159E-1
4.731316E0	4.844305E0	2.717527E-1
4.764635E0	4.839688E0	3.005633E-1
4.797955E0	4.903044E0	4.117843E-1
4.831274E0	4.985678E0	5.916361E-1
4.864593E0	4.938772E0	5.091055E-1
4.897912E0	4.868497E0	4.058030E-1
4.931231E0	4.844394E0	4.487043E-1
4.964550E0	4.815848E0	4.283545E-1
4.997869E0	4.817087E0	4.328758E-1
5.031188E0	4.842212E0	4.506627E-1
5.064508E0	4.908409E0	4.352494E-1
5.097827E0	5.003943E0	4.577267E-1
5.131146E0	5.149299E0	4.536616E-1
5.164465E0	5.275293E0	4.653693E-1
5.197784E0	5.326555E0	4.589128E-1
5.231103E0	5.355950E0	4.435133E-1
5.264422E0	5.390927E0	4.547237E-1
5.297741E0	5.384266E0	4.498848E-1
5.331061E0	5.382346E0	4.481966E-1
5.364380E0	5.436889E0	4.433863E-1
5.397699E0	5.578857E0	4.413586E-1
5.431018E0	5.595328E0	4.858838E-1
5.464337E0	5.642706E0	4.944085E-1
5.497656E0	5.665571E0	4.929679E-1
5.530975E0	5.700362E0	4.855779E-1
5.564295E0	5.759651E0	4.922651E-1
5.597614E0	5.782745E0	5.032022E-1
5.630933E0	5.777352E0	4.999680E-1
5.664252E0	5.771513E0	4.976458E-1
5.697571E0	5.757800E0	4.911059E-1
5.730890E0	5.792781E0	4.732341E-1
5.764209E0	5.827297E0	4.631423E-1
5.797528E0	5.801073E0	4.244293E-1
5.830848E0	5.742848E0	3.271142E-1
5.864167E0	5.745513E0	3.315985E-1
5.897486E0	5.715957E0	3.733236E-1
5.930805E0	5.705051E0	3.652285E-1
5.964124E0	5.705466E0	3.698466E-1
5.997443E0	5.696192E0	3.663143E-1
6.030762E0	5.710610E0	3.769109E-1
6.064081E0	5.799725E0	3.659026E-1
6.097401E0	5.957827E0	3.694770E-1
6.130720E0	6.083385E0	4.071026E-1
6.164039E0	6.133894E0	4.213635E-1
6.197358E0	6.143965E0	4.246408E-1
6.230677E0	6.191728E0	4.136626E-1
6.263996E0	6.312727E0	4.293993E-1
6.297315E0	6.447896E0	4.192698E-1
6.330634E0	6.575925E0	4.264054E-1
6.363954E0	6.648623E0	4.284619E-1
6.397273E0	6.719598E0	4.325831E-1
6.430592E0	6.794322E0	4.071079E-1
6.463911E0	6.871569E0	4.102375E-1
6.497230E0	6.934828E0	4.026449E-1
6.530549E0	7.025592E0	3.966395E-1
6.563868E0	7.101728E0	4.076780E-1
6.597188E0	7.137034E0	3.993013E-1
6.630507E0	7.140997E0	4.048287E-1
6.663826E0	7.136449E0	4.040161E-1
6.697145E0	7.132741E0	4.084963E-1
6.730464E0	7.187024E0	4.255302E-1
6.763783E0	7.250617E0	4.608437E-1
6.797102E0	7.200549E0	4.433668E-1
6.830421E0	7.214228E0	4.859568E-1
6.863741E0	7.196366E0	5.445104E-1
6.897060E0	7.118705E0	5.356247E-1
6.930379E0	7.018393E0	5.248579E-1
6.963698E0	7.013148E0	5.387298E-1
6.997017E0	7.075684E0	5.880784E-1
7.030336E0	7.120346E0	6.048568E-1
7.063655E0	7.191066E0	6.019422E-1
7.096974E0	7.313615E0	5.873041E-1
7.130294E0	7.397468E0	5.689711E-1
7.163613E0	7.406019E0	5.662405E-1
7.196932E0	7.473538E0	5.615438E-1
7.230251E0	7.578992E0	5.567733E-1
7.263570E0	7.666456E0	5.442067E-1
7.296889E0	7.711059E0	5.618793E-1
7.330208E0	7.754054E0	5.505790E-1
7.363527E0	7.872862E0	5.661122E-1
7.396847E0	7.941629E0	5.564405E-1
7.430166E0	7.910790E0	5.577750E-1
7.463485E0	7.819973E0	5.734843E-1
7.496804E0	7.748424E0	6.025029E-1
7.530123E0	7.748039E0	5.815744E-1
7.563442E0	7.797160E0	5.675456E-1
7.596761E0	7.824676E0	5.884425E-1
7.630080E0	7.817152E0	5.795770E-1
7.663400E0	7.813375E0	5.744669E-1
7.696719E0	7.801000E0	5.697341E-1
7.730038E0	7.756254E0	5.730360E-1
7.763357E0	7.698988E0	6.020815E-1
7.796676E0	7.652277E0	6.078373E-1
7.829995E0	7.557993E0	5.608567E-1
7.863314E0	7.443919E0	5.694684E-1
7.896634E0	7.225655E0	5.559497E-1
7.929953E0	6.835149E0	4.531193E-1
7.963272E0	6.592353E0	4.096186E-1
7.996591E0	6.598847E0	4.656731E-1
8.029910E0	6.829645E0	5.459410E-1
8.063229E0	7.129657E0	6.428773E-1
8.096548E0	7.322920E0	6.835922E-1
8.129867E0	7.378507E0	6.926112E-1
8.163187E0	7.426147E0	7.182692E-1
8.196506E0	7.531245E0	7.445784E-1
8.229825E0	7.651861E0	7.564308E-1
8.263144E0	7.729129E0	7.578330E-1
8.296463E0	7.810637E0	7.885580E-1
8.329782E0	7.906294E0	8.092670E-1
8.363101E0	7.968474E0	8.129069E-1
8.396420E0	7.981651E0	8.256376E-1
8.429740E0	8.024394E0	8.230838E-1
8.463059E0	8.098032E0	7.947079E-1
8.496378E0	8.080951E0	6.844033E-1
8.529697E0	8.129202E0	6.703262E-1
8.563016E0	8.165078E0	6.686640E-1
8.596335E0	8.189961E0	6.730108E-1
8.629654E0	8.233465E0	6.657641E-1
8.662973E0	8.202271E0	6.760100E-1
8.696293E0	8.186002E0	6.696789E-1
8.729612E0	8.210389E0	7.077755E-1
8.762931E0	8.147948E0	7.241705E-1
8.796250E0	8.159078E0	8.529822E-1
8.829569E0	8.268547E0	1.070011E0
8.862888E0	8.248322E0	9.593653E-1
8.896207E0	8.181571E0	8.506589E-1
8.929527E0	8.133694E0	8.671503E-1
8.962846E0	8.129700E0	8.667975E-1
8.996165E0	8.123345E0	8.622848E-1
9.029484E0	8.130507E0	8.715416E-1
9.062803E0	8.180996E0	8.686654E-1
9.096122E0	8.329881E0	8.733756E-1
9.129441E0	8.465132E0	8.819843E-1
9.162760E0	8.472333E0	8.812227E-1
9.196080E0	8.495953E0	8.676427E-1
9.229399E0	8.592094E0	8.888068E-1
9.262718E0	8.681882E0	8.871552E-1
9.296037E0	8.777242E0	8.720228E-1
9.329356E0	8.911980E0	8.906141E-1
9.362675E0	8.968462E0	9.260382E-1
9.395994E0	8.980927E0	9.466696E-1
9.429313E0	8.969520E0	9.341497E-1
9.462633E0	8.976702E0	9.355369E-1
9.495952E0	9.016899E0	9.283506E-1
9.529271E0	9.072770E0	9.284618E-1
9.562590E0	9.095025E0	9.426834E-1
9.595909E0	9.076109E0	9.329461E-1
9.629228E0	9.089445E0	9.381146E-1
9.662547E0	9.079510E0	9.318467E-1
9.695866E0	9.077923E0	9.305698E-1
9.729186E0	9.077205E0	9.299260E-1
9.762505E0	9.076151E0	9.291593E-1
9.795824E0	9.075395E0	9.281883E-1
9.829143E0	9.074908E0	9.282413E-1
9.862462E0	9.049676E0	9.288947E-1
9.895781E0	9.005948E0	8.673347E-1
9.929100E0	9.004473E0	8.252866E-1
9.962420E0	9.004362E0	8.195032E-1
9.995739E0	8.918184E0	7.714270E-1
1.002906E1	8.875344E0	7.706438E-1
1.006238E1	9.005709E0	7.771167E-1
1.009570E1	9.151932E0	8.366486E-1
1.012902E1	9.249851E0	8.288523E-1
1.016233E1	9.285711E0	8.443363E-1
1.019565E1	9.344108E0	8.700449E-1
1.022897E1	9.431164E0	8.971290E-1
1.026229E1	9.512248E0	9.629868E-1
1.029561E1	9.595077E0	9.648110E-1
1.032893E1	9.696478E0	9.838447E-1
1.036225E1	9.797576E0	1.007890E0
1.039557E1	9.910996E0	1.040376E0
1.042889E1	9.983618E0	1.046313E0
1.046221E1	1.008671E1	1.082251E0
1.049553E1	1.018378E1	1.078994E0
1.052884E1	1.022585E1	1.075295E0
1.056216E1	1.020773E1	1.057911E0
1.059548E1	1.016653E1	1.014557E0
1.062880E1	1.017092E1	9.944849E-1
1.066212E1	1.019414E1	1.021587E0
1.069544E1	1.014648E1	1.002937E0
1.072876E1	1.013709E1	1.001404E0
1.076208E1	1.019619E1	1.017753E0
1.079540E1	1.020517E1	1.004367E0
1.082872E1	1.023155E1	1.021091E0
1.086204E1	1.019307E1	1.017836E0
1.089536E1	1.000448E1	1.002648E0
1.092867E1	9.550718E0	1.065507E0
1.096199E1	9.233941E0	1.169755E0
1.099531E1	9.188363E0	1.173884E0
1.102863E1	9.343612E0	1.120920E0
1.106195E1	9.465272E0	1.019765E0
1.109527E1	9.579553E0	9.617469E-1
1.112859E1	9.724327E0	9.596025E-1
1.116191E1	9.891423E0	9.615125E-1
1.119523E1	9.970899E0	9.598074E-1
1.122855E1	1.001027E1	9.324077E-1
1.126187E1	1.006125E1	8.887710E-1
1.129518E1	1.012856E1	8.865977E-1
1.132850E1	1.018905E1	9.000641E-1
1.136182E1	1.024156E1	9.217746E-1
1.139514E1	1.022918E1	9.099240E-1
1.142846E1	1.023142E1	9.062388E-1
1.146178E1	1.027324E1	8.906257E-1
1.149510E1	1.029090E1	9.114984E-1
1.152842E1	1.029186E1	9.109008E-1
1.156174E1	1.028651E1	9.029321E-1
1.159506E1	1.029029E1	9.076514E-1
1.162838E1	1.029722E1	9.141616E-1
1.166170E1	1.029344E1	9.111131E-1
1.169501E1	1.028121E1	9.027328E-1
1.172833E1	1.031396E1	8.853485E-1
1.176165E1	1.033826E1	8.858115E-1
1.179497E1	1.034501E1	8.607708E-1
1.182829E1	1.028556E1	7.553700E-1
1.186161E1	1.028004E1	7.437842E-1
1.189493E1	1.027319E1	8.028576E-1
1.192825E1	1.025028E1	7.982671E-1
1.196157E1	1.021252E1	7.277214E-1
1.199489E1	1.019585E1	7.159651E-1
1.202821E1	1.023135E1	7.405466E-1
1.206152E1	1.023097E1	7.405025E-1
1.209484E1	1.023172E1	7.409260E-1
1.212816E1	1.023023E1	7.399614E-1
1.216148E1	1.027128E1	7.405853E-1
1.219480E1	1.049755E1	7.773848E-1
1.222812E1	1.079233E1	8.256717E-1
1.226144E1	1.107797E1	9.074011E-1
1.229476E1	1.110791E1	9.126828E-1
1.232808E1	1.108529E1	8.885372E-1
1.236140E1	1.117023E1	8.947237E-1
1.239472E1	1.129250E1	8.972990E-1
1.242804E1	1.141157E1	8.821526E-1
1.246135E1	1.149720E1	8.846237E-1
1.249467E1	1.158586E1	8.650551E-1
1.252799E1	1.167575E1	8.696908E-1
1.256131E1	1.171499E1	8.395404E-1
1.259463E1	1.169689E1	8.208398E-1
1.262795E1	1.171842E1	8.307107E-1
1.266127E1	1.172022E1	8.294252E-1
1.269459E1	1.169880E1	8.176144E-1
1.272791E1	1.172930E1	8.600553E-1
1.276123E1	1.168491E1	8.553426E-1
1.279455E1	1.172238E1	9.286490E-1
1.282786E1	1.183894E1	1.153045E0
1.286118E1	1.183539E1	1.105997E0
1.289450E1	1.181362E1	1.017967E0
1.292782E1	1.180101E1	1.027109E0
1.296114E1	1.181969E1	1.060644E0
1.299446E1	1.182955E1	1.072597E0
1.302778E1	1.182700E1	1.049582E0
1.306110E1	1.183634E1	1.056655E0
1.309442E1	1.194381E1	1.081563E0
1.312774E1	1.210504E1	1.080588E0
1.316106E1	1.215547E1	1.072201E0
1.319438E1	1.215548E1	1.075067E0
1.322769E1	1.220522E1	1.051515E0
1.326101E1	1.227735E1	1.065834E0
1.329433E1	1.237176E1	1.065226E0
1.332765E1	1.241890E1	1.077609E0
1.336097E1	1.238406E1	1.089019E0
1.339429E1	1.238518E1	1.087404E0
1.342761E1	1.239030E1	1.099189E0
1.346093E1	1.235106E1	1.111986E0
1.349425E1	1.236668E1	1.126854E0
1.352757E1	1.237851E1	1.131715E0
1.356089E1	1.238054E1	1.131952E0
1.359420E1	1.239162E1	1.145939E0
1.362752E1	1.239667E1	1.159579E0
1.366084E1	1.240425E1	1.159944E0
1.369416E1	1.238975E1	1.149408E0
1.372748E1	1.240024E1	1.145938E0
1.376080E1	1.241129E1	1.108202E0
1.379412E1	1.243676E1	1.096792E0
1.382744E1	1.237515E1	1.002671E0
1.386076E1	1.237986E1	9.874177E-1
1.389408E1	1.237959E1	1.065146E0
1.392740E1	1.238348E1	1.031863E0
1.396071E1	1.235997E1	9.626386E-1
1.399403E1	1.234061E1	9.727905E-1
1.402735E1	1.240688E1	9.664693E-1
1.406067E1	1.252352E1	9.690218E-1
1.409399E1	1.264221E1	9.768276E-1
1.412731E1	1.270993E1	1.012062E0
1.416063E1	1.278545E1	1.039224E0
1.419395E1	1.282281E1	1.066076E0
1.422727E1	1.281930E1	1.068508E0
1.426059E1	1.281889E1	1.069738E0
1.429391E1	1.282771E1	1.077413E0
1.432723E1	1.287459E1	1.079268E0
1.436054E1	1.295054E1	1.072747E0
1.439386E1	1.305122E1	1.061624E0
1.442718E1	1.313627E1	1.064217E0
1.446050E1	1.317837E1	1.053784E0
1.449382E1	1.324969E1	1.042734E0
1.452714E1	1.337139E1	1.056354E0
1.456046E1	1.350621E1	1.043359E0
1.459378E1	1.359885E1	1.060287E0
1.462710E1	1.359643E1	1.060069E0
1.466042E1	1.359560E1	1.059948E0
1.469374E1	1.358939E1	1.058834E0
1.472705E1	1.358799E1	1.070052E0
1.476037E1	1.359917E1	1.097344E0
1.479369E1	1.359268E1	1.162699E0
1.482701E1	1.368692E1	1.379512E0
1.486033E1	1.369825E1	1.376230E0
1.489365E1	1.368960E1	1.258781E0
1.492697E1	1.363766E1	1.254956E0
1.496029E1	1.365793E1	1.285851E0
1.499361E1	1.364846E1	1.265701E0
1.502693E1	1.364528E1	1.265959E0
1.506025E1	1.364581E1	1.269702E0
1.509357E1	1.367329E1	1.275655E0
1.512688E1	1.373629E1	1.273727E0
1.516020E1	1.381264E1	1.285995E0
1.519352E1	1.386000E1	1.283422E0
1.522684E1	1.391613E1	1.280045E0
1.526016E1	1.398870E1	1.285996E0
1.529348E1	1.403773E1	1.285153E0
1.532680E1	1.402533E1	1.299118E0
1.536012E1	1.402589E1	1.290957E0
1.539344E1	1.401586E1	1.308210E0
1.542676E1	1.401517E1	1.316019E0
1.546008E1	1.401648E1	1.353098E0
1.549339E1	1.403249E1	1.346805E0
1.552671E1	1.404253E1	1.347956E0
1.556003E1	1.404460E1	1.340970E0
1.559335E1	1.404177E1	1.336291E0
1.562667E1	1.403959E1	1.332997E0
1.565999E1	1.403901E1	1.331111E0
1.569331E1	1.403820E1	1.329507E0
1.572663E1	1.403687E1	1.328343E0
1.575995E1	1.403624E1	1.327755E0
1.579327E1	1.403628E1	1.327110E0
1.582659E1	1.402421E1	1.316583E0
1.585991E1	1.402151E1	1.283097E0
1.589322E1	1.399020E1	1.281585E0
1.592654E1	1.396344E1	1.260086E0
1.595986E1	1.386646E1	1.172472E0
1.599318E1	1.381826E1	1.131931E0
1.602650E1	1.391643E1	1.167840E0
1.605982E1	1.403684E1	1.214768E0
1.609314E1	1.414077E1	1.250272E0
1.612646E1	1.423384E1	1.250186E0
1.615978E1	1.434306E1	1.263050E0
1.619310E1	1.440864E1	1.301669E0
1.622642E1	1.447929E1	1.324255E0
1.625973E1	1.452523E1	1.352139E0
1.629305E1	1.463072E1	1.366369E0
1.632637E1	1.475535E1	1.371779E0
1.635969E1	1.475879E1	1.369038E0
1.639301E1	1.474386E1	1.362836E0
1.642633E1	1.475322E1	1.369449E0
1.645965E1	1.476159E1	1.372329E0
1.649297E1	1.479345E1	1.364472E0
1.652629E1	1.481325E1	1.333937E0
1.655961E1	1.482417E1	1.272546E0
1.659293E1	1.482790E1	1.271465E0
1.662625E1	1.481466E1	1.292177E0
1.665956E1	1.480425E1	1.289610E0
1.669288E1	1.479968E1	1.265864E0
1.672620E1	1.479103E1	1.285972E0
1.675952E1	1.479842E1	1.310954E0
1.679284E1	1.475172E1	1.300303E0
1.682616E1	1.474927E1	1.305833E0
1.685948E1	1.476158E1	1.377841E0
1.689280E1	1.465651E1	1.391003E0
1.692612E1	1.427550E1	1.443872E0
1.695944E1	1.394124E1	1.553908E0
1.699276E1	1.383496E1	1.553222E0
1.702607E1	1.388746E1	1.435199E0
1.705939E1	1.404284E1	1.213492E0
1.709271E1	1.425912E1	1.155905E0
1.712603E1	1.442328E1	1.203642E0
1.715935E1	1.456962E1	1.207626E0
1.719267E1	1.458949E1	1.207854E0
1.722599E1	1.462564E1	1.205697E0
1.725931E1	1.475651E1	1.215246E0
1.729263E1	1.480457E1	1.202427E0
1.732595E1	1.477914E1	1.191376E0
1.735927E1	1.480895E1	1.204087E0
1.739259E1	1.489607E1	1.173381E0
1.742590E1	1.491444E1	1.243130E0
1.745922E1	1.490597E1	1.250514E0
1.749254E1	1.489554E1	1.232444E0
1.752586E1	1.490523E1	1.245137E0
1.755918E1	1.490919E1	1.249955E0
1.759250E1	1.491640E1	1.254333E0
1.762582E1	1.491595E1	1.254379E0
1.765914E1	1.491619E1	1.254154E0
1.769246E1	1.491002E1	1.248439E0
1.772578E1	1.491240E1	1.246133E0
1.775910E1	1.495033E1	1.198476E0
1.779241E1	1.497463E1	1.168056E0
1.782573E1	1.505771E1	1.036123E0
1.785905E1	1.513933E1	1.050461E0
1.789237E1	1.514627E1	1.095981E0
1.792569E1	1.517467E1	1.081991E0
1.795901E1	1.519356E1	1.083297E0
1.799233E1	1.521674E1	1.115228E0
1.802565E1	1.518031E1	1.123900E0
1.805897E1	1.512491E1	1.111194E0
1.809229E1	1.513779E1	1.125269E0
1.812561E1	1.519252E1	1.144603E0
1.815893E1	1.529967E1	1.153272E0
1.819224E1	1.540745E1	1.185232E0
1.822556E1	1.545909E1	1.217867E0
1.825888E1	1.545748E1	1.203942E0
1.829220E1	1.550730E1	1.191240E0
1.832552E1	1.561683E1	1.190799E0
1.835884E1	1.574739E1	1.204344E0
1.839216E1	1.585202E1	1.202775E0
1.842548E1	1.593739E1	1.176769E0
1.845880E1	1.603549E1	1.185132E0
1.849212E1	1.612119E1	1.169760E0
1.852544E1	1.623198E1	1.172079E0
1.855875E1	1.634800E1	1.179758E0
1.859207E1	1.640091E1	1.177910E0
1.862539E1	1.640128E1	1.177921E0
1.865871E1	1.639951E1	1.175683E0
1.869203E1	1.640322E1	1.177417E0
1.872535E1	1.640069E1	1.175039E0
1.875867E1	1.640075E1	1.174659E0
1.879199E1	1.640670E1	1.178941E0
1.882531E1	1.639027E1	1.177543E0
1.885863E1	1.633278E1	1.213155E0
1.889195E1	1.626157E1	1.223395E0
1.892527E1	1.621266E1	1.221605E0
1.895858E1	1.620889E1	1.213453E0
1.899190E1	1.619698E1	1.234841E0
1.902522E1	1.622642E1	1.242820E0
1.905854E1	1.634101E1	1.241103E0
1.909186E1	1.644570E1	1.228145E0
1.912518E1	1.651579E1	1.228549E0
1.915850E1	1.657821E1	1.232574E0
1.919182E1	1.660823E1	1.255200E0
1.922514E1	1.668419E1	1.308106E0
1.925846E1	1.679826E1	1.341217E0
1.929178E1	1.694913E1	1.385089E0
1.932509E1	1.707399E1	1.436543E0
1.935841E1	1.711784E1	1.434126E0
1.939173E1	1.709475E1	1.418096E0
1.942505E1	1.713550E1	1.442746E0
1.945837E1	1.721567E1	1.457496E0
1.949169E1	1.726894E1	1.481316E0
1.952501E1	1.728125E1	1.501021E0
1.955833E1	1.722145E1	1.494713E0
1.959165E1	1.721461E1	1.487932E0
1.962497E1	1.723841E1	1.495877E0
1.965829E1	1.723322E1	1.491684E0
1.969161E1	1.720835E1	1.481614E0
1.972492E1	1.721540E1	1.481585E0
1.975824E1	1.718846E1	1.431593E0
1.979156E1	1.715321E1	1.375368E0
1.982488E1	1.706949E1	1.338722E0
1.985820E1	1.692653E1	1.324582E0
1.989152E1	1.650207E1	1.327772E0
1.992484E1	1.600225E1	1.089702E0
1.995816E1	1.567333E1	8.477341E-1
1.999148E1	1.562496E1	8.434417E-1
2.002480E1	1.562771E1	9.618930E-1
2.005812E1	1.577570E1	1.128918E0
2.009143E1	1.596587E1	1.343320E0
2.012475E1	1.616936E1	1.457411E0
2.015807E1	1.628123E1	1.486196E0
2.019139E1	1.634825E1	1.464299E0
2.022471E1	1.642891E1	1.504871E0
2.025803E1	1.651827E1	1.517631E0
2.029135E1	1.652363E1	1.513919E0
2.032467E1	1.652351E1	1.511737E0
2.035799E1	1.653507E1	1.515345E0
2.039131E1	1.660742E1	1.496405E0
2.042463E1	1.663858E1	1.441470E0
2.045795E1	1.671631E1	1.389337E0
2.049126E1	1.674348E1	1.402280E0
2.052458E1	1.675019E1	1.392419E0
2.055790E1	1.678909E1	1.376493E0
2.059122E1	1.684004E1	1.379558E0
2.062454E1	1.684502E1	1.384264E0
2.065786E1	1.684615E1	1.385610E0
2.069118E1	1.683838E1	1.381092E0
2.072450E1	1.683198E1	1.388647E0
2.075782E1	1.684142E1	1.417656E0
2.079114E1	1.681656E1	1.472006E0
2.082446E1	1.687983E1	1.699828E0
2.085777E1	1.688927E1	1.741288E0
2.089109E1	1.689971E1	1.638453E0
2.092441E1	1.687094E1	1.612079E0
2.095773E1	1.685729E1	1.668133E0
2.099105E1	1.684398E1	1.649799E0
2.102437E1	1.686252E1	1.626607E0
2.105769E1	1.686024E1	1.623460E0
2.109101E1	1.685591E1	1.617899E0
2.112433E1	1.687443E1	1.601286E0
2.115765E1	1.700913E1	1.636117E0
2.119097E1	1.726846E1	1.679765E0
2.122429E1	1.746326E1	1.703599E0
2.125760E1	1.747205E1	1.703579E0
2.129092E1	1.744794E1	1.692093E0
2.132424E1	1.746158E1	1.709873E0
2.135756E1	1.740217E1	1.702295E0
2.139088E1	1.743324E1	1.700766E0
2.142420E1	1.749934E1	1.705389E0
2.145752E1	1.755323E1	1.700860E0
2.149084E1	1.761659E1	1.716083E0
2.152416E1	1.762722E1	1.742350E0
2.155748E1	1.762472E1	1.744099E0
2.159080E1	1.762549E1	1.749250E0
2.162411E1	1.763003E1	1.756811E0
2.165743E1	1.762720E1	1.755989E0
2.169075E1	1.762553E1	1.755784E0
2.172407E1	1.762372E1	1.753646E0
2.175739E1	1.760717E1	1.730538E0
2.179071E1	1.760368E1	1.724276E0
2.182403E1	1.764316E1	1.634198E0
2.185735E1	1.767542E1	1.598586E0
2.189067E1	1.763993E1	1.653605E0
2.192399E1	1.760856E1	1.624506E0
2.195731E1	1.761836E1	1.589330E0
2.199063E1	1.756330E1	1.574110E0
2.202394E1	1.756301E1	1.575518E0
2.205726E1	1.763255E1	1.592230E0
2.209058E1	1.775246E1	1.583814E0
2.212390E1	1.788136E1	1.627947E0
2.215722E1	1.794951E1	1.643584E0
2.219054E1	1.796731E1	1.648916E0
2.222386E1	1.801063E1	1.645824E0
2.225718E1	1.807624E1	1.649484E0
2.229050E1	1.813089E1	1.653292E0
2.232382E1	1.815190E1	1.631470E0
2.235714E1	1.815957E1	1.627143E0
2.239045E1	1.819407E1	1.625946E0
2.242377E1	1.828272E1	1.649397E0
2.245709E1	1.838671E1	1.638376E0
2.249041E1	1.850173E1	1.625497E0
2.252373E1	1.862391E1	1.622513E0
2.255705E1	1.873773E1	1.630216E0
2.259037E1	1.876209E1	1.616480E0
2.262369E1	1.876257E1	1.615805E0
2.265701E1	1.876784E1	1.618771E0
2.269033E1	1.876221E1	1.613585E0
2.272365E1	1.875767E1	1.620736E0
2.275696E1	1.876995E1	1.663825E0
2.279028E1	1.873913E1	1.740737E0
2.282360E1	1.873125E1	1.913871E0
2.285692E1	1.870417E1	1.948074E0
2.289024E1	1.871127E1	1.857989E0
2.292356E1	1.864768E1	1.796986E0
2.295688E1	1.859236E1	1.835015E0
2.299020E1	1.860327E1	1.834884E0
2.302352E1	1.866406E1	1.804449E0
2.305684E1	1.867831E1	1.801978E0
2.309016E1	1.876460E1	1.800765E0
2.312348E1	1.889764E1	1.831940E0
2.315679E1	1.898116E1	1.825070E0
2.319011E1	1.898570E1	1.828036E0
2.322343E1	1.900733E1	1.835056E0
2.325675E1	1.906851E1	1.858131E0
2.329007E1	1.900119E1	1.874482E0
2.332339E1	1.899934E1	1.874595E0
2.335671E1	1.904414E1	1.846025E0
2.339003E1	1.903439E1	1.841232E0
2.342335E1	1.905103E1	1.836695E0
2.345667E1	1.908923E1	1.865199E0
2.348999E1	1.910156E1	1.920660E0
2.352330E1	1.910427E1	1.918813E0
2.355662E1	1.912158E1	1.912603E0
2.358994E1	1.910442E1	1.915487E0
2.362326E1	1.910628E1	1.926841E0
2.365658E1	1.910743E1	1.933346E0
2.368990E1	1.910506E1	1.932650E0
2.372322E1	1.911339E1	1.938355E0
2.375654E1	1.911373E1	1.925287E0
2.378986E1	1.912363E1	1.898712E0
2.382318E1	1.917631E1	1.843470E0
2.385650E1	1.921928E1	1.790501E0
2.388982E1	1.918546E1	1.850479E0
2.392313E1	1.917915E1	1.838923E0
2.395645E1	1.915652E1	1.769154E0
2.398977E1	1.914835E1	1.736819E0
2.402309E1	1.914724E1	1.728707E0
2.405641E1	1.915459E1	1.729714E0
2.408973E1	1.915466E1	1.727084E0
2.412305E1	1.917917E1	1.743494E0
2.415637E1	1.934012E1	1.784463E0
2.418969E1	1.958984E1	1.823606E0
2.422301E1	1.975127E1	1.868110E0
2.425633E1	1.978735E1	1.890310E0
2.428964E1	1.980840E1	1.887937E0
2.432296E1	1.989019E1	1.921985E0
2.435628E1	2.003863E1	1.933969E0
2.438960E1	2.016655E1	1.965869E0
2.442292E1	2.026735E1	1.981868E0
2.445624E1	2.032166E1	1.981986E0
2.448956E1	2.038242E1	1.986898E0
2.452288E1	2.037705E1	1.959369E0
2.455620E1	2.040017E1	1.946712E0
2.458952E1	2.040636E1	1.953356E0
2.462284E1	2.041739E1	1.962595E0
2.465616E1	2.041729E1	1.963026E0
2.468947E1	2.040252E1	1.959023E0
2.472279E1	2.041310E1	1.972291E0
2.475611E1	2.038280E1	2.002798E0
2.478943E1	2.034717E1	2.022831E0
2.482275E1	2.048135E1	2.181558E0
2.485607E1	2.047766E1	2.186480E0
2.488939E1	2.047331E1	2.138447E0
2.492271E1	2.043512E1	2.160632E0
2.495603E1	2.034056E1	2.206777E0
2.498935E1	2.021702E1	2.196231E0
2.502267E1	2.017282E1	2.169800E0
2.505598E1	2.020836E1	2.153978E0
2.508930E1	2.036399E1	2.150158E0
2.512262E1	2.047863E1	2.145916E0
2.515594E1	2.049522E1	2.149433E0
2.518926E1	2.053829E1	2.142596E0
2.522258E1	2.063657E1	2.127793E0
2.525590E1	2.074445E1	2.119309E0
2.528922E1	2.080493E1	2.113841E0
2.532254E1	2.083867E1	2.131004E0
2.535586E1	2.083293E1	2.129125E0
2.538918E1	2.079401E1	2.108727E0
2.542250E1	2.076450E1	2.124674E0
2.545581E1	2.071989E1	2.122065E0
2.548913E1	2.068893E1	2.108275E0
2.552245E1	2.070129E1	2.137792E0
2.555577E1	2.067766E1	2.152205E0
2.558909E1	2.067398E1	2.151105E0
2.562241E1	2.066717E1	2.146262E0
2.565573E1	2.066344E1	2.143726E0
2.568905E1	2.065697E1	2.139023E0
2.572237E1	2.066430E1	2.143006E0
2.575569E1	2.064175E1	2.128463E0
2.578901E1	2.069107E1	2.133746E0
2.582232E1	2.066481E1	2.090750E0
2.585564E1	2.061648E1	2.036580E0
2.588896E1	2.043100E1	2.031111E0
2.592228E1	2.021721E1	2.043171E0
2.595560E1	2.012292E1	2.044181E0
2.598892E1	2.016372E1	2.030083E0
2.602224E1	2.020188E1	2.016455E0
2.605556E1	2.030599E1	2.072000E0
2.608888E1	2.044157E1	2.122827E0
2.612220E1	2.059955E1	2.138941E0
2.615552E1	2.066329E1	2.144452E0
2.618884E1	2.069611E1	2.163909E0
2.622215E1	2.077320E1	2.197179E0
2.625547E1	2.082340E1	2.197110E0
2.628879E1	2.082176E1	2.186876E0
2.632211E1	2.081651E1	2.172197E0
2.635543E1	2.082193E1	2.154913E0
2.638875E1	2.083192E1	2.142863E0
2.642207E1	2.086219E1	2.135355E0
2.645539E1	2.087041E1	2.138229E0
2.648871E1	2.086953E1	2.133900E0
2.652203E1	2.092796E1	2.151226E0
2.655535E1	2.097377E1	2.130472E0
2.658866E1	2.105243E1	2.151786E0
2.662198E1	2.109651E1	2.147699E0
2.665530E1	2.109168E1	2.137514E0
2.668862E1	2.107222E1	2.126740E0
2.672194E1	2.105852E1	2.181091E0
2.675526E1	2.104407E1	2.191038E0
2.678858E1	2.096230E1	2.221456E0
2.682190E1	2.092752E1	2.434084E0
2.685522E1	2.090227E1	2.526096E0
2.688854E1	2.089855E1	2.425997E0
2.692186E1	2.082382E1	2.380201E0
2.695518E1	2.082562E1	2.410946E0
2.698849E1	2.081687E1	2.369702E0
2.702181E1	2.083095E1	2.374854E0
2.705513E1	2.086920E1	2.363690E0
2.708845E1	2.093529E1	2.374052E0
2.712177E1	2.097234E1	2.383160E0
2.715509E1	2.100164E1	2.402061E0
2.718841E1	2.112522E1	2.396545E0
2.722173E1	2.129301E1	2.431945E0
2.725505E1	2.138789E1	2.465894E0
2.728837E1	2.137548E1	2.446118E0
2.732169E1	2.133425E1	2.443476E0
2.735500E1	2.130906E1	2.451762E0
2.738832E1	2.131362E1	2.463063E0
2.742164E1	2.138822E1	2.472946E0
2.745496E1	2.147117E1	2.452227E0
2.748828E1	2.148250E1	2.490729E0
2.752160E1	2.149025E1	2.500997E0
2.755492E1	2.147999E1	2.491435E0
2.758824E1	2.148634E1	2.500781E0
2.762156E1	2.148660E1	2.501798E0
2.765488E1	2.148655E1	2.502824E0
2.768820E1	2.148453E1	2.502260E0
2.772152E1	2.147433E1	2.492780E0
2.775483E1	2.148254E1	2.490165E0
2.778815E1	2.148757E1	2.460190E0
2.782147E1	2.151400E1	2.390281E0
2.785479E1	2.153356E1	2.331755E0
2.788811E1	2.152014E1	2.391816E0
2.792143E1	2.151405E1	2.397646E0
2.795475E1	2.146581E1	2.333691E0
2.798807E1	2.141423E1	2.317318E0
2.802139E1	2.145029E1	2.349172E0
2.805471E1	2.142739E1	2.334458E0
2.808803E1	2.142702E1	2.336574E0
2.812134E1	2.144002E1	2.347898E0
2.815466E1	2.157436E1	2.372594E0
2.818798E1	2.187145E1	2.397051E0
2.822130E1	2.208651E1	2.438830E0
2.825462E1	2.218160E1	2.480181E0
2.828794E1	2.220088E1	2.499133E0
2.832126E1	2.224044E1	2.499170E0
2.835458E1	2.232018E1	2.535442E0
2.838790E1	2.235700E1	2.520169E0
2.842122E1	2.229338E1	2.462118E0
2.845454E1	2.231742E1	2.456339E0
2.848786E1	2.237343E1	2.454663E0
2.852117E1	2.240623E1	2.428137E0
2.855449E1	2.245766E1	2.424291E0
2.858781E1	2.248742E1	2.441540E0
2.862113E1	2.247697E1	2.434291E0
2.865445E1	2.247924E1	2.435620E0
2.868777E1	2.246568E1	2.427396E0
2.872109E1	2.246356E1	2.431171E0
2.875441E1	2.246194E1	2.426620E0
2.878773E1	2.246420E1	2.427154E0
2.882105E1	2.247573E1	2.441227E0
2.885437E1	2.241011E1	2.443030E0
2.888768E1	2.224973E1	2.465896E0
2.892100E1	2.204443E1	2.477681E0
2.895432E1	2.182293E1	2.480880E0
2.898764E1	2.181813E1	2.500346E0
2.902096E1	2.188783E1	2.502267E0
2.905428E1	2.195141E1	2.488152E0
2.908760E1	2.203216E1	2.531680E0
2.912092E1	2.214973E1	2.566989E0
2.915424E1	2.225665E1	2.603977E0
2.918756E1	2.232451E1	2.617114E0
2.922088E1	2.236354E1	2.605975E0
2.925420E1	2.242580E1	2.616382E0
2.928751E1	2.253569E1	2.609736E0
2.932083E1	2.263500E1	2.593618E0
2.935415E1	2.269020E1	2.587966E0
2.938747E1	2.273923E1	2.581088E0
2.942079E1	2.276874E1	2.594907E0
2.945411E1	2.276356E1	2.593265E0
2.948743E1	2.276423E1	2.592811E0
2.952075E1	2.276576E1	2.557258E0
2.955407E1	2.268622E1	2.519491E0
2.958739E1	2.268073E1	2.537759E0
2.962071E1	2.269787E1	2.568527E0
2.965402E1	2.269575E1	2.572901E0
2.968734E1	2.268338E1	2.572282E0
2.972066E1	2.268972E1	2.578903E0
2.975398E1	2.266263E1	2.560879E0
2.978730E1	2.259799E1	2.594888E0
2.982062E1	2.231926E1	2.653871E0
2.985394E1	2.241132E1	2.621215E0
2.988726E1	2.221005E1	2.592111E0
2.992058E1	2.197737E1	2.394383E0
2.995390E1	2.162726E1	2.362305E0
2.998722E1	2.156342E1	2.368368E0
3.002054E1	2.172535E1	2.445190E0
3.005385E1	2.195913E1	2.545113E0
3.008717E1	2.222055E1	2.664471E0
3.012049E1	2.230545E1	2.698300E0
3.015381E1	2.226891E1	2.692116E0
3.018713E1	2.228848E1	2.696095E0
3.022045E1	2.227998E1	2.706694E0
3.025377E1	2.232353E1	2.748700E0
3.028709E1	2.245448E1	2.798405E0
3.032041E1	2.251663E1	2.801736E0
3.035373E1	2.258214E1	2.809332E0
3.038705E1	2.259997E1	2.828215E0
3.042036E1	2.261490E1	2.825314E0
3.045368E1	2.264650E1	2.793365E0
3.048700E1	2.271504E1	2.787914E0
3.052032E1	2.278766E1	2.783892E0
3.055364E1	2.286994E1	2.804677E0
3.058696E1	2.292981E1	2.814544E0
3.062028E1	2.292585E1	2.810602E0
3.065360E1	2.292442E1	2.809214E0
3.068692E1	2.291341E1	2.804206E0
3.072024E1	2.287155E1	2.810858E0
3.075356E1	2.288119E1	2.836294E0
3.078687E1	2.288658E1	2.911415E0
3.082019E1	2.292756E1	3.082020E0
3.085351E1	2.290541E1	3.126080E0
3.088683E1	2.291057E1	3.018329E0
3.092015E1	2.286167E1	2.930915E0
3.095347E1	2.281241E1	2.965180E0
3.098679E1	2.278362E1	2.971373E0
3.102011E1	2.282149E1	2.973512E0
3.105343E1	2.281935E1	2.972106E0
3.108675E1	2.280180E1	2.954509E0
3.112007E1	2.285227E1	2.958426E0
3.115339E1	2.305394E1	2.993642E0
3.118670E1	2.325443E1	3.023599E0
3.122002E1	2.331514E1	3.017363E0
3.125334E1	2.330763E1	3.009652E0
3.128666E1	2.334197E1	3.003465E0
3.131998E1	2.333894E1	3.012513E0
3.135330E1	2.330534E1	3.018748E0
3.138662E1	2.331327E1	3.029904E0
3.141994E1	2.340211E1	3.021974E0
3.145326E1	2.348019E1	3.061349E0
3.148658E1	2.351636E1	3.063262E0
3.151990E1	2.351916E1	3.061901E0
3.155321E1	2.352053E1	3.058690E0
3.158653E1	2.352359E1	3.061364E0
3.161985E1	2.352674E1	3.064122E0
3.165317E1	2.352828E1	3.065405E0
3.168649E1	2.352883E1	3.066049E0
3.171981E1	2.352814E1	3.064631E0
3.175313E1	2.352055E1	3.060737E0
3.178645E1	2.352893E1	3.059923E0
3.181977E1	2.345865E1	3.053533E0
3.185309E1	2.328988E1	3.004745E0
3.188641E1	2.314080E1	2.902644E0
3.191973E1	2.308145E1	2.868662E0
3.195304E1	2.297087E1	2.835232E0
3.198636E1	2.298684E1	2.823986E0
3.201968E1	2.298328E1	2.851047E0
3.205300E1	2.304473E1	2.870434E0
3.208632E1	2.315792E1	2.902134E0
3.211964E1	2.332468E1	2.931186E0
3.215296E1	2.335741E1	2.911820E0
3.218628E1	2.338404E1	2.918993E0
3.221960E1	2.347435E1	2.960725E0
3.225292E1	2.354837E1	2.983248E0
3.228624E1	2.359062E1	2.971219E0
3.231955E1	2.364681E1	2.972856E0
3.235287E1	2.368855E1	2.966249E0
3.238619E1	2.368336E1	2.954323E0
3.241951E1	2.368475E1	2.932557E0
3.245283E1	2.372317E1	2.929886E0
3.248615E1	2.375542E1	2.954522E0
3.251947E1	2.374749E1	2.949485E0
3.255279E1	2.374740E1	2.950105E0
3.258611E1	2.379452E1	2.956426E0
3.261943E1	2.381570E1	2.905742E0
3.265275E1	2.391306E1	2.912418E0
3.268607E1	2.389702E1	2.906230E0
3.271938E1	2.385171E1	2.924924E0
3.275270E1	2.388741E1	2.953387E0
3.278602E1	2.386413E1	3.006501E0
3.281934E1	2.387564E1	3.187791E0
3.285266E1	2.382099E1	3.294064E0
3.288598E1	2.378877E1	3.182624E0
3.291930E1	2.370126E1	3.090181E0
3.295262E1	2.355820E1	3.061244E0
3.298594E1	2.354156E1	3.076466E0
3.301926E1	2.359141E1	3.071614E0
3.305258E1	2.364131E1	3.064699E0
3.308589E1	2.375938E1	3.078012E0
3.311921E1	2.389004E1	3.091086E0
3.315253E1	2.397300E1	3.112784E0
3.318585E1	2.396988E1	3.111329E0
3.321917E1	2.397139E1	3.113172E0
3.325249E1	2.397182E1	3.114342E0
3.328581E1	2.397300E1	3.115798E0
3.331913E1	2.404232E1	3.125495E0
3.335245E1	2.412974E1	3.152761E0
3.338577E1	2.419428E1	3.173799E0
3.341909E1	2.425896E1	3.189459E0
3.345241E1	2.427056E1	3.179619E0
3.348572E1	2.428773E1	3.162752E0
3.351904E1	2.429951E1	3.168958E0
3.355236E1	2.429822E1	3.164251E0
3.358568E1	2.429881E1	3.163487E0
3.361900E1	2.430252E1	3.171958E0
3.365232E1	2.430247E1	3.170210E0
3.368564E1	2.430131E1	3.168998E0
3.371896E1	2.427678E1	3.151612E0
3.375228E1	2.430333E1	3.155731E0
3.378560E1	2.430922E1	3.130087E0
3.381892E1	2.430854E1	3.106950E0
3.385223E1	2.429543E1	3.044235E0
3.388555E1	2.420715E1	3.109857E0
3.391887E1	2.414964E1	3.121100E0
3.395219E1	2.409810E1	3.084405E0
3.398551E1	2.408941E1	3.076624E0
3.401883E1	2.408016E1	3.027480E0
3.405215E1	2.404394E1	3.012993E0
3.408547E1	2.409478E1	3.012330E0
3.411879E1	2.426152E1	3.066104E0
3.415211E1	2.443514E1	3.119182E0
3.418543E1	2.447729E1	3.108149E0
3.421875E1	2.449303E1	3.115614E0
3.425206E1	2.455782E1	3.142561E0
3.428538E1	2.468782E1	3.172075E0
3.431870E1	2.478814E1	3.167819E0
3.435202E1	2.481209E1	3.157861E0
3.438534E1	2.481605E1	3.120540E0
3.441866E1	2.480670E1	3.108862E0
3.445198E1	2.480188E1	3.096543E0
3.448530E1	2.476271E1	3.055217E0
3.451862E1	2.479228E1	3.047655E0
3.455194E1	2.485103E1	3.053013E0
3.458526E1	2.488218E1	3.028559E0
3.461857E1	2.491019E1	3.041049E0
3.465189E1	2.490309E1	3.040287E0
3.468521E1	2.490095E1	3.037500E0
3.471853E1	2.486300E1	3.047531E0
3.475185E1	2.486959E1	3.062708E0
3.478517E1	2.490153E1	3.107204E0
3.481849E1	2.492082E1	3.267586E0
3.485181E1	2.490769E1	3.358414E0
3.488513E1	2.490837E1	3.273779E0
3.491845E1	2.481791E1	3.180605E0
3.495177E1	2.473037E1	3.151128E0
3.498509E1	2.470715E1	3.165304E0
3.501840E1	2.473487E1	3.153244E0
3.505172E1	2.477847E1	3.143420E0
3.508504E1	2.486564E1	3.168873E0
3.511836E1	2.496751E1	3.183795E0
3.515168E1	2.501704E1	3.193413E0
3.518500E1	2.501014E1	3.198826E0
3.521832E1	2.505233E1	3.206700E0
3.525164E1	2.514223E1	3.247301E0
3.528496E1	2.520471E1	3.255427E0
3.531828E1	2.523196E1	3.249500E0
3.535160E1	2.521391E1	3.239445E0
3.538491E1	2.519053E1	3.263306E0
3.541823E1	2.518858E1	3.276462E0
3.545155E1	2.518871E1	3.272529E0
3.548487E1	2.520012E1	3.274644E0
3.551819E1	2.522280E1	3.254314E0
3.555151E1	2.523639E1	3.285864E0
3.558483E1	2.523706E1	3.269946E0
3.561815E1	2.524313E1	3.270235E0
3.565147E1	2.525003E1	3.274448E0
3.568479E1	2.524483E1	3.267264E0
3.571811E1	2.522940E1	3.256255E0
3.575143E1	2.526455E1	3.260016E0
3.578474E1	2.529648E1	3.200875E0
3.581806E1	2.528639E1	3.176286E0
3.585138E1	2.530028E1	3.147752E0
3.588470E1	2.524075E1	3.203604E0
3.591802E1	2.523396E1	3.220125E0
3.595134E1	2.518791E1	3.164279E0
3.598466E1	2.514319E1	3.156385E0
3.601798E1	2.516350E1	3.146329E0
3.605130E1	2.518758E1	3.179122E0
3.608462E1	2.529009E1	3.196695E0
3.611794E1	2.542894E1	3.249619E0
3.615125E1	2.541625E1	3.239039E0
3.618457E1	2.540816E1	3.237515E0
3.621789E1	2.541733E1	3.250916E0
3.625121E1	2.550223E1	3.248966E0
3.628453E1	2.561249E1	3.234585E0
3.631785E1	2.572544E1	3.241220E0
3.635117E1	2.575141E1	3.264548E0
3.638449E1	2.575716E1	3.270621E0
3.641781E1	2.576547E1	3.233594E0
3.645113E1	2.579872E1	3.229965E0
3.648445E1	2.585247E1	3.236046E0
3.651777E1	2.590088E1	3.221934E0
3.655108E1	2.597497E1	3.207597E0
3.658440E1	2.601085E1	3.191921E0
3.661772E1	2.604309E1	3.190535E0
3.665104E1	2.604391E1	3.181429E0
3.668436E1	2.604758E1	3.186914E0
3.671768E1	2.601877E1	3.194410E0
3.675100E1	2.600628E1	3.218165E0
3.678432E1	2.601571E1	3.287839E0
3.681764E1	2.605718E1	3.454898E0
3.685096E1	2.606660E1	3.536777E0
3.688428E1	2.606910E1	3.469743E0
3.691759E1	2.596472E1	3.359998E0
3.695091E1	2.588933E1	3.351009E0
3.698423E1	2.587918E1	3.348305E0
3.701755E1	2.588808E1	3.352415E0
3.705087E1	2.588919E1	3.351595E0
3.708419E1	2.589804E1	3.356115E0
3.711751E1	2.597256E1	3.362604E0
3.715083E1	2.614870E1	3.369058E0
3.718415E1	2.630266E1	3.405547E0
3.721747E1	2.630027E1	3.401785E0
3.725079E1	2.628712E1	3.399804E0
3.728411E1	2.627519E1	3.387466E0
3.731742E1	2.624369E1	3.387346E0
3.735074E1	2.627345E1	3.400446E0
3.738406E1	2.631959E1	3.433201E0
3.741738E1	2.641829E1	3.455635E0
3.745070E1	2.648930E1	3.449828E0
3.748402E1	2.651873E1	3.469237E0
3.751734E1	2.651722E1	3.460576E0
3.755066E1	2.651185E1	3.454166E0
3.758398E1	2.651222E1	3.456162E0
3.761730E1	2.651170E1	3.455747E0
3.765062E1	2.651172E1	3.455894E0
3.768393E1	2.651172E1	3.456345E0
3.771725E1	2.650899E1	3.454397E0
3.775057E1	2.650673E1	3.453263E0
3.778389E1	2.651341E1	3.460074E0
3.781721E1	2.640320E1	3.445851E0
3.785053E1	2.624166E1	3.372213E0
3.788385E1	2.608752E1	3.262334E0
3.791717E1	2.596079E1	3.197245E0
3.795049E1	2.585488E1	3.146103E0
3.798381E1	2.584864E1	3.143591E0
3.801713E1	2.584172E1	3.165865E0
3.805045E1	2.584305E1	3.168966E0
3.808376E1	2.593662E1	3.183067E0
3.811708E1	2.611098E1	3.238328E0
3.815040E1	2.625861E1	3.267306E0
3.818372E1	2.631861E1	3.282041E0
3.821704E1	2.639380E1	3.298979E0
3.825036E1	2.645607E1	3.337619E0
3.828368E1	2.649910E1	3.340208E0
3.831700E1	2.652291E1	3.336964E0
3.835032E1	2.654345E1	3.316397E0
3.838364E1	2.655642E1	3.324830E0
3.841696E1	2.657276E1	3.330047E0
3.845027E1	2.662117E1	3.336288E0
3.848359E1	2.668404E1	3.345369E0
3.851691E1	2.677818E1	3.340755E0
3.855023E1	2.686365E1	3.329960E0
3.858355E1	2.690044E1	3.320721E0
3.861687E1	2.689548E1	3.324350E0
3.865019E1	2.689421E1	3.326676E0
3.868351E1	2.688944E1	3.325516E0
3.871683E1	2.688064E1	3.329144E0
3.875015E1	2.688582E1	3.371729E0
3.878347E1	2.688070E1	3.429341E0
3.881679E1	2.689155E1	3.599472E0
3.885010E1	2.689668E1	3.677680E0
3.888342E1	2.689144E1	3.572517E0
3.891674E1	2.678594E1	3.457323E0
3.895006E1	2.669179E1	3.458178E0
3.898338E1	2.664239E1	3.450815E0
3.901670E1	2.669378E1	3.455839E0
3.905002E1	2.672662E1	3.440325E0
3.908334E1	2.678938E1	3.447695E0
3.911666E1	2.691362E1	3.462815E0
3.914998E1	2.703047E1	3.468818E0
3.918330E1	2.705986E1	3.452286E0
3.921661E1	2.707717E1	3.456632E0
3.924993E1	2.707545E1	3.481971E0
3.928325E1	2.708808E1	3.474740E0
3.931657E1	2.708557E1	3.490493E0
3.934989E1	2.707854E1	3.492781E0
3.938321E1	2.711972E1	3.498134E0
3.941653E1	2.711712E1	3.512616E0
3.944985E1	2.707598E1	3.560917E0
3.948317E1	2.712339E1	3.574263E0
3.951649E1	2.714809E1	3.540514E0
3.954981E1	2.716173E1	3.545229E0
3.958313E1	2.716974E1	3.553403E0
3.961644E1	2.717083E1	3.552960E0
3.964976E1	2.717230E1	3.553521E0
3.968308E1	2.717218E1	3.553220E0
3.971640E1	2.717056E1	3.549783E0
3.974972E1	2.716797E1	3.544792E0
3.978304E1	2.715053E1	3.540489E0
3.981636E1	2.717140E1	3.538133E0
3.984968E1	2.721861E1	3.453807E0
3.988300E1	2.718714E1	3.514891E0
3.991632E1	2.714202E1	3.518639E0
3.994964E1	2.706602E1	3.451151E0
3.998295E1	2.701769E1	3.440753E0
4.001627E1	2.703096E1	3.455143E0
4.004959E1	2.707664E1	3.464713E0
4.008291E1	2.714478E1	3.474954E0
4.011623E1	2.721551E1	3.497235E0
4.014955E1	2.718937E1	3.493942E0
4.018287E1	2.725325E1	3.516412E0
4.021619E1	2.745275E1	3.544730E0
4.024951E1	2.767554E1	3.605669E0
4.028283E1	2.776288E1	3.637297E0
4.031615E1	2.777365E1	3.645085E0
4.034946E1	2.777509E1	3.641082E0
4.038278E1	2.773562E1	3.589225E0
4.041610E1	2.772144E1	3.573860E0
4.044942E1	2.776196E1	3.588529E0
4.048274E1	2.778266E1	3.585239E0
4.051606E1	2.782663E1	3.555154E0
4.054938E1	2.787006E1	3.544848E0
4.058270E1	2.788298E1	3.533049E0
4.061602E1	2.791104E1	3.535220E0
4.064934E1	2.792781E1	3.524542E0
4.068266E1	2.790821E1	3.528766E0
4.071598E1	2.787668E1	3.517492E0
4.074929E1	2.790582E1	3.573969E0
4.078261E1	2.791260E1	3.658800E0
4.081593E1	2.790186E1	3.801416E0
4.084925E1	2.789847E1	3.872999E0
4.088257E1	2.790779E1	3.770475E0
4.091589E1	2.780196E1	3.653302E0
4.094921E1	2.770384E1	3.626474E0
4.098253E1	2.766924E1	3.645181E0
4.101585E1	2.767927E1	3.651353E0
4.104917E1	2.770492E1	3.653992E0
4.108249E1	2.775356E1	3.626059E0
4.111580E1	2.789803E1	3.655131E0
4.114912E1	2.801976E1	3.691995E0
4.118244E1	2.806364E1	3.692286E0
4.121576E1	2.808530E1	3.680675E0
4.124908E1	2.811259E1	3.701809E0
4.128240E1	2.809090E1	3.729452E0
4.131572E1	2.802391E1	3.757777E0
4.134904E1	2.804128E1	3.727069E0
4.138236E1	2.812166E1	3.749745E0
4.141568E1	2.813827E1	3.771881E0
4.144900E1	2.813150E1	3.805537E0
4.148232E1	2.813256E1	3.808866E0
4.151563E1	2.813178E1	3.808931E0
4.154895E1	2.813717E1	3.814932E0
4.158227E1	2.812644E1	3.807461E0
4.161559E1	2.812674E1	3.809640E0
4.164891E1	2.812451E1	3.809006E0
4.168223E1	2.812276E1	3.809011E0
4.171555E1	2.811065E1	3.798699E0
4.174887E1	2.813661E1	3.800668E0
4.178219E1	2.812348E1	3.803345E0
4.181551E1	2.812446E1	3.807896E0
4.184883E1	2.812163E1	3.808747E0
4.188214E1	2.810713E1	3.820224E0
4.191546E1	2.800126E1	3.779298E0
4.194878E1	2.785331E1	3.703656E0
4.198210E1	2.768276E1	3.548930E0
4.201542E1	2.762475E1	3.497429E0
4.204874E1	2.769404E1	3.526564E0
4.208206E1	2.785145E1	3.604879E0
4.211538E1	2.791184E1	3.650324E0
4.214870E1	2.794542E1	3.689646E0
4.218202E1	2.802343E1	3.755029E0
4.221534E1	2.810176E1	3.794789E0
4.224866E1	2.818115E1	3.854754E0
4.228197E1	2.823155E1	3.896248E0
4.231529E1	2.829331E1	3.929057E0
4.234861E1	2.835276E1	3.962878E0
4.238193E1	2.843828E1	3.978011E0
4.241525E1	2.844400E1	3.967143E0
4.244857E1	2.840836E1	3.956496E0
4.248189E1	2.835015E1	3.918750E0
4.251521E1	2.834006E1	3.902092E0
4.254853E1	2.834861E1	3.912221E0
4.258185E1	2.833992E1	3.912419E0
4.261517E1	2.834101E1	3.912736E0
4.264848E1	2.834118E1	3.913181E0
4.268180E1	2.833801E1	3.912800E0
4.271512E1	2.830348E1	3.904976E0
4.274844E1	2.830634E1	3.937982E0
4.278176E1	2.828704E1	3.960304E0
4.281508E1	2.829522E1	3.973362E0
4.284840E1	2.840879E1	4.043207E0
4.288172E1	2.837869E1	4.035340E0
4.291504E1	2.805539E1	3.989249E0
4.294836E1	2.763902E1	3.944236E0
4.298168E1	2.760433E1	3.918244E0
4.301500E1	2.778959E1	3.928629E0
4.304831E1	2.788923E1	3.861868E0
4.308163E1	2.793828E1	3.817680E0
4.311495E1	2.803550E1	3.802713E0
4.314827E1	2.817443E1	3.771423E0
4.318159E1	2.824122E1	3.752381E0
4.321491E1	2.824542E1	3.742932E0
4.324823E1	2.821828E1	3.733118E0
4.328155E1	2.820456E1	3.753946E0
4.331487E1	2.821483E1	3.736251E0
4.334819E1	2.823524E1	3.746378E0
4.338151E1	2.823111E1	3.747118E0
4.341482E1	2.823363E1	3.751652E0
4.344814E1	2.830073E1	3.756155E0
4.348146E1	2.837530E1	3.789079E0
4.351478E1	2.844029E1	3.823289E0
4.354810E1	2.843423E1	3.795381E0
4.358142E1	2.839810E1	3.794917E0
4.361474E1	2.841247E1	3.813916E0
4.364806E1	2.841509E1	3.790429E0
4.368138E1	2.841858E1	3.790096E0
4.371470E1	2.841724E1	3.787013E0
4.374802E1	2.845720E1	3.791761E0
4.378134E1	2.845045E1	3.783458E0
4.381465E1	2.847311E1	3.744381E0
4.384797E1	2.847494E1	3.675552E0
4.388129E1	2.844909E1	3.752082E0
4.391461E1	2.844195E1	3.769989E0
4.394793E1	2.838647E1	3.737494E0
4.398125E1	2.834069E1	3.708902E0
4.401457E1	2.833619E1	3.722350E0
4.404789E1	2.838422E1	3.743078E0
4.408121E1	2.846491E1	3.767425E0
4.411453E1	2.861449E1	3.799803E0
4.414785E1	2.875415E1	3.830560E0
4.418116E1	2.877424E1	3.816397E0
4.421448E1	2.875737E1	3.799049E0
4.424780E1	2.876401E1	3.798802E0
4.428112E1	2.877134E1	3.799805E0
4.431444E1	2.883195E1	3.833277E0
4.434776E1	2.893152E1	3.806321E0
4.438108E1	2.900037E1	3.797100E0
4.441440E1	2.902737E1	3.821678E0
4.444772E1	2.904736E1	3.835963E0
4.448104E1	2.908906E1	3.823356E0
4.451436E1	2.918655E1	3.827501E0
4.454768E1	2.930741E1	3.827338E0
4.458099E1	2.939491E1	3.827990E0
4.461431E1	2.938840E1	3.828814E0
4.464763E1	2.938429E1	3.830875E0
4.468095E1	2.937210E1	3.827719E0
4.471427E1	2.932671E1	3.829019E0
4.474759E1	2.935448E1	3.848994E0
4.478091E1	2.935952E1	3.875673E0
4.481423E1	2.933060E1	3.997845E0
4.484755E1	2.928452E1	4.140030E0
4.488087E1	2.923342E1	4.074108E0
4.491419E1	2.906794E1	3.901740E0
4.494750E1	2.894856E1	3.857104E0
4.498082E1	2.892946E1	3.845272E0
4.501414E1	2.898963E1	3.847838E0
4.504746E1	2.899652E1	3.843361E0
4.508078E1	2.904532E1	3.840572E0
4.511410E1	2.920282E1	3.847189E0
4.514742E1	2.932016E1	3.875145E0
4.518074E1	2.931295E1	3.884063E0
4.521406E1	2.930860E1	3.875481E0
4.524738E1	2.937099E1	3.889840E0
4.528070E1	2.943430E1	3.938742E0
4.531402E1	2.950028E1	3.945189E0
4.534733E1	2.949974E1	3.935120E0
4.538065E1	2.949220E1	3.947852E0
4.541397E1	2.949679E1	3.963169E0
4.544729E1	2.950392E1	3.991573E0
4.548061E1	2.954701E1	3.996703E0
4.551393E1	2.957287E1	4.011258E0
4.554725E1	2.955899E1	4.002010E0
4.558057E1	2.955224E1	3.997801E0
4.561389E1	2.955142E1	3.998305E0
4.564721E1	2.955073E1	3.998503E0
4.568053E1	2.955014E1	3.998478E0
4.571384E1	2.954995E1	3.998901E0
4.574716E1	2.954928E1	3.998941E0
4.578048E1	2.953538E1	3.993064E0
4.581380E1	2.949847E1	3.994616E0
4.584712E1	2.929566E1	4.003130E0
4.588044E1	2.904461E1	3.913224E0
4.591376E1	2.875340E1	3.791894E0
4.594708E1	2.855592E1	3.710496E0
4.598040E1	2.854701E1	3.727882E0
4.601372E1	2.858964E1	3.728214E0
4.604704E1	2.866403E1	3.780526E0
4.608036E1	2.878595E1	3.806788E0
4.611367E1	2.896100E1	3.849682E0
4.614699E1	2.907986E1	3.841711E0
4.618031E1	2.910227E1	3.843009E0
4.621363E1	2.910601E1	3.840779E0
4.624695E1	2.918617E1	3.846816E0
4.628027E1	2.928566E1	3.898979E0
4.631359E1	2.938577E1	3.911004E0
4.634691E1	2.947252E1	3.898890E0
4.638023E1	2.954236E1	3.894497E0
4.641355E1	2.959298E1	3.881224E0
4.644687E1	2.961784E1	3.898105E0
4.648018E1	2.959986E1	3.875444E0
4.651350E1	2.960882E1	3.848902E0
4.654682E1	2.962070E1	3.842709E0
4.658014E1	2.961462E1	3.842068E0
4.661346E1	2.961079E1	3.839350E0
4.664678E1	2.961040E1	3.840070E0
4.668010E1	2.960143E1	3.833802E0
4.671342E1	2.957366E1	3.826852E0
4.674674E1	2.958887E1	3.849572E0
4.678006E1	2.954482E1	3.876206E0
4.681338E1	2.950169E1	3.940293E0
4.684670E1	2.954277E1	4.085220E0
4.688001E1	2.953250E1	3.987172E0
4.691333E1	2.940642E1	3.818506E0
4.694665E1	2.930831E1	3.794771E0
4.697997E1	2.927392E1	3.798482E0
4.701329E1	2.931790E1	3.796266E0
4.704661E1	2.931853E1	3.790083E0
4.707993E1	2.936059E1	3.781304E0
4.711325E1	2.944672E1	3.823293E0
4.714657E1	2.959327E1	3.833127E0
4.717989E1	2.965997E1	3.868950E0
4.721321E1	2.968314E1	3.872479E0
4.724652E1	2.972538E1	3.890529E0
4.727984E1	2.976047E1	3.887900E0
4.731316E1	2.980059E1	3.888539E0
4.734648E1	2.977993E1	3.933240E0
4.737980E1	2.975984E1	3.937710E0
4.741312E1	2.977957E1	3.947643E0
4.744644E1	2.979315E1	3.958678E0
4.747976E1	2.978047E1	3.963008E0
4.751308E1	2.978139E1	3.963632E0
4.754640E1	2.977406E1	3.952681E0
4.757972E1	2.977060E1	3.947324E0
4.761304E1	2.976681E1	3.940626E0
4.764635E1	2.976697E1	3.941043E0
4.767967E1	2.976653E1	3.940676E0
4.771299E1	2.975183E1	3.930419E0
4.774631E1	2.977922E1	3.936689E0
4.777963E1	2.978888E1	3.938528E0
4.781295E1	2.981135E1	3.889306E0
4.784627E1	2.980534E1	3.779723E0
4.787959E1	2.972717E1	3.827569E0
4.791291E1	2.969052E1	3.835923E0
4.794623E1	2.961893E1	3.803891E0
4.797955E1	2.953332E1	3.762344E0
4.801286E1	2.955958E1	3.792972E0
4.804618E1	2.959403E1	3.814867E0
4.807950E1	2.969669E1	3.862170E0
4.811282E1	2.987811E1	3.905542E0
4.814614E1	2.993519E1	3.928286E0
4.817946E1	2.993152E1	3.906360E0
4.821278E1	2.992888E1	3.922055E0
4.824610E1	3.003457E1	3.964187E0
4.827942E1	3.022528E1	4.007589E0
4.831274E1	3.037247E1	4.004099E0
4.834606E1	3.041383E1	4.019529E0
4.837938E1	3.043678E1	4.036749E0
4.841269E1	3.047171E1	4.001568E0
4.844601E1	3.044556E1	3.985529E0
4.847933E1	3.044923E1	3.980247E0
4.851265E1	3.049557E1	3.975548E0
4.854597E1	3.058203E1	3.972730E0
4.857929E1	3.063071E1	3.975478E0
4.861261E1	3.063248E1	3.975020E0
4.864593E1	3.063898E1	3.977543E0
4.867925E1	3.062331E1	3.972044E0
4.871257E1	3.058654E1	3.978004E0
4.874589E1	3.059961E1	3.997486E0
4.877920E1	3.058682E1	4.023824E0
4.881252E1	3.058687E1	4.106351E0
4.884584E1	3.055630E1	4.213961E0
4.887916E1	3.050261E1	4.117895E0
4.891248E1	3.043121E1	4.056146E0
4.894580E1	3.041791E1	4.049822E0
4.897912E1	3.041817E1	4.048003E0
4.901244E1	3.035827E1	4.039832E0
4.904576E1	3.034384E1	4.044041E0
4.907908E1	3.035996E1	4.016597E0
4.911240E1	3.041772E1	4.030747E0
4.914571E1	3.049034E1	4.045069E0
4.917903E1	3.056530E1	4.034103E0
4.921235E1	3.066113E1	4.059152E0
4.924567E1	3.072572E1	4.090017E0
4.927899E1	3.078949E1	4.089181E0
4.931231E1	3.086804E1	4.100969E0
4.934563E1	3.093372E1	4.123627E0
4.937895E1	3.101309E1	4.132893E0
4.941227E1	3.107692E1	4.145886E0
4.944559E1	3.106993E1	4.141438E0
4.947891E1	3.105255E1	4.143820E0
4.951223E1	3.105112E1	4.145912E0
4.954554E1	3.105188E1	4.183705E0
4.957886E1	3.100687E1	4.156591E0
4.961218E1	3.102168E1	4.143947E0
4.964550E1	3.102593E1	4.141095E0
4.967882E1	3.102647E1	4.138130E0
4.971214E1	3.102172E1	4.129569E0
4.974546E1	3.107996E1	4.126251E0
4.977878E1	3.105368E1	4.140918E0
4.981210E1	3.100375E1	4.154440E0
4.984542E1	3.089014E1	4.148518E0
4.987874E1	3.077963E1	4.111308E0
4.991205E1	3.071673E1	4.088082E0
4.994537E1	3.070595E1	4.037372E0
4.997869E1	3.063351E1	3.973898E0
5.001201E1	3.058853E1	3.938997E0
5.004533E1	3.064335E1	3.967007E0
5.007865E1	3.081583E1	4.023070E0
5.011197E1	3.091630E1	4.055725E0
5.014529E1	3.096762E1	4.077571E0
5.017861E1	3.103079E1	4.115563E0
5.021193E1	3.112657E1	4.162956E0
5.024525E1	3.119489E1	4.225055E0
5.027857E1	3.124970E1	4.275321E0
5.031188E1	3.135681E1	4.308903E0
5.034520E1	3.145067E1	4.368134E0
5.037852E1	3.151926E1	4.399340E0
5.041184E1	3.158952E1	4.425219E0
5.044516E1	3.159156E1	4.440321E0
5.047848E1	3.154261E1	4.407460E0
5.051180E1	3.148320E1	4.341460E0
5.054512E1	3.144867E1	4.297372E0
5.057844E1	3.143107E1	4.256128E0
5.061176E1	3.142481E1	4.282355E0
5.064508E1	3.142033E1	4.293550E0
5.067839E1	3.142039E1	4.288308E0
5.071171E1	3.141054E1	4.275125E0
5.074503E1	3.139223E1	4.293067E0
5.077835E1	3.135292E1	4.269447E0
5.081167E1	3.130303E1	4.228751E0
5.084499E1	3.130229E1	4.232119E0
5.087831E1	3.131541E1	4.330358E0
5.091163E1	3.110874E1	4.324103E0
5.094495E1	3.076851E1	4.426828E0
5.097827E1	3.053634E1	4.413311E0
5.101159E1	3.059941E1	4.359128E0
5.104491E1	3.079765E1	4.282675E0
5.107822E1	3.103434E1	4.238964E0
5.111154E1	3.111665E1	4.253177E0
5.114486E1	3.115193E1	4.277228E0
5.117818E1	3.123118E1	4.238444E0
5.121150E1	3.127733E1	4.238741E0
5.124482E1	3.131938E1	4.206232E0
5.127814E1	3.132735E1	4.185990E0
5.131146E1	3.132107E1	4.190684E0
5.134478E1	3.127670E1	4.244358E0
5.137810E1	3.125142E1	4.248953E0
5.141142E1	3.122897E1	4.245760E0
5.144473E1	3.124715E1	4.259348E0
5.147805E1	3.132883E1	4.308322E0
5.151137E1	3.137709E1	4.310322E0
5.154469E1	3.129855E1	4.284865E0
5.157801E1	3.135818E1	4.290241E0
5.161133E1	3.138186E1	4.307344E0
5.164465E1	3.133585E1	4.316051E0
5.167797E1	3.135522E1	4.281477E0
5.171129E1	3.140072E1	4.279684E0
5.174461E1	3.135865E1	4.277612E0
5.177793E1	3.137623E1	4.253959E0
5.181125E1	3.141469E1	4.228212E0
5.184456E1	3.136965E1	4.171579E0
5.187788E1	3.131835E1	4.225046E0
5.191120E1	3.137805E1	4.250225E0
5.194452E1	3.135927E1	4.216029E0
5.197784E1	3.132175E1	4.188355E0
5.201116E1	3.132594E1	4.188421E0
5.204448E1	3.134148E1	4.213218E0
5.207780E1	3.141454E1	4.215136E0
5.211112E1	3.159414E1	4.250998E0
5.214444E1	3.161674E1	4.268074E0
5.217776E1	3.162966E1	4.228409E0
5.221107E1	3.169374E1	4.230632E0
5.224439E1	3.172720E1	4.276101E0
5.227771E1	3.180922E1	4.295153E0
5.231103E1	3.186168E1	4.292506E0
5.234435E1	3.181134E1	4.276119E0
5.237767E1	3.186032E1	4.245526E0
5.241099E1	3.191536E1	4.239132E0
5.244431E1	3.196732E1	4.252805E0
5.247763E1	3.207341E1	4.262523E0
5.251095E1	3.218014E1	4.242914E0
5.254427E1	3.225953E1	4.234374E0
5.257759E1	3.234138E1	4.232764E0
5.261090E1	3.235863E1	4.233262E0
5.264422E1	3.235336E1	4.223529E0
5.267754E1	3.235998E1	4.214033E0
5.271086E1	3.236093E1	4.218758E0
5.274418E1	3.229359E1	4.225215E0
5.277750E1	3.230075E1	4.275244E0
