	mass A		
t	x	y	
0.000000E0	-6.197053E0	-1.804262E0
3.331913E-2	-6.088216E0	-1.802067E0
6.663826E-2	-5.929148E0	-1.803960E0
9.995739E-2	-5.795758E0	-1.815760E0
1.332765E-1	-5.723486E0	-1.800632E0
1.665957E-1	-5.697207E0	-1.804356E0
1.999148E-1	-5.690931E0	-1.800839E0
2.332339E-1	-5.697288E0	-1.784799E0
2.665530E-1	-5.702360E0	-1.752495E0
2.998722E-1	-5.712199E0	-1.739790E0
3.331913E-1	-5.691652E0	-1.759523E0
3.665104E-1	-5.651175E0	-1.757866E0
3.998296E-1	-5.612257E0	-1.747886E0
4.331487E-1	-5.566111E0	-1.734244E0
4.664678E-1	-5.507350E0	-1.729448E0
4.997870E-1	-5.434311E0	-1.743217E0
5.331061E-1	-5.382240E0	-1.745711E0
5.664252E-1	-5.350340E0	-1.763863E0
5.997443E-1	-5.332452E0	-1.745814E0
6.330635E-1	-5.319195E0	-1.751608E0
6.663826E-1	-5.288511E0	-1.737678E0
6.997017E-1	-5.209443E0	-1.749440E0
7.330209E-1	-5.143460E0	-1.744888E0
7.663400E-1	-5.050019E0	-1.707411E0
7.996591E-1	-5.020071E0	-1.641730E0
8.329783E-1	-5.014415E0	-1.631354E0
8.662974E-1	-5.000450E0	-1.639359E0
8.996165E-1	-4.986294E0	-1.650356E0
9.329356E-1	-4.931815E0	-1.648259E0
9.662548E-1	-4.769148E0	-1.641299E0
9.995739E-1	-4.613567E0	-1.637243E0
1.032893E0	-4.574109E0	-1.631810E0
1.066212E0	-4.534942E0	-1.653006E0
1.099531E0	-4.400322E0	-1.634012E0
1.132850E0	-4.293813E0	-1.639012E0
1.166170E0	-4.276087E0	-1.649809E0
1.199489E0	-4.236597E0	-1.642058E0
1.232808E0	-4.143530E0	-1.635386E0
1.266127E0	-4.108633E0	-1.653191E0
1.299446E0	-4.121754E0	-1.649015E0
1.332765E0	-4.116998E0	-1.651108E0
1.366084E0	-4.118554E0	-1.650146E0
1.399403E0	-4.118711E0	-1.650105E0
1.432723E0	-4.119964E0	-1.649477E0
1.466042E0	-4.179570E0	-1.646955E0
1.499361E0	-4.317920E0	-1.678152E0
1.532680E0	-4.620978E0	-1.659792E0
1.565999E0	-4.941287E0	-1.660007E0
1.599318E0	-5.120451E0	-1.597368E0
1.632637E0	-5.088251E0	-1.605572E0
1.665957E0	-4.995820E0	-1.636716E0
1.699276E0	-4.960918E0	-1.624706E0
1.732595E0	-4.914778E0	-1.648337E0
1.765914E0	-4.911466E0	-1.628020E0
1.799233E0	-4.921774E0	-1.652378E0
1.832552E0	-4.927412E0	-1.650659E0
1.865871E0	-4.926175E0	-1.652795E0
1.899190E0	-4.845104E0	-1.647947E0
1.932510E0	-4.773165E0	-1.615486E0
1.965829E0	-4.721000E0	-1.608997E0
1.999148E0	-4.658274E0	-1.628166E0
2.032467E0	-4.592503E0	-1.620909E0
2.065786E0	-4.507580E0	-1.615251E0
2.099105E0	-4.431466E0	-1.637972E0
2.132424E0	-4.356811E0	-1.600293E0
2.165743E0	-4.332307E0	-1.628272E0
2.199063E0	-4.334976E0	-1.611032E0
2.232382E0	-4.378515E0	-1.610597E0
2.265701E0	-4.373111E0	-1.607240E0
2.299020E0	-4.337214E0	-1.585698E0
2.332339E0	-4.291621E0	-1.571137E0
2.365658E0	-4.227518E0	-1.560420E0
2.398977E0	-4.165790E0	-1.561580E0
2.432296E0	-4.115267E0	-1.561980E0
2.465616E0	-4.112212E0	-1.593406E0
2.498935E0	-4.113203E0	-1.602608E0
2.532254E0	-4.083444E0	-1.582052E0
2.565573E0	-4.040782E0	-1.602190E0
2.598892E0	-3.981773E0	-1.578803E0
2.632211E0	-3.914318E0	-1.588942E0
2.665530E0	-3.880907E0	-1.625950E0
2.698850E0	-3.901223E0	-1.620762E0
2.732169E0	-3.884512E0	-1.618396E0
2.765488E0	-3.867837E0	-1.584679E0
2.798807E0	-3.868218E0	-1.577895E0
2.832126E0	-3.891521E0	-1.565865E0
2.865445E0	-3.885760E0	-1.560386E0
2.898764E0	-3.847019E0	-1.546110E0
2.932083E0	-3.748526E0	-1.532088E0
2.965403E0	-3.631897E0	-1.511695E0
2.998722E0	-3.546654E0	-1.504277E0
3.032041E0	-3.456444E0	-1.489241E0
3.065360E0	-3.388468E0	-1.500355E0
3.098679E0	-3.344906E0	-1.501691E0
3.131998E0	-3.301955E0	-1.498602E0
3.165317E0	-3.249828E0	-1.503567E0
3.198636E0	-3.172094E0	-1.540292E0
3.231956E0	-3.082620E0	-1.543815E0
3.265275E0	-3.072204E0	-1.551173E0
3.298594E0	-3.081541E0	-1.547439E0
3.331913E0	-3.078838E0	-1.548978E0
3.365232E0	-3.078978E0	-1.549290E0
3.398551E0	-3.078373E0	-1.550077E0
3.431870E0	-3.078642E0	-1.550037E0
3.465190E0	-3.120755E0	-1.555670E0
3.498509E0	-3.294352E0	-1.588993E0
3.531828E0	-3.626972E0	-1.601504E0
3.565147E0	-4.052689E0	-1.610763E0
3.598466E0	-4.350539E0	-1.515825E0
3.631785E0	-4.354368E0	-1.496428E0
3.665104E0	-4.288198E0	-1.538322E0
3.698423E0	-4.214021E0	-1.555587E0
3.731743E0	-4.188448E0	-1.533398E0
3.765062E0	-4.177891E0	-1.540542E0
3.798381E0	-4.176572E0	-1.541550E0
3.831700E0	-4.175411E0	-1.543533E0
3.865019E0	-4.189972E0	-1.532679E0
3.898338E0	-4.158965E0	-1.548341E0
3.931657E0	-4.117293E0	-1.534939E0
3.964976E0	-4.111948E0	-1.526234E0
3.998296E0	-4.068854E0	-1.519421E0
4.031615E0	-3.963204E0	-1.502084E0
4.064934E0	-3.861426E0	-1.495428E0
4.098253E0	-3.768065E0	-1.510087E0
4.131572E0	-3.680587E0	-1.490589E0
4.164891E0	-3.599071E0	-1.472170E0
4.198210E0	-3.535030E0	-1.478294E0
4.231530E0	-3.506542E0	-1.497134E0
4.264849E0	-3.508330E0	-1.495195E0
4.298168E0	-3.522254E0	-1.469146E0
4.331487E0	-3.529953E0	-1.447326E0
4.364806E0	-3.506608E0	-1.457778E0
4.398125E0	-3.509262E0	-1.464742E0
4.431444E0	-3.475217E0	-1.442559E0
4.464763E0	-3.451380E0	-1.483288E0
4.498083E0	-3.401282E0	-1.492712E0
4.531402E0	-3.347348E0	-1.493930E0
4.564721E0	-3.274720E0	-1.504827E0
4.598040E0	-3.224939E0	-1.514489E0
4.631359E0	-3.249647E0	-1.521086E0
4.664678E0	-3.243952E0	-1.537706E0
4.697997E0	-3.215340E0	-1.527943E0
4.731316E0	-3.179583E0	-1.553230E0
4.764636E0	-3.131698E0	-1.550869E0
4.797955E0	-3.066146E0	-1.556382E0
4.831274E0	-2.974602E0	-1.555666E0
4.864593E0	-2.956668E0	-1.553299E0
4.897912E0	-2.928699E0	-1.505127E0
4.931231E0	-2.846391E0	-1.513402E0
4.964550E0	-2.723369E0	-1.483048E0
4.997870E0	-2.625215E0	-1.490219E0
5.031189E0	-2.534343E0	-1.461826E0
5.064508E0	-2.484289E0	-1.451486E0
5.097827E0	-2.461046E0	-1.461534E0
5.131146E0	-2.367157E0	-1.450346E0
5.164465E0	-2.239801E0	-1.466130E0
5.197784E0	-2.214384E0	-1.472742E0
5.231103E0	-2.203292E0	-1.485958E0
5.264423E0	-2.183207E0	-1.519941E0
5.297742E0	-2.188343E0	-1.515991E0
5.331061E0	-2.196183E0	-1.507088E0
5.364380E0	-2.197558E0	-1.506345E0
5.397699E0	-2.196233E0	-1.507520E0
5.431018E0	-2.198672E0	-1.505722E0
5.464337E0	-2.264401E0	-1.500752E0
5.497656E0	-2.480040E0	-1.495331E0
5.530976E0	-2.881417E0	-1.474906E0
5.564295E0	-3.260816E0	-1.479032E0
5.597614E0	-3.471929E0	-1.480456E0
5.630933E0	-3.461095E0	-1.495691E0
5.664252E0	-3.424036E0	-1.492933E0
5.697571E0	-3.430740E0	-1.493366E0
5.730890E0	-3.453876E0	-1.497627E0
5.764209E0	-3.455396E0	-1.496112E0
5.797529E0	-3.445747E0	-1.508545E0
5.830848E0	-3.473882E0	-1.493559E0
5.864167E0	-3.525024E0	-1.499369E0
5.897486E0	-3.529752E0	-1.522899E0
5.930805E0	-3.531773E0	-1.496480E0
5.964124E0	-3.528681E0	-1.489296E0
5.997443E0	-3.441076E0	-1.501030E0
6.030763E0	-3.336134E0	-1.494658E0
6.064082E0	-3.242330E0	-1.492584E0
6.097401E0	-3.150349E0	-1.474049E0
6.130720E0	-3.074179E0	-1.469218E0
6.164039E0	-3.022964E0	-1.475444E0
6.197358E0	-2.966049E0	-1.465685E0
6.230677E0	-2.897295E0	-1.456216E0
6.263996E0	-2.842110E0	-1.443704E0
6.297316E0	-2.846272E0	-1.440705E0
6.330635E0	-2.861373E0	-1.435564E0
6.363954E0	-2.858909E0	-1.440050E0
6.397273E0	-2.849315E0	-1.447123E0
6.430592E0	-2.850627E0	-1.446603E0
6.463911E0	-2.854426E0	-1.445716E0
6.497230E0	-2.842389E0	-1.451922E0
6.530549E0	-2.803668E0	-1.442101E0
6.563869E0	-2.721652E0	-1.425583E0
6.597188E0	-2.629005E0	-1.441766E0
6.630507E0	-2.570059E0	-1.443681E0
6.663826E0	-2.496741E0	-1.425966E0
6.697145E0	-2.377703E0	-1.429533E0
6.730464E0	-2.267760E0	-1.409038E0
6.763783E0	-2.191321E0	-1.410427E0
6.797103E0	-2.195541E0	-1.381373E0
6.830422E0	-2.163200E0	-1.336318E0
6.863741E0	-2.141752E0	-1.340368E0
6.897060E0	-2.105816E0	-1.322152E0
6.930379E0	-2.020965E0	-1.337863E0
6.963698E0	-1.893091E0	-1.316960E0
6.997017E0	-1.794866E0	-1.320653E0
7.030336E0	-1.717610E0	-1.337964E0
7.063656E0	-1.648821E0	-1.340667E0
7.096975E0	-1.548844E0	-1.334518E0
7.130294E0	-1.487450E0	-1.339344E0
7.163613E0	-1.487212E0	-1.339926E0
7.196932E0	-1.487856E0	-1.340196E0
7.230251E0	-1.438496E0	-1.339135E0
7.263570E0	-1.288934E0	-1.339075E0
7.296889E0	-1.217074E0	-1.359666E0
7.330209E0	-1.229780E0	-1.342680E0
7.363528E0	-1.225799E0	-1.343399E0
7.396847E0	-1.223948E0	-1.343877E0
7.430166E0	-1.222916E0	-1.343960E0
7.463485E0	-1.271841E0	-1.345601E0
7.496804E0	-1.434762E0	-1.373525E0
7.530123E0	-1.773656E0	-1.378519E0
7.563443E0	-2.137821E0	-1.389279E0
7.596762E0	-2.386838E0	-1.321374E0
7.630081E0	-2.366715E0	-1.303530E0
7.663400E0	-2.283648E0	-1.335946E0
7.696719E0	-2.269418E0	-1.340575E0
7.730038E0	-2.246563E0	-1.350047E0
7.763357E0	-2.238982E0	-1.351709E0
7.796676E0	-2.255070E0	-1.342462E0
7.829996E0	-2.282787E0	-1.326244E0
7.863315E0	-2.278384E0	-1.326387E0
7.896634E0	-2.235920E0	-1.348380E0
7.929953E0	-2.193555E0	-1.344540E0
7.963272E0	-2.168285E0	-1.328431E0
7.996591E0	-2.108125E0	-1.327117E0
8.029910E0	-2.017759E0	-1.343165E0
8.063229E0	-1.929433E0	-1.335595E0
8.096549E0	-1.846303E0	-1.316160E0
8.129868E0	-1.769952E0	-1.313188E0
8.163187E0	-1.710771E0	-1.304378E0
8.196506E0	-1.702307E0	-1.282542E0
8.229825E0	-1.665075E0	-1.237791E0
8.263144E0	-1.620770E0	-1.222125E0
8.296463E0	-1.600917E0	-1.224820E0
8.329783E0	-1.590278E0	-1.232423E0
8.363102E0	-1.583479E0	-1.235956E0
8.396421E0	-1.591263E0	-1.234124E0
8.429740E0	-1.582833E0	-1.250052E0
8.463059E0	-1.559982E0	-1.230965E0
8.496378E0	-1.521624E0	-1.222059E0
8.529697E0	-1.459228E0	-1.232026E0
8.563016E0	-1.430800E0	-1.266018E0
8.596336E0	-1.385613E0	-1.254749E0
8.629655E0	-1.378292E0	-1.267661E0
8.662974E0	-1.337919E0	-1.239367E0
8.696293E0	-1.279478E0	-1.230883E0
8.729612E0	-1.171219E0	-1.222319E0
8.762931E0	-1.055222E0	-1.226057E0
8.796250E0	-9.685222E-1	-1.206654E0
8.829569E0	-8.993949E-1	-1.220695E0
8.862889E0	-8.908432E-1	-1.201064E0
8.896208E0	-8.910744E-1	-1.174725E0
8.929527E0	-8.267154E-1	-1.173976E0
8.962846E0	-7.776421E-1	-1.165884E0
8.996165E0	-7.327897E-1	-1.164038E0
9.029484E0	-5.206388E-1	-1.147774E0
9.062803E0	-3.814759E-1	-1.139025E0
9.096122E0	-3.815111E-1	-1.139991E0
9.129442E0	-3.391747E-1	-1.136103E0
9.162761E0	-2.691071E-1	-1.139808E0
9.196080E0	-1.994876E-1	-1.124112E0
9.229399E0	-1.207513E-1	-1.139038E0
9.262718E0	-1.126812E-1	-1.154365E0
9.296037E0	-1.188924E-1	-1.146757E0
9.329356E0	-1.184057E-1	-1.142698E0
9.362676E0	-1.218141E-1	-1.138793E0
9.395995E0	-1.231589E-1	-1.137159E0
9.429314E0	-1.236659E-1	-1.136358E0
9.462633E0	-1.660860E-1	-1.150074E0
9.495952E0	-3.497242E-1	-1.186155E0
9.529271E0	-7.441355E-1	-1.189971E0
9.562590E0	-1.280582E0	-1.212330E0
9.595909E0	-1.813121E0	-1.185216E0
9.629229E0	-2.142076E0	-1.198131E0
9.662548E0	-2.238400E0	-1.223012E0
9.695867E0	-2.159618E0	-1.240660E0
9.729186E0	-2.088762E0	-1.252262E0
9.762505E0	-2.066458E0	-1.228047E0
9.795824E0	-2.058682E0	-1.228380E0
9.829143E0	-2.049990E0	-1.233362E0
9.862462E0	-2.045486E0	-1.233245E0
9.895782E0	-2.012017E0	-1.221722E0
9.929101E0	-1.917611E0	-1.233758E0
9.962420E0	-1.827071E0	-1.215375E0
9.995739E0	-1.719284E0	-1.196642E0
1.002906E1	-1.623087E0	-1.180659E0
1.006238E1	-1.545154E0	-1.210586E0
1.009570E1	-1.452139E0	-1.179588E0
1.012902E1	-1.379379E0	-1.183158E0
1.016233E1	-1.318154E0	-1.180597E0
1.019565E1	-1.268773E0	-1.170055E0
1.022897E1	-1.239264E0	-1.121118E0
1.026229E1	-1.277835E0	-1.121064E0
1.029561E1	-1.310788E0	-1.135628E0
1.032893E1	-1.313271E0	-1.133428E0
1.036225E1	-1.303143E0	-1.109902E0
1.039557E1	-1.271638E0	-1.135429E0
1.042889E1	-1.240680E0	-1.118722E0
1.046221E1	-1.204546E0	-1.131575E0
1.049553E1	-1.154204E0	-1.128723E0
1.052885E1	-1.072530E0	-1.115262E0
1.056216E1	-9.981680E-1	-1.122064E0
1.059548E1	-9.427238E-1	-1.122802E0
1.062880E1	-8.965912E-1	-1.119411E0
1.066212E1	-8.298714E-1	-1.129066E0
1.069544E1	-7.224685E-1	-1.128556E0
1.072876E1	-6.139347E-1	-1.129688E0
1.076208E1	-5.578071E-1	-1.110326E0
1.079540E1	-5.486699E-1	-1.067900E0
1.082872E1	-5.293126E-1	-1.016252E0
1.086204E1	-5.117576E-1	-1.022997E0
1.089536E1	-4.644313E-1	-1.012726E0
1.092867E1	-3.654354E-1	-1.007957E0
1.096199E1	-2.502813E-1	-1.011357E0
1.099531E1	-2.039318E-1	-1.004592E0
1.102863E1	-1.781651E-1	-1.018973E0
1.106195E1	-6.591773E-2	-1.020119E0
1.109527E1	1.222659E-1	-9.990842E-1
1.112859E1	1.933061E-1	-1.017933E0
1.116191E1	1.896453E-1	-1.018124E0
1.119523E1	2.600970E-1	-1.026445E0
1.122855E1	3.542079E-1	-1.024780E0
1.126187E1	4.021973E-1	-1.028817E0
1.129519E1	3.942732E-1	-1.018373E0
1.132850E1	4.013170E-1	-1.019210E0
1.136182E1	4.080595E-1	-1.021760E0
1.139514E1	4.089355E-1	-1.021538E0
1.142846E1	4.103329E-1	-1.021765E0
1.146178E1	3.662478E-1	-1.028199E0
1.149510E1	2.470845E-1	-1.065626E0
1.152842E1	-1.273403E-1	-1.076646E0
1.156174E1	-4.725013E-1	-1.112799E0
1.159506E1	-7.650829E-1	-1.094788E0
1.162838E1	-8.280369E-1	-1.022173E0
1.166170E1	-7.232815E-1	-1.061278E0
1.169501E1	-6.377610E-1	-1.113883E0
1.172833E1	-6.092895E-1	-1.119716E0
1.176165E1	-6.117625E-1	-1.123854E0
1.179497E1	-6.156278E-1	-1.127009E0
1.182829E1	-6.218525E-1	-1.124963E0
1.186161E1	-6.271588E-1	-1.122991E0
1.189493E1	-5.516336E-1	-1.138845E0
1.192825E1	-4.656667E-1	-1.084205E0
1.196157E1	-4.121391E-1	-1.076620E0
1.199489E1	-3.516570E-1	-1.077158E0
1.202821E1	-2.977024E-1	-1.075541E0
1.206153E1	-2.567720E-1	-1.070595E0
1.209484E1	-2.616898E-1	-1.065505E0
1.212816E1	-2.471676E-1	-1.073521E0
1.216148E1	-2.368126E-1	-1.068120E0
1.219480E1	-2.245749E-1	-1.027234E0
1.222812E1	-1.921147E-1	-9.799727E-1
1.226144E1	-2.070328E-1	-9.592809E-1
1.229476E1	-2.357457E-1	-9.590833E-1
1.232808E1	-2.437990E-1	-9.553181E-1
1.236140E1	-2.313339E-1	-9.621368E-1
1.239472E1	-2.269073E-1	-9.658257E-1
1.242804E1	-1.991802E-1	-9.596352E-1
1.246135E1	-1.717370E-1	-9.781009E-1
1.249467E1	-1.164221E-1	-1.001436E0
1.252799E1	-3.145852E-2	-9.952470E-1
1.256131E1	6.759298E-2	-9.958067E-1
1.259463E1	1.720008E-1	-1.030396E0
1.262795E1	2.418394E-1	-1.017052E0
1.266127E1	2.790912E-1	-1.037004E0
1.269459E1	2.902458E-1	-1.015740E0
1.272791E1	3.183179E-1	-1.030434E0
1.276123E1	3.522961E-1	-1.006949E0
1.279455E1	3.337984E-1	-9.716265E-1
1.282787E1	3.583008E-1	-9.126828E-1
1.286118E1	3.844799E-1	-9.141272E-1
1.289450E1	4.111890E-1	-9.020983E-1
1.292782E1	4.811569E-1	-9.130115E-1
1.296114E1	5.979544E-1	-9.147492E-1
1.299446E1	6.885241E-1	-9.068940E-1
1.302778E1	7.573653E-1	-9.199904E-1
1.306110E1	8.578747E-1	-9.177143E-1
1.309442E1	9.703665E-1	-9.250759E-1
1.312774E1	9.948412E-1	-9.152330E-1
1.316106E1	1.002480E0	-9.149338E-1
1.319438E1	1.046061E0	-9.388688E-1
1.322769E1	1.205377E0	-9.407363E-1
1.326101E1	1.324669E0	-9.178062E-1
1.329433E1	1.304394E0	-9.381799E-1
1.332765E1	1.304418E0	-9.328739E-1
1.336097E1	1.303452E0	-9.305318E-1
1.339429E1	1.298785E0	-9.275175E-1
1.342761E1	1.298163E0	-9.258713E-1
1.346093E1	1.250371E0	-9.293624E-1
1.349425E1	1.089632E0	-9.599412E-1
1.352757E1	7.507201E-1	-9.673391E-1
1.356089E1	4.019983E-1	-9.666648E-1
1.359421E1	1.075369E-1	-9.518647E-1
1.362752E1	1.068839E-1	-9.109035E-1
1.366084E1	2.141712E-1	-9.311434E-1
1.369416E1	2.926283E-1	-9.650009E-1
1.372748E1	2.901606E-1	-9.457889E-1
1.376080E1	2.990871E-1	-9.604591E-1
1.379412E1	3.004116E-1	-9.611774E-1
1.382744E1	2.883538E-1	-9.570698E-1
1.386076E1	2.742155E-1	-9.698174E-1
1.389408E1	3.673206E-1	-9.755455E-1
1.392740E1	4.626620E-1	-9.297322E-1
1.396072E1	4.877826E-1	-9.312294E-1
1.399403E1	5.252980E-1	-9.284014E-1
1.402735E1	5.855483E-1	-9.224579E-1
1.406067E1	6.464292E-1	-9.281503E-1
1.409399E1	6.944932E-1	-9.150026E-1
1.412731E1	7.332221E-1	-9.003211E-1
1.416063E1	7.550644E-1	-8.856620E-1
1.419395E1	7.707914E-1	-8.799155E-1
1.422727E1	7.736230E-1	-8.879042E-1
1.426059E1	7.734768E-1	-8.828925E-1
1.429391E1	7.604291E-1	-8.561289E-1
1.432723E1	7.471784E-1	-8.369105E-1
1.436055E1	7.715611E-1	-8.608855E-1
1.439386E1	8.041897E-1	-8.547974E-1
1.442718E1	8.517745E-1	-8.525522E-1
1.446050E1	9.080805E-1	-8.561124E-1
1.449382E1	9.656918E-1	-8.631881E-1
1.452714E1	1.008996E0	-8.572607E-1
1.456046E1	1.047102E0	-8.767181E-1
1.459378E1	1.097158E0	-8.761514E-1
1.462710E1	1.175119E0	-8.589123E-1
1.466042E1	1.257211E0	-8.732519E-1
1.469374E1	1.333480E0	-8.594396E-1
1.472706E1	1.414553E0	-8.689003E-1
1.476037E1	1.489656E0	-8.566331E-1
1.479369E1	1.559251E0	-8.654802E-1
1.482701E1	1.630492E0	-8.763636E-1
1.486033E1	1.711172E0	-8.612250E-1
1.489365E1	1.795690E0	-8.744476E-1
1.492697E1	1.807185E0	-8.792373E-1
1.496029E1	1.844037E0	-8.741156E-1
1.499361E1	1.947649E0	-8.751522E-1
1.502693E1	2.018299E0	-8.893640E-1
1.506025E1	2.115350E0	-8.814364E-1
1.509357E1	2.222858E0	-8.674046E-1
1.512689E1	2.290925E0	-8.544367E-1
1.516020E1	2.351740E0	-8.423378E-1
1.519352E1	2.430378E0	-8.172927E-1
1.522684E1	2.485230E0	-8.172905E-1
1.526016E1	2.510972E0	-8.312364E-1
1.529348E1	2.506129E0	-8.263681E-1
1.532680E1	2.501744E0	-8.237076E-1
1.536012E1	2.501124E0	-8.228150E-1
1.539344E1	2.499198E0	-8.209929E-1
1.542676E1	2.500070E0	-8.213923E-1
1.546008E1	2.466647E0	-8.305570E-1
1.549340E1	2.346422E0	-8.628627E-1
1.552671E1	1.933845E0	-8.192015E-1
1.556003E1	1.513414E0	-8.071236E-1
1.559335E1	1.172102E0	-7.994219E-1
1.562667E1	1.003069E0	-7.432229E-1
1.565999E1	9.985408E-1	-7.340985E-1
1.569331E1	1.065565E0	-8.149018E-1
1.572663E1	1.122564E0	-8.102010E-1
1.575995E1	1.136322E0	-8.115169E-1
1.579327E1	1.122912E0	-8.065315E-1
1.582659E1	1.127116E0	-8.088175E-1
1.585991E1	1.130372E0	-8.106898E-1
1.589323E1	1.175924E0	-8.007643E-1
1.592654E1	1.234442E0	-7.765174E-1
1.595986E1	1.278717E0	-7.637596E-1
1.599318E1	1.331908E0	-7.522971E-1
1.602650E1	1.392549E0	-7.562750E-1
1.605982E1	1.448751E0	-7.556190E-1
1.609314E1	1.499357E0	-7.368605E-1
1.612646E1	1.572113E0	-7.271229E-1
1.615978E1	1.634042E0	-7.102784E-1
1.619310E1	1.694161E0	-7.017670E-1
1.622642E1	1.748318E0	-6.977168E-1
1.625974E1	1.787792E0	-6.760242E-1
1.629305E1	1.828305E0	-6.443803E-1
1.632637E1	1.850132E0	-6.488775E-1
1.635969E1	1.860998E0	-6.548329E-1
1.639301E1	1.856088E0	-6.537644E-1
1.642633E1	1.851923E0	-6.519714E-1
1.645965E1	1.856532E0	-6.499494E-1
1.649297E1	1.875053E0	-6.379482E-1
1.652629E1	1.910447E0	-6.566064E-1
1.655961E1	1.946427E0	-6.460101E-1
1.659293E1	1.959500E0	-6.498182E-1
1.662625E1	1.985531E0	-6.371169E-1
1.665957E1	2.058309E0	-6.268946E-1
1.669288E1	2.183475E0	-6.045418E-1
1.672620E1	2.277467E0	-5.626963E-1
1.675952E1	2.345507E0	-5.580108E-1
1.679284E1	2.395596E0	-5.487599E-1
1.682616E1	2.417383E0	-5.210031E-1
1.685948E1	2.446480E0	-5.115927E-1
1.689280E1	2.475458E0	-4.826611E-1
1.692612E1	2.556516E0	-4.948519E-1
1.695944E1	2.674757E0	-4.986804E-1
1.699276E1	2.767683E0	-4.930332E-1
1.702608E1	2.824190E0	-4.945271E-1
1.705939E1	2.884457E0	-4.973853E-1
1.709271E1	2.970417E0	-4.765136E-1
1.712603E1	3.049815E0	-4.813737E-1
1.715935E1	3.099516E0	-4.834138E-1
1.719267E1	3.135334E0	-4.770811E-1
1.722599E1	3.170522E0	-4.970594E-1
1.725931E1	3.269863E0	-4.982830E-1
1.729263E1	3.309208E0	-4.913682E-1
1.732595E1	3.287605E0	-5.045155E-1
1.735927E1	3.298997E0	-4.865199E-1
1.739259E1	3.293781E0	-4.841575E-1
1.742590E1	3.303569E0	-4.882298E-1
1.745922E1	3.275195E0	-5.005782E-1
1.749254E1	3.160835E0	-5.187132E-1
1.752586E1	2.841904E0	-5.710577E-1
1.755918E1	2.442534E0	-5.990161E-1
1.759250E1	2.106468E0	-5.650042E-1
1.762582E1	1.954239E0	-5.423496E-1
1.765914E1	2.002624E0	-5.574829E-1
1.769246E1	2.111988E0	-6.401930E-1
1.772578E1	2.157170E0	-6.260822E-1
1.775910E1	2.170412E0	-6.392378E-1
1.779242E1	2.166362E0	-6.412443E-1
1.782573E1	2.161712E0	-6.405352E-1
1.785905E1	2.163365E0	-6.421436E-1
1.789237E1	2.215401E0	-6.444902E-1
1.792569E1	2.282743E0	-6.346847E-1
1.795901E1	2.345708E0	-6.295562E-1
1.799233E1	2.433625E0	-6.062493E-1
1.802565E1	2.508117E0	-6.074512E-1
1.805897E1	2.589817E0	-5.936540E-1
1.809229E1	2.672461E0	-5.997247E-1
1.812561E1	2.727588E0	-5.906365E-1
1.815893E1	2.761203E0	-5.643802E-1
1.819224E1	2.735907E0	-5.670512E-1
1.822556E1	2.705502E0	-5.390853E-1
1.825888E1	2.702146E0	-5.272007E-1
1.829220E1	2.716394E0	-5.215393E-1
1.832552E1	2.722643E0	-5.270011E-1
1.835884E1	2.756710E0	-5.209146E-1
1.839216E1	2.784701E0	-5.401837E-1
1.842548E1	2.816680E0	-5.226132E-1
1.845880E1	2.844924E0	-5.307053E-1
1.849212E1	2.873879E0	-5.191363E-1
1.852544E1	2.901231E0	-5.426562E-1
1.855876E1	2.939692E0	-5.365012E-1
1.859207E1	3.012229E0	-5.383060E-1
1.862539E1	3.106753E0	-5.135539E-1
1.865871E1	3.171858E0	-4.973425E-1
1.869203E1	3.222433E0	-4.866579E-1
1.872535E1	3.268023E0	-4.812823E-1
1.875867E1	3.315877E0	-4.742127E-1
1.879199E1	3.373248E0	-4.765646E-1
1.882531E1	3.474700E0	-4.631109E-1
1.885863E1	3.571171E0	-4.366684E-1
1.889195E1	3.625320E0	-4.271995E-1
1.892527E1	3.666572E0	-4.425516E-1
1.895858E1	3.777049E0	-4.421144E-1
1.899190E1	3.882814E0	-4.485767E-1
1.902522E1	3.931921E0	-4.385490E-1
1.905854E1	4.031646E0	-4.282876E-1
1.909186E1	4.133462E0	-4.000495E-1
1.912518E1	4.171203E0	-3.823390E-1
1.915850E1	4.252773E0	-3.927948E-1
1.919182E1	4.304853E0	-3.910954E-1
1.922514E1	4.336372E0	-3.784211E-1
1.925846E1	4.368091E0	-3.905516E-1
1.929178E1	4.358973E0	-3.876478E-1
1.932510E1	4.359203E0	-3.885854E-1
1.935841E1	4.359591E0	-3.890252E-1
1.939173E1	4.359265E0	-3.887016E-1
1.942505E1	4.359127E0	-3.884663E-1
1.945837E1	4.337091E0	-3.800244E-1
1.949169E1	4.259645E0	-4.377545E-1
1.952501E1	3.961284E0	-4.941701E-1
1.955833E1	3.579808E0	-5.416952E-1
1.959165E1	3.107011E0	-5.593250E-1
1.962497E1	2.613821E0	-4.975594E-1
1.965829E1	2.468380E0	-4.902810E-1
1.969161E1	2.516260E0	-5.002173E-1
1.972492E1	2.614453E0	-4.967127E-1
1.975824E1	2.684173E0	-5.053516E-1
1.979156E1	2.667196E0	-4.976797E-1
1.982488E1	2.640179E0	-4.810359E-1
1.985820E1	2.649203E0	-4.853843E-1
1.989152E1	2.702030E0	-4.884338E-1
1.992484E1	2.732899E0	-4.865481E-1
1.995816E1	2.781614E0	-4.671525E-1
1.999148E1	2.832175E0	-4.715730E-1
2.002480E1	2.928196E0	-4.566304E-1
2.005812E1	3.075920E0	-4.316378E-1
2.009144E1	3.205986E0	-4.286499E-1
2.012475E1	3.302201E0	-3.966231E-1
2.015807E1	3.342912E0	-4.044132E-1
2.019139E1	3.363735E0	-3.735261E-1
2.022471E1	3.367731E0	-3.467660E-1
2.025803E1	3.331678E0	-3.431105E-1
2.029135E1	3.309142E0	-3.313545E-1
2.032467E1	3.292135E0	-3.203863E-1
2.035799E1	3.315597E0	-3.321382E-1
2.039131E1	3.323826E0	-3.389600E-1
2.042463E1	3.333585E0	-3.468384E-1
2.045795E1	3.338705E0	-3.435190E-1
2.049126E1	3.346616E0	-3.206926E-1
2.052458E1	3.377807E0	-3.224452E-1
2.055790E1	3.430215E0	-3.057667E-1
2.059122E1	3.539289E0	-2.891745E-1
2.062454E1	3.628394E0	-2.623162E-1
2.065786E1	3.683899E0	-2.522663E-1
2.069118E1	3.750060E0	-2.441706E-1
2.072450E1	3.807456E0	-2.260656E-1
2.075782E1	3.866824E0	-2.133443E-1
2.079114E1	3.958312E0	-1.707013E-1
2.082446E1	4.039406E0	-1.743884E-1
2.085778E1	4.098299E0	-1.746665E-1
2.089109E1	4.120984E0	-1.595047E-1
2.092441E1	4.182688E0	-1.636783E-1
2.095773E1	4.308907E0	-1.778341E-1
2.099105E1	4.408234E0	-1.759734E-1
2.102437E1	4.487428E0	-1.894941E-1
2.105769E1	4.571007E0	-1.677305E-1
2.109101E1	4.611639E0	-1.588222E-1
2.112433E1	4.673217E0	-1.676953E-1
2.115765E1	4.758325E0	-1.811927E-1
2.119097E1	4.752866E0	-1.791318E-1
2.122429E1	4.754027E0	-1.789996E-1
2.125760E1	4.855623E0	-1.764775E-1
2.129092E1	4.930529E0	-1.821652E-1
2.132424E1	4.937681E0	-1.629974E-1
2.135756E1	4.927332E0	-1.815466E-1
2.139088E1	4.939005E0	-1.666584E-1
2.142420E1	4.933089E0	-1.638976E-1
2.145752E1	4.916340E0	-1.791618E-1
2.149084E1	4.810513E0	-2.157508E-1
2.152416E1	4.546134E0	-2.984560E-1
2.155748E1	4.105296E0	-2.883939E-1
2.159080E1	3.777462E0	-2.670890E-1
2.162412E1	3.713759E0	-2.732244E-1
2.165743E1	3.751564E0	-2.854280E-1
2.169075E1	3.809084E0	-3.131328E-1
2.172407E1	3.861304E0	-3.009985E-1
2.175739E1	3.876730E0	-3.092346E-1
2.179071E1	3.874128E0	-3.174782E-1
2.182403E1	3.869380E0	-3.204179E-1
2.185735E1	3.868492E0	-3.227297E-1
2.189067E1	3.914370E0	-3.216264E-1
2.192399E1	4.017007E0	-2.950668E-1
2.195731E1	4.078745E0	-2.842160E-1
2.199063E1	4.159296E0	-2.892864E-1
2.202394E1	4.234729E0	-2.659005E-1
2.205726E1	4.303597E0	-2.721046E-1
2.209058E1	4.370649E0	-2.730631E-1
2.212390E1	4.416105E0	-2.561057E-1
2.215722E1	4.410981E0	-2.540279E-1
2.219054E1	4.371431E0	-2.686026E-1
2.222386E1	4.338888E0	-2.225920E-1
2.225718E1	4.342701E0	-2.082529E-1
2.229050E1	4.354867E0	-2.100234E-1
2.232382E1	4.362543E0	-2.123980E-1
2.235714E1	4.386558E0	-2.025859E-1
2.239046E1	4.405114E0	-2.108722E-1
2.242377E1	4.422363E0	-2.114812E-1
2.245709E1	4.460538E0	-1.826129E-1
2.249041E1	4.503254E0	-1.759322E-1
2.252373E1	4.528495E0	-2.052751E-1
2.255705E1	4.575954E0	-1.834565E-1
2.259037E1	4.619711E0	-1.531591E-1
2.262369E1	4.692176E0	-1.342467E-1
2.265701E1	4.760597E0	-1.271860E-1
2.269033E1	4.823178E0	-1.041579E-1
2.272365E1	4.897709E0	-1.112739E-1
2.275697E1	4.975637E0	-1.172743E-1
2.279028E1	5.053027E0	-9.793743E-2
2.282360E1	5.117754E0	-9.696278E-2
2.285692E1	5.186037E0	-9.938439E-2
2.289024E1	5.234502E0	-8.341447E-2
2.292356E1	5.293068E0	-8.115218E-2
2.295688E1	5.346847E0	-7.648139E-2
2.299020E1	5.341782E0	-7.456678E-2
2.302352E1	5.449753E0	-7.209429E-2
2.305684E1	5.651583E0	-5.386336E-2
2.309016E1	5.776833E0	-2.631221E-2
2.312348E1	5.777961E0	-1.964825E-2
2.315680E1	5.844380E0	-2.577460E-2
2.319011E1	5.935453E0	-1.718849E-2
2.322343E1	5.966151E0	-2.818775E-2
2.325675E1	5.960718E0	-2.646464E-2
2.329007E1	5.956405E0	-5.236087E-2
2.332339E1	5.952956E0	-6.031072E-2
2.335671E1	5.956077E0	-6.413706E-2
2.339003E1	5.951734E0	-6.146249E-2
2.342335E1	5.951796E0	-6.302839E-2
2.345667E1	5.938748E0	-5.852857E-2
2.348999E1	5.847885E0	-1.151880E-1
2.352331E1	5.460221E0	-1.674019E-1
2.355662E1	5.061036E0	-2.091732E-1
2.358994E1	4.673957E0	-2.105661E-1
2.362326E1	4.552896E0	-2.080246E-1
2.365658E1	4.572761E0	-2.113600E-1
2.368990E1	4.630301E0	-2.413775E-1
2.372322E1	4.651429E0	-2.332898E-1
2.375654E1	4.673380E0	-2.229849E-1
2.378986E1	4.669236E0	-2.199811E-1
2.382318E1	4.645834E0	-2.312177E-1
2.385650E1	4.650357E0	-2.321793E-1
2.388982E1	4.692235E0	-2.362713E-1
2.392314E1	4.711058E0	-2.350441E-1
2.395645E1	4.734511E0	-2.237239E-1
2.398977E1	4.822684E0	-2.110259E-1
2.402309E1	4.940641E0	-1.881969E-1
2.405641E1	4.956380E0	-1.933440E-1
2.408973E1	4.985718E0	-1.632232E-1
2.412305E1	5.081581E0	-1.599829E-1
2.415637E1	5.187477E0	-1.416299E-1
2.418969E1	5.246553E0	-1.301251E-1
2.422301E1	5.274425E0	-9.990130E-2
2.425633E1	5.331199E0	-8.287085E-2
2.428965E1	5.373862E0	-6.221419E-2
2.432296E1	5.397489E0	-5.247478E-2
2.435628E1	5.422188E0	-6.594272E-2
2.438960E1	5.434505E0	-3.504042E-2
2.442292E1	5.413059E0	-5.044960E-2
2.445624E1	5.419540E0	-4.092099E-2
2.448956E1	5.424992E0	-1.051249E-3
2.452288E1	5.434303E0	-3.542733E-3
2.455620E1	5.445387E0	6.676775E-3
2.458952E1	5.471219E0	2.116171E-2
2.462284E1	5.510371E0	5.916285E-2
2.465616E1	5.591484E0	1.024996E-1
2.468948E1	5.671350E0	1.036508E-1
2.472279E1	5.738218E0	1.048290E-1
2.475611E1	5.825119E0	1.282686E-1
2.478943E1	5.896171E0	1.270805E-1
2.482275E1	5.947607E0	1.319056E-1
2.485607E1	5.980759E0	1.482529E-1
2.488939E1	6.011573E0	1.352840E-1
2.492271E1	6.068864E0	1.344296E-1
2.495603E1	6.180734E0	1.372942E-1
2.498935E1	6.269635E0	1.422881E-1
2.502267E1	6.314318E0	1.405345E-1
2.505599E1	6.387263E0	1.328783E-1
2.508930E1	6.469020E0	1.496212E-1
2.512262E1	6.551180E0	1.431861E-1
2.515594E1	6.652941E0	1.619019E-1
2.518926E1	6.658363E0	1.582996E-1
2.522258E1	6.672216E0	1.443667E-1
2.525590E1	6.776161E0	1.426075E-1
2.528922E1	6.843969E0	1.330805E-1
2.532254E1	6.828797E0	1.367795E-1
2.535586E1	6.826202E0	1.383394E-1
2.538918E1	6.829402E0	1.384902E-1
2.542250E1	6.822552E0	1.399626E-1
2.545582E1	6.806471E0	1.474932E-1
2.548913E1	6.721808E0	1.247304E-1
2.552245E1	6.483756E0	4.329825E-2
2.555577E1	6.048703E0	-1.196885E-2
2.558909E1	5.666609E0	-5.055154E-3
2.562241E1	5.568354E0	6.996502E-3
2.565573E1	5.618486E0	-1.510378E-2
2.568905E1	5.694965E0	-3.138540E-2
2.572237E1	5.729793E0	-3.841611E-3
2.575569E1	5.725871E0	-9.201644E-3
2.578901E1	5.734220E0	-1.260535E-2
2.582233E1	5.707415E0	-5.224879E-3
2.585564E1	5.673951E0	-1.530499E-2
2.588896E1	5.775314E0	-3.845780E-2
2.592228E1	5.850331E0	-1.847235E-2
2.595560E1	5.877191E0	1.841048E-2
2.598892E1	5.934091E0	1.387179E-3
2.602224E1	6.040598E0	1.923694E-2
2.605556E1	6.119719E0	5.624432E-3
2.608888E1	6.187852E0	1.787451E-2
2.612220E1	6.252129E0	5.681587E-2
2.615552E1	6.303510E0	6.033563E-2
2.618884E1	6.312640E0	8.423619E-2
2.622216E1	6.282600E0	7.901536E-2
2.625547E1	6.265770E0	9.890806E-2
2.628879E1	6.278264E0	9.313947E-2
2.632211E1	6.283348E0	1.107478E-1
2.635543E1	6.322808E0	1.131156E-1
2.638875E1	6.395611E0	9.608326E-2
2.642207E1	6.488385E0	1.020102E-1
2.645539E1	6.578306E0	1.334311E-1
2.648871E1	6.660004E0	1.346578E-1
2.652203E1	6.736855E0	1.551860E-1
2.655535E1	6.819271E0	1.456237E-1
2.658867E1	6.885801E0	1.389336E-1
2.662198E1	6.929244E0	1.435184E-1
2.665530E1	6.903397E0	1.547084E-1
2.668862E1	6.870808E0	1.429911E-1
2.672194E1	6.887576E0	1.398101E-1
2.675526E1	6.896099E0	1.484935E-1
2.678858E1	6.917993E0	1.700875E-1
2.682190E1	6.928626E0	1.714633E-1
2.685522E1	6.924802E0	1.834797E-1
2.688854E1	6.925179E0	1.890502E-1
2.692186E1	6.970969E0	1.958188E-1
2.695518E1	7.078661E0	2.017325E-1
2.698850E1	7.184404E0	2.024599E-1
2.702181E1	7.260648E0	1.923910E-1
2.705513E1	7.325362E0	1.941414E-1
2.708845E1	7.409828E0	2.430235E-1
2.712177E1	7.499462E0	2.426677E-1
2.715509E1	7.564954E0	2.666761E-1
2.718841E1	7.576549E0	2.573251E-1
2.722173E1	7.620826E0	2.590953E-1
2.725505E1	7.706142E0	2.363702E-1
2.728837E1	7.715722E0	2.332775E-1
2.732169E1	7.705264E0	2.415841E-1
2.735501E1	7.703012E0	2.413631E-1
2.738832E1	7.700963E0	2.420309E-1
2.742164E1	7.699609E0	2.425151E-1
2.745496E1	7.686302E0	2.475898E-1
2.748828E1	7.584552E0	2.110106E-1
2.752160E1	7.256333E0	1.403742E-1
2.755492E1	6.814241E0	1.068630E-1
2.758824E1	6.432545E0	1.124775E-1
2.762156E1	6.333088E0	1.215330E-1
2.765488E1	6.394471E0	1.281706E-1
2.768820E1	6.491191E0	1.334608E-1
2.772152E1	6.513229E0	1.272069E-1
2.775484E1	6.508008E0	1.311485E-1
2.778815E1	6.492944E0	1.407356E-1
2.782147E1	6.479530E0	1.457211E-1
2.785479E1	6.487868E0	1.406269E-1
2.788811E1	6.489247E0	1.404230E-1
2.792143E1	6.565919E0	1.302617E-1
2.795475E1	6.668008E0	1.454540E-1
2.798807E1	6.765633E0	1.851331E-1
2.802139E1	6.853343E0	2.012048E-1
2.805471E1	6.933875E0	1.956937E-1
2.808803E1	6.992602E0	2.100494E-1
2.812135E1	7.054742E0	2.154718E-1
2.815466E1	7.113090E0	2.259293E-1
2.818798E1	7.131744E0	2.567664E-1
2.822130E1	7.117465E0	2.518258E-1
2.825462E1	7.080393E0	2.636242E-1
2.828794E1	7.082235E0	2.631911E-1
2.832126E1	7.102940E0	2.642352E-1
2.835458E1	7.113788E0	2.583222E-1
2.838790E1	7.135998E0	2.675192E-1
2.842122E1	7.191115E0	2.599108E-1
2.845454E1	7.260436E0	2.541415E-1
2.848786E1	7.347134E0	2.701332E-1
2.852118E1	7.432843E0	2.594830E-1
2.855449E1	7.522089E0	2.685538E-1
2.858781E1	7.576968E0	2.668118E-1
2.862113E1	7.598301E0	2.543412E-1
2.865445E1	7.582551E0	2.446243E-1
2.868777E1	7.600194E0	2.383095E-1
2.872109E1	7.632178E0	2.573206E-1
2.875441E1	7.678742E0	2.645907E-1
2.878773E1	7.738016E0	2.611071E-1
2.882105E1	7.808437E0	2.529476E-1
2.885437E1	7.889387E0	2.674960E-1
2.888769E1	7.951048E0	2.635005E-1
2.892100E1	7.986954E0	2.484101E-1
2.895432E1	8.050584E0	2.663580E-1
2.898764E1	8.136493E0	2.526607E-1
2.902096E1	8.207381E0	2.491411E-1
2.905428E1	8.286865E0	2.762794E-1
2.908760E1	8.356112E0	2.904463E-1
2.912092E1	8.429732E0	2.863030E-1
2.915424E1	8.532120E0	3.012380E-1
2.918756E1	8.619655E0	3.173174E-1
2.922088E1	8.616586E0	3.057083E-1
2.925420E1	8.641361E0	2.947461E-1
2.928752E1	8.659117E0	3.110025E-1
2.932083E1	8.666815E0	3.075261E-1
2.935415E1	8.668331E0	3.078244E-1
2.938747E1	8.671208E0	3.062624E-1
2.942079E1	8.673287E0	3.046568E-1
2.945411E1	8.656465E0	3.128736E-1
2.948743E1	8.567511E0	2.860152E-1
2.952075E1	8.209841E0	2.205285E-1
2.955407E1	7.786717E0	2.297430E-1
2.958739E1	7.422802E0	2.300121E-1
2.962071E1	7.285964E0	2.448572E-1
2.965403E1	7.311240E0	2.473924E-1
2.968734E1	7.363017E0	1.942088E-1
2.972066E1	7.385843E0	2.066178E-1
2.975398E1	7.410910E0	2.204144E-1
2.978730E1	7.402225E0	2.362672E-1
2.982062E1	7.376177E0	2.353194E-1
2.985394E1	7.382397E0	2.272123E-1
2.988726E1	7.422791E0	2.354354E-1
2.992058E1	7.505641E0	2.583908E-1
2.995390E1	7.596031E0	2.614670E-1
2.998722E1	7.701717E0	2.757002E-1
3.002054E1	7.799962E0	2.964679E-1
3.005386E1	7.875182E0	2.932863E-1
3.008717E1	7.925412E0	3.064106E-1
3.012049E1	7.982457E0	3.234569E-1
3.015381E1	8.033314E0	3.347878E-1
3.018713E1	8.046773E0	3.492080E-1
3.022045E1	8.036276E0	3.568954E-1
3.025377E1	8.011233E0	3.736218E-1
3.028709E1	7.989896E0	3.572406E-1
3.032041E1	8.011325E0	3.790354E-1
3.035373E1	8.038194E0	3.670064E-1
3.038705E1	8.068164E0	3.818386E-1
3.042037E1	8.114073E0	3.761398E-1
3.045368E1	8.182778E0	3.610995E-1
3.048700E1	8.242731E0	3.585088E-1
3.052032E1	8.290074E0	3.556785E-1
3.055364E1	8.316198E0	3.377227E-1
3.058696E1	8.318270E0	3.400575E-1
3.062028E1	8.323127E0	3.650393E-1
3.065360E1	8.353043E0	3.603489E-1
3.068692E1	8.408681E0	3.583816E-1
3.072024E1	8.499043E0	3.719838E-1
3.075356E1	8.599419E0	4.057061E-1
3.078688E1	8.677778E0	4.121031E-1
3.082020E1	8.723870E0	4.157311E-1
3.085351E1	8.702215E0	4.456428E-1
3.088683E1	8.671186E0	5.133365E-1
3.092015E1	8.693984E0	5.282727E-1
3.095347E1	8.690298E0	5.290473E-1
3.098679E1	8.743199E0	5.253150E-1
3.102011E1	9.002186E0	5.352674E-1
3.105343E1	9.281597E0	5.542140E-1
3.108675E1	9.256244E0	5.711948E-1
3.112007E1	9.229357E0	5.600451E-1
3.115339E1	9.378379E0	5.737894E-1
3.118671E1	9.473063E0	5.776059E-1
3.122002E1	9.455297E0	5.478191E-1
3.125334E1	9.449937E0	5.160354E-1
3.128666E1	9.445136E0	5.186404E-1
3.131998E1	9.440965E0	5.357596E-1
3.135330E1	9.435265E0	5.272494E-1
3.138662E1	9.445459E0	5.195494E-1
3.141994E1	9.435358E0	5.245397E-1
3.145326E1	9.438016E0	5.214726E-1
3.148658E1	9.359193E0	4.911904E-1
3.151990E1	9.158624E0	4.447360E-1
3.155322E1	8.811006E0	3.896161E-1
3.158654E1	8.490842E0	4.202636E-1
3.161985E1	8.439136E0	4.121249E-1
3.165317E1	8.511404E0	3.634966E-1
3.168649E1	8.571430E0	3.614312E-1
3.171981E1	8.570672E0	3.597642E-1
3.175313E1	8.587082E0	3.512162E-1
3.178645E1	8.598926E0	3.636487E-1
3.181977E1	8.587228E0	3.496547E-1
3.185309E1	8.563186E0	3.675728E-1
3.188641E1	8.604398E0	3.552445E-1
3.191973E1	8.663380E0	3.607747E-1
3.195305E1	8.752447E0	3.795249E-1
3.198636E1	8.865413E0	3.925658E-1
3.201968E1	8.937969E0	4.171670E-1
3.205300E1	8.989166E0	4.191555E-1
3.208632E1	9.073206E0	4.294518E-1
3.211964E1	9.157204E0	4.667984E-1
3.215296E1	9.184878E0	4.595636E-1
3.218628E1	9.143993E0	4.777249E-1
3.221960E1	9.094031E0	4.679502E-1
3.225292E1	9.050505E0	4.749974E-1
3.228624E1	9.042205E0	4.891430E-1
3.231956E1	9.027538E0	4.922127E-1
3.235288E1	8.990857E0	5.203157E-1
3.238619E1	8.968692E0	5.151954E-1
3.241951E1	8.971054E0	5.209551E-1
3.245283E1	8.970036E0	5.179800E-1
3.248615E1	8.976231E0	5.158894E-1
3.251947E1	8.971541E0	5.242988E-1
3.255279E1	8.998662E0	5.324252E-1
3.258611E1	9.044257E0	5.383036E-1
3.261943E1	9.110765E0	5.459927E-1
3.265275E1	9.191040E0	5.488906E-1
3.268607E1	9.272427E0	5.644711E-1
3.271939E1	9.366939E0	5.727787E-1
3.275270E1	9.462300E0	5.582672E-1
3.278602E1	9.528224E0	5.787416E-1
3.281934E1	9.585825E0	5.774639E-1
3.285266E1	9.620927E0	5.647940E-1
3.288598E1	9.655123E0	5.726965E-1
3.291930E1	9.710973E0	5.703949E-1
3.295262E1	9.812070E0	5.735056E-1
3.298594E1	9.948995E0	5.635602E-1
3.301926E1	9.979029E0	5.714278E-1
3.305258E1	9.976312E0	5.635455E-1
3.308590E1	1.003827E1	5.590752E-1
3.311922E1	1.010509E1	5.633671E-1
3.315253E1	1.024074E1	6.066793E-1
3.318585E1	1.037846E1	6.189235E-1
3.321917E1	1.039508E1	6.042462E-1
3.325249E1	1.041023E1	6.233267E-1
3.328581E1	1.042586E1	6.159488E-1
3.331913E1	1.042341E1	6.154296E-1
3.335245E1	1.042285E1	6.167443E-1
3.338577E1	1.042539E1	6.163691E-1
3.341909E1	1.042603E1	6.153564E-1
3.345241E1	1.041395E1	6.221315E-1
3.348573E1	1.033449E1	5.913629E-1
3.351904E1	1.001985E1	5.579725E-1
3.355236E1	9.606614E0	4.917312E-1
3.358568E1	9.195080E0	4.989905E-1
3.361900E1	9.053948E0	5.093993E-1
3.365232E1	9.059783E0	4.948383E-1
3.368564E1	9.116672E0	4.887397E-1
3.371896E1	9.169040E0	5.105407E-1
3.375228E1	9.177984E0	5.070914E-1
3.378560E1	9.174478E0	5.093048E-1
3.381892E1	9.151346E0	5.211556E-1
3.385224E1	9.157313E0	5.175714E-1
3.388556E1	9.175920E0	5.039923E-1
3.391887E1	9.232618E0	5.046717E-1
3.395219E1	9.272304E0	5.244534E-1
3.398551E1	9.352833E0	5.298444E-1
3.401883E1	9.486569E0	5.523504E-1
3.405215E1	9.582117E0	5.699490E-1
3.408547E1	9.656857E0	5.844457E-1
3.411879E1	9.746593E0	6.053724E-1
3.415211E1	9.812732E0	6.110944E-1
3.418543E1	9.865968E0	6.288408E-1
3.421875E1	9.899678E0	6.241832E-1
3.425207E1	9.872661E0	6.551984E-1
3.428538E1	9.822423E0	6.563997E-1
3.431870E1	9.811391E0	6.653476E-1
3.435202E1	9.816936E0	6.776149E-1
3.438534E1	9.825842E0	6.707932E-1
3.441866E1	9.851987E0	6.551792E-1
3.445198E1	9.879435E0	6.650174E-1
3.448530E1	9.927696E0	6.606482E-1
3.451862E1	9.985376E0	6.619725E-1
3.455194E1	1.000983E1	6.738312E-1
3.458526E1	1.005182E1	6.838114E-1
3.461858E1	1.011867E1	6.628693E-1
3.465190E1	1.019016E1	6.694395E-1
3.468521E1	1.026465E1	6.657863E-1
3.471853E1	1.034665E1	6.825231E-1
3.475185E1	1.041470E1	6.834548E-1
3.478517E1	1.045372E1	6.664741E-1
3.481849E1	1.048586E1	6.679222E-1
3.485181E1	1.053131E1	6.684557E-1
3.488513E1	1.054792E1	6.617890E-1
3.491845E1	1.059640E1	6.648202E-1
3.495177E1	1.068817E1	6.731749E-1
3.498509E1	1.075921E1	6.617426E-1
3.501841E1	1.079206E1	6.685144E-1
3.505172E1	1.085664E1	6.613314E-1
3.508504E1	1.096632E1	6.639273E-1
3.511836E1	1.109537E1	7.016731E-1
3.515168E1	1.113943E1	7.236002E-1
3.518500E1	1.115687E1	7.150069E-1
3.521832E1	1.119533E1	7.294814E-1
3.525164E1	1.124900E1	7.359308E-1
3.528496E1	1.126424E1	7.151504E-1
3.531828E1	1.125008E1	7.212009E-1
3.535160E1	1.125229E1	7.206012E-1
3.538492E1	1.125198E1	7.194097E-1
3.541824E1	1.125062E1	7.193155E-1
3.545155E1	1.123693E1	7.253046E-1
3.548487E1	1.115386E1	6.992288E-1
3.551819E1	1.082351E1	6.231374E-1
3.555151E1	1.039106E1	6.061553E-1
3.558483E1	1.006424E1	6.044221E-1
3.561815E1	9.957233E0	5.982396E-1
3.565147E1	1.001019E1	5.764752E-1
3.568479E1	1.005478E1	5.690083E-1
3.571811E1	1.006537E1	5.649053E-1
3.575143E1	1.008373E1	5.722972E-1
3.578475E1	1.011693E1	5.617311E-1
3.581806E1	1.013481E1	5.618642E-1
3.585138E1	1.012834E1	5.696597E-1
3.588470E1	1.018938E1	5.585801E-1
3.591802E1	1.024843E1	5.747530E-1
3.595134E1	1.026565E1	5.791226E-1
3.598466E1	1.031954E1	5.776125E-1
3.601798E1	1.046306E1	6.095940E-1
3.605130E1	1.062158E1	6.283294E-1
3.608462E1	1.072782E1	6.308309E-1
3.611794E1	1.079994E1	6.489749E-1
3.615126E1	1.084316E1	6.701866E-1
3.618458E1	1.088387E1	6.655791E-1
3.621789E1	1.088063E1	6.757846E-1
3.625121E1	1.079183E1	6.919424E-1
3.628453E1	1.074447E1	6.775841E-1
3.631785E1	1.075891E1	6.816530E-1
3.635117E1	1.076922E1	6.765169E-1
3.638449E1	1.076877E1	6.660420E-1
3.641781E1	1.078401E1	6.763338E-1
3.645113E1	1.081146E1	6.710499E-1
3.648445E1	1.084191E1	6.800020E-1
3.651777E1	1.086070E1	6.730544E-1
3.655109E1	1.086089E1	6.723399E-1
3.658440E1	1.085296E1	6.856215E-1
3.661772E1	1.086347E1	6.811002E-1
3.665104E1	1.090035E1	6.881314E-1
3.668436E1	1.095991E1	6.804461E-1
3.671768E1	1.102471E1	6.762443E-1
3.675100E1	1.107905E1	6.826900E-1
3.678432E1	1.113273E1	7.030183E-1
3.681764E1	1.112891E1	7.412945E-1
3.685096E1	1.113653E1	7.374316E-1
3.688428E1	1.114561E1	7.239274E-1
3.691760E1	1.118515E1	7.322289E-1
3.695092E1	1.129662E1	7.324864E-1
3.698423E1	1.142416E1	7.289175E-1
3.701755E1	1.148891E1	7.243599E-1
3.705087E1	1.152437E1	7.244447E-1
3.708419E1	1.162623E1	7.265561E-1
3.711751E1	1.173617E1	7.289904E-1
3.715083E1	1.175984E1	7.154805E-1
3.718415E1	1.179823E1	7.259125E-1
3.721747E1	1.185592E1	7.290792E-1
3.725079E1	1.184285E1	7.266923E-1
3.728411E1	1.184423E1	7.260676E-1
3.731743E1	1.184879E1	7.227128E-1
3.735074E1	1.184591E1	7.231816E-1
3.738406E1	1.184753E1	7.223513E-1
3.741738E1	1.184788E1	7.211321E-1
3.745070E1	1.184826E1	7.208526E-1
3.748402E1	1.179832E1	7.091677E-1
3.751734E1	1.152472E1	6.640002E-1
3.755066E1	1.114776E1	6.198828E-1
3.758398E1	1.085239E1	6.373167E-1
3.761730E1	1.081775E1	6.124559E-1
3.765062E1	1.089672E1	5.783242E-1
3.768394E1	1.095565E1	5.954616E-1
3.771726E1	1.098090E1	5.973568E-1
3.775057E1	1.099475E1	5.977025E-1
3.778389E1	1.098706E1	6.032824E-1
3.781721E1	1.098377E1	6.078918E-1
3.785053E1	1.097805E1	6.109719E-1
3.788385E1	1.099078E1	6.062718E-1
3.791717E1	1.107076E1	6.085987E-1
3.795049E1	1.112164E1	6.252927E-1
3.798381E1	1.119834E1	6.279689E-1
3.801713E1	1.131424E1	6.268826E-1
3.805045E1	1.141372E1	6.359101E-1
3.808377E1	1.149056E1	6.589136E-1
3.811708E1	1.156183E1	6.779161E-1
3.815040E1	1.163415E1	6.792268E-1
3.818372E1	1.169586E1	6.986039E-1
3.821704E1	1.172422E1	7.229325E-1
3.825036E1	1.170001E1	7.009526E-1
3.828368E1	1.158075E1	6.818880E-1
3.831700E1	1.153473E1	6.826110E-1
3.835032E1	1.155661E1	7.040630E-1
3.838364E1	1.156823E1	7.117814E-1
3.841696E1	1.154468E1	7.012916E-1
3.845028E1	1.156288E1	7.145659E-1
3.848360E1	1.158783E1	7.103273E-1
3.851691E1	1.161833E1	7.229469E-1
3.855023E1	1.164516E1	7.160016E-1
3.858355E1	1.166935E1	7.363933E-1
3.861687E1	1.172082E1	7.433647E-1
3.865019E1	1.178737E1	7.492014E-1
3.868351E1	1.185790E1	7.489165E-1
3.871683E1	1.193413E1	7.713813E-1
3.875015E1	1.201575E1	7.662867E-1
3.878347E1	1.206781E1	7.806355E-1
3.881679E1	1.207418E1	8.148239E-1
3.885011E1	1.206856E1	8.236515E-1
3.888342E1	1.207528E1	8.192209E-1
3.891674E1	1.214481E1	8.175846E-1
3.895006E1	1.225725E1	8.197687E-1
3.898338E1	1.234506E1	8.213710E-1
3.901670E1	1.239221E1	8.240064E-1
3.905002E1	1.245994E1	8.197101E-1
3.908334E1	1.255846E1	8.329678E-1
3.911666E1	1.264231E1	8.404357E-1
3.914998E1	1.269650E1	8.384817E-1
3.918330E1	1.277763E1	8.307160E-1
3.921662E1	1.282655E1	8.312870E-1
3.924994E1	1.284657E1	8.177076E-1
3.928325E1	1.285217E1	8.125987E-1
3.931657E1	1.284125E1	8.174113E-1
3.934989E1	1.283999E1	8.178968E-1
3.938321E1	1.283908E1	8.172814E-1
3.941653E1	1.283895E1	8.176230E-1
3.944985E1	1.283617E1	8.180816E-1
3.948317E1	1.273839E1	7.764397E-1
3.951649E1	1.244491E1	7.101204E-1
3.954981E1	1.201117E1	7.003051E-1
3.958313E1	1.178794E1	6.905113E-1
3.961645E1	1.183539E1	7.005282E-1
3.964976E1	1.190882E1	6.962104E-1
3.968308E1	1.190950E1	6.928231E-1
3.971640E1	1.191248E1	6.766094E-1
3.974972E1	1.186355E1	6.689170E-1
3.978304E1	1.186897E1	6.555306E-1
3.981636E1	1.185400E1	6.612158E-1
3.984968E1	1.179091E1	6.749218E-1
3.988300E1	1.167925E1	6.583521E-1
3.991632E1	1.163329E1	6.727022E-1
3.994964E1	1.167418E1	6.760470E-1
3.998296E1	1.172173E1	6.738591E-1
4.001628E1	1.184828E1	6.672666E-1
4.004959E1	1.199103E1	6.759468E-1
4.008291E1	1.207804E1	6.789695E-1
4.011623E1	1.216462E1	7.169096E-1
4.014955E1	1.224495E1	7.179235E-1
4.018287E1	1.229621E1	7.181739E-1
4.021619E1	1.232298E1	7.267066E-1
4.024951E1	1.234932E1	7.251472E-1
4.028283E1	1.234584E1	7.233867E-1
4.031615E1	1.233182E1	7.249415E-1
4.034947E1	1.232886E1	7.298281E-1
4.038279E1	1.233605E1	7.224076E-1
4.041610E1	1.233203E1	7.096779E-1
4.044942E1	1.233068E1	7.136204E-1
4.048274E1	1.233258E1	7.248457E-1
4.051606E1	1.234821E1	7.144506E-1
4.054938E1	1.237574E1	7.193814E-1
4.058270E1	1.241286E1	7.056417E-1
4.061602E1	1.244672E1	7.125668E-1
4.064934E1	1.249379E1	7.178722E-1
4.068266E1	1.255043E1	7.178442E-1
4.071598E1	1.260046E1	7.205755E-1
4.074930E1	1.263280E1	7.081354E-1
4.078262E1	1.267083E1	7.133681E-1
4.081593E1	1.276899E1	7.113183E-1
4.084925E1	1.282957E1	7.224991E-1
4.088257E1	1.284091E1	7.313302E-1
4.091589E1	1.287384E1	7.531220E-1
4.094921E1	1.297191E1	7.754691E-1
4.098253E1	1.308314E1	7.730619E-1
4.101585E1	1.313593E1	7.735568E-1
4.104917E1	1.319367E1	7.757568E-1
4.108249E1	1.332256E1	7.715334E-1
4.111581E1	1.344194E1	7.602291E-1
4.114913E1	1.348523E1	7.686887E-1
4.118244E1	1.353557E1	7.952752E-1
4.121576E1	1.359383E1	7.883088E-1
4.124908E1	1.361536E1	7.950327E-1
4.128240E1	1.358714E1	8.369552E-1
4.131572E1	1.358428E1	8.390186E-1
4.134904E1	1.359902E1	8.154959E-1
4.138236E1	1.359677E1	8.162029E-1
4.141568E1	1.359490E1	8.095201E-1
4.144900E1	1.359726E1	8.072410E-1
4.148232E1	1.358534E1	8.240638E-1
4.151564E1	1.348822E1	7.916411E-1
4.154896E1	1.312751E1	7.142442E-1
4.158227E1	1.272121E1	7.364399E-1
4.161559E1	1.245302E1	7.631712E-1
4.164891E1	1.244161E1	7.131220E-1
4.168223E1	1.244908E1	7.079475E-1
4.171555E1	1.249259E1	7.106255E-1
4.174887E1	1.254976E1	7.151667E-1
4.178219E1	1.256857E1	7.083674E-1
4.181551E1	1.255860E1	7.118561E-1
4.184883E1	1.255793E1	7.155762E-1
4.188215E1	1.259252E1	7.165727E-1
4.191547E1	1.267926E1	7.054510E-1
4.194878E1	1.275899E1	7.276895E-1
4.198210E1	1.282599E1	7.388956E-1
4.201542E1	1.294223E1	7.562244E-1
4.204874E1	1.307269E1	7.622495E-1
4.208206E1	1.313656E1	7.842502E-1
4.211538E1	1.320599E1	7.877526E-1
4.214870E1	1.327979E1	7.903359E-1
4.218202E1	1.334268E1	7.951876E-1
4.221534E1	1.341176E1	8.222668E-1
4.224866E1	1.347530E1	8.283119E-1
4.228198E1	1.346339E1	8.302129E-1
4.231530E1	1.337366E1	7.983078E-1
4.234861E1	1.336588E1	8.186206E-1
4.238193E1	1.338587E1	8.120025E-1
4.241525E1	1.338331E1	8.106075E-1
4.244857E1	1.337992E1	8.126398E-1
4.248189E1	1.340231E1	7.981093E-1
4.251521E1	1.343255E1	8.052915E-1
4.254853E1	1.347375E1	8.075230E-1
4.258185E1	1.350493E1	8.020774E-1
4.261517E1	1.352753E1	8.133141E-1
4.264849E1	1.355645E1	8.006637E-1
4.268181E1	1.356149E1	8.001640E-1
4.271512E1	1.355519E1	8.040847E-1
4.274844E1	1.358126E1	8.124355E-1
4.278176E1	1.364300E1	8.057444E-1
4.281508E1	1.372852E1	7.870695E-1
4.284840E1	1.377741E1	8.037672E-1
4.288172E1	1.378237E1	8.089624E-1
4.291504E1	1.379797E1	8.161552E-1
4.294836E1	1.390146E1	8.327590E-1
4.298168E1	1.398179E1	8.198087E-1
4.301500E1	1.404184E1	8.225815E-1
4.304832E1	1.413642E1	8.423155E-1
4.308164E1	1.419547E1	8.319978E-1
4.311495E1	1.424851E1	8.119580E-1
4.314827E1	1.433796E1	8.133654E-1
4.318159E1	1.443073E1	7.898818E-1
4.321491E1	1.450309E1	8.232641E-1
4.324823E1	1.451454E1	8.047500E-1
4.328155E1	1.448971E1	7.686454E-1
4.331487E1	1.448857E1	7.524337E-1
4.334819E1	1.448913E1	7.665161E-1
4.338151E1	1.450110E1	8.023722E-1
4.341483E1	1.451209E1	8.040330E-1
4.344815E1	1.448750E1	7.736237E-1
4.348146E1	1.441214E1	7.965521E-1
4.351478E1	1.408226E1	7.484817E-1
4.354810E1	1.360640E1	7.442778E-1
4.358142E1	1.319840E1	7.562227E-1
4.361474E1	1.295923E1	7.493528E-1
4.364806E1	1.294300E1	7.407761E-1
4.368138E1	1.298005E1	7.119922E-1
4.371470E1	1.300932E1	7.068141E-1
4.374802E1	1.301173E1	7.000620E-1
4.378134E1	1.299875E1	7.072057E-1
4.381466E1	1.299072E1	7.144272E-1
4.384798E1	1.298707E1	7.155384E-1
4.388129E1	1.300913E1	7.079403E-1
4.391461E1	1.305685E1	7.018594E-1
4.394793E1	1.316471E1	7.148056E-1
4.398125E1	1.327062E1	7.292525E-1
4.401457E1	1.336528E1	7.551476E-1
4.404789E1	1.345424E1	7.524102E-1
4.408121E1	1.352730E1	7.742355E-1
4.411453E1	1.362105E1	7.683203E-1
4.414785E1	1.371240E1	7.831346E-1
4.418117E1	1.380411E1	8.122922E-1
4.421449E1	1.386590E1	8.149333E-1
4.424780E1	1.392534E1	8.057628E-1
4.428112E1	1.396289E1	8.114549E-1
4.431444E1	1.393880E1	8.112226E-1
4.434776E1	1.390065E1	8.245510E-1
4.438108E1	1.391550E1	8.153754E-1
4.441440E1	1.391871E1	8.119344E-1
4.444772E1	1.391883E1	8.076050E-1
4.448104E1	1.392278E1	8.087619E-1
4.451436E1	1.393114E1	8.050057E-1
4.454768E1	1.393408E1	8.048340E-1
4.458100E1	1.394439E1	8.004131E-1
4.461432E1	1.397859E1	7.971166E-1
4.464763E1	1.404323E1	7.890026E-1
4.468095E1	1.410251E1	7.902617E-1
4.471427E1	1.418282E1	7.992676E-1
4.474759E1	1.427535E1	7.657655E-1
4.478091E1	1.433785E1	7.684862E-1
4.481423E1	1.440475E1	7.586286E-1
4.484755E1	1.445808E1	7.529616E-1
4.488087E1	1.445845E1	7.700217E-1
4.491419E1	1.449933E1	7.741392E-1
4.494751E1	1.462082E1	7.863484E-1
4.498083E1	1.468368E1	7.905518E-1
4.501414E1	1.473657E1	8.083644E-1
4.504746E1	1.482228E1	8.046875E-1
4.508078E1	1.489660E1	7.980726E-1
4.511410E1	1.498603E1	7.904812E-1
4.514742E1	1.508404E1	8.283193E-1
4.518074E1	1.511504E1	8.674126E-1
4.521406E1	1.512799E1	8.669227E-1
4.524738E1	1.519651E1	8.357078E-1
4.528070E1	1.520094E1	8.460811E-1
4.531402E1	1.521194E1	8.667988E-1
4.534734E1	1.521388E1	8.595973E-1
4.538066E1	1.520072E1	8.292624E-1
4.541397E1	1.518519E1	8.024996E-1
4.544729E1	1.518472E1	7.958379E-1
4.548061E1	1.510920E1	8.608256E-1
4.551393E1	1.475631E1	8.160245E-1
4.554725E1	1.424244E1	7.756691E-1
4.558057E1	1.376511E1	7.702125E-1
4.561389E1	1.343731E1	7.830449E-1
4.564721E1	1.339195E1	7.852971E-1
4.568053E1	1.342529E1	7.151796E-1
4.571385E1	1.345265E1	7.224100E-1
4.574717E1	1.349504E1	7.168165E-1
4.578048E1	1.347956E1	7.299967E-1
4.581380E1	1.347592E1	7.218468E-1
4.584712E1	1.347904E1	7.092793E-1
4.588044E1	1.351042E1	6.979601E-1
4.591376E1	1.360627E1	6.980342E-1
4.594708E1	1.368774E1	7.247272E-1
4.598040E1	1.376950E1	7.268819E-1
4.601372E1	1.388093E1	7.352808E-1
4.604704E1	1.398136E1	7.542968E-1
4.608036E1	1.406413E1	7.768807E-1
4.611368E1	1.416040E1	7.747652E-1
4.614700E1	1.425440E1	7.893371E-1
4.618031E1	1.432254E1	8.078782E-1
4.621363E1	1.437498E1	1.009457E0
