	mass A		
t	x	y	
0.000000E0	1.535397E-1	-1.027545E-2
3.331913E-2	1.561365E-1	-1.271228E-2
6.663825E-2	1.680184E-1	-1.962140E-2
9.995738E-2	1.661243E-1	-1.875455E-2
1.332765E-1	1.782322E-1	-2.612716E-2
1.665956E-1	2.187291E-1	-2.265867E-2
1.999148E-1	2.616020E-1	-4.430706E-2
2.332339E-1	3.079414E-1	-5.757224E-2
2.665530E-1	3.580964E-1	-6.183271E-2
2.998721E-1	4.110855E-1	-6.523783E-2
3.331913E-1	4.367402E-1	-7.815828E-2
3.665104E-1	4.346745E-1	-7.588178E-2
3.998295E-1	4.740792E-1	-7.091870E-2
4.331487E-1	5.797344E-1	-7.968961E-2
4.664678E-1	7.373279E-1	-7.592957E-2
4.997869E-1	8.432830E-1	-5.886931E-2
5.331060E-1	8.938872E-1	-4.339183E-2
5.664252E-1	9.110660E-1	-6.476214E-2
5.997443E-1	9.355587E-1	-7.658404E-2
6.330634E-1	1.026273E0	-6.177330E-2
6.663825E-1	1.127838E0	-4.157753E-2
6.997017E-1	1.182524E0	-2.037300E-2
7.330208E-1	1.251340E0	-1.704554E-2
7.663399E-1	1.380995E0	3.610999E-2
7.996590E-1	1.425634E0	2.662121E-2
8.329782E-1	1.463158E0	3.531089E-2
8.662973E-1	1.623415E0	3.476170E-2
8.996164E-1	1.698838E0	1.211443E-2
9.329356E-1	1.695400E0	1.187131E-2
9.662547E-1	1.700616E0	2.053800E-2
9.995738E-1	1.694666E0	2.170041E-2
1.032893E0	1.689856E0	2.561598E-2
1.066212E0	1.687929E0	2.632001E-2
1.099531E0	1.687572E0	2.549576E-2
1.132850E0	1.674701E0	3.436714E-2
1.166169E0	1.605043E0	4.057163E-2
1.199489E0	1.410623E0	2.106464E-2
1.232808E0	1.082161E0	4.492467E-3
1.266127E0	7.196926E-1	3.733063E-2
1.299446E0	6.463572E-1	5.149230E-2
1.332765E0	6.771368E-1	6.014586E-2
1.366084E0	7.676799E-1	2.929088E-2
1.399403E0	8.050704E-1	3.758994E-2
1.432722E0	8.216556E-1	2.880338E-2
1.466042E0	8.212316E-1	3.031085E-2
1.499361E0	8.388631E-1	4.311693E-2
1.532680E0	8.232286E-1	2.742466E-2
1.565999E0	8.519281E-1	3.996843E-2
1.599318E0	8.836339E-1	2.407394E-2
1.632637E0	8.945336E-1	4.526416E-2
1.665956E0	9.317979E-1	2.731087E-2
1.699275E0	1.009232E0	4.277067E-2
1.732595E0	1.101979E0	2.965925E-2
1.765914E0	1.198341E0	3.535967E-2
1.799233E0	1.296118E0	3.917615E-2
1.832552E0	1.377085E0	5.985581E-2
1.865871E0	1.449683E0	7.603326E-2
1.899190E0	1.479943E0	6.679442E-2
1.932509E0	1.499322E0	8.487392E-2
1.965828E0	1.512394E0	9.008467E-2
1.999148E0	1.520021E0	9.093734E-2
2.032467E0	1.553207E0	9.855606E-2
2.065786E0	1.579798E0	8.697102E-2
2.099105E0	1.642627E0	6.500929E-2
2.132424E0	1.675681E0	3.840759E-2
2.165743E0	1.721552E0	3.260426E-2
2.199062E0	1.725031E0	3.224855E-2
2.232382E0	1.726787E0	3.029280E-2
2.265701E0	1.732225E0	2.444418E-2
2.299020E0	1.757961E0	3.991274E-2
2.332339E0	1.803688E0	1.744882E-2
2.365658E0	1.865097E0	4.466646E-2
2.398977E0	1.973467E0	4.367474E-2
2.432296E0	2.091838E0	3.911382E-2
2.465615E0	2.187293E0	2.050828E-2
2.498935E0	2.201864E0	6.010068E-2
2.532254E0	2.224965E0	6.976609E-2
2.565573E0	2.223440E0	7.366032E-2
2.598892E0	2.228263E0	6.049362E-2
2.632211E0	2.329711E0	7.319135E-2
2.665530E0	2.471236E0	9.854211E-2
2.698849E0	2.602291E0	1.042833E-1
2.732168E0	2.655789E0	1.279857E-1
2.765488E0	2.640505E0	1.350520E-1
2.798807E0	2.644839E0	1.362671E-1
2.832126E0	2.765853E0	1.404941E-1
2.865445E0	3.026086E0	1.699186E-1
2.898764E0	3.087261E0	1.624670E-1
2.932083E0	3.042268E0	1.477216E-1
2.965402E0	3.079382E0	1.642309E-1
2.998721E0	3.082934E0	1.503205E-1
3.032041E0	3.082169E0	1.478221E-1
3.065360E0	3.083628E0	1.461867E-1
3.098679E0	3.083859E0	1.445838E-1
3.131998E0	3.082989E0	1.442620E-1
3.165317E0	3.003678E0	1.260176E-1
3.198636E0	2.779701E0	8.432759E-2
3.231955E0	2.380931E0	7.928374E-2
3.265274E0	2.018768E0	6.961624E-2
3.298594E0	1.850018E0	9.606604E-2
3.331913E0	1.845585E0	8.418810E-2
3.365232E0	1.885889E0	5.793603E-2
3.398551E0	1.962690E0	4.388838E-2
3.431870E0	2.032735E0	8.613014E-2
3.465189E0	2.049204E0	7.142357E-2
3.498508E0	2.049765E0	7.747624E-2
3.531827E0	2.039654E0	8.615189E-2
3.565147E0	2.064376E0	7.414977E-2
3.598466E0	2.131867E0	6.645025E-2
3.631785E0	2.123698E0	7.460919E-2
3.665104E0	2.163574E0	8.940019E-2
3.698423E0	2.298831E0	1.102895E-1
3.731742E0	2.426586E0	1.103474E-1
3.765061E0	2.494538E0	9.608366E-2
3.798380E0	2.575142E0	1.084345E-1
3.831700E0	2.670938E0	9.478861E-2
3.865019E0	2.766128E0	1.254529E-1
3.898338E0	2.838402E0	1.262528E-1
3.931657E0	2.856829E0	1.443241E-1
3.964976E0	2.864137E0	1.409583E-1
3.998295E0	2.848446E0	1.530887E-1
4.031614E0	2.819371E0	1.354920E-1
4.064934E0	2.839637E0	1.321061E-1
4.098253E0	2.847762E0	1.563424E-1
4.131572E0	2.869282E0	1.451302E-1
4.164891E0	2.902955E0	1.452122E-1
4.198210E0	2.946328E0	1.224658E-1
4.231529E0	2.999607E0	1.188815E-1
4.264848E0	3.034440E0	1.072089E-1
4.298167E0	3.103503E0	8.049706E-2
4.331487E0	3.183515E0	9.035915E-2
4.364806E0	3.246520E0	8.988008E-2
4.398125E0	3.307714E0	8.448782E-2
4.431444E0	3.389969E0	9.502461E-2
4.464763E0	3.470551E0	8.402099E-2
4.498082E0	3.513537E0	8.845734E-2
4.531401E0	3.528990E0	7.572288E-2
4.564720E0	3.545627E0	7.203736E-2
4.598040E0	3.539484E0	7.618999E-2
4.631359E0	3.560975E0	9.353821E-2
4.664678E0	3.686887E0	9.316281E-2
4.697997E0	3.768871E0	9.908225E-2
4.731316E0	3.787284E0	8.355168E-2
4.764635E0	3.862948E0	7.365433E-2
4.797954E0	3.970876E0	7.619612E-2
4.831273E0	4.065181E0	1.250765E-1
4.864593E0	4.132705E0	1.503739E-1
4.897912E0	4.216230E0	1.801551E-1
4.931231E0	4.279910E0	1.823972E-1
4.964550E0	4.282090E0	1.830666E-1
4.997869E0	4.282431E0	1.843353E-1
5.031188E0	4.282121E0	1.859834E-1
5.064507E0	4.282177E0	1.865422E-1
5.097826E0	4.282470E0	1.868391E-1
5.131146E0	4.272721E0	1.922059E-1
5.164465E0	4.200341E0	1.951326E-1
5.197784E0	4.016403E0	1.788010E-1
5.231103E0	3.725363E0	1.848342E-1
5.264422E0	3.423861E0	1.413158E-1
5.297741E0	3.295602E0	1.472071E-1
5.331060E0	3.359462E0	1.761444E-1
5.364379E0	3.399655E0	1.612288E-1
5.397699E0	3.427756E0	1.403337E-1
5.431018E0	3.467732E0	1.439826E-1
5.464337E0	3.475678E0	1.382699E-1
5.497656E0	3.472766E0	1.381934E-1
5.530975E0	3.471935E0	1.323098E-1
5.564294E0	3.499795E0	1.453964E-1
5.597613E0	3.528320E0	1.325946E-1
5.630932E0	3.497929E0	1.492402E-1
5.664252E0	3.528894E0	1.229526E-1
5.697571E0	3.624286E0	1.271526E-1
5.730890E0	3.720308E0	1.392900E-1
5.764209E0	3.779022E0	1.388889E-1
5.797528E0	3.797461E0	1.230228E-1
5.830847E0	3.812606E0	1.188733E-1
5.864166E0	3.856176E0	1.383581E-1
5.897485E0	3.927330E0	1.600019E-1
5.930805E0	4.002584E0	1.587452E-1
5.964124E0	4.077983E0	1.630573E-1
5.997443E0	4.106746E0	1.869066E-1
6.030762E0	4.119584E0	1.901334E-1
6.064081E0	4.162518E0	1.978734E-1
6.097400E0	4.236004E0	1.853957E-1
6.130719E0	4.326374E0	1.936850E-1
6.164039E0	4.421539E0	1.965918E-1
6.197358E0	4.494826E0	1.841411E-1
6.230677E0	4.488466E0	1.679564E-1
6.263996E0	4.461598E0	1.366041E-1
6.297315E0	4.476546E0	1.585041E-1
6.330634E0	4.506463E0	1.320021E-1
6.363953E0	4.553271E0	1.267151E-1
6.397272E0	4.588073E0	1.368775E-1
6.430592E0	4.612085E0	1.366879E-1
6.463911E0	4.660230E0	1.462398E-1
6.497230E0	4.730599E0	1.287934E-1
6.530549E0	4.785778E0	1.339833E-1
6.563868E0	4.773499E0	1.872259E-1
6.597187E0	4.780320E0	2.045466E-1
6.630506E0	4.872036E0	2.232126E-1
6.663825E0	5.000702E0	2.244575E-1
6.697145E0	5.098928E0	2.276687E-1
6.730464E0	5.150265E0	2.316957E-1
6.763783E0	5.238082E0	2.531823E-1
6.797102E0	5.350347E0	2.817754E-1
6.830421E0	5.359947E0	2.861506E-1
6.863740E0	5.419699E0	2.944568E-1
6.897059E0	5.507594E0	3.105572E-1
6.930378E0	5.552313E0	2.783441E-1
6.963698E0	5.556379E0	2.780478E-1
6.997017E0	5.547773E0	2.849604E-1
7.030336E0	5.542409E0	2.864775E-1
7.063655E0	5.540120E0	2.874716E-1
7.096974E0	5.538187E0	2.881774E-1
7.130293E0	5.535708E0	2.890011E-1
7.163612E0	5.476141E0	2.874436E-1
7.196931E0	5.266838E0	2.383566E-1
7.230251E0	4.859533E0	2.329244E-1
7.263570E0	4.440001E0	1.944440E-1
7.296889E0	4.171360E0	2.737469E-1
7.330208E0	4.122573E0	2.780141E-1
7.363527E0	4.140020E0	2.266152E-1
7.396846E0	4.163625E0	2.517924E-1
7.430165E0	4.220565E0	2.506594E-1
7.463484E0	4.230389E0	2.472067E-1
7.496804E0	4.226519E0	2.463566E-1
7.530123E0	4.225039E0	2.458208E-1
7.563442E0	4.247487E0	2.410834E-1
7.596761E0	4.318233E0	2.550600E-1
7.630080E0	4.337960E0	2.561930E-1
7.663399E0	4.368164E0	2.587419E-1
7.696718E0	4.374687E0	2.580131E-1
7.730037E0	4.425650E0	2.470436E-1
7.763357E0	4.584114E0	2.595881E-1
7.796676E0	4.778697E0	2.872395E-1
7.829995E0	4.913596E0	2.953428E-1
7.863314E0	4.977828E0	2.941757E-1
7.896633E0	4.999687E0	2.912842E-1
7.929952E0	5.004254E0	2.917830E-1
7.963271E0	5.000055E0	3.051019E-1
7.996590E0	5.001334E0	3.082958E-1
8.029910E0	5.022301E0	3.450473E-1
8.063229E0	4.999089E0	3.126346E-1
8.096548E0	5.003423E0	2.988282E-1
8.129867E0	5.031765E0	3.101099E-1
8.163186E0	5.054331E0	2.831284E-1
8.196505E0	5.082623E0	2.857920E-1
8.229824E0	5.094577E0	2.913759E-1
8.263144E0	5.107699E0	2.928559E-1
8.296463E0	5.159461E0	2.927264E-1
8.329782E0	5.246558E0	3.044884E-1
8.363101E0	5.366791E0	2.971977E-1
8.396420E0	5.469383E0	2.992298E-1
8.429739E0	5.544604E0	2.880338E-1
8.463058E0	5.545058E0	3.305017E-1
8.496377E0	5.527132E0	3.579619E-1
8.529697E0	5.545497E0	3.531501E-1
8.563016E0	5.583679E0	3.825199E-1
8.596335E0	5.628483E0	4.012944E-1
8.629654E0	5.724729E0	4.100847E-1
8.662973E0	5.859255E0	3.985271E-1
8.696292E0	5.899826E0	3.965310E-1
8.729611E0	5.926730E0	3.758046E-1
8.762930E0	6.045744E0	3.995128E-1
8.796250E0	6.161462E0	4.085690E-1
8.829569E0	6.222363E0	4.132257E-1
8.862888E0	6.274653E0	4.196279E-1
8.896207E0	6.343399E0	4.143071E-1
8.929526E0	6.418245E0	4.018428E-1
8.962845E0	6.450940E0	4.051673E-1
8.996164E0	6.436434E0	4.098688E-1
9.029483E0	6.448887E0	4.024487E-1
9.062803E0	6.444333E0	4.034570E-1
9.096122E0	6.446980E0	4.018306E-1
9.129441E0	6.447237E0	4.015308E-1
9.162760E0	6.382441E0	4.002967E-1
9.196079E0	6.174078E0	3.587470E-1
9.229398E0	5.769471E0	3.195356E-1
9.262717E0	5.276744E0	3.286232E-1
9.296036E0	4.995171E0	3.506592E-1
9.329356E0	4.974667E0	3.829610E-1
9.362675E0	5.009844E0	3.325318E-1
9.395994E0	5.064380E0	3.435149E-1
9.429313E0	5.120429E0	3.433086E-1
9.462632E0	5.115020E0	3.455173E-1
9.495951E0	5.108674E0	3.463987E-1
9.529270E0	5.093369E0	3.501275E-1
9.562589E0	5.092807E0	3.480540E-1
9.595909E0	5.101296E0	3.356292E-1
9.629228E0	5.232571E0	3.485708E-1
9.662547E0	5.322452E0	3.631394E-1
9.695866E0	5.384459E0	3.762794E-1
9.729185E0	5.454134E0	3.988164E-1
9.762504E0	5.528334E0	3.946596E-1
9.795823E0	5.598941E0	3.979087E-1
9.829142E0	5.689460E0	4.160451E-1
9.862462E0	5.760188E0	4.020807E-1
9.895781E0	5.810937E0	4.284371E-1
9.929100E0	5.804226E0	4.252895E-1
9.962419E0	5.762876E0	3.990568E-1
9.995738E0	5.752794E0	4.108695E-1
1.002906E1	5.754266E0	4.097565E-1
1.006238E1	5.769640E0	4.020983E-1
1.009570E1	5.773133E0	3.959593E-1
1.012901E1	5.792169E0	4.077951E-1
1.016233E1	5.841197E0	4.035906E-1
1.019565E1	5.902383E0	3.895062E-1
1.022897E1	5.958488E0	3.891614E-1
1.026229E1	5.984823E0	3.781607E-1
1.029561E1	6.013994E0	3.917597E-1
1.032893E1	6.079358E0	3.945609E-1
1.036225E1	6.184490E0	4.094251E-1
1.039557E1	6.291388E0	4.076484E-1
1.042889E1	6.368794E0	3.930650E-1
1.046221E1	6.429467E0	4.120700E-1
1.049553E1	6.482818E0	4.117917E-1
1.052884E1	6.518752E0	4.084168E-1
1.056216E1	6.491517E0	4.690714E-1
1.059548E1	6.526341E0	4.778733E-1
1.062880E1	6.626902E0	5.041270E-1
1.066212E1	6.758860E0	5.276770E-1
1.069544E1	6.878462E0	5.378736E-1
1.072876E1	6.948697E0	5.393873E-1
1.076208E1	7.002628E0	5.447979E-1
1.079540E1	7.068411E0	5.473122E-1
1.082872E1	7.106863E0	5.533450E-1
1.086204E1	7.144787E0	5.647226E-1
1.089535E1	7.206622E0	5.650602E-1
1.092867E1	7.220042E0	5.540555E-1
1.096199E1	7.211584E0	5.588814E-1
1.099531E1	7.214774E0	5.579814E-1
1.102863E1	7.213865E0	5.579251E-1
1.106195E1	7.214600E0	5.579162E-1
1.109527E1	7.214264E0	5.572016E-1
1.112859E1	7.214091E0	5.571786E-1
1.116191E1	7.160056E0	5.523829E-1
1.119523E1	6.926415E0	5.204356E-1
1.122855E1	6.517612E0	4.536466E-1
1.126186E1	6.063092E0	4.497869E-1
1.129518E1	5.772945E0	4.429142E-1
1.132850E1	5.713840E0	4.636693E-1
1.136182E1	5.814660E0	3.961141E-1
1.139514E1	5.868699E0	3.946280E-1
1.142846E1	5.867860E0	3.963610E-1
1.146178E1	5.856742E0	4.015056E-1
1.149510E1	5.852157E0	4.034426E-1
1.152842E1	5.854286E0	4.020072E-1
1.156174E1	5.848849E0	4.024073E-1
1.159506E1	5.899406E0	3.990342E-1
1.162838E1	5.961152E0	4.030995E-1
1.166169E1	6.007674E0	4.289917E-1
1.169501E1	6.104138E0	4.239472E-1
1.172833E1	6.232505E0	4.296653E-1
1.176165E1	6.296275E0	4.496320E-1
1.179497E1	6.376119E0	4.735230E-1
1.182829E1	6.460578E0	4.570468E-1
1.186161E1	6.542252E0	4.944399E-1
1.189493E1	6.607488E0	5.063477E-1
1.192825E1	6.631181E0	4.947915E-1
1.196157E1	6.585059E0	4.924028E-1
1.199489E1	6.564738E0	5.016975E-1
1.202820E1	6.575255E0	5.071616E-1
1.206152E1	6.569258E0	5.100118E-1
1.209484E1	6.566605E0	5.030724E-1
1.212816E1	6.595958E0	5.085816E-1
1.216148E1	6.642399E0	4.900270E-1
1.219480E1	6.702312E0	4.983328E-1
1.222812E1	6.719975E0	4.715053E-1
1.226144E1	6.720582E0	4.689178E-1
1.229476E1	6.729213E0	4.725201E-1
1.232808E1	6.769742E0	4.810917E-1
1.236140E1	6.831823E0	4.815282E-1
1.239472E1	6.905712E0	4.769709E-1
1.242803E1	7.015123E0	4.839217E-1
1.246135E1	7.144513E0	5.095970E-1
1.249467E1	7.202112E0	5.360312E-1
1.252799E1	7.170922E0	5.489925E-1
1.256131E1	7.189230E0	5.644281E-1
1.259463E1	7.239337E0	5.486427E-1
1.262795E1	7.327138E0	5.692421E-1
1.266127E1	7.410653E0	5.792407E-1
1.269459E1	7.459105E0	5.736245E-1
1.272791E1	7.481984E0	5.624359E-1
1.276123E1	7.483956E0	5.602119E-1
1.279454E1	7.580488E0	5.637966E-1
1.282786E1	7.834229E0	5.809355E-1
1.286118E1	7.987348E0	6.064380E-1
1.289450E1	7.963405E0	6.022927E-1
1.292782E1	7.984056E0	6.036499E-1
1.296114E1	8.029008E0	6.044759E-1
1.299446E1	8.042858E0	5.941833E-1
1.302778E1	8.034137E0	6.048156E-1
1.306110E1	8.035980E0	6.034092E-1
1.309442E1	8.034935E0	6.032370E-1
1.312774E1	8.032747E0	6.043734E-1
1.316106E1	8.003215E0	6.149183E-1
1.319437E1	7.875919E0	5.602534E-1
1.322769E1	7.494701E0	5.080984E-1
1.326101E1	7.071546E0	4.898970E-1
1.329433E1	6.722040E0	5.251746E-1
1.332765E1	6.660806E0	5.655483E-1
1.336097E1	6.760211E0	5.132144E-1
1.339429E1	6.867626E0	5.121636E-1
1.342761E1	6.928168E0	5.099742E-1
1.346093E1	6.902956E0	4.981295E-1
1.349425E1	6.880997E0	5.131601E-1
1.352757E1	6.893744E0	5.035793E-1
1.356088E1	6.893389E0	5.127865E-1
1.359420E1	6.945764E0	4.939136E-1
1.362752E1	6.975995E0	5.141681E-1
1.366084E1	7.024779E0	5.602256E-1
1.369416E1	7.154661E0	5.511820E-1
1.372748E1	7.275708E0	5.498241E-1
1.376080E1	7.334847E0	5.804048E-1
1.379412E1	7.424848E0	5.919830E-1
1.382744E1	7.487413E0	5.921179E-1
1.386076E1	7.523347E0	6.326107E-1
1.389408E1	7.539624E0	6.271406E-1
1.392740E1	7.503001E0	6.211643E-1
1.396071E1	7.484305E0	6.442782E-1
1.399403E1	7.485245E0	6.518262E-1
1.402735E1	7.496233E0	6.554746E-1
1.406067E1	7.506530E0	6.505446E-1
1.409399E1	7.510338E0	6.481931E-1
1.412731E1	7.532013E0	6.591586E-1
1.416063E1	7.601558E0	6.464565E-1
1.419395E1	7.701811E0	6.497047E-1
1.422727E1	7.795021E0	6.671588E-1
1.426059E1	7.876109E0	6.441032E-1
1.429391E1	7.925289E0	6.256990E-1
1.432722E1	7.971374E0	6.128250E-1
1.436054E1	8.024514E0	6.115529E-1
1.439386E1	8.091269E0	6.058038E-1
1.442718E1	8.172804E0	6.279662E-1
1.446050E1	8.259372E0	6.116521E-1
1.449382E1	8.332137E0	6.235026E-1
1.452714E1	8.402687E0	6.067429E-1
1.456046E1	8.446450E0	6.091081E-1
1.459378E1	8.452965E0	6.073989E-1
1.462710E1	8.495399E0	6.124698E-1
1.466042E1	8.639698E0	5.960092E-1
1.469374E1	8.761177E0	6.071887E-1
1.472705E1	8.791989E0	5.753020E-1
1.476037E1	8.839071E0	5.630489E-1
1.479369E1	8.955399E0	5.767916E-1
1.482701E1	9.049273E0	6.169039E-1
1.486033E1	9.139891E0	6.460360E-1
1.489365E1	9.183348E0	6.546243E-1
1.492697E1	9.215433E0	6.639518E-1
1.496029E1	9.230445E0	6.582559E-1
1.499361E1	9.225399E0	6.578558E-1
1.502693E1	9.226752E0	6.567938E-1
1.506025E1	9.225690E0	6.570402E-1
1.509356E1	9.224744E0	6.570371E-1
1.512688E1	9.224798E0	6.567047E-1
1.516020E1	9.164045E0	6.592987E-1
1.519352E1	8.983784E0	6.546370E-1
1.522684E1	8.571788E0	6.419828E-1
1.526016E1	8.147367E0	6.157414E-1
1.529348E1	7.871085E0	6.132503E-1
1.532680E1	7.915186E0	6.081598E-1
1.536012E1	8.067749E0	6.023486E-1
1.539344E1	8.072214E0	6.195795E-1
1.542676E1	8.091681E0	5.972306E-1
1.546007E1	8.125174E0	5.946403E-1
1.549339E1	8.109200E0	5.861275E-1
1.552671E1	8.092037E0	5.984535E-1
1.556003E1	8.035018E0	5.830255E-1
1.559335E1	7.980251E0	5.475267E-1
1.562667E1	7.923494E0	5.987900E-1
1.565999E1	7.944797E0	6.122070E-1
1.569331E1	8.038186E0	6.008367E-1
1.572663E1	8.144774E0	6.270808E-1
1.575995E1	8.236371E0	6.609207E-1
1.579327E1	8.289064E0	6.661530E-1
1.582659E1	8.291103E0	6.630581E-1
1.585990E1	8.314936E0	6.520184E-1
1.589322E1	8.356980E0	6.871720E-1
1.592654E1	8.369761E0	7.079396E-1
1.595986E1	8.391316E0	7.199418E-1
1.599318E1	8.374164E0	7.121263E-1
1.602650E1	8.378815E0	7.088341E-1
1.605982E1	8.401472E0	7.131478E-1
1.609314E1	8.415898E0	7.070399E-1
1.612646E1	8.452339E0	7.219655E-1
1.615978E1	8.512750E0	7.184699E-1
1.619310E1	8.602789E0	7.187998E-1
1.622641E1	8.684383E0	7.009912E-1
1.625973E1	8.733547E0	7.067814E-1
1.629305E1	8.741975E0	7.038589E-1
1.632637E1	8.728432E0	7.129941E-1
1.635969E1	8.740946E0	7.095009E-1
1.639301E1	8.771907E0	7.168159E-1
1.642633E1	8.831637E0	7.146578E-1
1.645965E1	8.897745E0	7.137491E-1
1.649297E1	8.984030E0	7.272386E-1
1.652629E1	9.070411E0	7.176483E-1
1.655961E1	9.088336E0	7.694160E-1
1.659293E1	9.081564E0	7.583970E-1
1.662624E1	9.114524E0	7.686894E-1
1.665956E1	9.168802E0	7.790586E-1
1.669288E1	9.332272E0	7.962145E-1
1.672620E1	9.553955E0	8.155485E-1
1.675952E1	9.675249E0	8.268377E-1
1.679284E1	9.657716E0	8.239686E-1
1.682616E1	9.712845E0	8.223446E-1
1.685948E1	9.785134E0	8.153958E-1
1.689280E1	9.827750E0	8.116335E-1
1.692612E1	9.868580E0	8.149089E-1
1.695944E1	9.882949E0	7.960669E-1
1.699275E1	9.872566E0	8.000138E-1
1.702607E1	9.877236E0	8.092009E-1
1.705939E1	9.874966E0	8.073147E-1
1.709271E1	9.875112E0	8.091986E-1
1.712603E1	9.875168E0	8.121875E-1
1.715935E1	9.808873E0	8.117380E-1
1.719267E1	9.591925E0	7.763232E-1
1.722599E1	9.274710E0	7.661405E-1
1.725931E1	9.155050E0	7.592463E-1
1.729263E1	9.156660E0	7.714363E-1
1.732595E1	9.195367E0	7.566623E-1
1.735927E1	9.223807E0	7.485253E-1
1.739258E1	9.221564E0	7.664922E-1
1.742590E1	9.184090E0	7.391702E-1
1.745922E1	9.155265E0	7.473858E-1
1.749254E1	9.203495E0	7.617227E-1
1.752586E1	9.224572E0	7.448971E-1
1.755918E1	9.159972E0	7.388622E-1
1.759250E1	8.951048E0	7.323475E-1
1.762582E1	8.805613E0	7.721636E-1
1.765914E1	8.839701E0	7.730031E-1
1.769246E1	8.914046E0	7.501135E-1
1.772578E1	9.013957E0	7.653433E-1
1.775909E1	9.120707E0	8.003970E-1
1.779241E1	9.211761E0	8.202106E-1
1.782573E1	9.283802E0	8.092776E-1
1.785905E1	9.322565E0	8.379601E-1
1.789237E1	9.368106E0	8.587681E-1
1.792569E1	9.351597E0	8.453479E-1
1.795901E1	9.327202E0	8.620301E-1
1.799233E1	9.332853E0	8.715229E-1
1.802565E1	9.332973E0	8.726407E-1
1.805897E1	9.339858E0	8.702284E-1
1.809229E1	9.350401E0	8.674629E-1
1.812561E1	9.388648E0	8.800186E-1
1.815892E1	9.454838E0	8.730520E-1
1.819224E1	9.535161E0	8.877562E-1
1.822556E1	9.612879E0	8.791026E-1
1.825888E1	9.675678E0	8.740880E-1
1.829220E1	9.723069E0	8.754943E-1
1.832552E1	9.756550E0	8.790561E-1
1.835884E1	9.770209E0	8.703490E-1
1.839216E1	9.800195E0	8.844403E-1
1.842548E1	9.838889E0	8.682994E-1
1.845880E1	9.875217E0	8.948726E-1
1.849212E1	9.945752E0	8.969236E-1
1.852543E1	1.003189E1	9.256995E-1
1.855875E1	1.010686E1	9.269072E-1
1.859207E1	1.014131E1	9.363149E-1
1.862539E1	1.019613E1	9.341893E-1
1.865871E1	1.030361E1	9.388160E-1
1.869203E1	1.038362E1	9.257832E-1
1.872535E1	1.045049E1	9.436494E-1
1.875867E1	1.057558E1	9.565000E-1
1.879199E1	1.065953E1	9.727399E-1
1.882531E1	1.068726E1	9.882911E-1
1.885863E1	1.074507E1	9.847864E-1
1.889195E1	1.081249E1	9.797697E-1
1.892526E1	1.083180E1	9.868407E-1
1.895858E1	1.083765E1	9.840721E-1
1.899190E1	1.083949E1	9.833059E-1
1.902522E1	1.084249E1	9.819666E-1
1.905854E1	1.084489E1	9.807303E-1
1.909186E1	1.084688E1	9.797406E-1
1.912518E1	1.084760E1	9.787333E-1
1.915850E1	1.080489E1	9.690620E-1
1.919182E1	1.067303E1	9.149667E-1
1.922514E1	1.024153E1	8.823935E-1
1.925846E1	9.855712E0	8.387014E-1
1.929177E1	9.552240E0	8.309982E-1
1.932509E1	9.490646E0	8.331889E-1
1.935841E1	9.516559E0	8.019313E-1
1.939173E1	9.542761E0	8.165209E-1
1.942505E1	9.584437E0	8.176135E-1
1.945837E1	9.588437E0	8.202017E-1
1.949169E1	9.588633E0	8.218228E-1
1.952501E1	9.585216E0	8.216556E-1
1.955833E1	9.572035E0	8.196682E-1
1.959165E1	9.573214E0	8.185453E-1
1.962497E1	9.565384E0	8.213554E-1
1.965828E1	9.567783E0	8.164137E-1
1.969160E1	9.669887E0	8.089730E-1
1.972492E1	9.856422E0	8.616657E-1
1.975824E1	1.004764E1	8.721911E-1
1.979156E1	1.013007E1	9.078088E-1
1.982488E1	1.012847E1	9.233788E-1
1.985820E1	1.010775E1	9.098870E-1
1.989152E1	1.007158E1	9.351124E-1
1.992484E1	1.006821E1	9.377034E-1
1.995816E1	1.008711E1	9.443769E-1
1.999148E1	1.010604E1	9.433311E-1
2.002480E1	1.011500E1	9.332861E-1
2.005811E1	1.011729E1	9.275070E-1
2.009143E1	1.013076E1	9.478937E-1
2.012475E1	1.015936E1	9.435254E-1
2.015807E1	1.019592E1	9.510148E-1
2.019139E1	1.022153E1	9.277802E-1
2.022471E1	1.026010E1	9.241812E-1
2.025803E1	1.029454E1	9.621655E-1
2.029135E1	1.033103E1	9.612153E-1
2.032467E1	1.039644E1	9.911099E-1
2.035799E1	1.049579E1	9.734152E-1
2.039131E1	1.057453E1	9.959691E-1
2.042462E1	1.064978E1	9.923314E-1
2.045794E1	1.072099E1	1.027842E0
2.049126E1	1.079517E1	1.028413E0
2.052458E1	1.086381E1	1.024569E0
2.055790E1	1.092737E1	1.028716E0
2.059122E1	1.094703E1	1.049259E0
2.062454E1	1.101200E1	1.044590E0
2.065786E1	1.111640E1	1.041660E0
2.069118E1	1.119502E1	1.030375E0
2.072450E1	1.121981E1	1.048415E0
2.075782E1	1.123611E1	1.040298E0
2.079114E1	1.138813E1	1.064307E0
2.082445E1	1.156942E1	1.100277E0
2.085777E1	1.162134E1	1.117124E0
2.089109E1	1.162331E1	1.118539E0
2.092441E1	1.168143E1	1.122340E0
2.095773E1	1.171971E1	1.132884E0
2.099105E1	1.171467E1	1.135690E0
2.102437E1	1.171648E1	1.135531E0
2.105769E1	1.171867E1	1.134901E0
2.109101E1	1.171905E1	1.135075E0
2.112433E1	1.172019E1	1.134586E0
2.115765E1	1.167229E1	1.128630E0
2.119096E1	1.157032E1	1.070690E0
2.122428E1	1.124454E1	9.796799E-1
2.125760E1	1.086328E1	9.830905E-1
2.129092E1	1.067765E1	1.050951E0
2.132424E1	1.074812E1	1.030366E0
2.135756E1	1.077800E1	1.031715E0
2.139088E1	1.078770E1	1.029902E0
2.142420E1	1.079456E1	1.029634E0
2.145752E1	1.079973E1	1.025589E0
2.149084E1	1.078153E1	1.033203E0
2.152416E1	1.074483E1	1.030474E0
2.155748E1	1.075365E1	1.012728E0
2.159079E1	1.080139E1	1.024515E0
2.162411E1	1.086506E1	1.031006E0
2.165743E1	1.091784E1	1.035362E0
2.169075E1	1.099317E1	1.073732E0
2.172407E1	1.108460E1	1.069097E0
2.175739E1	1.115368E1	1.089167E0
2.179071E1	1.121828E1	1.103252E0
2.182403E1	1.124735E1	1.108527E0
2.185735E1	1.123529E1	1.120155E0
2.189067E1	1.122721E1	1.131697E0
2.192399E1	1.123414E1	1.145186E0
2.195730E1	1.126274E1	1.152706E0
2.199062E1	1.127064E1	1.168942E0
2.202394E1	1.126169E1	1.190701E0
2.205726E1	1.125491E1	1.176065E0
2.209058E1	1.127178E1	1.193842E0
2.212390E1	1.131271E1	1.177442E0
2.215722E1	1.134759E1	1.185547E0
2.219054E1	1.136077E1	1.184140E0
2.222386E1	1.136941E1	1.210157E0
2.225718E1	1.140426E1	1.206804E0
2.229050E1	1.146262E1	1.207688E0
2.232382E1	1.155188E1	1.214293E0
2.235713E1	1.165646E1	1.232417E0
2.239045E1	1.173044E1	1.235656E0
2.242377E1	1.179335E1	1.241611E0
2.245709E1	1.186898E1	1.289483E0
2.249041E1	1.193867E1	1.298055E0
2.252373E1	1.199587E1	1.296703E0
2.255705E1	1.202775E1	1.309576E0
2.259037E1	1.203164E1	1.308523E0
2.262369E1	1.203538E1	1.305733E0
2.265701E1	1.211609E1	1.301643E0
2.269033E1	1.236223E1	1.347081E0
2.272364E1	1.255896E1	1.353239E0
2.275696E1	1.253745E1	1.390249E0
2.279028E1	1.256089E1	1.377392E0
2.282360E1	1.267338E1	1.410655E0
2.285692E1	1.270897E1	1.397024E0
2.289024E1	1.275135E1	1.395950E0
2.292356E1	1.282492E1	1.391538E0
2.295688E1	1.286214E1	1.397255E0
2.299020E1	1.285244E1	1.400095E0
2.302352E1	1.285564E1	1.400828E0
2.305684E1	1.285807E1	1.400464E0
2.309016E1	1.285909E1	1.400535E0
2.312347E1	1.286022E1	1.400487E0
2.315679E1	1.285583E1	1.402774E0
2.319011E1	1.277187E1	1.359388E0
2.322343E1	1.248255E1	1.257962E0
2.325675E1	1.204765E1	1.224994E0
2.329007E1	1.172404E1	1.231273E0
2.332339E1	1.165479E1	1.239428E0
2.335671E1	1.173316E1	1.226899E0
2.339003E1	1.173605E1	1.204730E0
2.342335E1	1.173174E1	1.200610E0
2.345667E1	1.176229E1	1.195529E0
2.348998E1	1.173760E1	1.193587E0
2.352330E1	1.172911E1	1.193590E0
2.355662E1	1.173874E1	1.184787E0
2.358994E1	1.179384E1	1.186417E0
2.362326E1	1.188831E1	1.203969E0
2.365658E1	1.200385E1	1.223111E0
2.368990E1	1.211342E1	1.237346E0
2.372322E1	1.220354E1	1.258210E0
2.375654E1	1.227051E1	1.257274E0
2.378986E1	1.231138E1	1.262957E0
2.382318E1	1.231461E1	1.255597E0
2.385649E1	1.226568E1	1.251903E0
2.388981E1	1.222648E1	1.265542E0
2.392313E1	1.222556E1	1.271267E0
2.395645E1	1.223327E1	1.270797E0
2.398977E1	1.226390E1	1.287991E0
2.402309E1	1.225423E1	1.314464E0
2.405641E1	1.227904E1	1.306380E0
2.408973E1	1.229311E1	1.318560E0
2.412305E1	1.232087E1	1.306387E0
2.415637E1	1.234793E1	1.313982E0
2.418969E1	1.238362E1	1.301216E0
2.422301E1	1.242303E1	1.319923E0
2.425632E1	1.249896E1	1.327318E0
2.428964E1	1.259228E1	1.349848E0
2.432296E1	1.268087E1	1.365776E0
2.435628E1	1.275012E1	1.371446E0
2.438960E1	1.282406E1	1.374027E0
2.442292E1	1.288849E1	1.384630E0
2.445624E1	1.292402E1	1.395017E0
2.448956E1	1.293964E1	1.396307E0
2.452288E1	1.296823E1	1.419855E0
2.455620E1	1.302932E1	1.449147E0
2.458952E1	1.305953E1	1.479358E0
2.462283E1	1.308512E1	1.472017E0
2.465615E1	1.315205E1	1.469761E0
2.468947E1	1.325843E1	1.476605E0
2.472279E1	1.334866E1	1.478064E0
2.475611E1	1.340820E1	1.475632E0
2.478943E1	1.349191E1	1.509944E0
2.482275E1	1.359094E1	1.508977E0
2.485607E1	1.364023E1	1.512529E0
2.488939E1	1.366331E1	1.524698E0
2.492271E1	1.371082E1	1.529423E0
2.495603E1	1.378202E1	1.528203E0
2.498935E1	1.379356E1	1.518375E0
2.502266E1	1.378132E1	1.516145E0
2.505598E1	1.379486E1	1.515094E0
2.508930E1	1.378183E1	1.517998E0
2.512262E1	1.378895E1	1.514745E0
2.515594E1	1.374936E1	1.505917E0
2.518926E1	1.362286E1	1.468257E0
2.522258E1	1.328117E1	1.402001E0
2.525590E1	1.289302E1	1.367230E0
2.528922E1	1.261436E1	1.361082E0
2.532254E1	1.259840E1	1.314782E0
2.535586E1	1.262243E1	1.308708E0
2.538917E1	1.264702E1	1.294002E0
2.542249E1	1.267496E1	1.306548E0
2.545581E1	1.267695E1	1.310005E0
2.548913E1	1.268804E1	1.302610E0
2.552245E1	1.268471E1	1.301942E0
2.555577E1	1.267673E1	1.312016E0
2.558909E1	1.274397E1	1.297961E0
2.562241E1	1.284277E1	1.313187E0
2.565573E1	1.295491E1	1.344463E0
2.568905E1	1.307234E1	1.354661E0
2.572237E1	1.317455E1	1.365101E0
2.575569E1	1.322525E1	1.378753E0
2.578900E1	1.323662E1	1.400166E0
2.582232E1	1.324765E1	1.378967E0
2.585564E1	1.323815E1	1.404379E0
2.588896E1	1.328387E1	1.448804E0
2.592228E1	1.335792E1	1.455318E0
2.595560E1	1.341612E1	1.455298E0
2.598892E1	1.342262E1	1.470487E0
2.602224E1	1.341934E1	1.479226E0
2.605556E1	1.343678E1	1.502053E0
2.608888E1	1.346374E1	1.481510E0
2.612220E1	1.347855E1	1.477378E0
2.615551E1	1.349798E1	1.493349E0
2.618883E1	1.352726E1	1.494896E0
2.622215E1	1.356028E1	1.514762E0
2.625547E1	1.359100E1	1.503919E0
2.628879E1	1.362653E1	1.508242E0
2.632211E1	1.366409E1	1.514761E0
2.635543E1	1.369574E1	1.510357E0
2.638875E1	1.374702E1	1.519491E0
2.642207E1	1.380595E1	1.540516E0
2.645539E1	1.385606E1	1.557555E0
2.648871E1	1.390621E1	1.565757E0
2.652203E1	1.398833E1	1.593824E0
2.655534E1	1.407118E1	1.606019E0
2.658866E1	1.411864E1	1.618120E0
2.662198E1	1.416851E1	1.623892E0
2.665530E1	1.426500E1	1.643649E0
2.668862E1	1.434932E1	1.642624E0
2.672194E1	1.440240E1	1.650765E0
2.675526E1	1.447762E1	1.671392E0
2.678858E1	1.460362E1	1.685648E0
2.682190E1	1.466265E1	1.699720E0
2.685522E1	1.467419E1	1.701037E0
2.688854E1	1.474883E1	1.721848E0
2.692185E1	1.482095E1	1.717930E0
2.695517E1	1.483465E1	1.712833E0
2.698849E1	1.483253E1	1.714319E0
2.702181E1	1.482837E1	1.715860E0
2.705513E1	1.482665E1	1.715989E0
2.708845E1	1.482525E1	1.716399E0
2.712177E1	1.482439E1	1.716465E0
2.715509E1	1.479242E1	1.721845E0
2.718841E1	1.470329E1	1.657403E0
2.722173E1	1.429256E1	1.593672E0
2.725505E1	1.390761E1	1.542260E0
2.728837E1	1.360788E1	1.568810E0
2.732168E1	1.359750E1	1.613103E0
2.735500E1	1.363789E1	1.590366E0
2.738832E1	1.364848E1	1.544505E0
2.742164E1	1.365588E1	1.565124E0
2.745496E1	1.367164E1	1.556577E0
2.748828E1	1.366455E1	1.558439E0
2.752160E1	1.363665E1	1.553925E0
2.755492E1	1.364232E1	1.552907E0
2.758824E1	1.369702E1	1.542284E0
2.762156E1	1.380260E1	1.557379E0
2.765488E1	1.390623E1	1.590134E0
2.768819E1	1.401087E1	1.607734E0
2.772151E1	1.409602E1	1.615028E0
2.775483E1	1.415204E1	1.623958E0
2.778815E1	1.415423E1	1.630433E0
2.782147E1	1.415719E1	1.626918E0
2.785479E1	1.420662E1	1.661530E0
2.788811E1	1.426787E1	1.710262E0
2.792143E1	1.432484E1	1.722551E0
2.795475E1	1.434411E1	1.708283E0
2.798807E1	1.434192E1	1.727462E0
2.802139E1	1.431897E1	1.751621E0
2.805470E1	1.432795E1	1.754040E0
2.808802E1	1.433183E1	1.753320E0
2.812134E1	1.432811E1	1.758275E0
2.815466E1	1.435188E1	1.750132E0
2.818798E1	1.440613E1	1.751382E0
2.822130E1	1.448227E1	1.762203E0
2.825462E1	1.455044E1	1.763906E0
2.828794E1	1.463328E1	1.768780E0
2.832126E1	1.469492E1	1.769755E0
2.835458E1	1.471535E1	1.768960E0
2.838790E1	1.471131E1	1.768999E0
2.842122E1	1.471160E1	1.767985E0
2.845453E1	1.471614E1	1.765452E0
2.848785E1	1.475215E1	1.772220E0
2.852117E1	1.475481E1	1.769435E0
2.855449E1	1.470431E1	1.834368E0
2.858781E1	1.474085E1	1.878348E0
2.862113E1	1.485863E1	1.886053E0
2.865445E1	1.500286E1	1.890777E0
2.868777E1	1.510555E1	1.915394E0
2.872109E1	1.516267E1	1.906531E0
2.875441E1	1.519058E1	1.924182E0
2.878773E1	1.526747E1	1.924013E0
2.882104E1	1.537093E1	1.926876E0
2.885436E1	1.538621E1	1.921769E0
2.888768E1	1.540989E1	1.933228E0
2.892100E1	1.548198E1	1.918159E0
2.895432E1	1.551206E1	1.922781E0
2.898764E1	1.550507E1	1.928333E0
2.902096E1	1.551135E1	1.928828E0
2.905428E1	1.551774E1	1.927081E0
2.908760E1	1.551763E1	1.928273E0
2.912092E1	1.551950E1	1.928544E0
2.915424E1	1.552101E1	1.928363E0
2.918756E1	1.552221E1	1.928222E0
2.922087E1	1.552290E1	1.928306E0
2.925419E1	1.552313E1	1.928198E0
2.928751E1	1.550988E1	1.926915E0
2.932083E1	1.547345E1	1.912370E0
2.935415E1	1.547308E1	1.930012E0
2.938747E1	1.550183E1	1.939004E0
2.942079E1	1.551174E1	1.929314E0
2.945411E1	1.547099E1	1.899941E0
2.948743E1	1.545745E1	1.886577E0
2.952075E1	1.547181E1	1.881563E0
2.955407E1	1.536740E1	1.865964E0
2.958738E1	1.511060E1	1.798437E0
2.962070E1	1.473640E1	1.769095E0
2.965402E1	1.452704E1	1.832517E0
2.968734E1	1.459702E1	1.793500E0
2.972066E1	1.462120E1	1.772755E0
2.975398E1	1.469379E1	1.800179E0
2.978730E1	1.476974E1	1.834085E0
2.982062E1	1.486177E1	1.845424E0
2.985394E1	1.498070E1	1.853768E0
2.988726E1	1.505637E1	1.859209E0
2.992058E1	1.509920E1	1.885736E0
2.995390E1	1.510144E1	1.894965E0
2.998721E1	1.509596E1	1.901549E0
3.002053E1	1.509413E1	1.899061E0
3.005385E1	1.510209E1	1.890339E0
3.008717E1	1.511104E1	1.881884E0
3.012049E1	1.513741E1	1.896456E0
3.015381E1	1.516886E1	1.907458E0
3.018713E1	1.521455E1	1.916460E0
3.022045E1	1.526477E1	1.922138E0
3.025377E1	1.530377E1	1.941032E0
3.028709E1	1.536364E1	1.939874E0
3.032041E1	1.542910E1	1.934584E0
3.035372E1	1.548861E1	1.937961E0
3.038704E1	1.556909E1	1.950131E0
3.042036E1	1.566962E1	1.964704E0
3.045368E1	1.576251E1	1.966804E0
3.048700E1	1.585171E1	1.982555E0
3.052032E1	1.593236E1	1.975554E0
3.055364E1	1.599327E1	1.991532E0
3.058696E1	1.604110E1	1.976753E0
3.062028E1	1.608284E1	1.980488E0
3.065360E1	1.612205E1	1.986289E0
3.068692E1	1.613570E1	1.981040E0
3.072024E1	1.627531E1	1.996961E0
3.075355E1	1.650782E1	2.015827E0
3.078687E1	1.655975E1	2.032306E0
3.082019E1	1.654102E1	2.040032E0
3.085351E1	1.663837E1	2.025982E0
3.088683E1	1.670943E1	2.042450E0
3.092015E1	1.674779E1	2.046340E0
3.095347E1	1.676341E1	2.018365E0
3.098679E1	1.673908E1	1.992950E0
3.102011E1	1.676440E1	2.023142E0
3.105343E1	1.673285E1	2.003312E0
3.108675E1	1.675432E1	2.002840E0
3.112006E1	1.674357E1	1.985115E0
3.115338E1	1.669440E1	2.003397E0
3.118670E1	1.651500E1	1.943286E0
3.122002E1	1.613956E1	1.883134E0
3.125334E1	1.581473E1	1.821720E0
3.128666E1	1.574553E1	1.831555E0
3.131998E1	1.580754E1	1.836128E0
3.135330E1	1.575755E1	1.822343E0
3.138662E1	1.574521E1	1.820969E0
3.141994E1	1.578600E1	1.832557E0
3.145326E1	1.575409E1	1.814006E0
3.148658E1	1.573348E1	1.816451E0
3.151989E1	1.574645E1	1.820509E0
3.155321E1	1.563299E1	1.798206E0
3.158653E1	1.547300E1	1.807976E0
3.161985E1	1.546487E1	1.825592E0
3.165317E1	1.554682E1	1.816237E0
3.168649E1	1.561917E1	1.882072E0
3.171981E1	1.571985E1	1.879781E0
3.175313E1	1.583352E1	1.887467E0
3.178645E1	1.593374E1	1.936280E0
3.181977E1	1.599657E1	1.937912E0
3.185309E1	1.605549E1	1.927997E0
3.188640E1	1.609730E1	1.971589E0
3.191972E1	1.610228E1	2.000229E0
3.195304E1	1.607493E1	1.971198E0
3.198636E1	1.607249E1	1.980899E0
3.201968E1	1.607136E1	2.018633E0
3.205300E1	1.609352E1	2.016825E0
3.208632E1	1.608784E1	2.005684E0
3.211964E1	1.609037E1	1.992364E0
3.215296E1	1.608592E1	1.993114E0
3.218628E1	1.609403E1	1.986941E0
3.221960E1	1.610850E1	1.999983E0
3.225292E1	1.611974E1	2.006655E0
3.228623E1	1.613281E1	1.994590E0
3.231955E1	1.615850E1	1.999097E0
3.235287E1	1.617859E1	2.002234E0
3.238619E1	1.621380E1	2.028134E0
3.241951E1	1.625152E1	2.021930E0
3.245283E1	1.630009E1	2.029858E0
3.248615E1	1.632245E1	2.083977E0
3.251947E1	1.633434E1	2.110994E0
3.255279E1	1.633567E1	2.103154E0
3.258611E1	1.634657E1	2.085797E0
3.261943E1	1.642341E1	2.106808E0
3.265274E1	1.656824E1	2.097293E0
3.268606E1	1.671183E1	2.122135E0
3.271938E1	1.678032E1	2.134372E0
3.275270E1	1.683945E1	2.130801E0
3.278602E1	1.692957E1	2.138868E0
3.281934E1	1.698070E1	2.137359E0
3.285266E1	1.700227E1	2.127922E0
3.288598E1	1.709262E1	2.136970E0
3.291930E1	1.718976E1	2.148982E0
3.295262E1	1.720261E1	2.141394E0
3.298594E1	1.719665E1	2.140822E0
3.301925E1	1.720431E1	2.142952E0
3.305257E1	1.720176E1	2.142038E0
3.308589E1	1.720403E1	2.141789E0
3.311921E1	1.720473E1	2.142098E0
3.315253E1	1.717869E1	2.127187E0
3.318585E1	1.706168E1	2.082632E0
3.321917E1	1.669390E1	2.037057E0
3.325249E1	1.631691E1	2.030060E0
3.328581E1	1.603684E1	2.026961E0
3.331913E1	1.598189E1	2.011894E0
3.335245E1	1.599892E1	2.019101E0
3.338577E1	1.602217E1	1.995356E0
3.341908E1	1.602022E1	1.993639E0
3.345240E1	1.601565E1	1.997054E0
3.348572E1	1.601425E1	1.993700E0
3.351904E1	1.599189E1	2.003394E0
3.355236E1	1.601341E1	1.995927E0
3.358568E1	1.605638E1	1.991303E0
3.361900E1	1.612954E1	1.996494E0
3.365232E1	1.622369E1	2.027264E0
3.368564E1	1.629873E1	2.032916E0
3.371896E1	1.639878E1	2.048884E0
3.375228E1	1.651397E1	2.071552E0
3.378559E1	1.660788E1	2.093257E0
3.381891E1	1.667205E1	2.097407E0
3.385223E1	1.673087E1	2.120111E0
3.388555E1	1.678308E1	2.132404E0
3.391887E1	1.683407E1	2.143463E0
3.395219E1	1.684084E1	2.148339E0
3.398551E1	1.676470E1	2.143386E0
3.401883E1	1.673570E1	2.144657E0
3.405215E1	1.673637E1	2.155022E0
3.408547E1	1.672961E1	2.152971E0
3.411879E1	1.672534E1	2.151758E0
3.415211E1	1.671218E1	2.150952E0
3.418542E1	1.671614E1	2.150515E0
3.421874E1	1.673799E1	2.147387E0
3.425206E1	1.676467E1	2.154183E0
3.428538E1	1.678506E1	2.146200E0
3.431870E1	1.680248E1	2.165528E0
3.435202E1	1.681658E1	2.161642E0
3.438534E1	1.682171E1	2.157333E0
3.441866E1	1.684969E1	2.158988E0
3.445198E1	1.682686E1	2.199181E0
3.448530E1	1.682835E1	2.221991E0
3.451862E1	1.685030E1	2.209169E0
3.455193E1	1.687163E1	2.210192E0
3.458525E1	1.689580E1	2.201330E0
3.461857E1	1.695907E1	2.198409E0
3.465189E1	1.707906E1	2.217971E0
3.468521E1	1.720377E1	2.220055E0
3.471853E1	1.725968E1	2.231909E0
3.475185E1	1.731626E1	2.245838E0
3.478517E1	1.746785E1	2.262080E0
3.481849E1	1.755959E1	2.244304E0
3.485181E1	1.755181E1	2.236795E0
3.488513E1	1.763000E1	2.257424E0
3.491845E1	1.773354E1	2.260936E0
3.495176E1	1.775323E1	2.247420E0
3.498508E1	1.774823E1	2.252721E0
3.501840E1	1.774970E1	2.252519E0
3.505172E1	1.774977E1	2.251189E0
3.508504E1	1.775046E1	2.251867E0
3.511836E1	1.774881E1	2.251144E0
3.515168E1	1.772059E1	2.242615E0
3.518500E1	1.760028E1	2.207382E0
3.521832E1	1.729970E1	2.141245E0
3.525164E1	1.695406E1	2.094551E0
3.528496E1	1.674289E1	2.127606E0
3.531827E1	1.676968E1	2.097519E0
3.535159E1	1.680465E1	2.103010E0
3.538491E1	1.681210E1	2.096022E0
3.541823E1	1.681402E1	2.096599E0
3.545155E1	1.681322E1	2.094594E0
3.548487E1	1.679636E1	2.095075E0
3.551819E1	1.680834E1	2.092667E0
3.555151E1	1.680306E1	2.104085E0
3.558483E1	1.686106E1	2.092168E0
3.561815E1	1.695838E1	2.097580E0
3.565147E1	1.706893E1	2.115219E0
3.568479E1	1.715639E1	2.143937E0
3.571810E1	1.725372E1	2.159857E0
3.575142E1	1.734830E1	2.180048E0
3.578474E1	1.742337E1	2.191707E0
3.581806E1	1.747862E1	2.201275E0
3.585138E1	1.752625E1	2.212858E0
3.588470E1	1.753889E1	2.213969E0
3.591802E1	1.749593E1	2.210429E0
3.595134E1	1.746880E1	2.211066E0
3.598466E1	1.746196E1	2.218583E0
3.601798E1	1.747733E1	2.229185E0
3.605130E1	1.748585E1	2.235637E0
3.608461E1	1.748303E1	2.238466E0
3.611793E1	1.747949E1	2.225038E0
3.615125E1	1.747933E1	2.232791E0
3.618457E1	1.747911E1	2.250094E0
3.621789E1	1.748452E1	2.261900E0
3.625121E1	1.750466E1	2.250826E0
3.628453E1	1.752245E1	2.260074E0
3.631785E1	1.754695E1	2.255666E0
3.635117E1	1.757915E1	2.263901E0
3.638449E1	1.758935E1	2.268418E0
3.641781E1	1.761332E1	2.262212E0
3.645113E1	1.764231E1	2.281932E0
3.648444E1	1.764941E1	2.292020E0
3.651776E1	1.763719E1	2.306690E0
3.655108E1	1.765208E1	2.293306E0
3.658440E1	1.769991E1	2.301682E0
3.661772E1	1.778542E1	2.318108E0
3.665104E1	1.790107E1	2.319329E0
3.668436E1	1.797324E1	2.327977E0
3.671768E1	1.796174E1	2.346432E0
3.675100E1	1.794947E1	2.348130E0
3.678432E1	1.797839E1	2.342355E0
3.681764E1	1.812989E1	2.365448E0
3.685095E1	1.846858E1	2.401614E0
3.688427E1	1.855278E1	2.397919E0
3.691759E1	1.846497E1	2.366541E0
3.695091E1	1.851517E1	2.386666E0
3.698423E1	1.856304E1	2.393786E0
3.701755E1	1.855014E1	2.400288E0
3.705087E1	1.855654E1	2.405295E0
3.708419E1	1.856346E1	2.403704E0
3.711751E1	1.856374E1	2.404576E0
3.715083E1	1.853491E1	2.395995E0
3.718415E1	1.841012E1	2.361724E0
3.721746E1	1.813628E1	2.306482E0
3.725078E1	1.783875E1	2.301230E0
3.728410E1	1.763076E1	2.380846E0
3.731742E1	1.773256E1	2.349551E0
3.735074E1	1.779305E1	2.325165E0
3.738406E1	1.781123E1	2.314078E0
3.741738E1	1.780261E1	2.330263E0
3.745070E1	1.780162E1	2.338586E0
3.748402E1	1.781335E1	2.319951E0
3.751734E1	1.780562E1	2.316948E0
3.755066E1	1.780601E1	2.320265E0
3.758398E1	1.781384E1	2.315137E0
3.761729E1	1.781196E1	2.311899E0
3.765061E1	1.787228E1	2.290829E0
3.768393E1	1.807418E1	2.321618E0
3.771725E1	1.830218E1	2.356675E0
3.775057E1	1.840835E1	2.362489E0
3.778389E1	1.841477E1	2.363309E0
3.781721E1	1.842025E1	2.369454E0
3.785053E1	1.846926E1	2.388408E0
3.788385E1	1.850696E1	2.413405E0
3.791717E1	1.851824E1	2.411624E0
3.795049E1	1.843887E1	2.395395E0
3.798380E1	1.836173E1	2.396464E0
3.801712E1	1.835470E1	2.421691E0
3.805044E1	1.838958E1	2.436877E0
3.808376E1	1.835093E1	2.431530E0
3.811708E1	1.834097E1	2.415272E0
3.815040E1	1.836626E1	2.416166E0
3.818372E1	1.836235E1	2.412080E0
3.821704E1	1.838158E1	2.420561E0
3.825036E1	1.841605E1	2.418197E0
3.828368E1	1.844372E1	2.427252E0
3.831700E1	1.844988E1	2.423119E0
3.835032E1	1.844451E1	2.424222E0
3.838363E1	1.844788E1	2.420826E0
3.841695E1	1.845502E1	2.417194E0
3.845027E1	1.845286E1	2.414038E0
3.848359E1	1.846208E1	2.407684E0
3.851691E1	1.847241E1	2.406349E0
3.855023E1	1.848910E1	2.419003E0
3.858355E1	1.851244E1	2.404048E0
3.861687E1	1.856406E1	2.413381E0
3.865019E1	1.867166E1	2.422267E0
3.868351E1	1.878742E1	2.439007E0
3.871683E1	1.881610E1	2.466864E0
3.875014E1	1.886708E1	2.473906E0
3.878346E1	1.900744E1	2.476704E0
3.881678E1	1.913503E1	2.467428E0
3.885010E1	1.916076E1	2.459379E0
3.888342E1	1.921310E1	2.465323E0
3.891674E1	1.921397E1	2.461165E0
3.895006E1	1.920469E1	2.462527E0
3.898338E1	1.921828E1	2.461372E0
3.901670E1	1.921061E1	2.464011E0
3.905002E1	1.922136E1	2.461218E0
3.908334E1	1.921725E1	2.464212E0
3.911666E1	1.921920E1	2.463921E0
3.914997E1	1.922204E1	2.460406E0
3.918329E1	1.916779E1	2.442616E0
3.921661E1	1.887650E1	2.406201E0
3.924993E1	1.859497E1	2.373604E0
3.928325E1	1.840065E1	2.363946E0
3.931657E1	1.845938E1	2.345286E0
3.934989E1	1.850477E1	2.330003E0
3.938321E1	1.850622E1	2.337221E0
3.941653E1	1.846894E1	2.343024E0
3.944985E1	1.846583E1	2.344939E0
3.948317E1	1.847580E1	2.337658E0
3.951648E1	1.844289E1	2.358101E0
3.954980E1	1.845753E1	2.352685E0
3.958312E1	1.847324E1	2.348599E0
3.961644E1	1.862097E1	2.352449E0
3.964976E1	1.877308E1	2.363473E0
3.968308E1	1.887170E1	2.397942E0
3.971640E1	1.898472E1	2.415572E0
3.974972E1	1.908652E1	2.413873E0
3.978304E1	1.916421E1	2.422543E0
3.981636E1	1.922630E1	2.434601E0
3.984968E1	1.929181E1	2.444211E0
3.988300E1	1.935348E1	2.458159E0
3.991631E1	1.939161E1	2.468694E0
3.994963E1	1.937786E1	2.469032E0
3.998295E1	1.929790E1	2.448151E0
4.001627E1	1.927028E1	2.461809E0
4.004959E1	1.928065E1	2.468370E0
4.008291E1	1.928359E1	2.467317E0
4.011623E1	1.926043E1	2.467452E0
4.014955E1	1.926253E1	2.463111E0
4.018287E1	1.928407E1	2.456588E0
4.021619E1	1.928228E1	2.452329E0
4.024951E1	1.927169E1	2.455855E0
4.028282E1	1.927764E1	2.458099E0
4.031614E1	1.928497E1	2.460552E0
4.034946E1	1.929597E1	2.461482E0
4.038278E1	1.930762E1	2.466865E0
4.041610E1	1.932117E1	2.463070E0
4.044942E1	1.931603E1	2.471790E0
4.048274E1	1.931315E1	2.470673E0
4.051606E1	1.931114E1	2.468304E0
4.054938E1	1.931446E1	2.464707E0
4.058270E1	1.934458E1	2.454126E0
4.061602E1	1.942071E1	2.468979E0
4.064934E1	1.952543E1	2.471932E0
4.068265E1	1.958390E1	2.479443E0
4.071597E1	1.955869E1	2.474226E0
4.074929E1	1.955170E1	2.462331E0
4.078261E1	1.957819E1	2.466912E0
4.081593E1	1.971321E1	2.477987E0
4.084925E1	2.003444E1	2.522868E0
4.088257E1	2.018671E1	2.516053E0
4.091589E1	2.011686E1	2.517562E0
4.094921E1	2.014250E1	2.514022E0
4.098253E1	2.017702E1	2.516699E0
4.101585E1	2.019245E1	2.513341E0
4.104916E1	2.019112E1	2.525105E0
4.108248E1	2.019622E1	2.518664E0
4.111580E1	2.019877E1	2.514130E0
4.114912E1	2.017092E1	2.522483E0
4.118244E1	2.008561E1	2.495142E0
4.121576E1	1.977043E1	2.418087E0
4.124908E1	1.950203E1	2.408395E0
4.128240E1	1.936757E1	2.414647E0
4.131572E1	1.944400E1	2.400225E0
4.134904E1	1.945244E1	2.377728E0
4.138236E1	1.943148E1	2.392295E0
4.141567E1	1.942194E1	2.413186E0
4.144899E1	1.943233E1	2.401053E0
4.148231E1	1.943164E1	2.404437E0
4.151563E1	1.941355E1	2.404134E0
4.154895E1	1.942464E1	2.399213E0
4.158227E1	1.946093E1	2.390391E0
4.161559E1	1.954931E1	2.392954E0
4.164891E1	1.967093E1	2.405912E0
4.168223E1	1.980888E1	2.428203E0
4.171555E1	1.994198E1	2.446484E0
4.174887E1	2.002972E1	2.471517E0
4.178219E1	2.009920E1	2.480666E0
4.181550E1	2.015905E1	2.492755E0
4.184882E1	2.019831E1	2.505436E0
4.188214E1	2.020403E1	2.518316E0
4.191546E1	2.015981E1	2.509126E0
4.194878E1	2.008358E1	2.503265E0
4.198210E1	2.005606E1	2.508951E0
4.201542E1	2.005346E1	2.509260E0
4.204874E1	2.007314E1	2.507066E0
4.208206E1	2.007987E1	2.507411E0
4.211538E1	2.009118E1	2.507393E0
4.214870E1	2.007472E1	2.511123E0
4.218201E1	2.004568E1	2.510261E0
4.221533E1	2.004400E1	2.510120E0
4.224865E1	2.004854E1	2.509682E0
4.228197E1	2.005790E1	2.504258E0
4.231529E1	2.005109E1	2.502649E0
4.234861E1	2.004763E1	2.501819E0
4.238193E1	2.005094E1	2.502165E0
4.241525E1	2.004973E1	2.507356E0
4.244857E1	2.004644E1	2.517860E0
4.248189E1	2.005144E1	2.516588E0
4.251521E1	2.005834E1	2.509903E0
4.254853E1	2.005316E1	2.508407E0
4.258184E1	2.006793E1	2.505866E0
4.261516E1	2.013678E1	2.508976E0
4.264848E1	2.024764E1	2.519090E0
4.268180E1	2.034062E1	2.544325E0
4.271512E1	2.036117E1	2.548710E0
4.274844E1	2.036693E1	2.549214E0
4.278176E1	2.045387E1	2.570917E0
4.281508E1	2.054255E1	2.568324E0
4.284840E1	2.057499E1	2.597581E0
4.288172E1	2.061972E1	2.611750E0
4.291504E1	2.084985E1	2.609175E0
4.294835E1	2.102489E1	2.582927E0
4.298167E1	2.099366E1	2.617120E0
4.301499E1	2.099709E1	2.631035E0
4.304831E1	2.101268E1	2.606884E0
4.308163E1	2.100098E1	2.610050E0
4.311495E1	2.100680E1	2.605954E0
4.314827E1	2.098487E1	2.627555E0
4.318159E1	2.087041E1	2.587352E0
4.321491E1	2.057927E1	2.555686E0
4.324823E1	2.022626E1	2.527832E0
4.328155E1	1.997598E1	2.567690E0
4.331487E1	1.999219E1	2.523528E0
4.334818E1	2.001822E1	2.507897E0
4.338150E1	2.004640E1	2.499552E0
4.341482E1	2.009236E1	2.500236E0
4.344814E1	2.010468E1	2.505149E0
4.348146E1	2.011537E1	2.502201E0
4.351478E1	2.008945E1	2.518606E0
4.354810E1	2.008336E1	2.515209E0
4.358142E1	2.013398E1	2.498195E0
4.361474E1	2.020302E1	2.507384E0
4.364806E1	2.029102E1	2.539180E0
4.368138E1	2.039275E1	2.560495E0
4.371469E1	2.050529E1	2.570221E0
4.374801E1	2.058147E1	2.570626E0
4.378133E1	2.065175E1	2.570439E0
4.381465E1	2.073750E1	2.587687E0
4.384797E1	2.079479E1	2.600451E0
4.388129E1	2.082519E1	2.610724E0
4.391461E1	2.081942E1	2.595487E0
4.394793E1	2.074409E1	2.596202E0
4.398125E1	2.069235E1	2.605901E0
4.401457E1	2.068713E1	2.604935E0
4.404789E1	2.070397E1	2.606965E0
4.408121E1	2.069545E1	2.609997E0
4.411452E1	2.071965E1	2.607126E0
4.414784E1	2.073606E1	2.597314E0
4.418116E1	2.073100E1	2.602750E0
4.421448E1	2.073592E1	2.608721E0
4.424780E1	2.073606E1	2.610568E0
4.428112E1	2.073951E1	2.604326E0
4.431444E1	2.073979E1	2.603572E0
4.434776E1	2.074441E1	2.602524E0
4.438108E1	2.075916E1	2.606897E0
4.441440E1	2.079147E1	2.606461E0
4.444772E1	2.082554E1	2.609332E0
4.448103E1	2.086909E1	2.603327E0
4.451435E1	2.090955E1	2.598056E0
4.454767E1	2.094329E1	2.616367E0
4.458099E1	2.097596E1	2.607420E0
4.461431E1	2.097607E1	2.603691E0
4.464763E1	2.097153E1	2.600640E0
4.468095E1	2.104425E1	2.631356E0
4.471427E1	2.131227E1	2.649545E0
4.474759E1	2.155190E1	2.682702E0
4.478091E1	2.158626E1	2.716763E0
4.481423E1	2.152829E1	2.672829E0
4.484755E1	2.161670E1	2.663677E0
4.488086E1	2.165985E1	2.658835E0
4.491418E1	2.169608E1	2.674014E0
4.494750E1	2.175687E1	2.696914E0
4.498082E1	2.178899E1	2.697608E0
4.501414E1	2.176549E1	2.688749E0
4.504746E1	2.174794E1	2.664900E0
4.508078E1	2.174016E1	2.646167E0
4.511410E1	2.172709E1	2.655586E0
4.514742E1	2.170603E1	2.656182E0
4.518074E1	2.161082E1	2.674430E0
4.521406E1	2.132930E1	2.632364E0
4.524737E1	2.096985E1	2.582630E0
4.528069E1	2.057657E1	2.618574E0
4.531401E1	2.042555E1	2.527452E0
4.534733E1	2.044340E1	2.523821E0
4.538065E1	2.050887E1	2.507561E0
4.541397E1	2.055624E1	2.523427E0
4.544729E1	2.057574E1	2.522335E0
4.548061E1	2.058111E1	2.521159E0
4.551393E1	2.058139E1	2.516901E0
4.554725E1	2.055854E1	2.525866E0
4.558057E1	2.058053E1	2.508796E0
4.561388E1	2.071416E1	2.522208E0
4.564720E1	2.084930E1	2.510202E0
4.568052E1	2.095622E1	2.526832E0
4.571384E1	2.106073E1	2.559800E0
4.574716E1	2.114301E1	2.552751E0
4.578048E1	2.119767E1	2.552513E0
4.581380E1	2.124888E1	2.556986E0
4.584712E1	2.130815E1	2.560546E0
4.588044E1	2.137775E1	2.584551E0
4.591376E1	2.142406E1	2.608679E0
4.594708E1	2.142817E1	2.613052E0
4.598040E1	2.134451E1	2.583416E0
4.601371E1	2.130086E1	2.567196E0
4.604703E1	2.130743E1	2.556978E0
4.608035E1	2.129769E1	2.557547E0
4.611367E1	2.131397E1	2.555673E0
4.614699E1	2.135296E1	2.549245E0
4.618031E1	2.138323E1	2.555229E0
4.621363E1	2.141225E1	2.547988E0
4.624695E1	2.142030E1	2.558077E0
4.628027E1	2.142973E1	2.559661E0
4.631359E1	2.143616E1	2.559350E0
4.634691E1	2.144368E1	2.556536E0
4.638022E1	2.146307E1	2.556364E0
4.641354E1	2.150562E1	2.550920E0
4.644686E1	2.157514E1	2.547587E0
4.648018E1	2.166182E1	2.567621E0
4.651350E1	2.173034E1	2.558623E0
4.654682E1	2.176257E1	2.555630E0
4.658014E1	2.178746E1	2.539959E0
4.661346E1	2.178251E1	2.543586E0
4.664678E1	2.177968E1	2.544692E0
4.668010E1	2.177367E1	2.550193E0
4.671342E1	2.178111E1	2.545664E0
4.674674E1	2.213364E1	2.714351E0
4.678005E1	2.242459E1	2.747282E0
4.681337E1	2.249316E1	2.781192E0
4.684669E1	2.245888E1	2.764237E0
4.688001E1	2.251019E1	2.764011E0
4.691333E1	2.271554E1	2.780212E0
4.694665E1	2.269843E1	2.780287E0
4.697997E1	2.264712E1	2.780514E0
4.701329E1	2.261290E1	2.780664E0
4.704661E1	2.257862E1	2.763709E0
4.707993E1	2.259572E1	2.763634E0
4.711325E1	2.261290E1	2.780664E0
4.714656E1	2.261290E1	2.780664E0
4.717988E1	2.240733E1	2.713146E0
4.721320E1	2.201616E1	2.556620E0
4.724652E1	2.163727E1	2.648114E0
4.727984E1	2.126087E1	2.632666E0
4.731316E1	2.107271E1	2.633495E0
4.734648E1	2.117519E1	2.598831E0
4.737980E1	2.126065E1	2.581349E0
4.741312E1	2.138069E1	2.649244E0
4.744644E1	2.129523E1	2.666726E0
4.747976E1	2.122674E1	2.649922E0
4.751308E1	2.129501E1	2.615409E0
4.754639E1	2.114113E1	2.633193E0
4.757971E1	2.110692E1	2.633344E0
4.761303E1	2.117534E1	2.633043E0
4.764635E1	2.108966E1	2.599208E0
4.767967E1	2.122666E1	2.632816E0
4.771299E1	2.126087E1	2.632666E0
4.774631E1	2.144904E1	2.631837E0
4.777963E1	2.153479E1	2.682777E0
4.781295E1	2.158626E1	2.716763E0
4.784627E1	2.167179E1	2.716386E0
4.787959E1	2.174021E1	2.716084E0
4.791290E1	2.187736E1	2.783905E0
4.794622E1	2.192867E1	2.783678E0
4.797954E1	2.194578E1	2.783603E0
4.801286E1	2.187728E1	2.766799E0
4.804618E1	2.179160E1	2.732964E0
4.807950E1	2.172310E1	2.716160E0
4.811282E1	2.189416E1	2.715406E0
4.814614E1	2.180886E1	2.767100E0
4.817946E1	2.184284E1	2.715632E0
4.821278E1	2.182574E1	2.715708E0
4.824610E1	2.182574E1	2.715708E0
4.827942E1	2.194570E1	2.766497E0
4.831273E1	2.196274E1	2.749316E0
4.834605E1	2.196305E1	2.614135E0
4.837937E1	2.202831E1	2.594072E0
4.841269E1	2.209091E1	2.588161E0
4.844601E1	2.214816E1	2.584158E0
4.847933E1	2.235617E1	2.747583E0
4.851265E1	2.242459E1	2.747282E0
4.854597E1	2.240764E1	2.781569E0
4.857929E1	2.240764E1	2.781569E0
4.861261E1	2.240756E1	2.764463E0
4.864593E1	2.250997E1	2.712693E0
4.867924E1	2.250997E1	2.712693E0
4.871256E1	2.247568E1	2.695738E0
4.874588E1	2.286957E1	2.796640E0
4.877920E1	2.300664E1	2.847354E0
4.881252E1	2.307506E1	2.847053E0
4.884584E1	2.302367E1	2.830173E0
4.887916E1	2.314363E1	2.880963E0
4.891248E1	2.322916E1	2.880586E0
4.894580E1	2.322916E1	2.880586E0
4.897912E1	2.326337E1	2.880435E0
4.901244E1	2.324619E1	2.863405E0
4.904576E1	2.319488E1	2.863631E0
4.907907E1	2.319488E1	2.863631E0
4.911239E1	2.321191E1	2.846450E0
4.914571E1	2.321191E1	2.846450E0
4.917903E1	2.310905E1	2.795585E0
4.921235E1	2.304062E1	2.795886E0
4.924567E1	2.240741E1	2.730251E0
4.927899E1	2.191363E1	2.583386E0
4.931231E1	2.177517E1	2.559812E0
4.934563E1	2.177604E1	2.556731E0
4.937895E1	2.181560E1	2.533865E0
4.941227E1	2.184436E1	2.558495E0
4.944558E1	2.188477E1	2.560199E0
4.947890E1	2.191863E1	2.563852E0
4.951222E1	2.192518E1	2.574346E0
4.954554E1	2.191381E1	2.574949E0
4.957886E1	2.193133E1	2.546875E0
4.961218E1	2.201134E1	2.557055E0
4.964550E1	2.215067E1	2.697170E0
4.967882E1	2.225316E1	2.662507E0
4.971214E1	2.244132E1	2.661678E0
4.974546E1	2.256121E1	2.695362E0
4.977878E1	2.268125E1	2.763257E0
4.981209E1	2.265134E1	2.678144E0
4.984541E1	2.273559E1	2.717334E0
4.987873E1	2.279845E1	2.719810E0
4.991205E1	2.284570E1	2.724600E0
4.994537E1	2.290188E1	2.727288E0
4.997869E1	2.292496E1	2.720911E0
5.001201E1	2.287739E1	2.716346E0
5.004533E1	2.282136E1	2.695879E0
5.007865E1	2.282601E1	2.705901E0
5.011197E1	2.283512E1	2.727876E0
5.014529E1	2.286647E1	2.709461E0
5.017861E1	2.289510E1	2.708305E0
5.021192E1	2.292529E1	2.693270E0
5.024524E1	2.295213E1	2.712139E0
5.027856E1	2.297804E1	2.710104E0
5.031188E1	2.301562E1	2.720101E0
5.034520E1	2.304626E1	2.711864E0
5.037852E1	2.308738E1	2.709984E0
5.041184E1	2.314049E1	2.707823E0
5.044516E1	2.321534E1	2.711149E0
5.047848E1	2.330609E1	2.705740E0
5.051180E1	2.335932E1	2.728013E0
5.054512E1	2.336392E1	2.756491E0
5.057843E1	2.338737E1	2.772130E0
5.061175E1	2.346734E1	2.767713E0
5.064507E1	2.353837E1	2.778241E0
5.067839E1	2.362319E1	2.770948E0
5.071171E1	2.368361E1	2.770851E0
5.074503E1	2.376235E1	2.797627E0
5.077835E1	2.389166E1	2.819728E0
5.081167E1	2.394791E1	2.811087E0
5.084499E1	2.391923E1	2.822553E0
5.087831E1	2.394373E1	2.829549E0
5.091163E1	2.405745E1	2.834626E0
5.094495E1	2.410184E1	2.864366E0
5.097826E1	2.409874E1	2.871037E0
5.101158E1	2.410297E1	2.865502E0
5.104490E1	2.410717E1	2.870482E0
5.107822E1	2.410204E1	2.873182E0
5.111154E1	2.410581E1	2.872219E0
5.114486E1	2.408379E1	2.879192E0
5.117818E1	2.398030E1	2.861025E0
5.121150E1	2.373239E1	2.795701E0
5.124482E1	2.336060E1	2.745983E0
5.127814E1	2.299081E1	2.715887E0
5.131146E1	2.278238E1	2.762614E0
5.134477E1	2.279625E1	2.718383E0
5.137809E1	2.281596E1	2.690910E0
5.141141E1	2.281924E1	2.709099E0
5.144473E1	2.281027E1	2.714367E0
5.147805E1	2.281104E1	2.713116E0
5.151137E1	2.280861E1	2.713246E0
5.154469E1	2.280651E1	2.712726E0
5.157801E1	2.284647E1	2.716068E0
5.161133E1	2.296273E1	2.725739E0
5.164465E1	2.307129E1	2.709977E0
5.167797E1	2.319696E1	2.710536E0
5.171129E1	2.331556E1	2.735402E0
5.174460E1	2.338980E1	2.756326E0
5.177792E1	2.346461E1	2.762894E0
5.181124E1	2.354689E1	2.772624E0
5.184456E1	2.362078E1	2.776711E0
5.187788E1	2.367072E1	2.784420E0
5.191120E1	2.368306E1	2.779642E0
5.194452E1	2.367972E1	2.791731E0
5.197784E1	2.368689E1	2.800849E0
5.201116E1	2.368313E1	2.793404E0
5.204448E1	2.368729E1	2.803881E0
5.207780E1	2.368793E1	2.815901E0
5.211111E1	2.369460E1	2.814078E0
5.214443E1	2.370288E1	2.808103E0
5.217775E1	2.370769E1	2.798735E0
5.221107E1	2.371931E1	2.807000E0
5.224439E1	2.373599E1	2.809332E0
5.227771E1	2.377972E1	2.806296E0
5.231103E1	2.382918E1	2.801572E0
5.234435E1	2.388832E1	2.801814E0
5.237767E1	2.395079E1	2.802403E0
5.241099E1	2.401334E1	2.805708E0
5.244431E1	2.407695E1	2.808905E0
5.247763E1	2.414419E1	2.822859E0
5.251094E1	2.420727E1	2.819040E0
5.254426E1	2.424963E1	2.819525E0
5.257758E1	2.425911E1	2.832253E0
5.261090E1	2.431094E1	2.849124E0
5.264422E1	2.441771E1	2.868053E0
5.267754E1	2.449007E1	2.876958E0
5.271086E1	2.453629E1	2.886227E0
5.274418E1	2.461323E1	2.877769E0
5.277750E1	2.472654E1	2.889292E0
5.281082E1	2.482309E1	2.912051E0
5.284414E1	2.483835E1	2.901162E0
5.287745E1	2.482075E1	2.905965E0
5.291077E1	2.484081E1	2.931530E0
5.294409E1	2.496113E1	2.950266E0
5.297741E1	2.502212E1	2.964823E0
5.301073E1	2.504149E1	2.954086E0
5.304405E1	2.503478E1	2.960952E0
5.307737E1	2.504366E1	2.970316E0
5.311069E1	2.504116E1	2.970220E0
5.314401E1	2.502046E1	2.970182E0
5.317733E1	2.493596E1	2.944098E0
5.321065E1	2.469362E1	2.916994E0
5.324397E1	2.437727E1	2.864208E0
5.327728E1	2.406616E1	2.860620E0
5.331060E1	2.399301E1	2.875376E0
5.334392E1	2.400749E1	2.849238E0
5.337724E1	2.402363E1	2.831184E0
5.341056E1	2.401258E1	2.842340E0
5.344388E1	2.399756E1	2.842045E0
5.347720E1	2.399470E1	2.834765E0
5.351052E1	2.399545E1	2.828484E0
5.354384E1	2.399667E1	2.824068E0
5.357716E1	2.403039E1	2.825656E0
5.361048E1	2.415901E1	2.834615E0
5.364379E1	2.427360E1	2.827813E0
5.367711E1	2.430169E1	2.849490E0
5.371043E1	2.433330E1	2.846410E0
5.374375E1	2.447169E1	2.848330E0
5.377707E1	2.463645E1	2.867717E0
5.381039E1	2.476105E1	2.904888E0
5.384371E1	2.481952E1	2.932584E0
5.387703E1	2.484519E1	2.932352E0
5.391035E1	2.485790E1	2.916293E0
5.394367E1	2.482889E1	2.913954E0
5.397699E1	2.477440E1	2.908906E0
5.401030E1	2.477546E1	2.910025E0
5.404362E1	2.478638E1	2.932279E0
5.407694E1	2.478448E1	2.921820E0
5.411026E1	2.478783E1	2.920297E0
5.414358E1	2.481258E1	2.904038E0
5.417690E1	2.482035E1	2.909457E0
5.421022E1	2.480486E1	2.913308E0
5.424354E1	2.481946E1	2.904369E0
5.427686E1	2.485232E1	2.909166E0
5.431018E1	2.488669E1	2.894910E0
5.434350E1	2.492570E1	2.904894E0
5.437682E1	2.497557E1	2.919760E0
5.441013E1	2.503780E1	2.928512E0
5.444345E1	2.511236E1	2.939618E0
5.447677E1	2.517991E1	2.928690E0
5.451009E1	2.523661E1	2.918095E0
5.454341E1	2.529905E1	2.911366E0
5.457673E1	2.532201E1	2.900099E0
5.461005E1	2.533983E1	2.916227E0
5.464337E1	2.544085E1	2.932586E0
5.467669E1	2.557579E1	2.961553E0
5.471001E1	2.568266E1	3.003365E0
5.474333E1	2.573063E1	3.019068E0
5.477664E1	2.578602E1	3.020644E0
5.480996E1	2.588043E1	3.031995E0
5.484328E1	2.593622E1	3.028381E0
5.487660E1	2.596718E1	3.018475E0
5.490992E1	2.600709E1	3.026811E0
5.494324E1	2.600545E1	3.020244E0
5.497656E1	2.600542E1	3.023599E0
5.500988E1	2.600572E1	3.023300E0
5.504320E1	2.600614E1	3.022894E0
5.507652E1	2.600663E1	3.022964E0
5.510984E1	2.600770E1	3.022840E0
5.514316E1	2.599852E1	3.026165E0
5.517647E1	2.589817E1	3.009388E0
5.520979E1	2.556917E1	2.971806E0
5.524311E1	2.519038E1	2.963353E0
5.527643E1	2.482568E1	2.918916E0
5.530975E1	2.465472E1	2.927416E0
5.534307E1	2.466061E1	2.897013E0
5.537639E1	2.467252E1	2.895519E0
5.540971E1	2.466923E1	2.907062E0
5.544303E1	2.466135E1	2.914328E0
5.547635E1	2.465921E1	2.913667E0
5.550967E1	2.465951E1	2.913652E0
5.554298E1	2.465411E1	2.886261E0
5.557630E1	2.469367E1	2.868037E0
5.560962E1	2.479116E1	2.894448E0
5.564294E1	2.488189E1	2.910827E0
5.567626E1	2.495912E1	2.927642E0
5.570958E1	2.504132E1	2.928828E0
5.574290E1	2.512638E1	2.945040E0
5.577622E1	2.521419E1	2.945362E0
5.580954E1	2.529431E1	2.969158E0
5.584286E1	2.537002E1	2.970104E0
5.587618E1	2.541575E1	2.970404E0
5.590950E1	2.544376E1	2.980927E0
5.594281E1	2.546437E1	2.991999E0
5.597613E1	2.549579E1	3.022346E0
5.600945E1	2.551452E1	3.026202E0
5.604277E1	2.550338E1	3.026414E0
5.607609E1	2.548956E1	2.983929E0
5.610941E1	2.549524E1	2.980682E0
5.614273E1	2.551047E1	2.975311E0
5.617605E1	2.551857E1	2.977096E0
5.620937E1	2.552178E1	2.973269E0
5.624269E1	2.553343E1	2.963198E0
5.627601E1	2.556129E1	2.963173E0
5.630932E1	2.558580E1	2.946735E0
5.634264E1	2.558636E1	2.952776E0
5.637596E1	2.560719E1	2.970614E0
5.640928E1	2.564535E1	2.956210E0
5.644260E1	2.568774E1	2.936741E0
5.647592E1	2.571730E1	2.939752E0
5.650924E1	2.576649E1	2.940841E0
5.654256E1	2.583025E1	2.938081E0
5.657588E1	2.589213E1	2.925654E0
