	mass A		
t	x	y	
0.000000E0	2.123270E-1	-2.827885E-3
3.331912E-2	4.416578E-1	-2.425383E-2
6.663825E-2	7.500347E-1	-2.962401E-2
9.995737E-2	9.833958E-1	-3.865091E-3
1.332765E-1	1.189522E0	4.456592E-2
1.665956E-1	1.346497E0	3.089371E-2
1.999147E-1	1.501514E0	-7.405970E-3
2.332339E-1	1.515151E0	-3.959083E-3
2.665530E-1	1.673326E0	2.467771E-2
2.998721E-1	2.027766E0	-1.579467E-2
3.331912E-1	2.502424E0	-3.214708E-2
3.665104E-1	2.579126E0	-9.020356E-2
3.998295E-1	2.266428E0	-6.851277E-2
4.331486E-1	1.889324E0	-6.206509E-2
4.664677E-1	1.524303E0	-7.959228E-2
4.997869E-1	1.363349E0	-1.318231E-1
5.331060E-1	1.392471E0	-1.713541E-1
5.664251E-1	1.561271E0	-2.695809E-1
5.997442E-1	1.696273E0	-2.477648E-1
6.330633E-1	1.868604E0	-1.991575E-1
6.663825E-1	2.028934E0	-2.005524E-1
6.997016E-1	2.284342E0	-2.160721E-1
7.330207E-1	2.503865E0	-2.065110E-1
7.663398E-1	2.718869E0	-1.687124E-1
7.996590E-1	3.052294E0	-1.544872E-1
8.329781E-1	3.451861E0	-1.692582E-1
8.662972E-1	3.482377E0	-1.748649E-1
8.996163E-1	3.168148E0	-1.669491E-1
9.329355E-1	2.784346E0	-1.113197E-1
9.662546E-1	2.431248E0	-7.720454E-2
9.995737E-1	2.249060E0	-1.361817E-1
1.032893E0	2.332402E0	-1.989440E-1
1.066212E0	2.466749E0	-2.636298E-1
1.099531E0	2.504717E0	-2.119280E-1
1.132850E0	2.505941E0	-2.071263E-1
1.166169E0	2.517883E0	-2.134958E-1
1.199488E0	2.621164E0	-2.180866E-1
1.232808E0	2.679305E0	-1.593495E-1
1.266127E0	2.877645E0	-1.224968E-1
1.299446E0	3.184041E0	-1.599440E-1
1.332765E0	3.547562E0	-1.564396E-1
1.366084E0	3.741476E0	-1.055140E-1
1.399403E0	3.609398E0	-1.171067E-1
1.432722E0	3.382297E0	-1.225181E-1
1.466041E0	3.164543E0	-1.032318E-1
1.499361E0	3.121192E0	-9.440916E-2
1.532680E0	3.155372E0	-1.533459E-1
1.565999E0	3.219562E0	-2.370450E-1
1.599318E0	3.238510E0	-2.188983E-1
1.632637E0	3.236684E0	-1.713658E-1
1.665956E0	3.211987E0	-1.535343E-1
1.699275E0	3.222601E0	-1.644741E-1
1.732594E0	3.222062E0	-1.637619E-1
1.765914E0	3.274596E0	-1.641060E-1
1.799233E0	3.488491E0	-1.540911E-1
1.832552E0	3.710516E0	-1.535629E-1
1.865871E0	3.789035E0	-1.464182E-1
1.899190E0	3.733246E0	-1.515421E-1
1.932509E0	3.595461E0	-1.931385E-1
1.965828E0	3.478030E0	-1.576221E-1
1.999147E0	3.478705E0	-1.474992E-1
2.032467E0	3.631020E0	-1.938188E-1
2.065786E0	3.936492E0	-2.103567E-1
2.099105E0	4.218816E0	-1.685415E-1
2.132424E0	4.469865E0	-1.254920E-1
2.165743E0	4.679177E0	-1.696687E-1
2.199062E0	4.862045E0	-2.359833E-1
2.232381E0	4.945749E0	-1.821866E-1
2.265700E0	5.125138E0	-1.679644E-1
2.299020E0	5.425665E0	-1.668464E-1
2.332339E0	5.701810E0	-1.773533E-1
2.365658E0	5.721320E0	-2.141109E-1
2.398977E0	5.501318E0	-1.825865E-1
2.432296E0	5.175424E0	-1.304577E-1
2.465615E0	4.815305E0	-1.173990E-1
2.498934E0	4.620223E0	-1.101053E-1
2.532253E0	4.687914E0	-1.629077E-1
2.565573E0	4.728568E0	-1.646585E-1
2.598892E0	4.713339E0	-1.740738E-1
2.632211E0	4.765867E0	-1.851961E-1
2.665530E0	4.843068E0	-2.034291E-1
2.698849E0	4.981344E0	-2.271127E-1
2.732168E0	5.124995E0	-2.155776E-1
2.765487E0	5.346547E0	-2.025863E-1
2.798806E0	5.512361E0	-1.847733E-1
2.832126E0	5.623431E0	-1.699642E-1
2.865445E0	5.686931E0	-1.548356E-1
2.898764E0	5.625467E0	-1.713111E-1
2.932083E0	5.465061E0	-1.844896E-1
2.965402E0	5.290765E0	-1.291070E-1
2.998721E0	5.276739E0	-8.773132E-2
3.032040E0	5.341707E0	-1.723290E-1
3.065359E0	5.430300E0	-2.108732E-1
3.098678E0	5.516627E0	-2.015995E-1
3.131998E0	5.670369E0	-1.739397E-1
3.165317E0	5.864979E0	-1.779597E-1
3.198636E0	6.113824E0	-2.281455E-1
3.231955E0	6.320291E0	-1.923356E-1
3.265274E0	6.457239E0	-1.655122E-1
3.298593E0	6.776105E0	-1.484886E-1
3.331912E0	7.188578E0	-1.604927E-1
3.365231E0	7.308191E0	-2.084218E-1
3.398551E0	7.139847E0	-1.984255E-1
3.431870E0	6.906638E0	-1.230614E-1
3.465189E0	6.709497E0	-1.039449E-1
3.498508E0	6.665060E0	-8.814458E-2
3.531827E0	6.695002E0	-1.365541E-1
3.565146E0	6.750096E0	-2.284703E-1
3.598465E0	6.819052E0	-2.018201E-1
3.631784E0	6.934630E0	-1.873696E-1
3.665104E0	7.095496E0	-2.399111E-1
3.698423E0	7.334790E0	-2.451023E-1
3.731742E0	7.511806E0	-2.480885E-1
3.765061E0	7.644616E0	-2.165485E-1
3.798380E0	7.894963E0	-2.050386E-1
3.831699E0	8.098174E0	-1.750055E-1
3.865018E0	8.116513E0	-1.234014E-1
3.898337E0	7.936420E0	-1.431505E-1
3.931657E0	7.681723E0	-1.651996E-1
3.964976E0	7.411105E0	-1.306434E-1
3.998295E0	7.279100E0	-1.137714E-1
4.031614E0	7.264990E0	-1.630847E-1
4.064933E0	7.290566E0	-1.943534E-1
4.098252E0	7.299753E0	-1.690543E-1
4.131571E0	7.302457E0	-1.640674E-1
4.164890E0	7.352037E0	-1.636150E-1
4.198210E0	7.374967E0	-1.546524E-1
4.231529E0	7.471991E0	-1.124071E-1
4.264848E0	7.735717E0	-1.458843E-1
4.298167E0	8.065657E0	-1.899508E-1
4.331486E0	8.412514E0	-1.850874E-1
4.364805E0	8.476752E0	-1.187092E-1
4.398124E0	8.296806E0	-1.158059E-1
4.431443E0	8.025878E0	-1.245037E-1
4.464763E0	7.810256E0	-1.452256E-1
4.498082E0	7.735218E0	-9.417455E-2
4.531401E0	7.779727E0	-1.438557E-1
4.564720E0	7.872818E0	-2.262526E-1
4.598039E0	7.978945E0	-1.684206E-1
4.631358E0	8.134299E0	-1.146031E-1
4.664677E0	8.355913E0	-1.506154E-1
4.697996E0	8.581430E0	-1.762197E-1
4.731316E0	8.690101E0	-1.416614E-1
4.764635E0	8.718508E0	-7.727146E-2
4.797954E0	8.788399E0	-8.521029E-2
4.831273E0	9.070976E0	-1.341368E-1
4.864592E0	9.312583E0	-1.120363E-1
4.897911E0	9.339540E0	-1.303313E-1
4.931230E0	9.201084E0	-6.236567E-2
4.964549E0	9.179365E0	-5.327951E-2
4.997869E0	9.224837E0	-8.606815E-2
5.031188E0	9.277551E0	-1.345781E-1
5.064507E0	9.382256E0	-1.312867E-1
5.097826E0	9.554202E0	-1.087296E-1
5.131145E0	9.837577E0	-1.257238E-1
5.164464E0	1.010162E1	-1.764214E-1
5.197783E0	1.035714E1	-2.206017E-1
5.231102E0	1.053467E1	-2.034052E-1
5.264422E0	1.067405E1	-1.380415E-1
5.297741E0	1.094409E1	-1.402061E-1
5.331060E0	1.112313E1	-1.147438E-1
5.364379E0	1.108577E1	-1.067458E-1
5.397698E0	1.087007E1	-1.107849E-1
5.431017E0	1.050626E1	-7.804179E-2
5.464336E0	1.014475E1	-3.122889E-2
5.497655E0	9.956750E0	-5.448495E-2
5.530975E0	1.001240E1	-1.131371E-1
5.564294E0	1.030201E1	-1.309729E-1
5.597613E0	1.068017E1	-1.345832E-1
5.630932E0	1.107542E1	-1.140231E-1
5.664251E0	1.140915E1	-9.407687E-2
5.697570E0	1.174167E1	-9.861310E-2
5.730889E0	1.200016E1	-1.006660E-1
5.764208E0	1.214086E1	-9.723985E-2
5.797528E0	1.235022E1	-1.219910E-1
5.830847E0	1.246564E1	-7.954328E-2
5.864166E0	1.243784E1	-8.719956E-2
5.897485E0	1.225800E1	-1.064086E-1
5.930804E0	1.185005E1	-9.345285E-2
5.964123E0	1.148920E1	-4.061068E-2
5.997442E0	1.122610E1	-4.697936E-2
6.030761E0	1.118282E1	-1.284055E-1
6.064081E0	1.124300E1	-1.887846E-1
6.097400E0	1.140762E1	-1.690440E-1
6.130719E0	1.155216E1	-1.444467E-1
6.164038E0	1.163623E1	-1.546780E-1
6.197357E0	1.162670E1	-1.523125E-1
6.230676E0	1.161627E1	-1.515702E-1
6.263995E0	1.165891E1	-1.376344E-1
6.297314E0	1.188394E1	-1.399340E-1
6.330633E0	1.217472E1	-1.070205E-1
6.363953E0	1.227687E1	-9.558428E-2
6.397272E0	1.216465E1	-1.099970E-1
6.430591E0	1.196009E1	-1.420939E-1
6.463910E0	1.182771E1	-1.481398E-1
6.497229E0	1.179007E1	-1.508121E-1
6.530548E0	1.185742E1	-1.775482E-1
6.563867E0	1.198607E1	-1.633191E-1
6.597186E0	1.211472E1	-1.529139E-1
6.630506E0	1.231567E1	-1.544735E-1
6.663825E0	1.252922E1	-1.681857E-1
6.697144E0	1.272940E1	-2.194535E-1
6.730463E0	1.289360E1	-1.948633E-1
6.763782E0	1.304640E1	-1.270156E-1
6.797101E0	1.330950E1	-1.259337E-1
6.830420E0	1.338335E1	-1.833357E-1
6.863739E0	1.332970E1	-1.839502E-1
6.897059E0	1.324843E1	-1.310745E-1
6.930378E0	1.297139E1	-1.004444E-1
6.963697E0	1.257763E1	-1.020966E-1
6.997016E0	1.218814E1	-1.076264E-1
7.030335E0	1.210666E1	-1.032372E-1
7.063654E0	1.223592E1	-1.847188E-1
7.096973E0	1.238068E1	-1.293551E-1
7.130292E0	1.255040E1	-1.046985E-1
7.163612E0	1.269644E1	-1.499530E-1
7.196931E0	1.284314E1	-2.307970E-1
7.230250E0	1.299958E1	-2.258600E-1
7.263569E0	1.318597E1	-1.262196E-1
7.296888E0	1.350138E1	-1.483468E-1
7.330207E0	1.387242E1	-1.402279E-1
7.363526E0	1.396904E1	-1.483065E-1
7.396845E0	1.391311E1	-1.226610E-1
7.430165E0	1.387630E1	-1.302539E-1
7.463484E0	1.373418E1	-1.114499E-1
7.496803E0	1.349946E1	-1.224058E-1
7.530122E0	1.313642E1	-6.919444E-2
7.563441E0	1.273671E1	-7.857108E-2
7.596760E0	1.262141E1	-1.328919E-1
7.630079E0	1.258478E1	-1.519561E-1
7.663398E0	1.261573E1	-2.201283E-1
7.696718E0	1.275919E1	-2.222979E-1
7.730037E0	1.289376E1	-2.204459E-1
7.763356E0	1.308530E1	-1.642006E-1
7.796675E0	1.340615E1	-1.695653E-1
7.829994E0	1.379244E1	-1.390065E-1
7.863313E0	1.388289E1	-1.463237E-1
7.896632E0	1.366252E1	-1.468592E-1
7.929951E0	1.332546E1	-1.128714E-1
7.963271E0	1.299311E1	-6.673266E-2
7.996590E0	1.280716E1	-3.693975E-2
8.029909E0	1.296171E1	-1.610076E-1
8.063228E0	1.319555E1	-1.786369E-1
8.096547E0	1.352058E1	-1.292170E-1
8.129866E0	1.372311E1	-1.155156E-1
8.163185E0	1.381830E1	-1.796185E-1
8.196504E0	1.384479E1	-1.642757E-1
8.229824E0	1.387733E1	-1.823416E-1
8.263143E0	1.402505E1	-2.391652E-1
8.296462E0	1.445785E1	-2.122118E-1
8.329781E0	1.485819E1	-1.870758E-1
8.363100E0	1.490520E1	-2.074690E-1
8.396419E0	1.473680E1	-4.367027E-2
8.429738E0	1.424618E1	-1.805038E-1
8.463057E0	1.387019E1	-8.034167E-2
8.496377E0	1.364377E1	-9.657743E-2
8.529696E0	1.369542E1	-1.990328E-1
8.563015E0	1.382172E1	-2.399947E-1
8.596334E0	1.402615E1	-1.367286E-1
8.629653E0	1.421200E1	-9.005050E-2
8.662972E0	1.444388E1	-1.211147E-1
8.696291E0	1.474611E1	-2.000909E-1
8.729610E0	1.493617E1	-1.505761E-1
8.762930E0	1.510236E1	-8.648663E-2
8.796249E0	1.540940E1	-9.840295E-2
8.829568E0	1.577686E1	-1.566873E-1
8.862887E0	1.588219E1	-2.164848E-1
8.896206E0	1.579996E1	-1.428617E-1
8.929525E0	1.560745E1	-1.016860E-1
8.962844E0	1.567437E1	-1.508420E-1
8.996163E0	1.543373E1	-9.937230E-2
9.029483E0	1.516465E1	-8.912122E-3
9.062802E0	1.500135E1	5.118043E-2
9.096121E0	1.476856E1	-3.259566E-2
9.129440E0	1.483599E1	-4.314667E-2
9.162759E0	1.485478E1	-8.200866E-2
9.196078E0	1.505707E1	-1.136617E-1
9.229397E0	1.528793E1	-1.746540E-1
9.262716E0	1.543270E1	-1.765821E-1
9.296035E0	1.573266E1	-1.226595E-1
9.329355E0	1.615808E1	-7.040791E-2
9.362674E0	1.618665E1	-9.974721E-2
9.395993E0	1.592658E1	-5.767171E-2
9.429312E0	1.559934E1	1.425725E-2
9.462631E0	1.517520E1	5.851794E-2
9.495950E0	1.495258E1	1.321822E-2
9.529269E0	1.495078E1	-1.218990E-1
9.562588E0	1.515281E1	-1.728545E-1
9.595908E0	1.531946E1	1.798492E-2
9.629227E0	1.546410E1	6.405588E-3
9.662546E0	1.561774E1	-5.355843E-2
9.695865E0	1.577114E1	-1.328249E-1
9.729184E0	1.575286E1	-5.535799E-2
9.762503E0	1.587948E1	2.983204E-2
9.795822E0	1.625524E1	-2.343717E-2
9.829141E0	1.648674E1	-3.617336E-2
9.862461E0	1.656408E1	-2.755045E-2
9.895780E0	1.631315E1	-2.420841E-2
9.929099E0	1.592748E1	9.886885E-3
9.962418E0	1.568646E1	3.240285E-2
9.995737E0	1.554105E1	-1.392519E-2
1.002906E1	1.555919E1	-1.010433E-1
1.006238E1	1.577075E1	-1.617786E-1
1.009569E1	1.592556E1	-1.348815E-1
1.012901E1	1.615731E1	-1.283153E-1
1.016233E1	1.631212E1	-1.014182E-1
1.019565E1	1.642780E1	-1.126119E-1
1.022897E1	1.635098E1	-8.262994E-2
1.026229E1	1.642845E1	-6.435580E-2
1.029561E1	1.671798E1	-6.821201E-2
1.032893E1	1.700675E1	-1.299756E-1
1.036225E1	1.691963E1	-1.481212E-1
1.039557E1	1.679455E1	-1.174965E-1
1.042889E1	1.656408E1	-2.755045E-2
1.046220E1	1.629449E1	2.430481E-2
1.049552E1	1.620685E1	-3.244569E-2
1.052884E1	1.638997E1	-5.419042E-2
1.056216E1	1.659239E1	-7.619222E-2
1.059548E1	1.688218E1	-6.074597E-2
1.062880E1	1.702721E1	-4.337161E-2
1.066212E1	1.721998E1	-6.524487E-2
1.069544E1	1.745045E1	-1.551909E-1
1.072876E1	1.763395E1	-1.479819E-1
1.076208E1	1.773123E1	-9.135996E-2
1.079540E1	1.795373E1	-5.571147E-2
1.082872E1	1.817686E1	2.819316E-2
1.086203E1	1.826334E1	-1.917392E-3
1.089535E1	1.812745E1	-5.802520E-2
1.092867E1	1.772235E1	-3.332405E-2
1.096199E1	1.739447E1	-9.651228E-3
1.099531E1	1.700881E1	2.444407E-2
1.102863E1	1.708460E1	-8.274777E-2
1.106195E1	1.728702E1	-1.047496E-1
1.109527E1	1.763434E1	-1.190282E-1
1.112859E1	1.789608E1	-3.563778E-2
1.116191E1	1.818600E1	-1.054030E-2
1.119523E1	1.828148E1	-8.903553E-2
1.122854E1	1.839717E1	-1.002292E-1
1.126186E1	1.859148E1	-6.287759E-3
1.129518E1	1.891924E1	-3.961181E-2
1.132850E1	1.914109E1	-5.221947E-2
1.136182E1	1.928573E1	-6.379880E-2
1.139514E1	1.907048E1	-3.258549E-2
1.142846E1	1.866830E1	-3.626977E-2
1.146178E1	1.827337E1	2.690775E-2
1.149510E1	1.790611E1	-6.812632E-3
1.152842E1	1.791564E1	-1.659240E-2
1.156174E1	1.806851E1	-1.344638E-1
1.159506E1	1.826257E1	-5.982476E-2
1.162837E1	1.846601E1	-4.616736E-3
1.166169E1	1.860962E1	-9.340590E-2
1.169501E1	1.874461E1	-1.048567E-1
1.172833E1	1.871579E1	-9.481984E-2
1.176165E1	1.874577E1	-1.799563E-2
1.179497E1	1.888050E1	-4.874888E-2
1.182829E1	1.920864E1	-5.311925E-2
1.186161E1	1.942123E1	-3.664468E-2
1.189493E1	1.923760E1	-5.350487E-2
1.192825E1	1.906362E1	-7.049360E-2
1.196157E1	1.887136E1	-1.001543E-2
1.199488E1	1.876546E1	1.070097E-2
1.202820E1	1.879351E1	-5.724325E-2
1.206152E1	1.887922E1	-1.452612E-1
1.209484E1	1.895694E1	-1.076846E-1
1.212816E1	1.901536E1	-6.985090E-2
1.216148E1	1.927505E1	-1.408801E-1
1.219480E1	1.944812E1	-1.914499E-1
1.222812E1	1.954618E1	-7.692061E-2
1.226144E1	1.971952E1	-1.081880E-1
1.229476E1	2.000442E1	-1.161768E-1
1.232808E1	2.032435E1	-8.875046E-2
1.236139E1	2.037496E1	-6.899344E-2
1.239471E1	2.013870E1	-4.951273E-2
1.242803E1	1.982843E1	-5.904014E-2
1.246135E1	1.943422E1	-2.321566E-3
1.249467E1	1.916585E1	1.623537E-2
1.252799E1	1.915477E1	-5.146542E-2
1.256131E1	1.919360E1	-1.093455E-1
1.259463E1	1.938988E1	-1.239996E-1
1.262795E1	1.966082E1	-1.201744E-1
1.266127E1	1.994098E1	-7.802118E-2
1.269459E1	2.015124E1	-5.416774E-2
1.272791E1	2.032349E1	-1.145085E-1
1.276122E1	2.050222E1	-1.176500E-1
1.279454E1	2.077151E1	-3.915294E-2
1.282786E1	2.098934E1	-2.660094E-3
1.286118E1	2.108575E1	-2.518409E-2
1.289450E1	2.087819E1	-7.266114E-2
1.292782E1	2.064315E1	-3.642577E-2
1.296114E1	2.037278E1	1.497580E-2
1.299446E1	2.021827E1	7.547815E-3
1.302778E1	2.019754E1	-1.009672E-1
1.306110E1	2.030951E1	-1.309251E-1
1.309442E1	2.047405E1	-4.084792E-2
1.312773E1	2.061643E1	-3.396839E-2
1.316105E1	2.063679E1	-6.028690E-2
1.319437E1	2.065339E1	-8.028333E-2
1.322769E1	2.068139E1	-5.188097E-2
1.326101E1	2.085249E1	-6.421567E-2
1.329433E1	2.124244E1	-8.900521E-2
1.332765E1	2.164738E1	-9.488321E-2
1.336097E1	2.175094E1	-1.057395E-1
1.339429E1	2.157355E1	-8.014231E-2
1.342761E1	2.126132E1	-3.317893E-2
1.346093E1	2.092297E1	2.934629E-2
1.349425E1	2.076357E1	8.125116E-2
1.352756E1	2.077904E1	1.427607E-2
1.356088E1	2.096996E1	-1.735873E-2
1.359420E1	2.119759E1	-2.029030E-2
1.362752E1	2.139824E1	2.889528E-2
1.366084E1	2.158896E1	3.043134E-2
1.369416E1	2.178562E1	-2.274034E-2
1.372748E1	2.196153E1	-1.106244E-1
1.376080E1	2.211160E1	-8.878859E-2
1.379412E1	2.242539E1	-2.562086E-2
1.382744E1	2.276079E1	1.635450E-2
1.386076E1	2.285366E1	-5.353104E-2
1.389407E1	2.272224E1	-5.982198E-2
1.392739E1	2.243533E1	-2.162441E-2
1.396071E1	2.207738E1	-2.989316E-2
1.399403E1	2.169344E1	2.917995E-2
1.402735E1	2.152835E1	-2.255025E-2
1.406067E1	2.153542E1	-1.354881E-1
1.409399E1	2.162844E1	-7.288706E-2
1.412731E1	2.177256E1	-1.783865E-2
1.416063E1	2.191357E1	-1.249363E-1
1.419395E1	2.207820E1	-2.264569E-1
1.422727E1	2.220739E1	-1.831390E-1
1.426058E1	2.237971E1	-1.339796E-1
1.429390E1	2.267188E1	-1.053220E-1
1.432722E1	2.300104E1	-1.012015E-1
1.436054E1	2.311752E1	-1.002270E-1
1.439386E1	2.294207E1	-9.477082E-2
1.442718E1	2.263380E1	-9.867163E-2
1.446050E1	2.232887E1	-5.519501E-2
1.449382E1	2.208789E1	-4.263064E-2
1.452714E1	2.202862E1	-1.430030E-1
1.456046E1	2.213452E1	-1.703641E-1
1.459378E1	2.229250E1	-1.073723E-1
1.462710E1	2.235019E1	-1.266755E-1
1.466041E1	2.237095E1	-1.297710E-1
1.469373E1	2.243362E1	-8.954241E-2
1.472705E1	2.245180E1	-9.709622E-2
1.476037E1	2.255334E1	-1.758889E-1
1.479369E1	2.279181E1	-2.483045E-1
1.482701E1	2.317478E1	-2.073406E-1
1.486033E1	2.333262E1	-1.429311E-1
1.489365E1	2.320354E1	-1.101471E-1
1.492697E1	2.295703E1	-1.213086E-1
1.496029E1	2.271632E1	-1.336973E-1
1.499361E1	2.252212E1	-9.202163E-2
1.502692E1	2.253129E1	-1.358330E-1
1.506024E1	2.261437E1	-1.625524E-1
1.509356E1	2.272856E1	-7.005272E-2
1.512688E1	2.287244E1	-8.573371E-2
1.516020E1	2.299558E1	-1.916904E-1
1.519352E1	2.316612E1	-2.471685E-1
1.522684E1	2.330753E1	-2.111660E-1
1.526016E1	2.348965E1	-1.806714E-1
1.529348E1	2.371798E1	-1.751054E-1
1.532680E1	2.396066E1	-1.162551E-1
1.536012E1	2.397337E1	-1.093649E-1
1.539344E1	2.380206E1	-9.961871E-2
1.542675E1	2.353521E1	-1.084889E-1
1.546007E1	2.319566E1	-8.891338E-2
1.549339E1	2.293603E1	-3.273058E-3
1.552671E1	2.282046E1	-8.649411E-2
1.556003E1	2.284465E1	-1.908538E-1
1.559335E1	2.295090E1	-1.104934E-1
1.562667E1	2.316923E1	-5.570053E-2
1.565999E1	2.338566E1	-8.755688E-2
1.569331E1	2.366953E1	-1.533775E-1
1.572663E1	2.392612E1	-1.468451E-1
1.575995E1	2.415554E1	-1.176494E-1
1.579326E1	2.444666E1	-5.571197E-2
1.582658E1	2.470545E1	-9.230652E-2
1.585990E1	2.467700E1	-1.226901E-1
1.589322E1	2.444660E1	-9.294764E-2
1.592654E1	2.403352E1	-4.585866E-2
1.595986E1	2.365511E1	-4.648589E-2
1.599318E1	2.333119E1	-3.429141E-2
1.602650E1	2.327213E1	-1.832602E-1
1.605982E1	2.337882E1	-2.046988E-1
1.609314E1	2.351450E1	-8.500899E-2
1.612646E1	2.371000E1	-1.148937E-1
1.615977E1	2.386710E1	-2.160319E-1
1.619309E1	2.400952E1	-2.499949E-1
1.622641E1	2.415599E1	-2.285468E-1
1.625973E1	2.433601E1	-1.561114E-1
1.629305E1	2.457107E1	-1.686000E-1
1.632637E1	2.482885E1	-1.545611E-1
1.635969E1	2.490587E1	-1.657995E-1
1.639301E1	2.477060E1	-1.614287E-1
1.642633E1	2.453955E1	-1.711013E-1
1.645965E1	2.431123E1	-1.249496E-1
1.649297E1	2.412667E1	-5.063206E-2
1.652629E1	2.409622E1	-1.858318E-1
1.655960E1	2.414470E1	-2.021263E-1
1.659292E1	2.425151E1	-1.538474E-1
1.662624E1	2.429991E1	-1.731847E-1
1.665956E1	2.430940E1	-1.359064E-1
1.669288E1	2.427087E1	-1.716901E-1
1.672620E1	2.435459E1	-2.333122E-1
1.675952E1	2.440467E1	-2.846504E-1
1.679284E1	2.455555E1	-2.229050E-1
1.682616E1	2.488948E1	-1.710699E-1
1.685948E1	2.511818E1	-1.530855E-1
1.689280E1	2.506034E1	-1.651224E-1
1.692611E1	2.490602E1	-1.351216E-1
1.695943E1	2.478387E1	-1.245425E-1
1.699275E1	2.467904E1	-6.821202E-2
1.702607E1	2.475759E1	-1.919774E-1
1.705939E1	2.485671E1	-1.793020E-1
1.709271E1	2.501335E1	-1.136821E-1
1.712603E1	2.513413E1	-1.428050E-1
1.715935E1	2.522405E1	-1.831268E-1
1.719267E1	2.531122E1	-2.462749E-1
1.722599E1	2.534987E1	-2.255577E-1
1.725931E1	2.549237E1	-1.782654E-1
1.729263E1	2.577315E1	-1.742833E-1
1.732594E1	2.609879E1	-1.309639E-1
1.735926E1	2.616460E1	-1.415505E-1
1.739258E1	2.610869E1	-1.570787E-1
1.742590E1	2.615389E1	-1.379279E-1
1.745922E1	2.623131E1	-1.500260E-1
1.749254E1	2.615479E1	-1.413341E-1
1.752586E1	2.587935E1	-1.084902E-1
1.755918E1	2.547050E1	-9.061282E-2
1.759250E1	2.522300E1	-1.175559E-1
1.762582E1	2.513126E1	-1.830689E-1
1.765914E1	2.516844E1	-1.825697E-1
1.769245E1	2.530357E1	-2.540147E-1
1.772577E1	2.539916E1	-2.883459E-1
1.775909E1	2.554459E1	-2.333820E-1
1.779241E1	2.583995E1	-1.970274E-1
1.782573E1	2.620325E1	-1.845176E-1
1.785905E1	2.638638E1	-1.926059E-1
1.789237E1	2.622026E1	-1.914995E-1
1.792569E1	2.597811E1	-1.341715E-1
1.795901E1	2.572522E1	-1.154019E-1
1.799233E1	2.555789E1	-7.094984E-2
1.802565E1	2.551960E1	-1.977832E-1
1.805897E1	2.562073E1	-1.987386E-1
1.809228E1	2.582922E1	-1.053424E-1
1.812560E1	2.595994E1	-1.351418E-1
1.815892E1	2.605747E1	-1.579474E-1
1.819224E1	2.617567E1	-2.087349E-1
1.822556E1	2.627826E1	-2.171941E-1
1.825888E1	2.638509E1	-1.968762E-1
1.829220E1	2.658247E1	-1.330676E-1
1.832552E1	2.659516E1	-1.240987E-1
1.835884E1	2.657945E1	-1.347958E-1
1.839216E1	2.660885E1	-1.538004E-1
1.842548E1	2.663903E1	-1.333386E-1
1.845879E1	2.675924E1	-1.439394E-1
1.849211E1	2.679468E1	-1.350086E-1
1.852543E1	2.664309E1	-1.063793E-1
1.855875E1	2.643718E1	-7.904843E-2
1.859207E1	2.626968E1	-1.271250E-1
1.862539E1	2.630204E1	-1.703368E-1
1.865871E1	2.637884E1	-1.998186E-1
1.869203E1	2.642358E1	-2.031565E-1
1.872535E1	2.648053E1	-2.495891E-1
1.875867E1	2.658416E1	-2.367756E-1
1.879199E1	2.682287E1	-2.164510E-1
1.882530E1	2.700493E1	-1.633135E-1
1.885862E1	2.709676E1	-1.150020E-1
1.889194E1	2.712631E1	-9.019789E-2
1.892526E1	2.714036E1	-1.196313E-1
1.895858E1	2.713591E1	-1.146536E-1
1.899190E1	2.710428E1	-1.200233E-1
1.902522E1	2.696849E1	-9.365932E-2
1.905854E1	2.660781E1	-1.020580E-1
1.909186E1	2.623000E1	-8.239370E-2
1.912518E1	2.617898E1	-1.483522E-1
1.915850E1	2.622381E1	-2.012407E-1
1.919182E1	2.632377E1	-2.036219E-1
1.922513E1	2.643082E1	-2.260480E-1
1.925845E1	2.659000E1	-2.458308E-1
1.929177E1	2.686021E1	-2.105822E-1
1.932509E1	2.709996E1	-1.710561E-1
1.935841E1	2.717959E1	-9.512096E-2
1.939173E1	2.710892E1	-1.242381E-1
1.942505E1	2.693843E1	-1.155388E-1
1.945837E1	2.677002E1	-1.402310E-1
1.949169E1	2.675006E1	-4.616776E-2
1.952501E1	2.683101E1	-2.050128E-1
1.955833E1	2.697864E1	-1.987278E-1
1.959164E1	2.720499E1	-1.030894E-1
1.962496E1	2.736863E1	-1.047241E-1
1.965828E1	2.745842E1	-1.647599E-1
1.969160E1	2.741832E1	-1.650764E-1
1.972492E1	2.746104E1	-1.367868E-1
1.975824E1	2.746458E1	-1.414559E-1
1.979156E1	2.746873E1	-1.492042E-1
1.982488E1	2.761325E1	-1.435281E-1
1.985820E1	2.797107E1	-1.179524E-1
1.989152E1	2.817529E1	-1.078527E-1
1.992484E1	2.816585E1	-1.427055E-1
1.995816E1	2.823798E1	-1.331353E-1
1.999147E1	2.839613E1	-1.383444E-1
2.002479E1	2.845057E1	-1.327164E-1
2.005811E1	2.847269E1	-1.929639E-1
2.009143E1	2.853754E1	-1.020874E-1
2.012475E1	2.867825E1	-1.260592E-1
2.015807E1	2.878941E1	-1.728053E-1
2.019139E1	2.889005E1	-1.965088E-1
2.022471E1	2.894127E1	-2.106667E-1
2.025803E1	2.903973E1	-1.725519E-1
2.029135E1	2.917776E1	-1.839843E-1
2.032467E1	2.932230E1	-1.759729E-1
2.035798E1	2.944966E1	-1.320695E-1
2.039130E1	2.945154E1	-1.177018E-1
2.042462E1	2.927701E1	-9.435782E-2
2.045794E1	2.911395E1	-1.380715E-1
2.049126E1	2.898447E1	-6.359363E-2
2.052458E1	2.899250E1	-1.470027E-1
2.055790E1	2.904038E1	-1.681789E-1
2.059122E1	2.915041E1	-6.694711E-2
2.062454E1	2.926121E1	-8.906581E-2
2.065786E1	2.934479E1	-1.921266E-1
2.069118E1	2.942759E1	-2.263760E-1
2.072449E1	2.948201E1	-2.156403E-1
2.075781E1	2.964298E1	-1.787053E-1
2.079113E1	2.997605E1	-1.500150E-1
2.082445E1	3.030219E1	-1.376911E-1
2.085777E1	3.040533E1	-1.222583E-1
2.089109E1	3.025584E1	-1.386545E-1
2.092441E1	2.994616E1	-1.440954E-1
2.095773E1	2.959391E1	-1.134262E-1
2.099105E1	2.932221E1	-3.083486E-2
2.102437E1	2.925751E1	-1.380908E-1
2.105769E1	2.928236E1	-2.153527E-1
2.109101E1	2.938168E1	-1.313775E-1
2.112432E1	2.937523E1	-1.606939E-1
2.115764E1	2.942208E1	-1.369529E-1
2.119096E1	2.938586E1	-1.517228E-1
2.122428E1	2.942707E1	-2.203135E-1
2.125760E1	2.950368E1	-3.031648E-1
2.129092E1	2.955089E1	-2.595787E-1
2.132424E1	2.976775E1	-2.373947E-1
2.135756E1	3.004225E1	-1.995456E-1
2.139088E1	3.008176E1	-1.454913E-1
2.142420E1	3.001327E1	-1.165609E-1
2.145752E1	2.986361E1	-1.156035E-1
2.149083E1	2.975028E1	-6.457690E-2
2.152415E1	2.972735E1	-1.916624E-1
2.155747E1	2.981099E1	-1.980174E-1
2.159079E1	2.994661E1	-1.436672E-1
2.162411E1	3.005805E1	-1.563137E-1
2.165743E1	3.014534E1	-2.213992E-1
2.169075E1	3.025031E1	-2.921451E-1
2.172407E1	3.036401E1	-2.770861E-1
2.175739E1	3.047401E1	-2.234949E-1
2.179071E1	3.070260E1	-2.051915E-1
2.182403E1	3.080197E1	-1.969696E-1
2.185735E1	3.074361E1	-1.895354E-1
2.189066E1	3.069239E1	-1.709144E-1
2.192398E1	3.052041E1	-1.457146E-1
2.195730E1	3.008904E1	-9.190981E-2
2.199062E1	2.976503E1	-2.473174E-2
2.202394E1	2.965296E1	-1.315817E-1
2.205726E1	2.971512E1	-2.435476E-1
2.209058E1	2.986911E1	-1.482802E-1
2.212390E1	3.003126E1	-8.766467E-2
2.215722E1	3.010134E1	-1.953354E-1
2.219054E1	3.015515E1	-3.023033E-1
2.222386E1	3.025172E1	-2.819753E-1
2.225717E1	3.036745E1	-2.367174E-1
2.229049E1	3.062181E1	-2.067728E-1
2.232381E1	3.090486E1	-1.992016E-1
2.235713E1	3.107192E1	-2.002090E-1
2.239045E1	3.101455E1	-1.724865E-1
2.242377E1	3.078363E1	-1.326817E-1
2.245709E1	3.057823E1	-1.000380E-1
2.249041E1	3.043139E1	-9.043164E-2
2.252373E1	3.041675E1	-1.745613E-1
2.255705E1	3.053672E1	-2.397122E-1
2.259037E1	3.075286E1	-2.187229E-1
2.262368E1	3.096903E1	-1.858011E-1
2.265700E1	3.108601E1	-2.130410E-1
2.269032E1	3.121620E1	-2.380820E-1
2.272364E1	3.131391E1	-2.870693E-1
2.275696E1	3.144862E1	-2.566191E-1
2.279028E1	3.177003E1	-2.149394E-1
2.282360E1	3.219685E1	-2.005815E-1
2.285692E1	3.236994E1	-2.112081E-1
2.289024E1	3.218154E1	-2.253236E-1
2.292356E1	3.188076E1	-1.683061E-1
2.295688E1	3.150052E1	-1.325060E-1
2.299020E1	3.116228E1	-8.159559E-2
2.302351E1	3.106597E1	-1.974762E-1
2.305683E1	3.106885E1	-2.432516E-1
2.309015E1	3.111711E1	-1.990461E-1
2.312347E1	3.114925E1	-2.313113E-1
2.315679E1	3.112172E1	-1.879651E-1
2.319011E1	3.116978E1	-2.042285E-1
2.322343E1	3.129255E1	-2.806448E-1
2.325675E1	3.139522E1	-3.158887E-1
2.329007E1	3.149463E1	-2.562378E-1
2.332339E1	3.167081E1	-2.196341E-1
2.335671E1	3.193572E1	-2.200854E-1
2.339002E1	3.189972E1	-2.147153E-1
2.342334E1	3.179599E1	-1.582919E-1
2.345666E1	3.166787E1	-9.656322E-2
2.348998E1	3.156175E1	-4.628294E-2
2.352330E1	3.156053E1	-1.739148E-1
2.355662E1	3.160322E1	-2.051169E-1
2.358994E1	3.173215E1	-1.160543E-1
2.362326E1	3.182164E1	-9.184940E-2
2.365658E1	3.190289E1	-1.776868E-1
2.368990E1	3.202236E1	-2.861299E-1
2.372322E1	3.208639E1	-2.608553E-1
2.375654E1	3.211020E1	-2.567477E-1
2.378985E1	3.211289E1	-2.340924E-1
2.382317E1	3.226905E1	-2.370461E-1
2.385649E1	3.266181E1	-2.106637E-1
2.388981E1	3.297118E1	-1.678231E-1
2.392313E1	3.292481E1	-1.525247E-1
2.395645E1	3.288747E1	-1.890931E-1
2.398977E1	3.284053E1	-1.284701E-1
2.402309E1	3.286736E1	-1.652782E-1
2.405641E1	3.289057E1	-2.453340E-1
2.408973E1	3.298228E1	-1.376322E-1
2.412305E1	3.309143E1	-1.642397E-1
2.415636E1	3.319656E1	-2.460576E-1
2.418968E1	3.330078E1	-3.344383E-1
2.422300E1	3.335253E1	-4.169704E-1
2.425632E1	3.345748E1	-4.980720E-1
2.428964E1	3.376787E1	-5.306103E-1
2.432296E1	3.413349E1	-4.951929E-1
2.435628E1	3.438054E1	-4.500979E-1
2.438960E1	3.420955E1	-4.414678E-1
2.442292E1	3.386463E1	-4.008605E-1
2.445624E1	3.344196E1	-3.067124E-1
2.448956E1	3.311143E1	-2.572222E-1
2.452288E1	3.294625E1	-2.486198E-1
2.455619E1	3.298631E1	-2.832557E-1
2.458951E1	3.315908E1	-3.332822E-1
2.462283E1	3.334729E1	-2.875934E-1
2.465615E1	3.358656E1	-3.342653E-1
2.468947E1	3.380100E1	-3.796520E-1
2.472279E1	3.402314E1	-4.730746E-1
2.475611E1	3.415717E1	-5.075439E-1
2.478943E1	3.436649E1	-5.337924E-1
2.482275E1	3.476899E1	-4.569308E-1
2.485607E1	3.501889E1	-4.698161E-1
2.488939E1	3.481981E1	-4.693423E-1
2.492270E1	3.444670E1	-4.543291E-1
2.495602E1	3.398253E1	-3.650886E-1
2.498934E1	3.353554E1	-2.799016E-1
2.502266E1	3.338310E1	-3.582263E-1
2.505598E1	3.345625E1	-4.994900E-1
2.508930E1	3.363177E1	-5.620766E-1
2.512262E1	3.380341E1	-5.157547E-1
2.515594E1	3.395327E1	-5.088773E-1
2.518926E1	3.409075E1	-5.972500E-1
2.522258E1	3.419567E1	-6.888578E-1
2.525590E1	3.419180E1	-6.695697E-1
2.528921E1	3.419687E1	-6.461396E-1
2.532253E1	3.432550E1	-6.113310E-1
2.535585E1	3.468333E1	-6.460981E-1
2.538917E1	3.492820E1	-6.374347E-1
2.542249E1	3.487660E1	-5.867534E-1
2.545581E1	3.483317E1	-6.261203E-1
2.548913E1	3.477223E1	-6.111148E-1
2.552245E1	3.481866E1	-6.310790E-1
2.555577E1	3.484884E1	-6.866008E-1
2.558909E1	3.493142E1	-6.433754E-1
2.562241E1	3.501618E1	-6.507198E-1
2.565573E1	3.505945E1	-6.970462E-1
2.568904E1	3.512970E1	-8.161821E-1
2.572236E1	3.520253E1	-8.952074E-1
2.575568E1	3.533080E1	-9.767539E-1
2.578900E1	3.561618E1	-9.912411E-1
2.582232E1	3.593328E1	-9.613696E-1
2.585564E1	3.613938E1	-9.063804E-1
2.588896E1	3.607429E1	-8.762538E-1
2.592228E1	3.583050E1	-8.118507E-1
2.595560E1	3.556958E1	-7.620095E-1
2.598892E1	3.529129E1	-7.091118E-1
2.602224E1	3.523509E1	-8.114888E-1
2.605555E1	3.526680E1	-8.193110E-1
2.608887E1	3.530966E1	-7.952378E-1
2.612219E1	3.535581E1	-7.827522E-1
2.615551E1	3.545783E1	-8.686895E-1
2.618883E1	3.554516E1	-9.230155E-1
2.622215E1	3.555553E1	-9.808276E-1
2.625547E1	3.557381E1	-9.150722E-1
2.628879E1	3.556630E1	-8.883459E-1
2.632211E1	3.555573E1	-9.061788E-1
2.635543E1	3.575588E1	-9.297465E-1
2.638875E1	3.584499E1	-9.175304E-1
2.642207E1	3.581990E1	-8.784914E-1
2.645538E1	3.565461E1	-8.056701E-1
2.648870E1	3.547183E1	-7.316538E-1
2.652202E1	3.534090E1	-8.099387E-1
2.655534E1	3.536361E1	-8.468090E-1
2.658866E1	3.547283E1	-8.968019E-1
2.662198E1	3.554336E1	-8.931796E-1
2.665530E1	3.558010E1	-8.949778E-1
2.668862E1	3.558278E1	-9.526195E-1
2.672194E1	3.559934E1	-1.067001E0
2.675526E1	3.558601E1	-1.090893E0
2.678858E1	3.559237E1	-1.097099E0
2.682189E1	3.563019E1	-1.079410E0
2.685521E1	3.588875E1	-1.111362E0
2.688853E1	3.627190E1	-1.053515E0
2.692185E1	3.649832E1	-9.170470E-1
2.695517E1	3.647901E1	-8.980542E-1
2.698849E1	3.647836E1	-9.274027E-1
2.702181E1	3.643218E1	-1.042641E0
2.705513E1	3.649041E1	-1.064932E0
2.708845E1	3.662050E1	-9.744055E-1
2.712177E1	3.674641E1	-9.346372E-1
2.715509E1	3.680019E1	-9.940018E-1
2.718840E1	3.684971E1	-1.096301E0
2.722172E1	3.689318E1	-1.201170E0
2.725504E1	3.699810E1	-1.264470E0
2.728836E1	3.727993E1	-1.271666E0
2.732168E1	3.761070E1	-1.204823E0
2.735500E1	3.781568E1	-1.117273E0
2.738832E1	3.781968E1	-1.130543E0
2.742164E1	3.775950E1	-1.164831E0
2.745496E1	3.777958E1	-1.204728E0
2.748828E1	3.777350E1	-1.175421E0
2.752160E1	3.755464E1	-1.124822E0
2.755492E1	3.706846E1	-1.041326E0
2.758823E1	3.664507E1	-9.434286E-1
2.762155E1	3.662819E1	-9.206747E-1
2.765487E1	3.679465E1	-9.897966E-1
2.768819E1	3.695492E1	-1.021585E0
2.772151E1	3.706559E1	-1.019123E0
2.775483E1	3.712922E1	-1.049641E0
2.778815E1	3.739533E1	-1.111894E0
2.782147E1	3.784186E1	-1.193885E0
2.785479E1	3.817808E1	-1.232459E0
2.788811E1	3.805176E1	-1.157350E0
2.792143E1	3.773456E1	-1.065676E0
2.795474E1	3.734697E1	-9.964393E-1
2.798806E1	3.699945E1	-9.213482E-1
2.802138E1	3.689153E1	-9.886156E-1
2.805470E1	3.695353E1	-1.099376E0
2.808802E1	3.712276E1	-1.109663E0
2.812134E1	3.729015E1	-1.038118E0
2.815466E1	3.734592E1	-1.035056E0
2.818798E1	3.740459E1	-1.142748E0
2.822130E1	3.748417E1	-1.211927E0
2.825462E1	3.762100E1	-1.339227E0
2.828794E1	3.789294E1	-1.377345E0
2.832126E1	3.808384E1	-1.310522E0
2.835457E1	3.805806E1	-1.317671E0
2.838789E1	3.794029E1	-1.283706E0
2.842121E1	3.776775E1	-1.225712E0
2.845453E1	3.741046E1	-1.167924E0
2.848785E1	3.707249E1	-1.054456E0
2.852117E1	3.683944E1	-1.049596E0
2.855449E1	3.684798E1	-1.157223E0
2.858781E1	3.697141E1	-1.207792E0
2.862113E1	3.710323E1	-1.103255E0
2.865445E1	3.724528E1	-1.152485E0
2.868777E1	3.735025E1	-1.216686E0
2.872108E1	3.744864E1	-1.313414E0
2.875440E1	3.757323E1	-1.385894E0
2.878772E1	3.786953E1	-1.387273E0
2.882104E1	3.821568E1	-1.404304E0
2.885436E1	3.843043E1	-1.374233E0
2.888768E1	3.838414E1	-1.357088E0
2.892100E1	3.811706E1	-1.241729E0
2.895432E1	3.784296E1	-1.163695E0
2.898764E1	3.767164E1	-1.110409E0
2.902096E1	3.770609E1	-1.157349E0
2.905428E1	3.781861E1	-1.210812E0
2.908759E1	3.800337E1	-1.208415E0
2.912091E1	3.821828E1	-1.127925E0
2.915423E1	3.834237E1	-1.129005E0
2.918755E1	3.844043E1	-1.187085E0
2.922087E1	3.851937E1	-1.284066E0
2.925419E1	3.860427E1	-1.395106E0
2.928751E1	3.887280E1	-1.415306E0
2.932083E1	3.920483E1	-1.420125E0
2.935415E1	3.941679E1	-1.427068E0
2.938747E1	3.932229E1	-1.427959E0
2.942079E1	3.906947E1	-1.306137E0
2.945411E1	3.873481E1	-1.228868E0
2.948742E1	3.841243E1	-1.168615E0
2.952074E1	3.821773E1	-1.261835E0
2.955406E1	3.825737E1	-1.382124E0
2.958738E1	3.839832E1	-1.413245E0
2.962070E1	3.853744E1	-1.303542E0
2.965402E1	3.861498E1	-1.307510E0
2.968734E1	3.862035E1	-1.327000E0
2.972066E1	3.864718E1	-1.358188E0
2.975398E1	3.868778E1	-1.336014E0
2.978730E1	3.891931E1	-1.379826E0
2.982062E1	3.926028E1	-1.458303E0
2.985393E1	3.941319E1	-1.425293E0
2.988725E1	3.935702E1	-1.410646E0
2.992057E1	3.916321E1	-1.364231E0
2.995389E1	3.892142E1	-1.344913E0
2.998721E1	3.874414E1	-1.379332E0
3.002053E1	3.872126E1	-1.467456E0
3.005385E1	3.886899E1	-1.480491E0
3.008717E1	3.907729E1	-1.400642E0
3.012049E1	3.931942E1	-1.364132E0
3.015381E1	3.952462E1	-1.369532E0
3.018713E1	3.971131E1	-1.453229E0
3.022045E1	3.986122E1	-1.579749E0
3.025376E1	4.000442E1	-1.617623E0
3.028708E1	4.025494E1	-1.615195E0
3.032040E1	4.056776E1	-1.610109E0
3.035372E1	4.067602E1	-1.549586E0
3.038704E1	4.055232E1	-1.535038E0
3.042036E1	4.024260E1	-1.535001E0
3.045368E1	3.983429E1	-1.444541E0
3.048700E1	3.953911E1	-1.414188E0
3.052032E1	3.942839E1	-1.423030E0
3.055364E1	3.953773E1	-1.472705E0
3.058696E1	3.963553E1	-1.430659E0
3.062027E1	3.979284E1	-1.421979E0
3.065359E1	3.987205E1	-1.475837E0
3.068691E1	4.000420E1	-1.526631E0
3.072023E1	4.010391E1	-1.614936E0
3.075355E1	4.022214E1	-1.693390E0
3.078687E1	4.050075E1	-1.736796E0
3.082019E1	4.092565E1	-1.717676E0
3.085351E1	4.117358E1	-1.723469E0
3.088683E1	4.107391E1	-1.686317E0
3.092015E1	4.079261E1	-1.608600E0
3.095347E1	4.040495E1	-1.495405E0
3.098678E1	4.007643E1	-1.437840E0
3.102010E1	3.994257E1	-1.465785E0
3.105342E1	4.001148E1	-1.601729E0
3.108674E1	4.018242E1	-1.637741E0
3.112006E1	4.037172E1	-1.527108E0
3.115338E1	4.044848E1	-1.524556E0
3.118670E1	4.040819E1	-1.599607E0
3.122002E1	4.040048E1	-1.696911E0
3.125334E1	4.044029E1	-1.739056E0
3.128666E1	4.049380E1	-1.738778E0
3.131998E1	4.060098E1	-1.734032E0
3.135330E1	4.093769E1	-1.761288E0
3.138661E1	4.120177E1	-1.750034E0
3.141993E1	4.124093E1	-1.686304E0
3.145325E1	4.120759E1	-1.665382E0
3.148657E1	4.114238E1	-1.647489E0
3.151989E1	4.112470E1	-1.774456E0
3.155321E1	4.109905E1	-1.873655E0
3.158653E1	4.115032E1	-1.867991E0
3.161985E1	4.126906E1	-1.807546E0
3.165317E1	4.131668E1	-1.813540E0
3.168649E1	4.137956E1	-1.887607E0
3.171981E1	4.142665E1	-1.958099E0
3.175312E1	4.156811E1	-1.979423E0
3.178644E1	4.184472E1	-1.987749E0
3.181976E1	4.215766E1	-2.006478E0
3.185308E1	4.233847E1	-1.921352E0
3.188640E1	4.237195E1	-1.950130E0
3.191972E1	4.228939E1	-1.968314E0
3.195304E1	4.227881E1	-1.969798E0
3.198636E1	4.219421E1	-1.951097E0
3.201968E1	4.198526E1	-1.886248E0
3.205300E1	4.169856E1	-1.815506E0
3.208632E1	4.155339E1	-1.889183E0
3.211964E1	4.154581E1	-1.943079E0
3.215295E1	4.151987E1	-1.910804E0
3.218627E1	4.159082E1	-1.943865E0
3.221959E1	4.165676E1	-2.043584E0
3.225291E1	4.175885E1	-2.096844E0
3.228623E1	4.203353E1	-2.110270E0
3.231955E1	4.233872E1	-2.085137E0
3.235287E1	4.255706E1	-2.050912E0
3.238619E1	4.254254E1	-2.030753E0
3.241951E1	4.237089E1	-2.002293E0
3.245283E1	4.214177E1	-1.938060E0
3.248615E1	4.190404E1	-1.864369E0
3.251946E1	4.177511E1	-1.950510E0
3.255278E1	4.180006E1	-2.066649E0
3.258610E1	4.189956E1	-2.081193E0
3.261942E1	4.207589E1	-2.025933E0
3.265274E1	4.218337E1	-1.988747E0
3.268606E1	4.222605E1	-2.028116E0
3.271938E1	4.226155E1	-2.167734E0
3.275270E1	4.225188E1	-2.277893E0
3.278602E1	4.223072E1	-2.310282E0
3.281934E1	4.224264E1	-2.323275E0
3.285266E1	4.224448E1	-2.324462E0
3.288598E1	4.228971E1	-2.282113E0
3.291929E1	4.242703E1	-2.224744E0
3.295261E1	4.228884E1	-1.986798E0
3.298593E1	4.198834E1	-1.940824E0
3.301925E1	4.185389E1	-1.947084E0
3.305257E1	4.191989E1	-2.101926E0
3.308589E1	4.213934E1	-2.166769E0
3.311921E1	4.239972E1	-2.099954E0
3.315253E1	4.257184E1	-2.047815E0
3.318585E1	4.269252E1	-2.106253E0
3.321917E1	4.274797E1	-2.212035E0
3.325249E1	4.284039E1	-2.280046E0
3.328580E1	4.309440E1	-2.321135E0
3.331912E1	4.343232E1	-2.332601E0
3.335244E1	4.361212E1	-2.302887E0
3.338576E1	4.355729E1	-2.280114E0
3.341908E1	4.338300E1	-2.227524E0
3.345240E1	4.311106E1	-2.161060E0
3.348572E1	4.290714E1	-2.107534E0
3.351904E1	4.281367E1	-2.086401E0
3.355236E1	4.283284E1	-2.227568E0
3.358568E1	4.282259E1	-2.272420E0
3.361900E1	4.285061E1	-2.279706E0
3.365231E1	4.296810E1	-2.300739E0
3.368563E1	4.306456E1	-2.345503E0
3.371895E1	4.317376E1	-2.453625E0
3.375227E1	4.329467E1	-2.511496E0
3.378559E1	4.353250E1	-2.511099E0
3.381891E1	4.381417E1	-2.542681E0
3.385223E1	4.397624E1	-2.505671E0
3.388555E1	4.393399E1	-2.495794E0
3.391887E1	4.377160E1	-2.449988E0
3.395219E1	4.354037E1	-2.355705E0
3.398551E1	4.339047E1	-2.320984E0
3.401883E1	4.339070E1	-2.399693E0
3.405214E1	4.343045E1	-2.382312E0
3.408546E1	4.348596E1	-2.379835E0
3.411878E1	4.351103E1	-2.446356E0
3.415210E1	4.353803E1	-2.476805E0
3.418542E1	4.355615E1	-2.543698E0
3.421874E1	4.355470E1	-2.563154E0
3.425206E1	4.361718E1	-2.579924E0
3.428538E1	4.366712E1	-2.566178E0
3.431870E1	4.365970E1	-2.546584E0
3.435202E1	4.377427E1	-2.570056E0
3.438534E1	4.383011E1	-2.602598E0
3.441865E1	4.380104E1	-2.500818E0
3.445197E1	4.363898E1	-2.433574E0
3.448529E1	4.345459E1	-2.390681E0
3.451861E1	4.342708E1	-2.432856E0
3.455193E1	4.355316E1	-2.513874E0
3.458525E1	4.374430E1	-2.539279E0
3.461857E1	4.397322E1	-2.544209E0
3.465189E1	4.409808E1	-2.568776E0
3.468521E1	4.415580E1	-2.653674E0
3.471853E1	4.420597E1	-2.747722E0
3.475185E1	4.419701E1	-2.745614E0
3.478517E1	4.418745E1	-2.732486E0
3.481848E1	4.420089E1	-2.742782E0
3.485180E1	4.418304E1	-2.726447E0
3.488512E1	4.421328E1	-2.720448E0
3.491844E1	4.431885E1	-2.631787E0
3.495176E1	4.419118E1	-2.500016E0
3.498508E1	4.392369E1	-2.506879E0
3.501840E1	4.387738E1	-2.637272E0
3.505172E1	4.399548E1	-2.747577E0
3.508504E1	4.429879E1	-2.726750E0
3.511836E1	4.456811E1	-2.714303E0
3.515168E1	4.478557E1	-2.766942E0
3.518499E1	4.489735E1	-2.773238E0
3.521831E1	4.496469E1	-2.775469E0
3.525163E1	4.506680E1	-2.789031E0
3.528495E1	4.534081E1	-2.861887E0
3.531827E1	4.577572E1	-2.953795E0
3.535159E1	4.600666E1	-3.017318E0
3.538491E1	4.591968E1	-3.005759E0
3.541823E1	4.585461E1	-3.025294E0
3.545155E1	4.586819E1	-3.003152E0
3.548487E1	4.571814E1	-2.972722E0
3.551819E1	4.545408E1	-2.921631E0
3.555150E1	4.513291E1	-2.810591E0
3.558482E1	4.496207E1	-2.776657E0
3.561814E1	4.501358E1	-2.794095E0
3.565146E1	4.500123E1	-2.784829E0
3.568478E1	4.503007E1	-2.869108E0
3.571810E1	4.507967E1	-2.953582E0
3.575142E1	4.523365E1	-3.037849E0
3.578474E1	4.545478E1	-3.113965E0
3.581806E1	4.573112E1	-3.128954E0
3.585138E1	4.588443E1	-3.111773E0
3.588470E1	4.581881E1	-3.062621E0
3.591802E1	4.562554E1	-3.041220E0
3.595133E1	4.533383E1	-2.950201E0
3.598465E1	4.512563E1	-2.862510E0
3.601797E1	4.503721E1	-2.907546E0
3.605129E1	4.513233E1	-3.013966E0
3.608461E1	4.533659E1	-3.025596E0
3.611793E1	4.550600E1	-3.009877E0
3.615125E1	4.566691E1	-3.005995E0
3.618457E1	4.576845E1	-2.986393E0
3.621789E1	4.583448E1	-3.038626E0
3.625121E1	4.593198E1	-3.082740E0
3.628453E1	4.623681E1	-3.205258E0
3.631784E1	4.665875E1	-3.298053E0
3.635116E1	4.691564E1	-3.334951E0
3.638448E1	4.680413E1	-3.320399E0
3.641780E1	4.670436E1	-3.278449E0
3.645112E1	4.670436E1	-3.294840E0
3.648444E1	4.671244E1	-3.310397E0
3.651776E1	4.669770E1	-3.298411E0
3.655108E1	4.670266E1	-3.304119E0
3.658440E1	4.665724E1	-3.302648E0
3.661772E1	4.648658E1	-3.236656E0
3.665104E1	4.632732E1	-3.190447E0
3.668436E1	4.641567E1	-3.176777E0
3.671767E1	4.664315E1	-3.252309E0
3.675099E1	4.675373E1	-3.302458E0
3.678431E1	4.679079E1	-3.283459E0
3.681763E1	4.685659E1	-3.293710E0
3.685095E1	4.704760E1	-3.372439E0
3.688427E1	4.708527E1	-3.376482E0
3.691759E1	4.692908E1	-3.328174E0
3.695091E1	4.676278E1	-3.248751E0
3.698423E1	4.657990E1	-3.126378E0
3.701755E1	4.655663E1	-3.208766E0
3.705087E1	4.657516E1	-3.280343E0
3.708418E1	4.663733E1	-3.289072E0
3.711750E1	4.677393E1	-3.261831E0
3.715082E1	4.690405E1	-3.249536E0
3.718414E1	4.701913E1	-3.296037E0
3.721746E1	4.709305E1	-3.310730E0
3.725078E1	4.711354E1	-3.247444E0
3.728410E1	4.710147E1	-3.269691E0
3.731742E1	4.710430E1	-3.279966E0
3.735074E1	4.709866E1	-3.271499E0
3.738406E1	4.707126E1	-3.244553E0
3.741738E1	4.714314E1	-3.265473E0
3.745069E1	4.699027E1	-3.171533E0
3.748401E1	4.669020E1	-3.071616E0
3.751733E1	4.666268E1	-3.142622E0
3.755065E1	4.674193E1	-3.237150E0
3.758397E1	4.691496E1	-3.252663E0
3.761729E1	4.715426E1	-3.302163E0
3.765061E1	4.730273E1	-3.352526E0
3.768393E1	4.746895E1	-3.428671E0
3.771725E1	4.755132E1	-3.407017E0
3.775057E1	4.768633E1	-3.428329E0
3.778389E1	4.794643E1	-3.450469E0
3.781721E1	4.834240E1	-3.524346E0
3.785052E1	4.861928E1	-3.574278E0
3.788384E1	4.843515E1	-3.529045E0
3.791716E1	4.809581E1	-3.425140E0
3.795048E1	4.768144E1	-3.306575E0
3.798380E1	4.730737E1	-3.206797E0
3.801712E1	4.714045E1	-3.258596E0
3.805044E1	4.720709E1	-3.365335E0
3.808376E1	4.735736E1	-3.373437E0
3.811708E1	4.751672E1	-3.297962E0
3.815040E1	4.756342E1	-3.296493E0
3.818372E1	4.759839E1	-3.379044E0
3.821703E1	4.769115E1	-3.418187E0
3.825035E1	4.784305E1	-3.438112E0
3.828367E1	4.806341E1	-3.476082E0
3.831699E1	4.847859E1	-3.532393E0
3.835031E1	4.883443E1	-3.622107E0
3.838363E1	4.872260E1	-3.614561E0
3.841695E1	4.842559E1	-3.523278E0
3.845027E1	4.807878E1	-3.434439E0
3.848359E1	4.784094E1	-3.335126E0
3.851691E1	4.775968E1	-3.392901E0
3.855023E1	4.783863E1	-3.448003E0
3.858355E1	4.792025E1	-3.508607E0
3.861686E1	4.804006E1	-3.417313E0
3.865018E1	4.807367E1	-3.418184E0
3.868350E1	4.804502E1	-3.473600E0
3.871682E1	4.809203E1	-3.577723E0
3.875014E1	4.826225E1	-3.684604E0
3.878346E1	4.851209E1	-3.774165E0
3.881678E1	4.882334E1	-3.810387E0
3.885010E1	4.900109E1	-3.745822E0
3.888342E1	4.893309E1	-3.682209E0
3.891674E1	4.870892E1	-3.621729E0
3.895006E1	4.845426E1	-3.593558E0
3.898337E1	4.830735E1	-3.515472E0
3.901669E1	4.827873E1	-3.555495E0
3.905001E1	4.830845E1	-3.577907E0
3.908333E1	4.845903E1	-3.652251E0
3.911665E1	4.860688E1	-3.601366E0
3.914997E1	4.875617E1	-3.582882E0
3.918329E1	4.892066E1	-3.560895E0
3.921661E1	4.909023E1	-3.612987E0
3.924993E1	4.926249E1	-3.706375E0
3.928325E1	4.948806E1	-3.785806E0
3.931657E1	4.991157E1	-3.855439E0
3.934989E1	5.017241E1	-3.899115E0
3.938320E1	4.997147E1	-3.884098E0
3.941652E1	4.961322E1	-3.793577E0
3.944984E1	4.916813E1	-3.673662E0
3.948316E1	4.872935E1	-3.548395E0
3.951648E1	4.853303E1	-3.541626E0
3.954980E1	4.853141E1	-3.697225E0
3.958312E1	4.869943E1	-3.717779E0
3.961644E1	4.893988E1	-3.615265E0
3.964976E1	4.916207E1	-3.562365E0
3.968308E1	4.937950E1	-3.565745E0
3.971640E1	4.963006E1	-3.616128E0
3.974971E1	4.982619E1	-3.725548E0
3.978303E1	5.003134E1	-3.788616E0
3.981635E1	5.041847E1	-3.897135E0
3.984967E1	5.069201E1	-3.981312E0
3.988299E1	5.053654E1	-3.980429E0
3.991631E1	5.019760E1	-3.889566E0
3.994963E1	4.981447E1	-3.784638E0
3.998295E1	4.944549E1	-3.692019E0
4.001627E1	4.929585E1	-3.663017E0
4.004959E1	4.929860E1	-3.814572E0
4.008291E1	4.940422E1	-3.884223E0
4.011622E1	4.958054E1	-3.819543E0
4.014954E1	4.979468E1	-3.733430E0
4.018286E1	4.994822E1	-3.713338E0
4.021618E1	5.012957E1	-3.742164E0
4.024950E1	5.028977E1	-3.796055E0
4.028282E1	5.048291E1	-3.874921E0
4.031614E1	5.085823E1	-3.963834E0
4.034946E1	5.123093E1	-4.033924E0
4.038278E1	5.111533E1	-4.063156E0
4.041610E1	5.080808E1	-4.024882E0
4.044942E1	5.041897E1	-3.899981E0
4.048274E1	5.005881E1	-3.774894E0
4.051605E1	4.992832E1	-3.797761E0
4.054937E1	4.995506E1	-3.952434E0
4.058269E1	5.006700E1	-4.039983E0
4.061601E1	5.029180E1	-3.958350E0
4.064933E1	5.050963E1	-3.889550E0
4.068265E1	5.067617E1	-3.844473E0
4.071597E1	5.083185E1	-3.843996E0
4.074929E1	5.100365E1	-3.914339E0
4.078261E1	5.122159E1	-4.008854E0
4.081593E1	5.164384E1	-4.124750E0
4.084925E1	5.193773E1	-4.210651E0
4.088256E1	5.172492E1	-4.193980E0
4.091588E1	5.134348E1	-4.097647E0
4.094920E1	5.089233E1	-3.995376E0
4.098252E1	5.045813E1	-3.894275E0
4.101584E1	5.025019E1	-3.909096E0
4.104916E1	5.031061E1	-4.023715E0
4.108248E1	5.043937E1	-4.047179E0
4.111580E1	5.059286E1	-4.029543E0
4.114912E1	5.072149E1	-4.001485E0
4.118244E1	5.087637E1	-4.021618E0
4.121576E1	5.105116E1	-4.075828E0
4.124908E1	5.124007E1	-4.145586E0
4.128239E1	5.148420E1	-4.191627E0
4.131571E1	5.189323E1	-4.275414E0
4.134903E1	5.218120E1	-4.283423E0
4.138235E1	5.202994E1	-4.263631E0
4.141567E1	5.166471E1	-4.199111E0
4.144899E1	5.122371E1	-4.085016E0
4.148231E1	5.077642E1	-3.953848E0
4.151563E1	5.052021E1	-3.963851E0
4.154895E1	5.051849E1	-4.108938E0
4.158227E1	5.065562E1	-4.121287E0
4.161559E1	5.087211E1	-4.046159E0
4.164890E1	5.111612E1	-4.014469E0
4.168222E1	5.134787E1	-4.031514E0
4.171554E1	5.159324E1	-4.084673E0
4.174886E1	5.178379E1	-4.183936E0
4.178218E1	5.198627E1	-4.243073E0
4.181550E1	5.236304E1	-4.290902E0
4.184882E1	5.269159E1	-4.326682E0
4.188214E1	5.252148E1	-4.314744E0
4.191546E1	5.216290E1	-4.278742E0
4.194878E1	5.171038E1	-4.123584E0
4.198210E1	5.125170E1	-4.001439E0
4.201541E1	5.100128E1	-4.019363E0
4.204873E1	5.103946E1	-4.124902E0
4.208205E1	5.122515E1	-4.187131E0
4.211537E1	5.144155E1	-4.134922E0
4.214869E1	5.159038E1	-4.114078E0
4.218201E1	5.170355E1	-4.140447E0
4.221533E1	5.188961E1	-4.207290E0
4.224865E1	5.206233E1	-4.264346E0
4.228197E1	5.226837E1	-4.313751E0
4.231529E1	5.265660E1	-4.377301E0
4.234861E1	5.300234E1	-4.413300E0
4.238193E1	5.282270E1	-4.427320E0
4.241524E1	5.242539E1	-4.341199E0
4.244856E1	5.198258E1	-4.216855E0
4.248188E1	5.149395E1	-4.131794E0
4.251520E1	5.122227E1	-4.170828E0
4.254852E1	5.126827E1	-4.298544E0
4.258184E1	5.147920E1	-4.342363E0
4.261516E1	5.176189E1	-4.246989E0
4.264848E1	5.203157E1	-4.187167E0
4.268180E1	5.230267E1	-4.149433E0
4.271512E1	5.255258E1	-4.202019E0
4.274844E1	5.276853E1	-4.279527E0
4.278175E1	5.294867E1	-4.326879E0
4.281507E1	5.330757E1	-4.444087E0
4.284839E1	5.357449E1	-4.498711E0
4.288171E1	5.342624E1	-4.497285E0
4.291503E1	5.309956E1	-4.450757E0
4.294835E1	5.268578E1	-4.298321E0
4.298167E1	5.227940E1	-4.218726E0
4.301499E1	5.199747E1	-4.258171E0
4.304831E1	5.202508E1	-4.367733E0
4.308163E1	5.209515E1	-4.447048E0
4.311495E1	5.222413E1	-4.380331E0
4.314827E1	5.240031E1	-4.307016E0
4.318158E1	5.263770E1	-4.319465E0
4.321490E1	5.289996E1	-4.353508E0
4.324822E1	5.315743E1	-4.411727E0
4.328154E1	5.333929E1	-4.467829E0
4.331486E1	5.368439E1	-4.496489E0
4.334818E1	5.402209E1	-4.566252E0
4.338150E1	5.393760E1	-4.580561E0
4.341482E1	5.364544E1	-4.525702E0
4.344814E1	5.328921E1	-4.453355E0
4.348146E1	5.288925E1	-4.355097E0
4.351478E1	5.264136E1	-4.400537E0
4.354809E1	5.264514E1	-4.527650E0
4.358141E1	5.283949E1	-4.540062E0
4.361473E1	5.311746E1	-4.441790E0
4.364805E1	5.337899E1	-4.407233E0
4.368137E1	5.362188E1	-4.426661E0
4.371469E1	5.385831E1	-4.446280E0
4.374801E1	5.406202E1	-4.485330E0
4.378133E1	5.424055E1	-4.560631E0
4.381465E1	5.459580E1	-4.630749E0
4.384797E1	5.488443E1	-4.724119E0
4.388129E1	5.475566E1	-4.710649E0
4.391460E1	5.443703E1	-4.671698E0
4.394792E1	5.403572E1	-4.542563E0
4.398124E1	5.361663E1	-4.458867E0
4.401456E1	5.333999E1	-4.478841E0
4.404788E1	5.335837E1	-4.644267E0
4.408120E1	5.357974E1	-4.670103E0
4.411452E1	5.388165E1	-4.545552E0
4.414784E1	5.416388E1	-4.493404E0
4.418116E1	5.436882E1	-4.478099E0
4.421448E1	5.460201E1	-4.523592E0
4.424780E1	5.473522E1	-4.516997E0
4.428112E1	5.491999E1	-4.544528E0
4.431443E1	5.525830E1	-4.661316E0
4.434775E1	5.555156E1	-4.797302E0
4.438107E1	5.546239E1	-4.774403E0
4.441439E1	5.519756E1	-4.742528E0
4.444771E1	5.480432E1	-4.622253E0
4.448103E1	5.440319E1	-4.578767E0
4.451435E1	5.421227E1	-4.577219E0
4.454767E1	5.428808E1	-4.716654E0
4.458099E1	5.449931E1	-4.741519E0
4.461431E1	5.472083E1	-4.680754E0
4.464763E1	5.492112E1	-4.616921E0
4.468094E1	5.509218E1	-4.630926E0
4.471426E1	5.520786E1	-4.661186E0
4.474758E1	5.534605E1	-4.682427E0
4.478090E1	5.553777E1	-4.740025E0
4.481422E1	5.592713E1	-4.820411E0
4.484754E1	5.633609E1	-4.863734E0
4.488086E1	5.621458E1	-4.847769E0
4.491418E1	5.587396E1	-4.809653E0
4.494750E1	5.550188E1	-4.672080E0
4.498082E1	5.512787E1	-4.548621E0
4.501414E1	5.491660E1	-4.564754E0
4.504746E1	5.492919E1	-4.706074E0
4.508077E1	5.509381E1	-4.770211E0
4.511409E1	5.536297E1	-4.707633E0
4.514741E1	5.563597E1	-4.662486E0
4.518073E1	5.586238E1	-4.648769E0
4.521405E1	5.603326E1	-4.676653E0
4.524737E1	5.618740E1	-4.739418E0
4.528069E1	5.638167E1	-4.797183E0
4.531401E1	5.675884E1	-4.894810E0
4.534733E1	5.710026E1	-4.965841E0
4.538065E1	5.695201E1	-4.970830E0
4.541397E1	5.661751E1	-4.885047E0
4.544728E1	5.623227E1	-4.791356E0
4.548060E1	5.584423E1	-4.699203E0
4.551392E1	5.561158E1	-4.711707E0
4.554724E1	5.567062E1	-4.839371E0
4.558056E1	5.585538E1	-4.895490E0
4.561388E1	5.616109E1	-4.827463E0
4.564720E1	5.645357E1	-4.783060E0
4.568052E1	5.674192E1	-4.776233E0
4.571384E1	5.693827E1	-4.752731E0
4.574716E1	5.705428E1	-4.803015E0
4.578048E1	5.722167E1	-4.880251E0
4.581380E1	5.759687E1	-4.998663E0
4.584711E1	5.790991E1	-5.088889E0
4.588043E1	5.780828E1	-5.058244E0
4.591375E1	5.749452E1	-4.981692E0
4.594707E1	5.712000E1	-4.909510E0
4.598039E1	5.675424E1	-4.832431E0
4.601371E1	5.655310E1	-4.863534E0
4.604703E1	5.654815E1	-4.971832E0
4.608035E1	5.672241E1	-5.019644E0
4.611367E1	5.702379E1	-4.940793E0
4.614699E1	5.730655E1	-4.867926E0
4.618031E1	5.751827E1	-4.863827E0
4.621362E1	5.766957E1	-4.885005E0
4.624694E1	5.779278E1	-4.908788E0
4.628026E1	5.799545E1	-4.994468E0
4.631358E1	5.838884E1	-5.088399E0
4.634690E1	5.876165E1	-5.215517E0
4.638022E1	5.862196E1	-5.195291E0
4.641354E1	5.827408E1	-5.166060E0
4.644686E1	5.782688E1	-5.039856E0
4.648018E1	5.738666E1	-4.933331E0
4.651350E1	5.715480E1	-4.929656E0
4.654682E1	5.717601E1	-5.086936E0
4.658013E1	5.741883E1	-5.118598E0
4.661345E1	5.781407E1	-5.040365E0
4.664677E1	5.812316E1	-4.979145E0
4.668009E1	5.837236E1	-4.997219E0
4.671341E1	5.856854E1	-5.027171E0
4.674673E1	5.874700E1	-5.110737E0
4.678005E1	5.895223E1	-5.168921E0
4.681337E1	5.936100E1	-5.287515E0
4.684669E1	5.966271E1	-5.331943E0
4.688001E1	5.952703E1	-5.348694E0
4.691333E1	5.917842E1	-5.270281E0
4.694665E1	5.878902E1	-5.206671E0
4.697996E1	5.842010E1	-5.148162E0
4.701328E1	5.819777E1	-5.150182E0
4.704660E1	5.818536E1	-5.259928E0
4.707992E1	5.836340E1	-5.322581E0
4.711324E1	5.863924E1	-5.256322E0
4.714656E1	5.890369E1	-5.216140E0
4.717988E1	5.913426E1	-5.231719E0
4.721320E1	5.934853E1	-5.278106E0
4.724652E1	5.951414E1	-5.330797E0
4.727984E1	5.970904E1	-5.376391E0
4.731316E1	6.008173E1	-5.436132E0
4.734647E1	6.038781E1	-5.500037E0
4.737979E1	6.025730E1	-5.493973E0
4.741311E1	5.990529E1	-5.462594E0
4.744643E1	5.946278E1	-5.335618E0
4.747975E1	5.904398E1	-5.199987E0
4.751307E1	5.875572E1	-5.214726E0
4.754639E1	5.874091E1	-5.305391E0
4.757971E1	5.894410E1	-5.327074E0
4.761303E1	5.923084E1	-5.276376E0
4.764635E1	5.948825E1	-5.251403E0
4.767967E1	5.971849E1	-5.285461E0
4.771299E1	5.995597E1	-5.387951E0
4.774630E1	6.014410E1	-5.438054E0
4.777962E1	6.032280E1	-5.497348E0
4.781294E1	6.069944E1	-5.530495E0
4.784626E1	6.100344E1	-5.546999E0
4.787958E1	6.085890E1	-5.562075E0
4.791290E1	6.047806E1	-5.506173E0
4.794622E1	6.004398E1	-5.407609E0
4.797954E1	5.961430E1	-5.294627E0
4.801286E1	5.932308E1	-5.264825E0
4.804618E1	5.933732E1	-5.383160E0
4.807950E1	5.953744E1	-5.436242E0
4.811281E1	5.987501E1	-5.405235E0
4.814613E1	6.015553E1	-5.345001E0
4.817945E1	6.037464E1	-5.346559E0
4.821277E1	6.058600E1	-5.404314E0
4.824609E1	6.076929E1	-5.481903E0
4.827941E1	6.097419E1	-5.535292E0
4.831273E1	6.134377E1	-5.580831E0
4.834605E1	6.163960E1	-5.643283E0
4.837937E1	6.152712E1	-5.643443E0
4.841269E1	6.118265E1	-5.565966E0
4.844601E1	6.076796E1	-5.478847E0
4.847932E1	6.036246E1	-5.402862E0
4.851264E1	6.011385E1	-5.412297E0
4.854596E1	6.011275E1	-5.547364E0
4.857928E1	6.027743E1	-5.640414E0
4.861260E1	6.052262E1	-5.618983E0
4.864592E1	6.066163E1	-5.619337E0
4.867924E1	6.072882E1	-5.612689E0
4.871256E1	6.079037E1	-5.730785E0
4.874588E1	6.088656E1	-5.847084E0
4.877920E1	6.114184E1	-5.900379E0
4.881252E1	6.147293E1	-5.910050E0
4.884584E1	6.177352E1	-5.897932E0
4.887915E1	6.173207E1	-5.897246E0
4.891247E1	6.150618E1	-5.824973E0
4.894579E1	6.119782E1	-5.749977E0
4.897911E1	6.092323E1	-5.682714E0
4.901243E1	6.075251E1	-5.691095E0
4.904575E1	6.077512E1	-5.804618E0
4.907907E1	6.096268E1	-5.849928E0
4.911239E1	6.124616E1	-5.849908E0
4.914571E1	6.140339E1	-5.805631E0
4.917903E1	6.145664E1	-5.839262E0
4.921235E1	6.150814E1	-5.935989E0
4.924566E1	6.160663E1	-6.047914E0
4.927898E1	6.188352E1	-6.129840E0
4.931230E1	6.221739E1	-6.162910E0
4.934562E1	6.250759E1	-6.182774E0
4.937894E1	6.243113E1	-6.165353E0
4.941226E1	6.216953E1	-6.084794E0
4.944558E1	6.180695E1	-6.034645E0
4.947890E1	6.149837E1	-5.902650E0
4.951222E1	6.129387E1	-5.884310E0
4.954554E1	6.129202E1	-5.963150E0
4.957886E1	6.144958E1	-6.035260E0
4.961218E1	6.168342E1	-6.018395E0
4.964549E1	6.189108E1	-5.967632E0
4.967881E1	6.206544E1	-5.981553E0
4.971213E1	6.224134E1	-6.035546E0
4.974545E1	6.242184E1	-6.074014E0
4.977877E1	6.262074E1	-6.138079E0
4.981209E1	6.297500E1	-6.145885E0
4.984541E1	6.331675E1	-6.196219E0
4.987873E1	6.319685E1	-6.195717E0
4.991205E1	6.283290E1	-6.165918E0
4.994537E1	6.238694E1	-6.078493E0
4.997869E1	6.200245E1	-6.020103E0
5.001200E1	6.173650E1	-6.007003E0
5.004532E1	6.173668E1	-6.102481E0
5.007864E1	6.188250E1	-6.174954E0
5.011196E1	6.210036E1	-6.183684E0
5.014528E1	6.222347E1	-6.175999E0
5.017860E1	6.227331E1	-6.238197E0
5.021192E1	6.233971E1	-6.360441E0
5.024524E1	6.239470E1	-6.455860E0
5.027856E1	6.260109E1	-6.515696E0
5.031188E1	6.294540E1	-6.536260E0
5.034520E1	6.320619E1	-6.485022E0
5.037851E1	6.319984E1	-6.467895E0
5.041183E1	6.299250E1	-6.408334E0
5.044515E1	6.266524E1	-6.354100E0
5.047847E1	6.239626E1	-6.297692E0
5.051179E1	6.217925E1	-6.267736E0
5.054511E1	6.215600E1	-6.311481E0
5.057843E1	6.231761E1	-6.368171E0
5.061175E1	6.250016E1	-6.395978E0
5.064507E1	6.261691E1	-6.375317E0
5.067839E1	6.258781E1	-6.389670E0
5.071171E1	6.260904E1	-6.490993E0
5.074503E1	6.269708E1	-6.543532E0
5.077834E1	6.293709E1	-6.624894E0
