	mass A		
t	x	y	
0.000000E0	2.579251E-1	-8.666686E-4
3.331913E-2	2.696637E-1	-1.388237E-2
6.663826E-2	4.039229E-1	7.026380E-3
9.995739E-2	6.067907E-1	-1.871602E-2
1.332765E-1	9.216644E-1	-5.033609E-2
1.665956E-1	1.167645E0	-2.339197E-2
1.999148E-1	1.326622E0	7.854091E-2
2.332339E-1	1.573999E0	8.433789E-2
2.665530E-1	1.813009E0	2.554059E-2
2.998722E-1	1.843181E0	2.941675E-2
3.331913E-1	1.668406E0	2.393403E-2
3.665104E-1	1.501781E0	-2.024040E-2
3.998296E-1	1.245221E0	-2.322537E-2
4.331487E-1	1.129529E0	-2.554578E-2
4.664678E-1	1.059827E0	-1.263776E-2
4.997869E-1	1.079271E0	-6.281501E-2
5.331061E-1	1.091715E0	-8.321172E-2
5.664252E-1	9.123354E-1	-7.950672E-2
5.997443E-1	8.477168E-1	-9.799545E-2
6.330635E-1	8.681345E-1	-1.614177E-1
6.663826E-1	9.553916E-1	-2.062647E-1
6.997017E-1	1.210196E0	-2.143003E-1
7.330209E-1	1.205952E0	-1.632858E-1
7.663400E-1	1.250393E0	-1.408291E-1
7.996591E-1	1.350728E0	-1.125549E-1
8.329782E-1	1.373252E0	-5.433585E-2
8.662974E-1	1.365754E0	-7.316816E-2
8.996165E-1	1.402253E0	-2.993820E-2
9.329356E-1	1.493610E0	-7.022311E-2
9.662548E-1	1.451567E0	-1.202874E-1
9.995739E-1	1.515469E0	-1.465964E-1
1.032893E0	1.618582E0	-1.607370E-1
1.066212E0	1.783235E0	-1.461880E-1
1.099531E0	1.870708E0	-1.326551E-1
1.132850E0	1.998153E0	-1.550138E-1
1.166170E0	1.997986E0	-1.397092E-1
1.199489E0	1.979271E0	-1.109095E-1
1.232808E0	2.036912E0	-1.046056E-1
1.266127E0	2.306840E0	-9.025168E-2
1.299446E0	2.648028E0	-4.484493E-2
1.332765E0	2.749460E0	-3.508937E-2
1.366084E0	2.813967E0	-7.557966E-2
1.399403E0	2.907329E0	-8.531933E-2
1.432723E0	2.942952E0	-1.570316E-1
1.466042E0	2.926791E0	-1.528333E-1
1.499361E0	2.911764E0	-1.672115E-1
1.532680E0	2.941727E0	-1.697964E-1
1.565999E0	3.021786E0	-1.603861E-1
1.599318E0	3.126624E0	-2.070032E-1
1.632637E0	3.300299E0	-2.085375E-1
1.665956E0	3.500528E0	-2.002456E-1
1.699276E0	3.704255E0	-1.253842E-1
1.732595E0	3.888100E0	-1.081986E-1
1.765914E0	4.100762E0	-7.889011E-2
1.799233E0	4.152053E0	-3.261512E-2
1.832552E0	4.100963E0	-6.900067E-2
1.865871E0	4.070291E0	-1.475189E-1
1.899190E0	4.016951E0	-1.540423E-1
1.932510E0	4.043107E0	-1.601033E-1
1.965829E0	3.977375E0	-2.147908E-1
1.999148E0	3.916721E0	-2.358541E-1
2.032467E0	3.909229E0	-2.292794E-1
2.065786E0	3.918450E0	-2.301123E-1
2.099105E0	3.936293E0	-2.229657E-1
2.132424E0	3.871447E0	-2.351124E-1
2.165743E0	3.808513E0	-2.889449E-1
2.199063E0	3.866008E0	-3.198310E-1
2.232382E0	3.975546E0	-2.756872E-1
2.265701E0	4.298308E0	-1.867866E-1
2.299020E0	4.461612E0	-1.391006E-1
2.332339E0	4.434915E0	-1.588556E-1
2.365658E0	4.445893E0	-1.977295E-1
2.398977E0	4.466530E0	-1.849055E-1
2.432296E0	4.525960E0	-1.745955E-1
2.465616E0	4.505992E0	-2.402593E-1
2.498935E0	4.490276E0	-2.204300E-1
2.532254E0	4.459217E0	-2.339755E-1
2.565573E0	4.500721E0	-2.395071E-1
2.598892E0	4.627013E0	-2.794275E-1
2.632211E0	4.838451E0	-3.012232E-1
2.665530E0	5.060458E0	-2.540649E-1
2.698850E0	5.195854E0	-1.650677E-1
2.732169E0	5.351268E0	-9.615982E-2
2.765488E0	5.703221E0	-1.318757E-1
2.798807E0	5.973402E0	-1.736949E-1
2.832126E0	5.970754E0	-1.962979E-1
2.865445E0	5.980357E0	-1.910703E-1
2.898764E0	5.962633E0	-1.942243E-1
2.932083E0	6.042223E0	-2.019997E-1
2.965403E0	5.968183E0	-2.906629E-1
2.998722E0	5.930344E0	-2.777634E-1
3.032041E0	5.889438E0	-2.935179E-1
3.065360E0	5.922098E0	-3.385445E-1
3.098679E0	5.991927E0	-3.367934E-1
3.131998E0	6.105153E0	-3.351009E-1
3.165317E0	6.297298E0	-3.358224E-1
3.198636E0	6.522771E0	-2.772620E-1
3.231956E0	6.816630E0	-2.101595E-1
3.265275E0	7.138667E0	-2.076882E-1
3.298594E0	7.223665E0	-2.152879E-1
3.331913E0	7.074907E0	-2.427100E-1
3.365232E0	6.988681E0	-2.572505E-1
3.398551E0	6.872582E0	-2.221432E-1
3.431870E0	6.863757E0	-2.332056E-1
3.465190E0	6.770598E0	-2.913443E-1
3.498509E0	6.672924E0	-2.836592E-1
3.531828E0	6.590194E0	-2.784620E-1
3.565147E0	6.564779E0	-3.107900E-1
3.598466E0	6.582169E0	-3.110550E-1
3.631785E0	6.571842E0	-3.040525E-1
3.665104E0	6.582310E0	-3.224653E-1
3.698423E0	6.682697E0	-3.579012E-1
3.731743E0	6.908041E0	-3.833773E-1
3.765062E0	7.268736E0	-3.086966E-1
3.798381E0	7.348283E0	-2.036628E-1
3.831700E0	7.284498E0	-1.829832E-1
3.865019E0	7.273643E0	-2.523320E-1
3.898338E0	7.233070E0	-2.328313E-1
3.931657E0	7.284444E0	-2.173086E-1
3.964976E0	7.201089E0	-3.173116E-1
3.998296E0	7.129970E0	-2.977890E-1
4.031615E0	7.105910E0	-2.153218E-1
4.064934E0	7.166322E0	-2.184981E-1
4.098253E0	7.242273E0	-2.660041E-1
4.131572E0	7.259264E0	-2.849686E-1
4.164891E0	7.356443E0	-3.133761E-1
4.198210E0	7.602482E0	-3.340248E-1
4.231529E0	7.910119E0	-2.866672E-1
4.264849E0	8.270720E0	-2.052947E-1
4.298168E0	8.418185E0	-2.412620E-1
4.331487E0	8.269608E0	-2.752016E-1
4.364806E0	8.109604E0	-2.668098E-1
4.398125E0	7.869897E0	-2.315611E-1
4.431444E0	7.709971E0	-2.455610E-1
4.464763E0	7.661579E0	-3.136564E-1
4.498083E0	7.632926E0	-3.428600E-1
4.531402E0	7.624219E0	-2.703391E-1
4.564721E0	7.704462E0	-2.665019E-1
4.598040E0	7.847497E0	-3.484968E-1
4.631359E0	8.078537E0	-3.955242E-1
4.664678E0	8.272749E0	-3.586494E-1
4.697997E0	8.370999E0	-2.962522E-1
4.731316E0	8.509620E0	-2.683766E-1
4.764636E0	8.913054E0	-2.488784E-1
4.797955E0	9.237745E0	-2.778328E-1
4.831274E0	9.314110E0	-3.277503E-1
4.864593E0	9.393004E0	-2.776973E-1
4.897912E0	9.515658E0	-2.314697E-1
4.931231E0	9.622588E0	-2.432376E-1
4.964550E0	9.570393E0	-3.597678E-1
4.997869E0	9.539059E0	-3.404021E-1
5.031189E0	9.511587E0	-3.127014E-1
5.064508E0	9.551070E0	-3.255761E-1
5.097827E0	9.590033E0	-3.550864E-1
5.131146E0	9.717322E0	-3.837181E-1
5.164465E0	9.887498E0	-3.832047E-1
5.197784E0	1.005677E1	-3.050650E-1
5.231103E0	1.025869E1	-2.284467E-1
5.264423E0	1.040715E1	-2.124908E-1
5.297742E0	1.034862E1	-2.188486E-1
5.331061E0	1.032556E1	-2.277000E-1
5.364380E0	1.027929E1	-3.113553E-1
5.397699E0	9.924599E0	-3.022343E-1
5.431018E0	9.631440E0	-2.465736E-1
5.464337E0	9.518354E0	-3.490359E-1
5.497656E0	9.563167E0	-4.485516E-1
5.530976E0	9.641761E0	-3.543733E-1
5.564295E0	9.723316E0	-3.185748E-1
5.597614E0	9.748103E0	-3.695405E-1
5.630933E0	9.810355E0	-4.771211E-1
5.664252E0	9.912649E0	-5.605324E-1
5.697571E0	1.011901E1	-4.780998E-1
5.730890E0	1.039051E1	-3.703434E-1
5.764209E0	1.073254E1	-3.574798E-1
5.797529E0	1.093761E1	-3.802646E-1
5.830848E0	1.082790E1	-3.933870E-1
5.864167E0	1.075972E1	-3.678901E-1
5.897486E0	1.068980E1	-3.340629E-1
5.930805E0	1.067762E1	-3.469201E-1
5.964124E0	1.068590E1	-3.561647E-1
5.997443E0	1.064473E1	-4.440607E-1
6.030762E0	1.058860E1	-4.438909E-1
6.064082E0	1.064281E1	-4.437042E-1
6.097401E0	1.073038E1	-5.354622E-1
6.130720E0	1.088170E1	-5.581879E-1
6.164039E0	1.105534E1	-5.574038E-1
6.197358E0	1.119407E1	-4.935150E-1
6.230677E0	1.137043E1	-4.713031E-1
6.263996E0	1.160109E1	-4.335694E-1
6.297316E0	1.161962E1	-3.545706E-1
6.330635E0	1.156571E1	-3.627366E-1
6.363954E0	1.153666E1	-4.517874E-1
6.397273E0	1.148767E1	-4.562138E-1
6.430592E0	1.154430E1	-4.461775E-1
6.463911E0	1.165182E1	-5.323341E-1
6.497230E0	1.171323E1	-4.844675E-1
6.530549E0	1.174885E1	-4.693562E-1
6.563869E0	1.179607E1	-4.770163E-1
6.597188E0	1.178194E1	-4.786386E-1
6.630507E0	1.176404E1	-5.011579E-1
6.663826E0	1.180258E1	-5.389415E-1
6.697145E0	1.191314E1	-5.621717E-1
6.730464E0	1.215538E1	-4.973292E-1
6.763783E0	1.255859E1	-3.749378E-1
6.797102E0	1.285504E1	-3.308370E-1
6.830422E0	1.268054E1	-4.273121E-1
6.863741E0	1.247534E1	-4.818220E-1
6.897060E0	1.232762E1	-4.178992E-1
6.930379E0	1.233591E1	-3.679138E-1
6.963698E0	1.240888E1	-4.460930E-1
6.997017E0	1.248259E1	-4.823365E-1
7.030336E0	1.257526E1	-4.638871E-1
7.063656E0	1.269724E1	-5.029369E-1
7.096975E0	1.280414E1	-5.355588E-1
7.130294E0	1.290526E1	-5.846923E-1
7.163613E0	1.304500E1	-5.502108E-1
7.196932E0	1.316859E1	-4.867558E-1
7.230251E0	1.320964E1	-4.530883E-1
7.263570E0	1.319198E1	-4.369596E-1
7.296889E0	1.317124E1	-4.498461E-1
7.330209E0	1.318138E1	-4.433386E-1
7.363528E0	1.328062E1	-4.386621E-1
7.396847E0	1.357548E1	-4.188380E-1
7.430166E0	1.381749E1	-4.345558E-1
7.463485E0	1.389697E1	-4.609584E-1
7.496804E0	1.375925E1	-4.334425E-1
7.530123E0	1.352013E1	-4.529561E-1
7.563442E0	1.339293E1	-4.873528E-1
7.596762E0	1.333038E1	-5.356596E-1
7.630081E0	1.339170E1	-5.853811E-1
7.663400E0	1.346435E1	-6.542867E-1
7.696719E0	1.361525E1	-6.268907E-1
7.730038E0	1.388705E1	-5.393670E-1
7.763357E0	1.418684E1	-4.744986E-1
7.796676E0	1.433660E1	-4.051561E-1
7.829996E0	1.426549E1	-4.181147E-1
7.863315E0	1.423312E1	-4.982551E-1
7.896634E0	1.414848E1	-5.072882E-1
7.929953E0	1.417360E1	-4.650868E-1
7.963272E0	1.413645E1	-5.560459E-1
7.996591E0	1.417787E1	-5.557901E-1
8.029910E0	1.423405E1	-5.153322E-1
8.063229E0	1.432083E1	-5.744192E-1
8.096549E0	1.439722E1	-6.357094E-1
8.129868E0	1.448968E1	-6.495378E-1
8.163187E0	1.461638E1	-6.262329E-1
8.196506E0	1.481966E1	-5.341771E-1
8.229825E0	1.510899E1	-5.309521E-1
8.263144E0	1.544778E1	-5.669425E-1
8.296463E0	1.556575E1	-5.754435E-1
8.329782E0	1.543368E1	-5.561627E-1
8.363102E0	1.530589E1	-5.291827E-1
8.396421E0	1.519797E1	-4.813646E-1
8.429740E0	1.518989E1	-4.493927E-1
8.463059E0	1.517751E1	-5.677378E-1
8.496378E0	1.523001E1	-6.171246E-1
8.529697E0	1.531024E1	-5.781108E-1
8.563016E0	1.541543E1	-5.882890E-1
8.596335E0	1.547609E1	-6.360319E-1
8.629655E0	1.555688E1	-6.331477E-1
8.662974E0	1.556022E1	-6.001458E-1
8.696293E0	1.566874E1	-6.189884E-1
8.729612E0	1.601495E1	-6.279680E-1
8.762931E0	1.633056E1	-6.190282E-1
8.796250E0	1.635278E1	-5.968287E-1
8.829569E0	1.623067E1	-5.812369E-1
8.862889E0	1.612070E1	-5.760526E-1
8.896208E0	1.601187E1	-5.837519E-1
8.929527E0	1.597373E1	-6.205467E-1
8.962846E0	1.602879E1	-6.694532E-1
8.996165E0	1.605864E1	-6.768355E-1
9.029484E0	1.612843E1	-6.483058E-1
9.062803E0	1.622930E1	-6.888850E-1
9.096122E0	1.634997E1	-7.457300E-1
9.129442E0	1.645589E1	-7.006002E-1
9.162761E0	1.655664E1	-6.609529E-1
9.196080E0	1.669324E1	-6.166041E-1
9.229399E0	1.701437E1	-6.143340E-1
9.262718E0	1.740044E1	-6.183580E-1
9.296037E0	1.743138E1	-6.213977E-1
9.329356E0	1.730912E1	-6.129646E-1
9.362675E0	1.736725E1	-6.257610E-1
9.395995E0	1.731962E1	-6.428360E-1
9.429314E0	1.718295E1	-6.210004E-1
9.462633E0	1.698946E1	-5.641725E-1
9.495952E0	1.663101E1	-5.139891E-1
9.529271E0	1.633839E1	-5.468045E-1
9.562590E0	1.617892E1	-6.070443E-1
9.595909E0	1.614182E1	-6.487473E-1
9.629229E0	1.625236E1	-6.685045E-1
9.662548E0	1.643726E1	-6.802780E-1
9.695867E0	1.668196E1	-6.511345E-1
9.729186E0	1.700304E1	-5.690174E-1
9.762505E0	1.732218E1	-5.544701E-1
9.795824E0	1.751921E1	-5.990580E-1
9.829143E0	1.740525E1	-5.957488E-1
9.862462E0	1.726919E1	-5.593915E-1
9.895782E0	1.706320E1	-4.990509E-1
9.929101E0	1.697188E1	-4.978370E-1
9.962420E0	1.704503E1	-6.427702E-1
9.995739E0	1.720862E1	-7.090115E-1
1.002906E1	1.747883E1	-6.361372E-1
1.006238E1	1.769026E1	-6.309371E-1
1.009570E1	1.783246E1	-5.990555E-1
1.012902E1	1.794995E1	-6.383294E-1
1.016233E1	1.804299E1	-6.077329E-1
1.019565E1	1.815269E1	-5.654770E-1
1.022897E1	1.850458E1	-5.900513E-1
1.026229E1	1.896227E1	-6.515990E-1
1.029561E1	1.907718E1	-6.544840E-1
1.032893E1	1.886673E1	-6.013486E-1
1.036225E1	1.860048E1	-5.655306E-1
1.039557E1	1.824791E1	-5.151175E-1
1.042889E1	1.796820E1	-5.138531E-1
1.046221E1	1.788756E1	-6.359335E-1
1.049553E1	1.791805E1	-7.062460E-1
1.052885E1	1.802538E1	-6.373691E-1
1.056216E1	1.814737E1	-5.927411E-1
1.059548E1	1.823246E1	-6.345464E-1
1.062880E1	1.828516E1	-6.645198E-1
1.066212E1	1.829692E1	-6.188130E-1
1.069544E1	1.837903E1	-6.294442E-1
1.072876E1	1.867556E1	-6.634323E-1
1.076208E1	1.896038E1	-7.075814E-1
1.079540E1	1.901633E1	-7.066037E-1
1.082872E1	1.890265E1	-6.705640E-1
1.086204E1	1.879138E1	-6.215939E-1
1.089536E1	1.870513E1	-6.279810E-1
1.092867E1	1.872401E1	-6.844899E-1
1.096199E1	1.878468E1	-7.133395E-1
1.099531E1	1.885781E1	-6.983486E-1
1.102863E1	1.896115E1	-6.840955E-1
1.106195E1	1.912538E1	-6.601290E-1
1.109527E1	1.926586E1	-6.876318E-1
1.112859E1	1.941375E1	-7.172441E-1
1.116191E1	1.951328E1	-7.001248E-1
1.119523E1	1.966515E1	-6.446644E-1
1.122855E1	1.997522E1	-6.210946E-1
1.126187E1	2.033764E1	-6.706649E-1
1.129519E1	2.044421E1	-6.706896E-1
1.132850E1	2.035761E1	-6.501968E-1
1.136182E1	2.038373E1	-6.712019E-1
1.139514E1	2.036280E1	-6.675519E-1
1.142846E1	2.018914E1	-6.707410E-1
1.146178E1	1.993406E1	-6.465583E-1
1.149510E1	1.959458E1	-5.984171E-1
1.152842E1	1.938042E1	-6.416455E-1
1.156174E1	1.935992E1	-7.039881E-1
1.159506E1	1.930825E1	-7.646204E-1
1.162838E1	1.937800E1	-7.858401E-1
1.166170E1	1.946723E1	-8.162110E-1
1.169501E1	1.961937E1	-7.727837E-1
1.172833E1	1.988524E1	-7.623628E-1
1.176165E1	2.014623E1	-7.428177E-1
1.179497E1	2.026894E1	-7.089405E-1
1.182829E1	2.024890E1	-7.110608E-1
1.186161E1	2.015747E1	-7.072909E-1
1.189493E1	2.006801E1	-6.522764E-1
1.192825E1	2.000996E1	-6.322153E-1
1.196157E1	2.006004E1	-7.447911E-1
1.199489E1	2.005544E1	-8.066429E-1
1.202821E1	2.008760E1	-7.720459E-1
1.206152E1	2.009106E1	-7.663094E-1
1.209484E1	2.006816E1	-7.680305E-1
1.212816E1	2.001852E1	-8.141017E-1
1.216148E1	1.997661E1	-8.423082E-1
1.219480E1	2.000438E1	-7.605558E-1
1.222812E1	2.003439E1	-7.101925E-1
1.226144E1	2.010700E1	-7.599276E-1
1.229476E1	2.031218E1	-7.787805E-1
1.232808E1	2.039585E1	-7.223209E-1
1.236140E1	2.041855E1	-6.667256E-1
1.239472E1	2.032487E1	-5.902968E-1
1.242804E1	2.026704E1	-6.373829E-1
1.246135E1	2.022252E1	-7.606652E-1
1.249467E1	2.028244E1	-8.291324E-1
1.252799E1	2.045268E1	-8.208027E-1
1.256131E1	2.063468E1	-7.735355E-1
1.259463E1	2.075988E1	-7.708022E-1
1.262795E1	2.091161E1	-8.161989E-1
1.266127E1	2.107767E1	-8.365613E-1
1.269459E1	2.122422E1	-7.806977E-1
1.272791E1	2.148226E1	-7.432316E-1
1.276123E1	2.183248E1	-7.511990E-1
1.279455E1	2.205166E1	-8.048394E-1
1.282786E1	2.202333E1	-8.421045E-1
1.286118E1	2.193428E1	-7.986670E-1
1.289450E1	2.181257E1	-7.427615E-1
1.292782E1	2.167692E1	-6.887363E-1
1.296114E1	2.161793E1	-8.249767E-1
1.299446E1	2.170868E1	-9.033647E-1
1.302778E1	2.187481E1	-7.928853E-1
1.306110E1	2.200362E1	-7.953197E-1
1.309442E1	2.210769E1	-8.587390E-1
1.312774E1	2.217897E1	-9.303221E-1
1.316106E1	2.224431E1	-8.938041E-1
1.319438E1	2.238519E1	-8.557277E-1
1.322769E1	2.266296E1	-9.002081E-1
1.326101E1	2.296119E1	-9.706581E-1
1.329433E1	2.316362E1	-1.031685E0
1.332765E1	2.310144E1	-1.077659E0
1.336097E1	2.304050E1	-1.119446E0
1.339429E1	2.297300E1	-1.082458E0
1.342761E1	2.284775E1	-1.031697E0
1.346093E1	2.266343E1	-1.001745E0
1.349425E1	2.224212E1	-9.507234E-1
1.352757E1	2.191462E1	-9.708943E-1
1.356089E1	2.178179E1	-1.030924E0
1.359420E1	2.173215E1	-1.076410E0
1.362752E1	2.179274E1	-1.116403E0
1.366084E1	2.187694E1	-1.170508E0
1.369416E1	2.202053E1	-1.273878E0
1.372748E1	2.232128E1	-1.289241E0
1.376080E1	2.267015E1	-1.211806E0
1.379412E1	2.294781E1	-1.140491E0
1.382744E1	2.287453E1	-1.175977E0
1.386076E1	2.269145E1	-1.221567E0
1.389408E1	2.246572E1	-1.172810E0
1.392740E1	2.229115E1	-1.035786E0
1.396072E1	2.222660E1	-1.179759E0
1.399403E1	2.234444E1	-1.353266E0
1.402735E1	2.257517E1	-1.370177E0
1.406067E1	2.278600E1	-1.306613E0
1.409399E1	2.290350E1	-1.283052E0
1.412731E1	2.297474E1	-1.374800E0
1.416063E1	2.299405E1	-1.473882E0
1.419395E1	2.305359E1	-1.530796E0
1.422727E1	2.316870E1	-1.517062E0
1.426059E1	2.346924E1	-1.514784E0
1.429391E1	2.375638E1	-1.485051E0
1.432723E1	2.377491E1	-1.481319E0
1.436054E1	2.361751E1	-1.488333E0
1.439386E1	2.341035E1	-1.428902E0
1.442718E1	2.322399E1	-1.343470E0
1.446050E1	2.315286E1	-1.410101E0
1.449382E1	2.315538E1	-1.435447E0
1.452714E1	2.321813E1	-1.430873E0
1.456046E1	2.324212E1	-1.406861E0
1.459378E1	2.336560E1	-1.370748E0
1.462710E1	2.339600E1	-1.438337E0
1.466042E1	2.341430E1	-1.541879E0
1.469374E1	2.351834E1	-1.602912E0
1.472706E1	2.359072E1	-1.551581E0
1.476037E1	2.368629E1	-1.529004E0
1.479369E1	2.393690E1	-1.580118E0
1.482701E1	2.407669E1	-1.604018E0
1.486033E1	2.405609E1	-1.577851E0
1.489365E1	2.391828E1	-1.501485E0
1.492697E1	2.378056E1	-1.446664E0
1.496029E1	2.374575E1	-1.547500E0
1.499361E1	2.390247E1	-1.633557E0
1.502693E1	2.422344E1	-1.656427E0
1.506025E1	2.453922E1	-1.631522E0
1.509357E1	2.476677E1	-1.640226E0
1.512688E1	2.492800E1	-1.665384E0
1.516020E1	2.494301E1	-1.631952E0
1.519352E1	2.489198E1	-1.614549E0
1.522684E1	2.487069E1	-1.635781E0
1.526016E1	2.488812E1	-1.615760E0
1.529348E1	2.492314E1	-1.627801E0
1.532680E1	2.512010E1	-1.659156E0
1.536012E1	2.518490E1	-1.733827E0
1.539344E1	2.502073E1	-1.664887E0
1.542676E1	2.477091E1	-1.673461E0
1.546008E1	2.465747E1	-1.735266E0
1.549340E1	2.484207E1	-1.815634E0
1.552671E1	2.511907E1	-1.834883E0
1.556003E1	2.543767E1	-1.782412E0
1.559335E1	2.566913E1	-1.789792E0
1.562667E1	2.579590E1	-1.790489E0
1.565999E1	2.580202E1	-1.823935E0
1.569331E1	2.590696E1	-1.842706E0
1.572663E1	2.624572E1	-1.910429E0
1.575995E1	2.662564E1	-1.966170E0
1.579327E1	2.682359E1	-1.973272E0
1.582659E1	2.666318E1	-1.928828E0
1.585991E1	2.636203E1	-1.887705E0
1.589322E1	2.596960E1	-1.811627E0
1.592654E1	2.551790E1	-1.735803E0
1.595986E1	2.519355E1	-1.711775E0
1.599318E1	2.518400E1	-1.773542E0
1.602650E1	2.520617E1	-1.767693E0
1.605982E1	2.521622E1	-1.771538E0
1.609314E1	2.525498E1	-1.824722E0
1.612646E1	2.523155E1	-1.781464E0
1.615978E1	2.526630E1	-1.747652E0
1.619310E1	2.544463E1	-1.823200E0
1.622642E1	2.570800E1	-1.949678E0
1.625974E1	2.593715E1	-1.959894E0
1.629305E1	2.610068E1	-1.905790E0
1.632637E1	2.610860E1	-1.881651E0
1.635969E1	2.607341E1	-1.895721E0
1.639301E1	2.594692E1	-1.826990E0
1.642633E1	2.580905E1	-1.785147E0
1.645965E1	2.585883E1	-1.888715E0
1.649297E1	2.597977E1	-1.967023E0
1.652629E1	2.618914E1	-2.001402E0
1.655961E1	2.638627E1	-2.014723E0
1.659293E1	2.652210E1	-1.981144E0
1.662625E1	2.656616E1	-2.013456E0
1.665956E1	2.661039E1	-2.060228E0
1.669288E1	2.675536E1	-2.113712E0
1.672620E1	2.711728E1	-2.140328E0
1.675952E1	2.755405E1	-2.198687E0
1.679284E1	2.770976E1	-2.297097E0
1.682616E1	2.753422E1	-2.275429E0
1.685948E1	2.723647E1	-2.143801E0
1.689280E1	2.682590E1	-2.011306E0
1.692612E1	2.647902E1	-1.949092E0
1.695944E1	2.637842E1	-2.013612E0
1.699276E1	2.643340E1	-2.080392E0
1.702608E1	2.654774E1	-2.116598E0
1.705939E1	2.669381E1	-2.108957E0
1.709271E1	2.680304E1	-2.137123E0
1.712603E1	2.688008E1	-2.200728E0
1.715935E1	2.694123E1	-2.251847E0
1.719267E1	2.706106E1	-2.277314E0
1.722599E1	2.740511E1	-2.305370E0
1.725931E1	2.781816E1	-2.347257E0
1.729263E1	2.809649E1	-2.413176E0
1.732595E1	2.799794E1	-2.399078E0
1.735927E1	2.777822E1	-2.300375E0
1.739259E1	2.748843E1	-2.192686E0
1.742590E1	2.719651E1	-2.133533E0
1.745922E1	2.707682E1	-2.229369E0
1.749254E1	2.707850E1	-2.318235E0
1.752586E1	2.709522E1	-2.317228E0
1.755918E1	2.711894E1	-2.302455E0
1.759250E1	2.715286E1	-2.272367E0
1.762582E1	2.716558E1	-2.226770E0
1.765914E1	2.719871E1	-2.267205E0
1.769246E1	2.726236E1	-2.360642E0
1.772578E1	2.737313E1	-2.394433E0
1.775910E1	2.764620E1	-2.358879E0
1.779242E1	2.794324E1	-2.353196E0
1.782573E1	2.799038E1	-2.366198E0
1.785905E1	2.786801E1	-2.353492E0
1.789237E1	2.765150E1	-2.238683E0
1.792569E1	2.743232E1	-2.162012E0
1.795901E1	2.731559E1	-2.247506E0
1.799233E1	2.736408E1	-2.362864E0
1.802565E1	2.758696E1	-2.421926E0
1.805897E1	2.782863E1	-2.389785E0
1.809229E1	2.797307E1	-2.366609E0
1.812561E1	2.807050E1	-2.430977E0
1.815893E1	2.816216E1	-2.480291E0
1.819224E1	2.830166E1	-2.493589E0
1.822556E1	2.862902E1	-2.537775E0
1.825888E1	2.901051E1	-2.607413E0
1.829220E1	2.926379E1	-2.665789E0
1.832552E1	2.915839E1	-2.637791E0
1.835884E1	2.892218E1	-2.546235E0
1.839216E1	2.858087E1	-2.428600E0
1.842548E1	2.822245E1	-2.344506E0
1.845880E1	2.805778E1	-2.390776E0
1.849212E1	2.812153E1	-2.502685E0
1.852544E1	2.836178E1	-2.548581E0
1.855876E1	2.860344E1	-2.501291E0
1.859207E1	2.874312E1	-2.477936E0
1.862539E1	2.879637E1	-2.554882E0
1.865871E1	2.884062E1	-2.619005E0
1.869203E1	2.895637E1	-2.664761E0
1.872535E1	2.923031E1	-2.716036E0
1.875867E1	2.959136E1	-2.771940E0
1.879199E1	2.984550E1	-2.819887E0
1.882531E1	2.975744E1	-2.819544E0
1.885863E1	2.950478E1	-2.741707E0
1.889195E1	2.914594E1	-2.599715E0
1.892527E1	2.880616E1	-2.480173E0
1.895858E1	2.869656E1	-2.564433E0
1.899190E1	2.882825E1	-2.684469E0
1.902522E1	2.910972E1	-2.694761E0
1.905854E1	2.941286E1	-2.627344E0
1.909186E1	2.958291E1	-2.630426E0
1.912518E1	2.966809E1	-2.687887E0
1.915850E1	2.971186E1	-2.778185E0
1.919182E1	2.980433E1	-2.834865E0
1.922514E1	3.009631E1	-2.881746E0
1.925846E1	3.046221E1	-2.947075E0
1.929178E1	3.066645E1	-2.998683E0
1.932510E1	3.057297E1	-2.973568E0
1.935841E1	3.037592E1	-2.902423E0
1.939173E1	3.003384E1	-2.775661E0
1.942505E1	2.968088E1	-2.680531E0
1.945837E1	2.951042E1	-2.723666E0
1.949169E1	2.957547E1	-2.841674E0
1.952501E1	2.978323E1	-2.893339E0
1.955833E1	2.999833E1	-2.847718E0
1.959165E1	3.000112E1	-2.840928E0
1.962497E1	2.999113E1	-2.833397E0
1.965829E1	3.004886E1	-2.853571E0
1.969161E1	3.016247E1	-2.839097E0
1.972492E1	3.044915E1	-2.942172E0
1.975824E1	3.092399E1	-3.048564E0
1.979156E1	3.122625E1	-3.097646E0
1.982488E1	3.111386E1	-3.119694E0
1.985820E1	3.088062E1	-3.066185E0
1.989152E1	3.054492E1	-2.926294E0
1.992484E1	3.022481E1	-2.804841E0
1.995816E1	3.011074E1	-2.861693E0
1.999148E1	3.019418E1	-2.969959E0
2.002480E1	3.044852E1	-3.020292E0
2.005812E1	3.073965E1	-2.974926E0
2.009144E1	3.091627E1	-2.982627E0
2.012475E1	3.102885E1	-3.020200E0
2.015807E1	3.108415E1	-3.034730E0
2.019139E1	3.112286E1	-3.025796E0
2.022471E1	3.131369E1	-3.067074E0
2.025803E1	3.168481E1	-3.144766E0
2.029135E1	3.191760E1	-3.244746E0
2.032467E1	3.184668E1	-3.251264E0
2.035799E1	3.164014E1	-3.203600E0
2.039131E1	3.135030E1	-3.128967E0
2.042463E1	3.112884E1	-3.064781E0
2.045795E1	3.112647E1	-3.156712E0
2.049126E1	3.124454E1	-3.223253E0
2.052458E1	3.153433E1	-3.283088E0
2.055790E1	3.182889E1	-3.304845E0
2.059122E1	3.207373E1	-3.340176E0
2.062454E1	3.224605E1	-3.389960E0
2.065786E1	3.236321E1	-3.377036E0
2.069118E1	3.243150E1	-3.299263E0
2.072450E1	3.268812E1	-3.354919E0
2.075782E1	3.306494E1	-3.483437E0
2.079114E1	3.324409E1	-3.567919E0
2.082446E1	3.309672E1	-3.561975E0
2.085778E1	3.282675E1	-3.468734E0
2.089109E1	3.244021E1	-3.347637E0
2.092441E1	3.202499E1	-3.203156E0
2.095773E1	3.184683E1	-3.272161E0
2.099105E1	3.192983E1	-3.414462E0
2.102437E1	3.217275E1	-3.461735E0
2.105769E1	3.244872E1	-3.405700E0
2.109101E1	3.267877E1	-3.353313E0
2.112433E1	3.278985E1	-3.337179E0
2.115765E1	3.281695E1	-3.400831E0
2.119097E1	3.291969E1	-3.472435E0
2.122429E1	3.326267E1	-3.586474E0
2.125760E1	3.368311E1	-3.716627E0
2.129092E1	3.384771E1	-3.838660E0
2.132424E1	3.367106E1	-3.830257E0
2.135756E1	3.336526E1	-3.690911E0
2.139088E1	3.297846E1	-3.494873E0
2.142420E1	3.255195E1	-3.343834E0
2.145752E1	3.231438E1	-3.386801E0
2.149084E1	3.237788E1	-3.507878E0
2.152416E1	3.263858E1	-3.586244E0
2.155748E1	3.296219E1	-3.567392E0
2.159080E1	3.314731E1	-3.494381E0
2.162412E1	3.312576E1	-3.503339E0
2.165743E1	3.308880E1	-3.514198E0
2.169075E1	3.316396E1	-3.507258E0
2.172407E1	3.341303E1	-3.590222E0
2.175739E1	3.356003E1	-3.712320E0
2.179071E1	3.351625E1	-3.727395E0
2.182403E1	3.357655E1	-3.676904E0
2.185735E1	3.349445E1	-3.608617E0
2.189067E1	3.335319E1	-3.530647E0
2.192399E1	3.325874E1	-3.542448E0
2.195731E1	3.327981E1	-3.585660E0
2.199063E1	3.350227E1	-3.640583E0
2.202394E1	3.385576E1	-3.680202E0
2.205726E1	3.419739E1	-3.737546E0
2.209058E1	3.449078E1	-3.773706E0
2.212390E1	3.475623E1	-3.802454E0
2.215722E1	3.497159E1	-3.807724E0
2.219054E1	3.511632E1	-3.837622E0
2.222386E1	3.531120E1	-3.926274E0
2.225718E1	3.561503E1	-4.083824E0
2.229050E1	3.574370E1	-4.186202E0
2.232382E1	3.565366E1	-4.146205E0
2.235714E1	3.559386E1	-4.094053E0
2.239046E1	3.548639E1	-4.078759E0
2.242377E1	3.529341E1	-4.037589E0
2.245709E1	3.498226E1	-3.894991E0
2.249041E1	3.459021E1	-3.727002E0
2.252373E1	3.435564E1	-3.693535E0
2.255705E1	3.424783E1	-3.695207E0
2.259037E1	3.422616E1	-3.731069E0
2.262369E1	3.429160E1	-3.774328E0
2.265701E1	3.436289E1	-3.830228E0
2.269033E1	3.452417E1	-3.845521E0
2.272365E1	3.481040E1	-3.900210E0
2.275697E1	3.516677E1	-4.021134E0
2.279028E1	3.535663E1	-4.101738E0
2.282360E1	3.522414E1	-4.070633E0
2.285692E1	3.497027E1	-3.952676E0
2.289024E1	3.463874E1	-3.759873E0
2.292356E1	3.435321E1	-3.650998E0
2.295688E1	3.425353E1	-3.722228E0
2.299020E1	3.429957E1	-3.771608E0
2.302352E1	3.453047E1	-3.830798E0
2.305684E1	3.482492E1	-3.815483E0
2.309016E1	3.508562E1	-3.797605E0
2.312348E1	3.527817E1	-3.804166E0
2.315680E1	3.537901E1	-3.859712E0
2.319011E1	3.551192E1	-3.902625E0
2.322343E1	3.579423E1	-4.017697E0
2.325675E1	3.614657E1	-4.153168E0
2.329007E1	3.628048E1	-4.303904E0
2.332339E1	3.616919E1	-4.312237E0
2.335671E1	3.592503E1	-4.144547E0
2.339003E1	3.561403E1	-3.955861E0
2.342335E1	3.526435E1	-3.860651E0
2.345667E1	3.520068E1	-3.960497E0
2.348999E1	3.526251E1	-4.068446E0
2.352331E1	3.554568E1	-4.123835E0
2.355662E1	3.583992E1	-4.099362E0
2.358994E1	3.606276E1	-4.084561E0
2.362326E1	3.620138E1	-4.116099E0
2.365658E1	3.628129E1	-4.137054E0
2.368990E1	3.640019E1	-4.197643E0
2.372322E1	3.667893E1	-4.304100E0
2.375654E1	3.700365E1	-4.370979E0
2.378986E1	3.702814E1	-4.394983E0
2.382318E1	3.693617E1	-4.379107E0
2.385650E1	3.696505E1	-4.377869E0
2.388982E1	3.706399E1	-4.430328E0
2.392314E1	3.699435E1	-4.444951E0
2.395645E1	3.668701E1	-4.362016E0
2.398977E1	3.627673E1	-4.155289E0
2.402309E1	3.601436E1	-4.036712E0
2.405641E1	3.596830E1	-4.021244E0
2.408973E1	3.597792E1	-4.049933E0
2.412305E1	3.606355E1	-4.085361E0
2.415637E1	3.621521E1	-4.127513E0
2.418969E1	3.640722E1	-4.160456E0
2.422301E1	3.667687E1	-4.208104E0
2.425633E1	3.712660E1	-4.290317E0
2.428965E1	3.744194E1	-4.409125E0
2.432296E1	3.731528E1	-4.387339E0
2.435628E1	3.698398E1	-4.263035E0
2.438960E1	3.655427E1	-4.082801E0
2.442292E1	3.616113E1	-3.942945E0
2.445624E1	3.606604E1	-3.993649E0
2.448956E1	3.615169E1	-4.085801E0
2.452288E1	3.640202E1	-4.149905E0
2.455620E1	3.668105E1	-4.119874E0
2.458952E1	3.689905E1	-4.081423E0
2.462284E1	3.707932E1	-4.130424E0
2.465616E1	3.724710E1	-4.182401E0
2.468948E1	3.742178E1	-4.228229E0
2.472279E1	3.766383E1	-4.301298E0
2.475611E1	3.806553E1	-4.391808E0
2.478943E1	3.835215E1	-4.496807E0
2.482275E1	3.819632E1	-4.507353E0
2.485607E1	3.783179E1	-4.398033E0
2.488939E1	3.744501E1	-4.217503E0
2.492271E1	3.704979E1	-4.088102E0
2.495603E1	3.687943E1	-4.139727E0
2.498935E1	3.697014E1	-4.228184E0
2.502267E1	3.719301E1	-4.294761E0
2.505599E1	3.734333E1	-4.289886E0
2.508930E1	3.743141E1	-4.310411E0
2.512262E1	3.751346E1	-4.291578E0
2.515594E1	3.755493E1	-4.298765E0
2.518926E1	3.761745E1	-4.350057E0
2.522258E1	3.779867E1	-4.433777E0
2.525590E1	3.811409E1	-4.514738E0
2.528922E1	3.825414E1	-4.541009E0
2.532254E1	3.824692E1	-4.531917E0
2.535586E1	3.812021E1	-4.501933E0
2.538918E1	3.788280E1	-4.409643E0
2.542250E1	3.763503E1	-4.286783E0
2.545582E1	3.757605E1	-4.310200E0
2.548913E1	3.763984E1	-4.391851E0
2.552245E1	3.783845E1	-4.483100E0
2.555577E1	3.808195E1	-4.491135E0
2.558909E1	3.826487E1	-4.451103E0
2.562241E1	3.836317E1	-4.473897E0
2.565573E1	3.838050E1	-4.511080E0
2.568905E1	3.839667E1	-4.499827E0
2.572237E1	3.839411E1	-4.496440E0
2.575569E1	3.841060E1	-4.509478E0
2.578901E1	3.842262E1	-4.509682E0
2.582233E1	3.853145E1	-4.524035E0
2.585564E1	3.858708E1	-4.573728E0
2.588896E1	3.834867E1	-4.468289E0
2.592228E1	3.804874E1	-4.297614E0
2.595560E1	3.789606E1	-4.310738E0
2.598892E1	3.803009E1	-4.468000E0
2.602224E1	3.830918E1	-4.535106E0
2.605556E1	3.865600E1	-4.550690E0
2.608888E1	3.891734E1	-4.539422E0
2.612220E1	3.912380E1	-4.545682E0
2.615552E1	3.927029E1	-4.561064E0
2.618884E1	3.937131E1	-4.595863E0
2.622216E1	3.962065E1	-4.695927E0
2.625547E1	4.006506E1	-4.830715E0
2.628879E1	4.027663E1	-4.961838E0
2.632211E1	4.009618E1	-4.962109E0
2.635543E1	3.970518E1	-4.797381E0
2.638875E1	3.922920E1	-4.581983E0
2.642207E1	3.868971E1	-4.408183E0
2.645539E1	3.837628E1	-4.369697E0
2.648871E1	3.843556E1	-4.460721E0
2.652203E1	3.873135E1	-4.564291E0
2.655535E1	3.909605E1	-4.642713E0
2.658867E1	3.942324E1	-4.663009E0
2.662198E1	3.967749E1	-4.647367E0
2.665530E1	3.988516E1	-4.647456E0
2.668862E1	4.001798E1	-4.656995E0
2.672194E1	4.021207E1	-4.757750E0
2.675526E1	4.057477E1	-4.878842E0
2.678858E1	4.079436E1	-5.006545E0
2.682190E1	4.070614E1	-5.050868E0
2.685522E1	4.038116E1	-4.937900E0
2.688854E1	3.994959E1	-4.702685E0
2.692186E1	3.944918E1	-4.474895E0
2.695518E1	3.925529E1	-4.448601E0
2.698850E1	3.943221E1	-4.564888E0
2.702181E1	3.968530E1	-4.656691E0
2.705513E1	3.998718E1	-4.670982E0
2.708845E1	4.019243E1	-4.640365E0
2.712177E1	4.030272E1	-4.633089E0
2.715509E1	4.030951E1	-4.648859E0
2.718841E1	4.029558E1	-4.657290E0
2.722173E1	4.031190E1	-4.666021E0
2.725505E1	4.055207E1	-4.756606E0
2.728837E1	4.087405E1	-4.875354E0
2.732169E1	4.097631E1	-4.978410E0
2.735501E1	4.076326E1	-4.982474E0
2.738832E1	4.040585E1	-4.850210E0
2.742164E1	4.007300E1	-4.689984E0
2.745496E1	4.001713E1	-4.739442E0
2.748828E1	4.019069E1	-4.871465E0
2.752160E1	4.051981E1	-4.941174E0
2.755492E1	4.079591E1	-4.915950E0
2.758824E1	4.097834E1	-4.932090E0
2.762156E1	4.109934E1	-4.973199E0
2.765488E1	4.113680E1	-5.048721E0
2.768820E1	4.122509E1	-5.136963E0
2.772152E1	4.153407E1	-5.226459E0
2.775484E1	4.196117E1	-5.295856E0
2.778815E1	4.220283E1	-5.368985E0
2.782147E1	4.210114E1	-5.406499E0
2.785479E1	4.173953E1	-5.296442E0
2.788811E1	4.127715E1	-5.095042E0
2.792143E1	4.092737E1	-4.955074E0
2.795475E1	4.087128E1	-5.001221E0
2.798807E1	4.101342E1	-5.054310E0
2.802139E1	4.129126E1	-5.163988E0
2.805471E1	4.159368E1	-5.289034E0
2.808803E1	4.190302E1	-5.315206E0
2.812135E1	4.214638E1	-5.270138E0
2.815466E1	4.229188E1	-5.274177E0
2.818798E1	4.240296E1	-5.348649E0
2.822130E1	4.264253E1	-5.479506E0
2.825462E1	4.298048E1	-5.626425E0
2.828794E1	4.313065E1	-5.729006E0
2.832126E1	4.303209E1	-5.742674E0
2.835458E1	4.273938E1	-5.612574E0
2.838790E1	4.235476E1	-5.396386E0
2.842122E1	4.188258E1	-5.214139E0
2.845454E1	4.172042E1	-5.236254E0
2.848786E1	4.182469E1	-5.339122E0
2.852118E1	4.199673E1	-5.425949E0
2.855449E1	4.209776E1	-5.433860E0
2.858781E1	4.219057E1	-5.438119E0
2.862113E1	4.222694E1	-5.410394E0
2.865445E1	4.224304E1	-5.485054E0
2.868777E1	4.227436E1	-5.554615E0
2.872109E1	4.236224E1	-5.597079E0
2.875441E1	4.260822E1	-5.680143E0
2.878773E1	4.285294E1	-5.732042E0
2.882105E1	4.287348E1	-5.711435E0
2.885437E1	4.276400E1	-5.667280E0
2.888769E1	4.249781E1	-5.541291E0
2.892100E1	4.218174E1	-5.408424E0
2.895432E1	4.203692E1	-5.403563E0
2.898764E1	4.207224E1	-5.460810E0
2.902096E1	4.226717E1	-5.541699E0
2.905428E1	4.248473E1	-5.514338E0
2.908760E1	4.260814E1	-5.486897E0
2.912092E1	4.264855E1	-5.544864E0
2.915424E1	4.270310E1	-5.580451E0
2.918756E1	4.278895E1	-5.638173E0
2.922088E1	4.307845E1	-5.758188E0
2.925420E1	4.342841E1	-5.895825E0
2.928752E1	4.358108E1	-5.995614E0
2.932083E1	4.350801E1	-5.993256E0
2.935415E1	4.328473E1	-5.839544E0
2.938747E1	4.293407E1	-5.582784E0
2.942079E1	4.256222E1	-5.452108E0
2.945411E1	4.239837E1	-5.480842E0
2.948743E1	4.248407E1	-5.547143E0
2.952075E1	4.271940E1	-5.668274E0
2.955407E1	4.294759E1	-5.689302E0
2.958739E1	4.310259E1	-5.636052E0
2.962071E1	4.317594E1	-5.654629E0
2.965403E1	4.325863E1	-5.696108E0
2.968734E1	4.334047E1	-5.732273E0
2.972066E1	4.359412E1	-5.881615E0
2.975398E1	4.401626E1	-6.019963E0
2.978730E1	4.429159E1	-6.113357E0
2.982062E1	4.418657E1	-6.108229E0
2.985394E1	4.386037E1	-5.990290E0
2.988726E1	4.338652E1	-5.773643E0
2.992058E1	4.294139E1	-5.519943E0
2.995390E1	4.268687E1	-5.494353E0
2.998722E1	4.272908E1	-5.604807E0
3.002054E1	4.275444E1	-5.580497E0
3.005386E1	4.274812E1	-5.573588E0
3.008717E1	4.281616E1	-5.614773E0
3.012049E1	4.297668E1	-5.597616E0
3.015381E1	4.312968E1	-5.554252E0
3.018713E1	4.329087E1	-5.662050E0
3.022045E1	4.348488E1	-5.850245E0
3.025377E1	4.372430E1	-5.955669E0
3.028709E1	4.399929E1	-5.972409E0
3.032041E1	4.401468E1	-5.928334E0
3.035373E1	4.383359E1	-5.901874E0
3.038705E1	4.356536E1	-5.745634E0
3.042037E1	4.314671E1	-5.550098E0
3.045368E1	4.298276E1	-5.557728E0
3.048700E1	4.304633E1	-5.653613E0
3.052032E1	4.324742E1	-5.716220E0
3.055364E1	4.348103E1	-5.699594E0
3.058696E1	4.369236E1	-5.669744E0
3.062028E1	4.387044E1	-5.687079E0
3.065360E1	4.392844E1	-5.697426E0
3.068692E1	4.397192E1	-5.707218E0
3.072024E1	4.421192E1	-5.837167E0
3.075356E1	4.463539E1	-6.039787E0
3.078688E1	4.485128E1	-6.184587E0
3.082020E1	4.473935E1	-6.144495E0
3.085351E1	4.440701E1	-6.013196E0
3.088683E1	4.394923E1	-5.798660E0
3.092015E1	4.351809E1	-5.565881E0
3.095347E1	4.332733E1	-5.580682E0
3.098679E1	4.346461E1	-5.678647E0
3.102011E1	4.367946E1	-5.733265E0
3.105343E1	4.390918E1	-5.762267E0
3.108675E1	4.402329E1	-5.791923E0
3.112007E1	4.414083E1	-5.801742E0
3.115339E1	4.416208E1	-5.812607E0
3.118671E1	4.422719E1	-5.869621E0
3.122002E1	4.452745E1	-5.987541E0
3.125334E1	4.485560E1	-6.045614E0
3.128666E1	4.492845E1	-6.044796E0
3.131998E1	4.486727E1	-6.036847E0
3.135330E1	4.487199E1	-6.036521E0
3.138662E1	4.501089E1	-6.052143E0
3.141994E1	4.496837E1	-6.036998E0
3.145326E1	4.475106E1	-5.981520E0
3.148658E1	4.432848E1	-5.761718E0
3.151990E1	4.406434E1	-5.632835E0
3.155322E1	4.397306E1	-5.645272E0
3.158654E1	4.395370E1	-5.635901E0
3.161985E1	4.408751E1	-5.654809E0
3.165317E1	4.424397E1	-5.711111E0
3.168649E1	4.444768E1	-5.766392E0
3.171981E1	4.469790E1	-5.866479E0
3.175313E1	4.508117E1	-6.026882E0
3.178645E1	4.540959E1	-6.166827E0
3.181977E1	4.532500E1	-6.140178E0
3.185309E1	4.497908E1	-5.963612E0
3.188641E1	4.453524E1	-5.719946E0
3.191973E1	4.401970E1	-5.496319E0
3.195305E1	4.378237E1	-5.476320E0
3.198636E1	4.387769E1	-5.631335E0
3.201968E1	4.411269E1	-5.739311E0
3.205300E1	4.442657E1	-5.738188E0
3.208632E1	4.460612E1	-5.691369E0
3.211964E1	4.461151E1	-5.690119E0
3.215296E1	4.459534E1	-5.704663E0
3.218628E1	4.462159E1	-5.728880E0
3.221960E1	4.485526E1	-5.827428E0
3.225292E1	4.517804E1	-5.979013E0
3.228624E1	4.532013E1	-6.056175E0
3.231956E1	4.527747E1	-6.045331E0
3.235288E1	4.504167E1	-5.980634E0
3.238619E1	4.469640E1	-5.824575E0
3.241951E1	4.440152E1	-5.671142E0
3.245283E1	4.443253E1	-5.681632E0
3.248615E1	4.458416E1	-5.752656E0
3.251947E1	4.477577E1	-5.851087E0
3.255279E1	4.498051E1	-5.942350E0
3.258611E1	4.515727E1	-5.988449E0
3.261943E1	4.528441E1	-6.011649E0
3.265275E1	4.532042E1	-6.038822E0
3.268607E1	4.539867E1	-6.058007E0
3.271939E1	4.564150E1	-6.148354E0
3.275270E1	4.597059E1	-6.281879E0
3.278602E1	4.612260E1	-6.317361E0
3.281934E1	4.614295E1	-6.345379E0
3.285266E1	4.609546E1	-6.379753E0
3.288598E1	4.608246E1	-6.356003E0
3.291930E1	4.593545E1	-6.284478E0
3.295262E1	4.564537E1	-6.114342E0
3.298594E1	4.518343E1	-5.866680E0
3.301926E1	4.498858E1	-5.779072E0
3.305258E1	4.501582E1	-5.847122E0
3.308590E1	4.501554E1	-5.879475E0
3.311922E1	4.504028E1	-5.880452E0
3.315253E1	4.511995E1	-5.932469E0
3.318585E1	4.521195E1	-5.976430E0
3.321917E1	4.546923E1	-6.105622E0
3.325249E1	4.576244E1	-6.245209E0
3.328581E1	4.586022E1	-6.274473E0
3.331913E1	4.580018E1	-6.241939E0
3.335245E1	4.558016E1	-6.109488E0
3.338577E1	4.525849E1	-5.890283E0
3.341909E1	4.485575E1	-5.693235E0
3.345241E1	4.469624E1	-5.656467E0
3.348573E1	4.479383E1	-5.761721E0
3.351904E1	4.499272E1	-5.886235E0
3.355236E1	4.517342E1	-5.939000E0
3.358568E1	4.521075E1	-5.913098E0
3.361900E1	4.520261E1	-5.884225E0
3.365232E1	4.525451E1	-5.916447E0
3.368564E1	4.539920E1	-5.929004E0
3.371896E1	4.566329E1	-6.066222E0
3.375228E1	4.612059E1	-6.308949E0
3.378560E1	4.652512E1	-6.436877E0
3.381892E1	4.650800E1	-6.403499E0
3.385224E1	4.627247E1	-6.345094E0
3.388556E1	4.591971E1	-6.189775E0
3.391887E1	4.553301E1	-6.010486E0
3.395219E1	4.531668E1	-5.964386E0
3.398551E1	4.547538E1	-6.096070E0
3.401883E1	4.570068E1	-6.215531E0
3.405215E1	4.598844E1	-6.238297E0
3.408547E1	4.615857E1	-6.239256E0
3.411879E1	4.624370E1	-6.275065E0
3.415211E1	4.624857E1	-6.292354E0
3.418543E1	4.624672E1	-6.280423E0
3.421875E1	4.625480E1	-6.292744E0
3.425207E1	4.629500E1	-6.335382E0
3.428538E1	4.663709E1	-6.480268E0
3.431870E1	4.693485E1	-6.596114E0
3.435202E1	4.691089E1	-6.637343E0
3.438534E1	4.674221E1	-6.574327E0
3.441866E1	4.654150E1	-6.500897E0
3.445198E1	4.646003E1	-6.505248E0
3.448530E1	4.656953E1	-6.577079E0
3.451862E1	4.671823E1	-6.614692E0
3.455194E1	4.684296E1	-6.614033E0
3.458526E1	4.691574E1	-6.710475E0
3.461858E1	4.695517E1	-6.772757E0
3.465190E1	4.695740E1	-6.782247E0
3.468521E1	4.701066E1	-6.855302E0
3.471853E1	4.727822E1	-7.001312E0
3.475185E1	4.763302E1	-7.098836E0
3.478517E1	4.774995E1	-7.058436E0
3.481849E1	4.764078E1	-6.992760E0
3.485181E1	4.733390E1	-6.951518E0
3.488513E1	4.706695E1	-6.792670E0
3.491845E1	4.670684E1	-6.574964E0
3.495177E1	4.624764E1	-6.383307E0
3.498509E1	4.623073E1	-6.326779E0
3.501841E1	4.639369E1	-6.425140E0
3.505172E1	4.662683E1	-6.552101E0
3.508504E1	4.683389E1	-6.563193E0
3.511836E1	4.692603E1	-6.604943E0
3.515168E1	4.692961E1	-6.669795E0
3.518500E1	4.694197E1	-6.720726E0
3.521832E1	4.717101E1	-6.855321E0
3.525164E1	4.748187E1	-7.000538E0
3.528496E1	4.759942E1	-6.986710E0
3.531828E1	4.753769E1	-6.910958E0
3.535160E1	4.729871E1	-6.842730E0
3.538492E1	4.706765E1	-6.683388E0
3.541823E1	4.673599E1	-6.487806E0
3.545155E1	4.629473E1	-6.333304E0
3.548487E1	4.625686E1	-6.335630E0
3.551819E1	4.633277E1	-6.370957E0
3.555151E1	4.657125E1	-6.460621E0
3.558483E1	4.674138E1	-6.538818E0
3.561815E1	4.679505E1	-6.599047E0
3.565147E1	4.682188E1	-6.669696E0
3.568479E1	4.680437E1	-6.720801E0
3.571811E1	4.680243E1	-6.722556E0
3.575143E1	4.696211E1	-6.728595E0
3.578475E1	4.720742E1	-6.840748E0
3.581806E1	4.727446E1	-6.864804E0
3.585138E1	4.720908E1	-6.799762E0
3.588470E1	4.705394E1	-6.655589E0
3.591802E1	4.713166E1	-6.524364E0
3.595134E1	4.670241E1	-6.547655E0
3.598466E1	4.682633E1	-6.683225E0
3.601798E1	4.705216E1	-6.783956E0
3.605130E1	4.728749E1	-6.824304E0
3.608462E1	4.738867E1	-6.843907E0
3.611794E1	4.741548E1	-6.880747E0
3.615126E1	4.735340E1	-6.924624E0
3.618457E1	4.738990E1	-6.934868E0
3.621789E1	4.739635E1	-6.930705E0
3.625121E1	4.739418E1	-6.948085E0
3.628453E1	4.738850E1	-6.946897E0
3.631785E1	4.741151E1	-6.948525E0
3.635117E1	4.744261E1	-7.008106E0
3.638449E1	4.715919E1	-6.845919E0
3.641781E1	4.690505E1	-6.654456E0
3.645113E1	4.672425E1	-6.654459E0
3.648445E1	4.690210E1	-6.801640E0
3.651777E1	4.715579E1	-6.930369E0
3.655109E1	4.750491E1	-6.979285E0
3.658440E1	4.767525E1	-6.996994E0
3.661772E1	4.776967E1	-7.029794E0
3.665104E1	4.774239E1	-7.085041E0
3.668436E1	4.776187E1	-7.172210E0
3.671768E1	4.806333E1	-7.314690E0
3.675100E1	4.842963E1	-7.450362E0
3.678432E1	4.857967E1	-7.516017E0
3.681764E1	4.854490E1	-7.522382E0
3.685096E1	4.847022E1	-7.523141E0
3.688428E1	4.849370E1	-7.522300E0
3.691760E1	4.840529E1	-7.436524E0
3.695091E1	4.809851E1	-7.251482E0
3.698423E1	4.759603E1	-6.941285E0
3.701755E1	4.731230E1	-6.768440E0
3.705087E1	4.736512E1	-6.869332E0
3.708419E1	4.740371E1	-6.916526E0
3.711751E1	4.746374E1	-6.916202E0
3.715083E1	4.749405E1	-7.011710E0
3.718415E1	4.758310E1	-7.107206E0
3.721747E1	4.784595E1	-7.232222E0
3.725079E1	4.818053E1	-7.358235E0
3.728411E1	4.834148E1	-7.366180E0
3.731743E1	4.830195E1	-7.303655E0
3.735074E1	4.809118E1	-7.234702E0
3.738406E1	4.781717E1	-7.057139E0
3.741738E1	4.742349E1	-6.849835E0
3.745070E1	4.720015E1	-6.770258E0
3.748402E1	4.721783E1	-6.807876E0
3.751734E1	4.721898E1	-6.802946E0
3.755066E1	4.729267E1	-6.844500E0
3.758398E1	4.741425E1	-6.879619E0
3.761730E1	4.754301E1	-6.866018E0
3.765062E1	4.760148E1	-6.925220E0
3.768394E1	4.765618E1	-7.018287E0
3.771725E1	4.763747E1	-7.101917E0
3.775057E1	4.769850E1	-7.124117E0
3.778389E1	4.790853E1	-7.200148E0
3.781721E1	4.801500E1	-7.255269E0
3.785053E1	4.795206E1	-7.188210E0
3.788385E1	4.782991E1	-7.021506E0
3.791717E1	4.782922E1	-6.948506E0
3.795049E1	4.768217E1	-6.952139E0
3.798381E1	4.782332E1	-7.047668E0
3.801713E1	4.803754E1	-7.161692E0
3.805045E1	4.826673E1	-7.223708E0
3.808377E1	4.838328E1	-7.236339E0
3.811708E1	4.842484E1	-7.268823E0
3.815040E1	4.841396E1	-7.284802E0
3.818372E1	4.842736E1	-7.275982E0
3.821704E1	4.841753E1	-7.283059E0
3.825036E1	4.857939E1	-7.384043E0
3.828368E1	4.895478E1	-7.512714E0
3.831700E1	4.918600E1	-7.548516E0
3.835032E1	4.903532E1	-7.561370E0
3.838364E1	4.866965E1	-7.445901E0
3.841696E1	4.826919E1	-7.294912E0
3.845028E1	4.816173E1	-7.233672E0
3.848359E1	4.825615E1	-7.298884E0
3.851691E1	4.847624E1	-7.422788E0
3.855023E1	4.869357E1	-7.461853E0
3.858355E1	4.880498E1	-7.499148E0
3.861687E1	4.887483E1	-7.554703E0
3.865019E1	4.885271E1	-7.607304E0
3.868351E1	4.890080E1	-7.681418E0
3.871683E1	4.913660E1	-7.835153E0
3.875015E1	4.945751E1	-7.973315E0
3.878347E1	4.956338E1	-7.956529E0
3.881679E1	4.947425E1	-7.880577E0
3.885011E1	4.914355E1	-7.805569E0
3.888342E1	4.881589E1	-7.573046E0
3.891674E1	4.840955E1	-7.300504E0
3.895006E1	4.838855E1	-7.275910E0
3.898338E1	4.845646E1	-7.385452E0
3.901670E1	4.861735E1	-7.581532E0
3.905002E1	4.892173E1	-7.713577E0
3.908334E1	4.913004E1	-7.777246E0
3.911666E1	4.929581E1	-7.742692E0
3.914998E1	4.937787E1	-7.726618E0
3.918330E1	4.946632E1	-7.788870E0
3.921662E1	4.971854E1	-7.957268E0
3.924993E1	5.010040E1	-8.188025E0
3.928325E1	5.040147E1	-8.406708E0
3.931657E1	5.032807E1	-8.368513E0
3.934989E1	4.994657E1	-8.135536E0
3.938321E1	4.943735E1	-7.807741E0
3.941653E1	4.889583E1	-7.467533E0
3.944985E1	4.854387E1	-7.305157E0
3.948317E1	4.859188E1	-7.431248E0
3.951649E1	4.871101E1	-7.561700E0
3.954981E1	4.880518E1	-7.603050E0
3.958313E1	4.880996E1	-7.573413E0
3.961645E1	4.887213E1	-7.569235E0
3.964976E1	4.896108E1	-7.558316E0
3.968308E1	4.906744E1	-7.610668E0
3.971640E1	4.924583E1	-7.766708E0
3.974972E1	4.949518E1	-7.953778E0
3.978304E1	4.975083E1	-8.118997E0
3.981636E1	4.977953E1	-8.118768E0
3.984968E1	4.959303E1	-8.033386E0
3.988300E1	4.934226E1	-7.811038E0
3.991632E1	4.900550E1	-7.565469E0
3.994964E1	4.879529E1	-7.513432E0
3.998296E1	4.883679E1	-7.606135E0
4.001627E1	4.904250E1	-7.775460E0
4.004959E1	4.927287E1	-7.888987E0
4.008291E1	4.940900E1	-7.897383E0
4.011623E1	4.951173E1	-7.924215E0
4.014955E1	4.948986E1	-7.957251E0
4.018287E1	4.948647E1	-7.982397E0
4.021619E1	4.951279E1	-7.962578E0
4.024951E1	4.950775E1	-7.962918E0
4.028283E1	4.950947E1	-7.974126E0
4.031615E1	4.951575E1	-7.964861E0
4.034947E1	4.951712E1	-8.000052E0
4.038279E1	4.931888E1	-7.878250E0
4.041610E1	4.905435E1	-7.677958E0
4.044942E1	4.879823E1	-7.638536E0
4.048274E1	4.893794E1	-7.776006E0
4.051606E1	4.918629E1	-7.928587E0
4.054938E1	4.949700E1	-8.029046E0
4.058270E1	4.970267E1	-8.051155E0
4.061602E1	4.981903E1	-8.075649E0
4.064934E1	4.982965E1	-8.106669E0
4.068266E1	4.984873E1	-8.172864E0
4.071598E1	5.009921E1	-8.310584E0
4.074930E1	5.048975E1	-8.518260E0
4.078261E1	5.071577E1	-8.688526E0
4.081593E1	5.068564E1	-8.715822E0
4.084925E1	5.045340E1	-8.568797E0
4.088257E1	5.014921E1	-8.326837E0
4.091589E1	5.001451E1	-8.171941E0
4.094921E1	4.976431E1	-8.106313E0
4.098253E1	4.950064E1	-7.967980E0
4.101585E1	4.951768E1	-7.938493E0
4.104917E1	4.949195E1	-8.032824E0
4.108249E1	4.954366E1	-8.063249E0
4.111581E1	4.961876E1	-8.107082E0
4.114913E1	4.967357E1	-8.197797E0
4.118244E1	4.975435E1	-8.268681E0
