	mass A		
t	x	y	
0.000000E0	3.262732E-1	2.678233E-3
3.331913E-2	-5.653338E-2	1.119727E-2
6.663826E-2	-2.915034E-1	2.780899E-3
9.995739E-2	-3.294530E-1	-2.490472E-2
1.332765E-1	-3.204117E-1	-3.609718E-2
1.665957E-1	-2.662278E-1	-4.011194E-2
1.999148E-1	-1.760340E-1	-3.991976E-2
2.332339E-1	-2.899408E-2	-6.744957E-2
2.665530E-1	1.629329E-1	-5.519097E-2
2.998722E-1	3.249534E-1	-4.112884E-2
3.331913E-1	4.434236E-1	-4.614400E-2
3.665104E-1	5.340450E-1	-7.553010E-3
3.998296E-1	5.706690E-1	-1.703570E-2
4.331487E-1	6.270678E-1	1.079936E-2
4.664678E-1	7.113987E-1	-4.618423E-2
4.997870E-1	8.119268E-1	-6.654268E-2
5.331061E-1	8.132481E-1	-6.142334E-2
5.664252E-1	7.606285E-1	-4.130121E-2
5.997444E-1	7.434108E-1	1.040835E-2
6.330635E-1	8.193604E-1	-3.921668E-2
6.663826E-1	9.212174E-1	-4.951496E-2
6.997017E-1	1.076977E0	-3.313684E-2
7.330209E-1	1.344676E0	-2.964181E-3
7.663400E-1	1.572788E0	-5.460125E-3
7.996591E-1	1.667947E0	-3.318833E-2
8.329783E-1	1.746651E0	-5.233342E-2
8.662974E-1	1.754529E0	-5.691007E-2
8.996165E-1	1.739105E0	-5.645926E-2
9.329357E-1	1.703488E0	-5.943423E-2
9.662548E-1	1.514269E0	-4.328259E-2
9.995739E-1	1.200406E0	-5.600798E-3
1.032893E0	9.774557E-1	1.106010E-2
1.066212E0	8.707877E-1	9.834483E-3
1.099531E0	8.834029E-1	-3.762028E-2
1.132850E0	9.157767E-1	-1.349075E-2
1.166170E0	9.924445E-1	-4.757007E-2
1.199489E0	1.133335E0	-4.498642E-2
1.232808E0	1.283837E0	-4.252445E-2
1.266127E0	1.433543E0	-7.984729E-2
1.299446E0	1.569736E0	-4.114515E-2
1.332765E0	1.676649E0	-4.303644E-2
1.366084E0	1.783853E0	-1.791547E-2
1.399403E0	1.856118E0	-1.257210E-2
1.432723E0	1.960974E0	-1.105074E-2
1.466042E0	2.081689E0	-4.680817E-2
1.499361E0	2.242514E0	-5.560768E-2
1.532680E0	2.404705E0	-5.816976E-2
1.565999E0	2.551684E0	-4.491615E-2
1.599318E0	2.615070E0	-1.778858E-2
1.632637E0	2.630717E0	-2.635635E-2
1.665957E0	2.671719E0	-1.783198E-2
1.699276E0	2.828414E0	-1.377263E-2
1.732595E0	3.056356E0	-3.330154E-2
1.765914E0	3.209705E0	-5.654070E-2
1.799233E0	3.352780E0	-5.506211E-2
1.832552E0	3.463821E0	-5.971202E-2
1.865871E0	3.470012E0	-6.049811E-2
1.899190E0	3.449988E0	-7.708414E-2
1.932510E0	3.424132E0	-5.997962E-2
1.965829E0	3.229563E0	-5.978421E-2
1.999148E0	2.868524E0	1.320800E-2
2.032467E0	2.528414E0	2.839162E-2
2.065786E0	2.341938E0	2.457024E-2
2.099105E0	2.360954E0	-1.613980E-2
2.132424E0	2.358757E0	-1.440375E-2
2.165743E0	2.448319E0	-1.258615E-2
2.199063E0	2.570831E0	-4.221702E-2
2.232382E0	2.733953E0	-4.752033E-2
2.265701E0	2.930851E0	-5.329983E-2
2.299020E0	3.096211E0	-3.257981E-2
2.332339E0	3.177082E0	-3.142387E-2
2.365658E0	3.227970E0	-2.121510E-2
2.398977E0	3.266808E0	-2.860478E-4
2.432297E0	3.327545E0	-1.312298E-2
2.465616E0	3.427492E0	-2.578693E-2
2.498935E0	3.552884E0	-6.478209E-2
2.532254E0	3.694459E0	-5.199118E-2
2.565573E0	3.866219E0	-3.659212E-2
2.598892E0	4.022574E0	-2.467325E-2
2.632211E0	4.182561E0	-2.362278E-2
2.665530E0	4.286221E0	-1.728885E-2
2.698850E0	4.365399E0	-2.322718E-2
2.732169E0	4.561421E0	-1.014882E-2
2.765488E0	4.804759E0	-4.054241E-2
2.798807E0	4.894054E0	-3.441625E-2
2.832126E0	4.893142E0	-2.275225E-2
2.865445E0	4.805612E0	-1.722955E-2
2.898764E0	4.817534E0	-2.448871E-2
2.932084E0	4.772403E0	-4.966339E-3
2.965403E0	4.542250E0	-2.556696E-2
2.998722E0	4.248282E0	1.983093E-2
3.032041E0	3.991315E0	3.689676E-2
3.065360E0	3.913810E0	2.533472E-2
3.098679E0	3.861537E0	-1.103683E-2
3.131998E0	3.814523E0	-1.699780E-2
3.165317E0	3.851813E0	2.145345E-3
3.198637E0	3.825846E0	-1.075239E-2
3.231956E0	3.820105E0	-4.312791E-2
3.265275E0	3.877885E0	-6.467716E-2
3.298594E0	3.962970E0	1.904205E-3
3.331913E0	4.058653E0	-2.842780E-4
3.365232E0	4.133178E0	-1.326442E-2
3.398551E0	4.190709E0	1.217846E-2
3.431870E0	4.239270E0	1.037144E-2
3.465190E0	4.361095E0	-2.108690E-2
3.498509E0	4.488422E0	-3.977698E-2
3.531828E0	4.584437E0	-3.125173E-2
3.565147E0	4.650927E0	-3.820484E-2
3.598466E0	4.723380E0	-1.477496E-2
3.631785E0	4.842613E0	-2.026060E-2
3.665104E0	4.911298E0	-1.873315E-2
3.698424E0	5.037065E0	-2.612675E-2
3.731743E0	5.239433E0	-1.714925E-2
3.765062E0	5.501012E0	-3.712042E-3
3.798381E0	5.624491E0	-3.233012E-2
3.831700E0	5.638917E0	-1.418968E-2
3.865019E0	5.652632E0	-9.455463E-3
3.898338E0	5.656108E0	-1.452764E-2
3.931657E0	5.610889E0	-2.329215E-2
3.964977E0	5.430243E0	-8.967713E-3
3.998296E0	5.135071E0	2.295602E-2
4.031615E0	4.898485E0	5.664040E-2
4.064934E0	4.865868E0	2.237093E-2
4.098253E0	4.889415E0	-9.944222E-3
4.131572E0	4.883210E0	1.338522E-3
4.164891E0	4.966850E0	-2.081801E-2
4.198210E0	5.085149E0	-2.801028E-2
4.231530E0	5.190296E0	-6.912885E-2
4.264849E0	5.276868E0	-6.704888E-2
4.298168E0	5.377757E0	-1.636436E-2
4.331487E0	5.457938E0	-5.535211E-2
4.364806E0	5.544411E0	-2.232813E-2
4.398125E0	5.613549E0	-2.605637E-2
4.431444E0	5.736668E0	-4.418724E-2
4.464764E0	5.896885E0	-4.028051E-2
4.498083E0	6.068500E0	-4.268336E-2
4.531402E0	6.218567E0	-3.536015E-2
4.564721E0	6.380544E0	-4.147963E-2
4.598040E0	6.543235E0	-5.442015E-2
4.631359E0	6.733612E0	-2.873111E-2
4.664678E0	6.794524E0	-1.832887E-2
4.697997E0	6.857000E0	-2.759271E-2
4.731317E0	7.098731E0	-5.440648E-2
4.764636E0	7.351092E0	-3.639761E-2
4.797955E0	7.399451E0	-3.460734E-2
4.831274E0	7.328134E0	-1.705293E-2
4.864593E0	7.287028E0	-1.492422E-2
4.897912E0	7.319670E0	-3.540106E-2
4.931231E0	7.256063E0	-3.625754E-2
4.964550E0	7.099511E0	-5.454888E-2
4.997870E0	6.718295E0	-2.470314E-2
5.031189E0	6.376299E0	2.818061E-2
5.064508E0	6.168664E0	3.464134E-2
5.097827E0	6.154970E0	-1.199235E-2
5.131146E0	6.152974E0	-1.339612E-2
5.164465E0	6.244800E0	-1.270267E-2
5.197784E0	6.376771E0	-3.286608E-2
5.231104E0	6.495516E0	-4.758189E-2
5.264423E0	6.637105E0	-6.034397E-2
5.297742E0	6.804286E0	-3.036251E-2
5.331061E0	6.923717E0	-3.682792E-2
5.364380E0	7.016037E0	-1.782890E-2
5.397699E0	7.116914E0	1.483369E-2
5.431018E0	7.200463E0	-1.703923E-2
5.464337E0	7.343996E0	-2.626057E-2
5.497657E0	7.511456E0	-3.899486E-2
5.530976E0	7.658865E0	-2.668259E-2
5.564295E0	7.791485E0	-3.819576E-2
5.597614E0	7.897071E0	-3.228830E-2
5.630933E0	8.028602E0	-5.292587E-2
5.664252E0	8.109124E0	-3.393913E-2
5.697571E0	8.230182E0	-4.498964E-2
5.730890E0	8.439870E0	-6.302431E-2
5.764210E0	8.661040E0	-8.645717E-2
5.797529E0	8.715818E0	-8.920110E-2
5.830848E0	8.717007E0	-8.933184E-2
5.864167E0	8.663535E0	-5.020953E-2
5.897486E0	8.681867E0	-5.187127E-2
5.930805E0	8.646605E0	-3.498525E-2
5.964124E0	8.459941E0	-8.592873E-2
5.997444E0	8.036899E0	-2.332489E-2
6.030763E0	7.598279E0	2.773380E-2
6.064082E0	7.243427E0	6.461675E-2
6.097401E0	7.182372E0	6.902312E-2
6.130720E0	7.198614E0	-2.433758E-2
6.164039E0	7.288432E0	-3.068963E-2
6.197358E0	7.423139E0	-3.487255E-2
6.230677E0	7.645886E0	-5.515565E-2
6.263997E0	7.846469E0	-5.496152E-2
6.297316E0	7.949063E0	-2.779495E-2
6.330635E0	7.978467E0	-9.033526E-3
6.363954E0	8.053242E0	-1.269060E-2
6.397273E0	8.113527E0	-1.439345E-2
6.430592E0	8.213043E0	-2.142945E-2
6.463911E0	8.344006E0	-5.003240E-2
6.497230E0	8.494125E0	-6.940211E-2
6.530550E0	8.665573E0	-7.869624E-2
6.563869E0	8.839286E0	-8.442304E-2
6.597188E0	8.974665E0	-6.629118E-2
6.630507E0	9.121469E0	-1.069022E-1
6.663826E0	9.174991E0	-1.003621E-1
6.697145E0	9.263723E0	-8.820883E-2
6.730464E0	9.477540E0	-9.182400E-2
6.763784E0	9.699912E0	-1.083042E-1
6.797103E0	9.826378E0	-1.193764E-1
6.830422E0	9.845002E0	-9.024927E-2
6.863741E0	9.836211E0	-8.545953E-2
6.897060E0	9.842696E0	-8.863290E-2
6.930379E0	9.781438E0	-8.075373E-2
6.963698E0	9.512437E0	-3.702926E-2
6.997017E0	9.175633E0	-4.902593E-2
7.030337E0	8.681180E0	1.099750E-2
7.063656E0	8.326721E0	2.648334E-2
7.096975E0	8.200039E0	-1.644872E-2
7.130294E0	8.194733E0	-4.203357E-2
7.163613E0	8.275954E0	-4.297368E-2
7.196932E0	8.406679E0	-5.356512E-2
7.230251E0	8.596639E0	-4.238789E-2
7.263570E0	8.812582E0	-6.063642E-2
7.296890E0	8.963915E0	-3.043932E-2
7.330209E0	9.044258E0	-3.906038E-2
7.363528E0	9.086411E0	-2.467823E-2
7.396847E0	9.103713E0	-2.811717E-2
7.430166E0	9.142534E0	-3.960034E-2
7.463485E0	9.190640E0	-7.128192E-2
7.496804E0	9.184308E0	-8.393179E-2
7.530124E0	9.212863E0	-9.797993E-2
7.563443E0	9.287290E0	-6.726978E-2
7.596762E0	9.418915E0	-8.071630E-2
7.630081E0	9.565397E0	-8.146156E-2
7.663400E0	9.670052E0	-7.669108E-2
7.696719E0	9.815001E0	-6.763730E-2
7.730038E0	1.000310E1	-3.875010E-2
7.763357E0	1.018287E1	-5.611992E-2
7.796677E0	1.030450E1	-6.987883E-2
7.829996E0	1.038405E1	-3.885277E-2
7.863315E0	1.039731E1	-4.986652E-2
7.896634E0	1.039573E1	-4.871319E-2
7.929953E0	1.035063E1	-4.639742E-2
7.963272E0	1.008709E1	-1.166604E-2
7.996591E0	9.744279E0	8.400648E-3
8.029910E0	9.298140E0	3.275379E-2
8.063230E0	8.970966E0	9.002031E-2
8.096549E0	8.982852E0	1.755346E-2
8.129868E0	9.030870E0	-4.230710E-3
8.163187E0	9.086773E0	-1.985672E-2
8.196506E0	9.190129E0	-3.103143E-2
8.229825E0	9.366410E0	-4.476646E-2
8.263144E0	9.563469E0	-3.867792E-2
8.296464E0	9.714730E0	-5.454768E-2
8.329783E0	9.805422E0	-3.699598E-2
8.363102E0	9.869608E0	-3.492835E-2
8.396421E0	9.909338E0	-2.737366E-3
8.429740E0	9.955856E0	-4.618490E-3
8.463059E0	1.001804E1	-5.024447E-2
8.496378E0	1.002317E1	-8.082164E-2
8.529697E0	1.001499E1	-7.369068E-2
8.563017E0	1.009135E1	-9.627760E-2
8.596336E0	1.021646E1	-7.646247E-2
8.629655E0	1.035992E1	-1.002468E-1
8.662974E0	1.046486E1	-9.279467E-2
8.696293E0	1.051691E1	-7.536588E-2
8.729612E0	1.067977E1	-7.970336E-2
8.762931E0	1.094924E1	-5.342522E-2
8.796251E0	1.116531E1	-8.649141E-2
8.829570E0	1.123040E1	-1.110552E-1
8.862889E0	1.121540E1	-9.365571E-2
8.896208E0	1.121430E1	-9.458732E-2
8.929527E0	1.118046E1	-1.079947E-1
8.962846E0	1.099334E1	-6.583234E-2
8.996165E0	1.059875E1	-1.966958E-2
9.029484E0	1.021363E1	2.807302E-2
9.062804E0	9.936366E0	9.783089E-3
9.096123E0	9.866081E0	-6.132111E-2
9.129442E0	9.847856E0	-3.993057E-2
9.162761E0	9.910284E0	-4.496634E-2
9.196080E0	9.970265E0	-5.564726E-2
9.229399E0	1.007497E1	-6.146457E-2
9.262718E0	1.023404E1	-5.842774E-2
9.296037E0	1.038911E1	-5.526460E-3
9.329357E0	1.045241E1	-2.801044E-2
9.362676E0	1.049885E1	-3.606966E-2
9.395995E0	1.052439E1	-1.759460E-2
9.429314E0	1.055538E1	-1.979052E-4
9.462633E0	1.062825E1	-4.475432E-2
9.495952E0	1.069318E1	-6.016508E-2
9.529271E0	1.076152E1	-3.921932E-2
9.562591E0	1.087959E1	-4.765577E-2
9.595910E0	1.102325E1	-6.684865E-2
9.629229E0	1.118474E1	-6.477170E-2
9.662548E0	1.127138E1	-4.295895E-2
9.695867E0	1.133555E1	-4.587988E-2
9.729186E0	1.154248E1	-4.160684E-2
9.762505E0	1.181213E1	-3.149098E-2
9.795824E0	1.189914E1	-5.988712E-2
9.829144E0	1.187553E1	-3.582092E-2
9.862463E0	1.181093E1	2.781511E-2
9.895782E0	1.182458E1	1.457060E-2
9.929101E0	1.180318E1	1.103159E-2
9.962420E0	1.160308E1	-1.062937E-2
9.995739E0	1.127275E1	-7.944546E-3
1.002906E1	1.082498E1	4.975785E-2
1.006238E1	1.050609E1	8.100107E-2
1.009570E1	1.041943E1	1.334373E-2
1.012902E1	1.040930E1	1.493738E-2
1.016233E1	1.051276E1	-3.906068E-3
1.019565E1	1.067076E1	-3.149419E-2
1.022897E1	1.090874E1	-5.711676E-2
1.026229E1	1.114629E1	-3.047844E-2
1.029561E1	1.135334E1	-2.069429E-2
1.032893E1	1.145846E1	-1.303015E-2
1.036225E1	1.153367E1	1.430075E-2
1.039557E1	1.154743E1	2.882901E-2
1.042889E1	1.151286E1	6.091853E-3
1.046221E1	1.148478E1	7.673544E-3
1.049553E1	1.151069E1	-4.449602E-3
1.052885E1	1.155188E1	8.870609E-5
1.056216E1	1.166262E1	-2.099250E-2
1.059548E1	1.178562E1	-2.068920E-2
1.062880E1	1.185674E1	7.032335E-2
1.066212E1	1.191663E1	1.172587E-1
1.069544E1	1.202837E1	1.137235E-1
1.072876E1	1.227082E1	6.091232E-2
1.076208E1	1.253907E1	4.628598E-2
1.079540E1	1.263433E1	8.037154E-3
1.082872E1	1.267224E1	7.797777E-3
1.086204E1	1.267435E1	1.282247E-2
1.089536E1	1.267563E1	7.512830E-3
1.092867E1	1.264796E1	-5.668286E-3
1.096199E1	1.243656E1	3.138742E-2
1.099531E1	1.208840E1	6.300457E-2
1.102863E1	1.165426E1	1.216484E-1
1.106195E1	1.133641E1	1.665791E-1
1.109527E1	1.123756E1	9.812838E-2
1.112859E1	1.121858E1	1.249990E-1
1.116191E1	1.128811E1	6.849743E-2
1.119523E1	1.143310E1	5.639087E-2
1.122855E1	1.161652E1	5.356712E-2
1.126187E1	1.183351E1	5.233547E-2
1.129519E1	1.203526E1	7.223636E-2
1.132850E1	1.218971E1	8.186104E-2
1.136182E1	1.230130E1	9.529956E-2
1.139514E1	1.233918E1	1.140086E-1
1.142846E1	1.230069E1	1.076030E-1
1.146178E1	1.230635E1	9.598725E-2
1.149510E1	1.235538E1	7.567404E-2
1.152842E1	1.243570E1	5.071873E-2
1.156174E1	1.251328E1	6.949802E-2
1.159506E1	1.261106E1	6.921680E-2
1.162838E1	1.275568E1	2.928016E-2
1.166170E1	1.279871E1	2.037636E-2
1.169501E1	1.288148E1	6.088844E-2
1.172833E1	1.312564E1	4.583136E-2
1.176165E1	1.341006E1	3.928652E-2
1.179497E1	1.354650E1	4.947592E-2
1.182829E1	1.356896E1	3.269096E-2
1.186161E1	1.356072E1	5.243956E-2
1.189493E1	1.356465E1	4.715397E-2
1.192825E1	1.353992E1	6.383331E-2
1.196157E1	1.336964E1	2.923363E-2
1.199489E1	1.295824E1	7.257987E-2
1.202821E1	1.252127E1	1.407110E-1
1.206153E1	1.217526E1	2.348369E-1
1.209484E1	1.208612E1	1.698956E-1
1.212816E1	1.206513E1	1.741977E-1
1.216148E1	1.215161E1	1.299275E-1
1.219480E1	1.235366E1	1.184699E-1
1.222812E1	1.258254E1	1.193866E-1
1.226144E1	1.279390E1	1.205486E-1
1.229476E1	1.296113E1	1.290285E-1
1.232808E1	1.308560E1	1.114500E-1
1.236140E1	1.317700E1	1.173412E-1
1.239472E1	1.317787E1	1.203056E-1
1.242804E1	1.311654E1	1.213124E-1
1.246135E1	1.314732E1	9.150912E-2
1.249467E1	1.319349E1	6.568467E-2
1.252799E1	1.325317E1	4.711830E-2
1.256131E1	1.328458E1	6.985149E-2
1.259463E1	1.336614E1	4.753721E-2
1.262795E1	1.349620E1	5.551420E-2
1.266127E1	1.355566E1	4.847375E-2
1.269459E1	1.361805E1	2.053034E-2
1.272791E1	1.382349E1	1.055194E-2
1.276123E1	1.404586E1	-1.342381E-2
1.279455E1	1.418380E1	-8.620845E-2
1.282787E1	1.427214E1	-9.867516E-2
1.286118E1	1.426826E1	-1.025281E-1
1.289450E1	1.425411E1	-9.397194E-2
1.292782E1	1.425851E1	-7.887427E-2
1.296114E1	1.406273E1	-7.719558E-2
1.299446E1	1.370987E1	-3.647391E-2
1.302778E1	1.329368E1	-7.219779E-5
1.306110E1	1.296755E1	1.433234E-2
1.309442E1	1.290985E1	-5.549134E-2
1.312774E1	1.289661E1	-5.101502E-2
1.316106E1	1.297119E1	-7.599693E-2
1.319438E1	1.308432E1	-1.051288E-1
1.322769E1	1.324621E1	-1.078416E-1
1.326101E1	1.346763E1	-1.184703E-1
1.329433E1	1.365804E1	-9.552707E-2
1.332765E1	1.379465E1	-1.153695E-1
1.336097E1	1.388900E1	-1.123810E-1
1.339429E1	1.387003E1	-1.091847E-1
1.342761E1	1.384162E1	-1.363618E-1
1.346093E1	1.384915E1	-1.717187E-1
1.349425E1	1.388584E1	-1.348761E-1
1.352757E1	1.393734E1	-1.224950E-1
1.356089E1	1.399590E1	-1.500402E-1
1.359421E1	1.410678E1	-1.718114E-1
1.362752E1	1.424481E1	-1.600609E-1
1.366084E1	1.432893E1	-1.739033E-1
1.369416E1	1.437360E1	-1.336380E-1
1.372748E1	1.458681E1	-1.220799E-1
1.376080E1	1.489151E1	-1.302198E-1
1.379412E1	1.507753E1	-1.244975E-1
1.382744E1	1.508804E1	-1.328187E-1
1.386076E1	1.508431E1	-1.201495E-1
1.389408E1	1.508396E1	-1.234227E-1
1.392740E1	1.505976E1	-1.055215E-1
1.396072E1	1.489490E1	-1.014980E-1
1.399403E1	1.457507E1	-9.615152E-2
1.402735E1	1.425718E1	-1.913010E-2
1.406067E1	1.406793E1	-1.965855E-2
1.409399E1	1.406974E1	-8.614262E-2
1.412731E1	1.406733E1	-8.743032E-2
1.416063E1	1.410557E1	-9.917079E-2
1.419395E1	1.422747E1	-1.243668E-1
1.422727E1	1.437367E1	-1.172556E-1
1.426059E1	1.456524E1	-1.378428E-1
1.429391E1	1.472267E1	-1.301944E-1
1.432723E1	1.482362E1	-1.159639E-1
1.436055E1	1.490230E1	-6.830036E-2
1.439386E1	1.491316E1	-7.165627E-2
1.442718E1	1.487601E1	-1.162453E-1
1.446050E1	1.487101E1	-1.236092E-1
1.449382E1	1.485232E1	-1.131491E-1
1.452714E1	1.490626E1	-1.174076E-1
1.456046E1	1.493675E1	-1.415459E-1
1.459378E1	1.494613E1	-1.463981E-1
1.462710E1	1.494730E1	-1.419539E-1
1.466042E1	1.499403E1	-1.321135E-1
1.469374E1	1.515165E1	-1.331562E-1
1.472706E1	1.536097E1	-1.241508E-1
1.476037E1	1.557212E1	-1.011017E-1
1.479369E1	1.573383E1	-1.176189E-1
1.482701E1	1.580465E1	-1.438194E-1
1.486033E1	1.582328E1	-1.083005E-1
1.489365E1	1.581488E1	-1.377848E-1
1.492697E1	1.579062E1	-1.237105E-1
1.496029E1	1.565599E1	-1.307506E-1
1.499361E1	1.542814E1	-8.410430E-2
1.502693E1	1.520544E1	-2.909319E-2
1.506025E1	1.508991E1	-4.601568E-2
1.509357E1	1.513903E1	-7.616887E-2
1.512689E1	1.512059E1	-6.273399E-2
1.516020E1	1.517246E1	-6.340242E-2
1.519352E1	1.519607E1	-7.740517E-2
1.522684E1	1.523208E1	-9.952386E-2
1.526016E1	1.533612E1	-1.049709E-1
1.529348E1	1.548366E1	-9.118857E-2
1.532680E1	1.561675E1	-7.135948E-2
1.536012E1	1.568533E1	-8.215778E-2
1.539344E1	1.569575E1	-8.607416E-2
1.542676E1	1.568123E1	-1.018393E-1
1.546008E1	1.566780E1	-1.073654E-1
1.549340E1	1.568621E1	-1.293286E-1
1.552671E1	1.569492E1	-1.443480E-1
1.556003E1	1.568934E1	-1.363620E-1
1.559335E1	1.569009E1	-1.372020E-1
1.562667E1	1.569728E1	-1.679342E-1
1.565999E1	1.574341E1	-1.638932E-1
1.569331E1	1.589649E1	-1.560840E-1
1.572663E1	1.615519E1	-1.233704E-1
1.575995E1	1.632364E1	-1.235278E-1
1.579327E1	1.643721E1	-1.281339E-1
1.582659E1	1.655490E1	-1.338770E-1
1.585991E1	1.660227E1	-1.269552E-1
1.589323E1	1.657332E1	-1.445862E-1
1.592654E1	1.655794E1	-1.313255E-1
1.595986E1	1.643094E1	-1.041000E-1
1.599318E1	1.618617E1	-7.994034E-2
1.602650E1	1.595116E1	-4.996547E-2
1.605982E1	1.590177E1	-5.979303E-2
1.609314E1	1.596901E1	-1.111328E-1
1.612646E1	1.596149E1	-1.144330E-1
1.615978E1	1.600029E1	-1.121927E-1
1.619310E1	1.613505E1	-1.449300E-1
1.622642E1	1.623390E1	-1.603080E-1
1.625974E1	1.628886E1	-1.662328E-1
1.629305E1	1.635090E1	-1.483678E-1
1.632637E1	1.645708E1	-1.403595E-1
1.635969E1	1.654871E1	-1.171095E-1
1.639301E1	1.662825E1	-1.355842E-1
1.642633E1	1.667036E1	-1.467469E-1
1.645965E1	1.666977E1	-1.675755E-1
1.649297E1	1.666818E1	-1.710119E-1
1.652629E1	1.667923E1	-1.868728E-1
1.655961E1	1.667689E1	-1.894407E-1
1.659293E1	1.670294E1	-1.795508E-1
1.662625E1	1.672633E1	-1.875004E-1
1.665957E1	1.676069E1	-1.702097E-1
1.669288E1	1.687240E1	-1.782416E-1
1.672620E1	1.708707E1	-1.728124E-1
1.675952E1	1.730957E1	-1.687038E-1
1.679284E1	1.746903E1	-1.817606E-1
1.682616E1	1.754890E1	-2.064933E-1
1.685948E1	1.753981E1	-1.931700E-1
1.689280E1	1.753713E1	-1.905603E-1
1.692612E1	1.752001E1	-1.774022E-1
1.695944E1	1.736793E1	-1.452580E-1
1.699276E1	1.703686E1	-1.028703E-1
1.702608E1	1.672829E1	-8.676083E-2
1.705939E1	1.655013E1	-7.792757E-2
1.709271E1	1.654608E1	-1.149351E-1
1.712603E1	1.653776E1	-7.843411E-2
1.715935E1	1.659473E1	-1.161411E-1
1.719267E1	1.672819E1	-1.723269E-1
1.722599E1	1.691937E1	-1.680848E-1
1.725931E1	1.711210E1	-1.566446E-1
1.729263E1	1.727082E1	-1.365785E-1
1.732595E1	1.738237E1	-1.398246E-1
1.735927E1	1.743623E1	-1.319411E-1
1.739259E1	1.741330E1	-1.173560E-1
1.742591E1	1.738341E1	-1.659671E-1
1.745922E1	1.737875E1	-1.771626E-1
1.749254E1	1.740718E1	-1.683493E-1
1.752586E1	1.747236E1	-1.792787E-1
1.755918E1	1.750703E1	-2.006323E-1
1.759250E1	1.752214E1	-1.756333E-1
1.762582E1	1.752097E1	-1.743042E-1
1.765914E1	1.751832E1	-1.668253E-1
1.769246E1	1.763057E1	-1.722209E-1
1.772578E1	1.787423E1	-1.953432E-1
1.775910E1	1.813640E1	-1.791764E-1
1.779242E1	1.834733E1	-1.852530E-1
1.782573E1	1.838744E1	-1.842626E-1
1.785905E1	1.840022E1	-1.840831E-1
1.789237E1	1.839566E1	-1.801507E-1
1.792569E1	1.838224E1	-1.731235E-1
1.795901E1	1.824599E1	-1.724687E-1
1.799233E1	1.796761E1	-1.171551E-1
1.802565E1	1.768369E1	-7.862413E-2
1.805897E1	1.748918E1	-8.088218E-2
1.809229E1	1.751561E1	-7.670176E-2
1.812561E1	1.748880E1	-1.142134E-1
1.815893E1	1.754372E1	-1.463400E-1
1.819225E1	1.770498E1	-1.933163E-1
1.822556E1	1.790904E1	-1.863908E-1
1.825888E1	1.808412E1	-1.820221E-1
1.829220E1	1.823190E1	-1.394152E-1
1.832552E1	1.829016E1	-1.386950E-1
1.835884E1	1.824946E1	-1.739801E-1
1.839216E1	1.823937E1	-1.460677E-1
1.842548E1	1.823016E1	-1.708783E-1
1.845880E1	1.823179E1	-1.755228E-1
1.849212E1	1.825554E1	-2.000477E-1
1.852544E1	1.824564E1	-2.023263E-1
1.855876E1	1.825424E1	-2.314004E-1
1.859207E1	1.825225E1	-2.379866E-1
1.862539E1	1.829710E1	-2.147627E-1
1.865871E1	1.833951E1	-1.878244E-1
1.869203E1	1.847213E1	-2.101595E-1
1.872535E1	1.869796E1	-2.078241E-1
1.875867E1	1.889924E1	-1.682698E-1
1.879199E1	1.906873E1	-1.886898E-1
1.882531E1	1.918193E1	-2.208419E-1
1.885863E1	1.917622E1	-2.254127E-1
1.889195E1	1.917638E1	-2.118764E-1
1.892527E1	1.916800E1	-2.006211E-1
1.895859E1	1.902652E1	-2.041331E-1
1.899190E1	1.876855E1	-1.207568E-1
1.902522E1	1.852610E1	-9.294970E-2
1.905854E1	1.835832E1	-7.794794E-2
1.909186E1	1.834824E1	-1.337701E-1
1.912518E1	1.830813E1	-1.362827E-1
1.915850E1	1.836485E1	-1.572376E-1
1.919182E1	1.846731E1	-1.798749E-1
1.922514E1	1.859464E1	-2.062310E-1
1.925846E1	1.874989E1	-1.995539E-1
1.929178E1	1.889447E1	-1.745239E-1
1.932510E1	1.900443E1	-1.540242E-1
1.935841E1	1.904884E1	-1.360096E-1
1.939173E1	1.906030E1	-1.457672E-1
1.942505E1	1.900707E1	-1.699719E-1
1.945837E1	1.900907E1	-1.865475E-1
1.949169E1	1.900872E1	-1.985686E-1
1.952501E1	1.901809E1	-2.315665E-1
1.955833E1	1.902120E1	-2.450591E-1
1.959165E1	1.904788E1	-2.265100E-1
1.962497E1	1.911053E1	-2.150565E-1
1.965829E1	1.916313E1	-1.991132E-1
1.969161E1	1.927352E1	-1.992414E-1
1.972493E1	1.949119E1	-1.960858E-1
1.975824E1	1.973156E1	-2.004228E-1
1.979156E1	1.993979E1	-1.981199E-1
1.982488E1	2.003588E1	-2.095109E-1
1.985820E1	2.004100E1	-2.055836E-1
1.989152E1	2.003495E1	-1.954078E-1
1.992484E1	2.002783E1	-1.905262E-1
1.995816E1	1.992133E1	-1.531967E-1
1.999148E1	1.971144E1	-1.103511E-1
2.002480E1	1.947214E1	-7.340338E-2
2.005812E1	1.935940E1	-5.675937E-2
2.009144E1	1.935513E1	-1.052218E-1
2.012475E1	1.935716E1	-1.086092E-1
2.015807E1	1.938969E1	-1.267327E-1
2.019139E1	1.950469E1	-1.910232E-1
2.022471E1	1.963431E1	-1.755583E-1
2.025803E1	1.976105E1	-1.632028E-1
2.029135E1	1.981036E1	-1.440734E-1
2.032467E1	1.985776E1	-1.243681E-1
2.035799E1	1.994772E1	-1.434566E-1
2.039131E1	2.002707E1	-1.304627E-1
2.042463E1	2.004189E1	-1.726883E-1
2.045795E1	2.004668E1	-1.925887E-1
2.049127E1	2.002273E1	-1.874438E-1
2.052458E1	2.004782E1	-2.080163E-1
2.055790E1	2.009602E1	-1.942819E-1
2.059122E1	2.015013E1	-1.930505E-1
2.062454E1	2.020781E1	-1.999930E-1
2.065786E1	2.024984E1	-1.915680E-1
2.069118E1	2.035293E1	-1.863993E-1
2.072450E1	2.056523E1	-1.823863E-1
2.075782E1	2.080185E1	-1.632470E-1
2.079114E1	2.101415E1	-1.470005E-1
2.082446E1	2.111373E1	-1.842686E-1
2.085778E1	2.113413E1	-2.059930E-1
2.089109E1	2.112545E1	-1.927672E-1
2.092441E1	2.112297E1	-1.934544E-1
2.095773E1	2.101220E1	-1.598207E-1
2.099105E1	2.076370E1	-1.018576E-1
2.102437E1	2.052436E1	-8.465245E-2
2.105769E1	2.032440E1	-5.259711E-2
2.109101E1	2.026125E1	-9.627435E-2
2.112433E1	2.026291E1	-9.561954E-2
2.115765E1	2.029799E1	-1.180478E-1
2.119097E1	2.045935E1	-1.546795E-1
2.122429E1	2.064604E1	-1.901182E-1
2.125761E1	2.081383E1	-2.005538E-1
2.129092E1	2.091798E1	-1.875322E-1
2.132424E1	2.097868E1	-1.878347E-1
2.135756E1	2.106064E1	-1.426739E-1
2.139088E1	2.106675E1	-1.481652E-1
2.142420E1	2.102915E1	-1.913888E-1
2.145752E1	2.101001E1	-1.834823E-1
2.149084E1	2.104373E1	-2.191303E-1
2.152416E1	2.106995E1	-2.027648E-1
2.155748E1	2.111912E1	-2.061386E-1
2.159080E1	2.112981E1	-2.403233E-1
2.162412E1	2.113152E1	-2.279016E-1
2.165743E1	2.113226E1	-2.132688E-1
2.169075E1	2.124357E1	-2.343726E-1
2.172407E1	2.151889E1	-2.212682E-1
2.175739E1	2.175188E1	-2.155165E-1
2.179071E1	2.185307E1	-2.213301E-1
2.182403E1	2.190538E1	-2.245887E-1
2.185735E1	2.194044E1	-1.961110E-1
2.189067E1	2.194444E1	-2.038741E-1
2.192399E1	2.193442E1	-1.971429E-1
2.195731E1	2.182809E1	-1.617454E-1
2.199063E1	2.161599E1	-1.314639E-1
2.202395E1	2.135904E1	-1.156024E-1
2.205726E1	2.115343E1	-1.111129E-1
2.209058E1	2.108551E1	-1.513479E-1
2.212390E1	2.107881E1	-1.459288E-1
2.215722E1	2.114386E1	-1.732262E-1
2.219054E1	2.124366E1	-1.978468E-1
2.222386E1	2.138021E1	-1.900857E-1
2.225718E1	2.150590E1	-1.986253E-1
2.229050E1	2.161015E1	-1.568588E-1
2.232382E1	2.164453E1	-1.719983E-1
2.235714E1	2.168442E1	-1.691261E-1
2.239046E1	2.168475E1	-1.656766E-1
2.242377E1	2.167257E1	-1.586307E-1
2.245709E1	2.167223E1	-1.941431E-1
2.249041E1	2.168509E1	-2.141311E-1
2.252373E1	2.170607E1	-1.909808E-1
2.255705E1	2.170428E1	-1.918284E-1
2.259037E1	2.171825E1	-2.069401E-1
2.262369E1	2.171670E1	-2.024447E-1
2.265701E1	2.172789E1	-1.983267E-1
2.269033E1	2.186052E1	-2.177078E-1
2.272365E1	2.211530E1	-2.066349E-1
2.275697E1	2.233354E1	-1.998589E-1
2.279029E1	2.245413E1	-2.176567E-1
2.282360E1	2.256136E1	-2.266682E-1
2.285692E1	2.259000E1	-2.046969E-1
2.289024E1	2.257155E1	-2.250689E-1
2.292356E1	2.256400E1	-2.209935E-1
2.295688E1	2.243024E1	-1.916816E-1
2.299020E1	2.223031E1	-1.491999E-1
2.302352E1	2.195880E1	-1.001166E-1
2.305684E1	2.178350E1	-5.831255E-2
2.309016E1	2.171438E1	-8.838476E-2
2.312348E1	2.173551E1	-1.385269E-1
2.315680E1	2.179319E1	-1.640985E-1
2.319011E1	2.190293E1	-2.014555E-1
2.322343E1	2.207217E1	-2.149857E-1
2.325675E1	2.222318E1	-2.136916E-1
2.329007E1	2.231230E1	-1.904940E-1
2.332339E1	2.238928E1	-1.738808E-1
2.335671E1	2.247357E1	-1.566640E-1
2.339003E1	2.250084E1	-1.878514E-1
2.342335E1	2.253919E1	-1.753204E-1
2.345667E1	2.254113E1	-1.713016E-1
2.348999E1	2.253375E1	-1.904376E-1
2.352331E1	2.255750E1	-2.200535E-1
2.355663E1	2.256636E1	-2.247465E-1
2.358994E1	2.259851E1	-2.422459E-1
2.362326E1	2.266192E1	-2.614305E-1
2.365658E1	2.271422E1	-2.395823E-1
2.368990E1	2.282425E1	-2.482443E-1
2.372322E1	2.304194E1	-2.384770E-1
2.375654E1	2.317964E1	-1.969263E-1
2.378986E1	2.325442E1	-2.130940E-1
2.382318E1	2.331756E1	-2.005945E-1
2.385650E1	2.331424E1	-1.986236E-1
2.388982E1	2.329676E1	-1.928598E-1
2.392314E1	2.330718E1	-2.035586E-1
2.395645E1	2.322986E1	-1.885097E-1
2.398977E1	2.304703E1	-1.932987E-1
2.402309E1	2.283639E1	-1.715223E-1
2.405641E1	2.261044E1	-1.363729E-1
2.408973E1	2.259153E1	-1.703682E-1
2.412305E1	2.254420E1	-1.836721E-1
2.415637E1	2.260425E1	-2.053830E-1
2.418969E1	2.269596E1	-2.134455E-1
2.422301E1	2.281577E1	-2.573926E-1
2.425633E1	2.298393E1	-2.564244E-1
2.428965E1	2.315241E1	-2.256417E-1
2.432297E1	2.326165E1	-2.099134E-1
2.435628E1	2.333943E1	-1.913239E-1
2.438960E1	2.335708E1	-2.084095E-1
2.442292E1	2.334615E1	-2.054197E-1
2.445624E1	2.334373E1	-2.043746E-1
2.448956E1	2.335675E1	-2.215291E-1
2.452288E1	2.336057E1	-2.472640E-1
2.455620E1	2.339586E1	-2.547146E-1
2.458952E1	2.342204E1	-2.994135E-1
2.462284E1	2.344007E1	-2.897042E-1
2.465616E1	2.347168E1	-2.693823E-1
2.468948E1	2.358775E1	-2.746385E-1
2.472279E1	2.383332E1	-2.590946E-1
2.475611E1	2.402851E1	-2.676888E-1
2.478943E1	2.411980E1	-2.604732E-1
2.482275E1	2.419326E1	-2.773317E-1
2.485607E1	2.422089E1	-2.161031E-1
2.488939E1	2.420247E1	-2.290455E-1
2.492271E1	2.419073E1	-2.294162E-1
2.495603E1	2.412435E1	-2.274527E-1
2.498935E1	2.390159E1	-1.961683E-1
2.502267E1	2.364503E1	-1.970617E-1
2.505599E1	2.342640E1	-1.488947E-1
2.508931E1	2.341786E1	-1.740109E-1
2.512262E1	2.343167E1	-2.260799E-1
2.515594E1	2.344370E1	-2.319118E-1
2.518926E1	2.347258E1	-2.431482E-1
2.522258E1	2.356570E1	-2.554602E-1
2.525590E1	2.369422E1	-2.633411E-1
2.528922E1	2.383417E1	-2.127858E-1
2.532254E1	2.392657E1	-2.335171E-1
2.535586E1	2.402148E1	-2.311160E-1
2.538918E1	2.406087E1	-2.177422E-1
2.542250E1	2.405991E1	-2.147696E-1
2.545582E1	2.402624E1	-2.602355E-1
2.548913E1	2.404726E1	-2.571410E-1
2.552245E1	2.404993E1	-2.601011E-1
2.555577E1	2.407352E1	-2.773695E-1
2.558909E1	2.413179E1	-2.693716E-1
2.562241E1	2.422458E1	-2.211077E-1
2.565573E1	2.427162E1	-2.134870E-1
2.568905E1	2.434916E1	-2.553094E-1
2.572237E1	2.460796E1	-2.254944E-1
2.575569E1	2.481464E1	-2.135199E-1
2.578901E1	2.495170E1	-2.429478E-1
2.582233E1	2.505369E1	-2.343576E-1
2.585565E1	2.506270E1	-2.355554E-1
2.588896E1	2.505242E1	-2.250201E-1
2.592228E1	2.505180E1	-2.229269E-1
2.595560E1	2.494413E1	-2.190398E-1
2.598892E1	2.472733E1	-1.790333E-1
2.602224E1	2.445960E1	-1.339800E-1
2.605556E1	2.424576E1	-1.021473E-1
2.608888E1	2.417192E1	-1.609578E-1
2.612220E1	2.412886E1	-2.002144E-1
2.615552E1	2.422468E1	-1.684938E-1
2.618884E1	2.433510E1	-2.052936E-1
2.622216E1	2.445331E1	-2.325144E-1
2.625547E1	2.452415E1	-2.335411E-1
2.628879E1	2.456491E1	-1.797058E-1
2.632211E1	2.459259E1	-1.499056E-1
2.635543E1	2.468494E1	-1.918618E-1
2.638875E1	2.472826E1	-1.743377E-1
2.642207E1	2.474889E1	-1.862200E-1
2.645539E1	2.476589E1	-2.022755E-1
2.648871E1	2.478841E1	-2.529696E-1
2.652203E1	2.484600E1	-2.404487E-1
2.655535E1	2.489309E1	-2.266834E-1
2.658867E1	2.496054E1	-2.458463E-1
2.662199E1	2.499230E1	-2.333176E-1
2.665530E1	2.500330E1	-2.287932E-1
2.668862E1	2.509897E1	-2.175300E-1
2.672194E1	2.532097E1	-2.214744E-1
2.675526E1	2.553902E1	-1.981130E-1
2.678858E1	2.569580E1	-1.827426E-1
2.682190E1	2.581261E1	-1.966496E-1
2.685522E1	2.580931E1	-1.821469E-1
2.688854E1	2.577241E1	-1.871688E-1
2.692186E1	2.577142E1	-1.834194E-1
2.695518E1	2.564769E1	-1.712096E-1
2.698850E1	2.541312E1	-1.111032E-1
2.702181E1	2.515219E1	-7.985657E-2
2.705513E1	2.484707E1	-5.160639E-2
2.708845E1	2.472198E1	-8.393390E-2
2.712177E1	2.472053E1	-1.410328E-1
2.715509E1	2.478121E1	-1.614633E-1
2.718841E1	2.493350E1	-1.781251E-1
2.722173E1	2.513890E1	-2.049030E-1
2.725505E1	2.531855E1	-2.249375E-1
2.728837E1	2.541948E1	-2.104334E-1
2.732169E1	2.549670E1	-1.840282E-1
2.735501E1	2.554435E1	-1.619285E-1
2.738833E1	2.557490E1	-1.574607E-1
2.742164E1	2.558862E1	-1.801346E-1
2.745496E1	2.558743E1	-1.790219E-1
2.748828E1	2.555615E1	-2.240169E-1
2.752160E1	2.556231E1	-2.338434E-1
2.755492E1	2.561467E1	-2.329347E-1
2.758824E1	2.571299E1	-2.199939E-1
2.762156E1	2.585137E1	-1.984174E-1
2.765488E1	2.599035E1	-2.305567E-1
2.768820E1	2.606932E1	-2.067933E-1
2.772152E1	2.620527E1	-2.237719E-1
2.775484E1	2.646024E1	-1.921394E-1
2.778816E1	2.667880E1	-1.730709E-1
2.782147E1	2.675066E1	-2.181245E-1
2.785479E1	2.678913E1	-1.927936E-1
2.788811E1	2.679060E1	-1.838944E-1
2.792143E1	2.678871E1	-1.790059E-1
2.795475E1	2.668189E1	-1.733505E-1
2.798807E1	2.641436E1	-1.659413E-1
2.802139E1	2.607917E1	-9.910080E-2
2.805471E1	2.580321E1	-5.160218E-2
2.808803E1	2.569719E1	-1.227424E-1
2.812135E1	2.566441E1	-1.790418E-1
2.815467E1	2.570413E1	-1.532462E-1
2.818798E1	2.581839E1	-1.653994E-1
2.822130E1	2.588699E1	-2.372024E-1
2.825462E1	2.596190E1	-2.245261E-1
2.828794E1	2.608261E1	-1.862394E-1
2.832126E1	2.615640E1	-1.363084E-1
2.835458E1	2.618975E1	-1.372205E-1
2.838790E1	2.619405E1	-1.738807E-1
2.842122E1	2.617397E1	-1.615542E-1
2.845454E1	2.617057E1	-1.613659E-1
2.848786E1	2.618503E1	-1.854255E-1
2.852118E1	2.618519E1	-2.067942E-1
2.855450E1	2.622635E1	-2.058399E-1
2.858781E1	2.625730E1	-2.356993E-1
2.862113E1	2.627438E1	-2.491768E-1
2.865445E1	2.627932E1	-2.099234E-1
2.868777E1	2.640231E1	-2.122939E-1
2.872109E1	2.667581E1	-2.147700E-1
2.875441E1	2.686275E1	-2.217675E-1
2.878773E1	2.696134E1	-1.969715E-1
2.882105E1	2.700390E1	-1.726941E-1
2.885437E1	2.695788E1	-1.730944E-1
2.888769E1	2.691547E1	-1.750127E-1
2.892101E1	2.694265E1	-1.595946E-1
2.895432E1	2.685479E1	-1.787539E-1
2.898764E1	2.667553E1	-1.531542E-1
2.902096E1	2.646229E1	-1.100055E-1
2.905428E1	2.630547E1	-6.676590E-2
2.908760E1	2.632245E1	-1.369398E-1
2.912092E1	2.636138E1	-1.310651E-1
2.915424E1	2.640292E1	-1.311469E-1
2.918756E1	2.650636E1	-1.767641E-1
2.922088E1	2.664480E1	-2.348238E-1
2.925420E1	2.678285E1	-2.144274E-1
2.928752E1	2.689991E1	-1.803345E-1
2.932084E1	2.696982E1	-1.621405E-1
2.935415E1	2.705531E1	-1.576665E-1
2.938747E1	2.708485E1	-1.991404E-1
2.942079E1	2.708866E1	-2.023454E-1
2.945411E1	2.706678E1	-1.841169E-1
2.948743E1	2.706536E1	-1.978218E-1
2.952075E1	2.705906E1	-2.071645E-1
2.955407E1	2.710472E1	-2.212419E-1
2.958739E1	2.716921E1	-2.333927E-1
2.962071E1	2.722760E1	-2.251677E-1
2.965403E1	2.728655E1	-1.953874E-1
2.968735E1	2.740504E1	-2.018968E-1
2.972066E1	2.760414E1	-1.852483E-1
2.975398E1	2.777398E1	-1.889900E-1
2.978730E1	2.787159E1	-1.797591E-1
2.982062E1	2.793368E1	-1.727911E-1
2.985394E1	2.791940E1	-1.578284E-1
2.988726E1	2.791798E1	-1.707215E-1
2.992058E1	2.792926E1	-1.802247E-1
2.995390E1	2.782849E1	-1.749478E-1
2.998722E1	2.766186E1	-1.319056E-1
3.002054E1	2.743849E1	-6.794689E-2
3.005386E1	2.724659E1	-4.089341E-2
3.008718E1	2.717428E1	-7.019864E-2
3.012049E1	2.711486E1	-1.309607E-1
3.015381E1	2.712680E1	-1.635397E-1
3.018713E1	2.723635E1	-1.414383E-1
3.022045E1	2.731421E1	-1.643575E-1
3.025377E1	2.744006E1	-2.081819E-1
3.028709E1	2.760858E1	-1.703079E-1
3.032041E1	2.774669E1	-1.472600E-1
3.035373E1	2.782457E1	-1.360780E-1
3.038705E1	2.781234E1	-1.550124E-1
3.042037E1	2.778816E1	-1.901345E-1
3.045369E1	2.777979E1	-1.880955E-1
3.048700E1	2.781862E1	-1.933432E-1
3.052032E1	2.786735E1	-2.084568E-1
3.055364E1	2.794647E1	-2.333247E-1
3.058696E1	2.801566E1	-2.427188E-1
3.062028E1	2.810129E1	-2.382222E-1
3.065360E1	2.816723E1	-2.573490E-1
3.068692E1	2.825311E1	-2.438671E-1
3.072024E1	2.844330E1	-2.931135E-1
3.075356E1	2.866788E1	-3.573823E-1
3.078688E1	2.880167E1	-4.020427E-1
3.082020E1	2.889989E1	-4.508652E-1
3.085352E1	2.897568E1	-4.808765E-1
3.088683E1	2.895079E1	-4.517025E-1
3.092015E1	2.895645E1	-4.548377E-1
3.095347E1	2.887215E1	-4.536523E-1
3.098679E1	2.864484E1	-3.053728E-1
3.102011E1	2.837053E1	-2.399892E-1
3.105343E1	2.803173E1	-1.766499E-1
3.108675E1	2.782853E1	-2.276877E-1
3.112007E1	2.780616E1	-2.319019E-1
3.115339E1	2.786867E1	-2.387447E-1
3.118671E1	2.803498E1	-3.075775E-1
3.122003E1	2.825731E1	-3.739357E-1
3.125334E1	2.847868E1	-3.812502E-1
3.128666E1	2.865198E1	-3.931419E-1
3.131998E1	2.879045E1	-3.988497E-1
3.135330E1	2.886716E1	-4.611998E-1
3.138662E1	2.886127E1	-4.488680E-1
3.141994E1	2.881430E1	-4.275125E-1
3.145326E1	2.882644E1	-4.659483E-1
3.148658E1	2.887334E1	-4.672506E-1
3.151990E1	2.892498E1	-4.678683E-1
3.155322E1	2.898906E1	-5.140828E-1
3.158654E1	2.908453E1	-5.580518E-1
3.161986E1	2.919720E1	-6.134909E-1
3.165317E1	2.928344E1	-6.098712E-1
3.168649E1	2.932904E1	-5.994363E-1
3.171981E1	2.948675E1	-6.344946E-1
3.175313E1	2.975474E1	-6.443618E-1
3.178645E1	2.999622E1	-6.159746E-1
3.181977E1	3.008276E1	-6.521642E-1
3.185309E1	3.009592E1	-6.279404E-1
3.188641E1	3.008854E1	-6.133756E-1
3.191973E1	3.010009E1	-6.209232E-1
3.195305E1	3.000516E1	-6.157402E-1
3.198637E1	2.974205E1	-5.154504E-1
3.201968E1	2.942245E1	-4.604600E-1
3.205300E1	2.908852E1	-4.025751E-1
3.208632E1	2.896760E1	-4.086829E-1
3.211964E1	2.896973E1	-4.790652E-1
3.215296E1	2.902629E1	-4.780094E-1
3.218628E1	2.919601E1	-5.376033E-1
3.221960E1	2.940397E1	-5.986455E-1
3.225292E1	2.959956E1	-5.972987E-1
3.228624E1	2.975287E1	-6.304737E-1
3.231956E1	2.984292E1	-6.541964E-1
3.235288E1	2.991910E1	-6.961839E-1
3.238620E1	2.990150E1	-6.785355E-1
3.241951E1	2.984549E1	-6.691518E-1
3.245283E1	2.984402E1	-6.777516E-1
3.248615E1	2.988117E1	-7.220286E-1
3.251947E1	2.995412E1	-7.308245E-1
3.255279E1	2.999685E1	-6.954594E-1
3.258611E1	3.002336E1	-7.612530E-1
3.261943E1	3.006887E1	-8.303191E-1
3.265275E1	3.017685E1	-8.925161E-1
3.268607E1	3.026716E1	-8.815517E-1
3.271939E1	3.043057E1	-8.874156E-1
3.275271E1	3.067986E1	-9.074052E-1
3.278602E1	3.086027E1	-8.320090E-1
3.281934E1	3.094202E1	-8.561085E-1
3.285266E1	3.096490E1	-8.300393E-1
3.288598E1	3.095898E1	-8.271992E-1
3.291930E1	3.096466E1	-8.320630E-1
3.295262E1	3.087660E1	-8.333347E-1
3.298594E1	3.064055E1	-7.294285E-1
3.301926E1	3.036246E1	-6.798087E-1
3.305258E1	3.005558E1	-6.378144E-1
3.308590E1	2.988960E1	-6.678012E-1
3.311922E1	2.988235E1	-7.354814E-1
3.315254E1	2.993882E1	-7.303857E-1
3.318585E1	3.009416E1	-7.776946E-1
3.321917E1	3.033291E1	-8.563996E-1
3.325249E1	3.054293E1	-8.583937E-1
3.328581E1	3.069846E1	-8.479877E-1
3.331913E1	3.081307E1	-8.635650E-1
3.335245E1	3.086045E1	-8.856826E-1
3.338577E1	3.085257E1	-8.788848E-1
3.341909E1	3.081369E1	-8.908802E-1
3.345241E1	3.082874E1	-9.133559E-1
3.348573E1	3.086840E1	-9.350107E-1
3.351905E1	3.093753E1	-9.587214E-1
3.355236E1	3.102708E1	-9.499810E-1
3.358568E1	3.114259E1	-9.886580E-1
3.361900E1	3.131485E1	-1.028622E0
3.365232E1	3.143572E1	-1.076126E0
3.368564E1	3.150692E1	-1.055208E0
3.371896E1	3.161022E1	-1.044096E0
3.375228E1	3.182927E1	-1.059225E0
3.378560E1	3.209796E1	-1.090284E0
3.381892E1	3.220922E1	-1.062574E0
3.385224E1	3.222564E1	-1.067914E0
3.388556E1	3.220652E1	-1.080458E0
3.391888E1	3.219593E1	-1.077906E0
3.395219E1	3.208716E1	-1.061621E0
3.398551E1	3.182155E1	-9.653351E-1
3.401883E1	3.149271E1	-8.740851E-1
3.405215E1	3.113703E1	-7.877501E-1
3.408547E1	3.097192E1	-7.513320E-1
3.411879E1	3.092816E1	-8.300878E-1
3.415211E1	3.098082E1	-8.497400E-1
3.418543E1	3.114716E1	-9.047517E-1
3.421875E1	3.138754E1	-9.791359E-1
3.425207E1	3.159126E1	-9.989769E-1
3.428539E1	3.176283E1	-1.014987E0
3.431870E1	3.186430E1	-1.019071E0
3.435202E1	3.191163E1	-1.023750E0
3.438534E1	3.188205E1	-1.036766E0
3.441866E1	3.184208E1	-1.011275E0
3.445198E1	3.186584E1	-1.033100E0
3.448530E1	3.191300E1	-1.062896E0
3.451862E1	3.197673E1	-1.076461E0
3.455194E1	3.206779E1	-1.077659E0
3.458526E1	3.217755E1	-1.104090E0
3.461858E1	3.233510E1	-1.125005E0
3.465190E1	3.244249E1	-1.121178E0
3.468522E1	3.250351E1	-1.111027E0
3.471853E1	3.267065E1	-1.121909E0
3.475185E1	3.294767E1	-1.146862E0
3.478517E1	3.314864E1	-1.143776E0
3.481849E1	3.317584E1	-1.183913E0
3.485181E1	3.321674E1	-1.150297E0
3.488513E1	3.320558E1	-1.133434E0
3.491845E1	3.321353E1	-1.142685E0
3.495177E1	3.312663E1	-1.138937E0
3.498509E1	3.285292E1	-1.074346E0
3.501841E1	3.251295E1	-9.718449E-1
3.505173E1	3.214390E1	-9.066206E-1
3.508504E1	3.187355E1	-9.060175E-1
3.511836E1	3.180372E1	-8.841362E-1
3.515168E1	3.185515E1	-8.787641E-1
3.518500E1	3.201430E1	-9.537751E-1
3.521832E1	3.224989E1	-1.019889E0
3.525164E1	3.245651E1	-1.011305E0
3.528496E1	3.263684E1	-1.026517E0
3.531828E1	3.272201E1	-1.048143E0
3.535160E1	3.279578E1	-1.096283E0
3.538492E1	3.279046E1	-1.083949E0
3.541824E1	3.274506E1	-1.081188E0
3.545156E1	3.277038E1	-1.082439E0
3.548487E1	3.282715E1	-1.087025E0
3.551819E1	3.288424E1	-1.078909E0
3.555151E1	3.298803E1	-1.083260E0
3.558483E1	3.312439E1	-1.147333E0
3.561815E1	3.330280E1	-1.177742E0
3.565147E1	3.343655E1	-1.244536E0
3.568479E1	3.348498E1	-1.218762E0
3.571811E1	3.362888E1	-1.169333E0
3.575143E1	3.389796E1	-1.179692E0
3.578475E1	3.408095E1	-1.218068E0
3.581807E1	3.414222E1	-1.234227E0
3.585138E1	3.414228E1	-1.196894E0
3.588470E1	3.413395E1	-1.186079E0
3.591802E1	3.413896E1	-1.197985E0
3.595134E1	3.404439E1	-1.187555E0
3.598466E1	3.376824E1	-1.084316E0
3.601798E1	3.338036E1	-9.660038E-1
3.605130E1	3.298289E1	-8.519786E-1
3.608462E1	3.268932E1	-8.695671E-1
3.611794E1	3.261038E1	-8.645848E-1
3.615126E1	3.262907E1	-8.993164E-1
3.618458E1	3.275924E1	-8.940080E-1
3.621790E1	3.295049E1	-9.321072E-1
3.625121E1	3.315532E1	-9.412794E-1
3.628453E1	3.337707E1	-9.317050E-1
3.631785E1	3.353936E1	-9.253604E-1
3.635117E1	3.364821E1	-9.457885E-1
3.638449E1	3.371994E1	-9.761091E-1
3.641781E1	3.370422E1	-9.618427E-1
3.645113E1	3.368436E1	-9.535018E-1
3.648445E1	3.372181E1	-1.016899E0
3.651777E1	3.381701E1	-1.068692E0
3.655109E1	3.391977E1	-1.114845E0
3.658441E1	3.402586E1	-1.137207E0
3.661772E1	3.407335E1	-1.079802E0
3.665104E1	3.409336E1	-1.073295E0
3.668436E1	3.416343E1	-1.087703E0
3.671768E1	3.440060E1	-1.082617E0
3.675100E1	3.468857E1	-1.132194E0
3.678432E1	3.484313E1	-1.177479E0
3.681764E1	3.489104E1	-1.190340E0
3.685096E1	3.490313E1	-1.191407E0
3.688428E1	3.488643E1	-1.179821E0
3.691760E1	3.489078E1	-1.183501E0
3.695092E1	3.478493E1	-1.143990E0
3.698424E1	3.447567E1	-1.034229E0
3.701755E1	3.408870E1	-9.595788E-1
3.705087E1	3.368819E1	-8.905541E-1
3.708419E1	3.349127E1	-9.272668E-1
3.711751E1	3.344594E1	-9.607039E-1
3.715083E1	3.347252E1	-9.415484E-1
3.718415E1	3.358457E1	-9.515955E-1
3.721747E1	3.374248E1	-9.560970E-1
3.725079E1	3.392462E1	-9.797548E-1
3.728411E1	3.413302E1	-9.899040E-1
3.731743E1	3.430173E1	-1.019037E0
3.735075E1	3.443254E1	-1.043068E0
3.738406E1	3.450323E1	-1.019646E0
3.741738E1	3.451518E1	-1.027350E0
3.745070E1	3.447242E1	-1.056043E0
3.748402E1	3.450955E1	-1.033995E0
3.751734E1	3.456484E1	-1.068309E0
3.755066E1	3.467604E1	-1.084563E0
3.758398E1	3.469350E1	-1.085417E0
3.761730E1	3.468925E1	-1.062936E0
3.765062E1	3.477414E1	-1.069641E0
3.768394E1	3.490085E1	-1.102345E0
3.771726E1	3.506174E1	-1.143766E0
3.775058E1	3.528023E1	-1.185826E0
3.778389E1	3.548969E1	-1.196280E0
3.781721E1	3.555207E1	-1.228097E0
3.785053E1	3.555597E1	-1.198275E0
3.788385E1	3.554275E1	-1.186471E0
3.791717E1	3.554317E1	-1.190892E0
3.795049E1	3.545546E1	-1.168049E0
3.798381E1	3.520951E1	-1.074065E0
3.801713E1	3.485150E1	-1.009201E0
3.805045E1	3.451709E1	-9.057859E-1
3.808377E1	3.433922E1	-9.119660E-1
3.811709E1	3.430499E1	-9.291264E-1
3.815040E1	3.434815E1	-9.160067E-1
3.818372E1	3.445379E1	-9.730498E-1
3.821704E1	3.458956E1	-1.033068E0
3.825036E1	3.480728E1	-1.043529E0
3.828368E1	3.501597E1	-1.057450E0
3.831700E1	3.514813E1	-1.094735E0
3.835032E1	3.524174E1	-1.108178E0
3.838364E1	3.529429E1	-1.101867E0
3.841696E1	3.529534E1	-1.080480E0
3.845028E1	3.527651E1	-1.081797E0
3.848360E1	3.533075E1	-1.139783E0
3.851692E1	3.535150E1	-1.192304E0
3.855023E1	3.538896E1	-1.148650E0
3.858355E1	3.539834E1	-1.153265E0
3.861687E1	3.540979E1	-1.205457E0
3.865019E1	3.546140E1	-1.262341E0
3.868351E1	3.556087E1	-1.311253E0
3.871683E1	3.577455E1	-1.350364E0
3.875015E1	3.604340E1	-1.348053E0
3.878347E1	3.616148E1	-1.354449E0
3.881679E1	3.620493E1	-1.315314E0
3.885011E1	3.620677E1	-1.295949E0
3.888343E1	3.620685E1	-1.299557E0
3.891674E1	3.619965E1	-1.300503E0
3.895006E1	3.615561E1	-1.276383E0
3.898338E1	3.593900E1	-1.195016E0
3.901670E1	3.565896E1	-1.133276E0
3.905002E1	3.537399E1	-1.065571E0
3.908334E1	3.517039E1	-1.108240E0
3.911666E1	3.511947E1	-1.153945E0
3.914998E1	3.514582E1	-1.162701E0
3.918330E1	3.523231E1	-1.139043E0
3.921662E1	3.534919E1	-1.162857E0
3.924994E1	3.550155E1	-1.183727E0
3.928326E1	3.570788E1	-1.184252E0
3.931657E1	3.588910E1	-1.205434E0
3.934989E1	3.603163E1	-1.226561E0
3.938321E1	3.613026E1	-1.238005E0
3.941653E1	3.615508E1	-1.245707E0
3.944985E1	3.613170E1	-1.231216E0
3.948317E1	3.614696E1	-1.259866E0
3.951649E1	3.614166E1	-1.289949E0
3.954981E1	3.615956E1	-1.300197E0
3.958313E1	3.621620E1	-1.319736E0
3.961645E1	3.626786E1	-1.369899E0
3.964977E1	3.636359E1	-1.415414E0
3.968308E1	3.644895E1	-1.477015E0
3.971640E1	3.660718E1	-1.489838E0
3.974972E1	3.685809E1	-1.481165E0
3.978304E1	3.707298E1	-1.442850E0
3.981636E1	3.713606E1	-1.463271E0
3.984968E1	3.715288E1	-1.476694E0
3.988300E1	3.713667E1	-1.465705E0
3.991632E1	3.712869E1	-1.462084E0
3.994964E1	3.703456E1	-1.464879E0
3.998296E1	3.680500E1	-1.398142E0
4.001628E1	3.647521E1	-1.250248E0
4.004960E1	3.619296E1	-1.143892E0
4.008291E1	3.594131E1	-1.229694E0
4.011623E1	3.590523E1	-1.265760E0
4.014955E1	3.593697E1	-1.244736E0
4.018287E1	3.604447E1	-1.254841E0
4.021619E1	3.616003E1	-1.286736E0
4.024951E1	3.632597E1	-1.317636E0
4.028283E1	3.649517E1	-1.362492E0
4.031615E1	3.668228E1	-1.360897E0
4.034947E1	3.681011E1	-1.414139E0
4.038279E1	3.686098E1	-1.417294E0
4.041611E1	3.685769E1	-1.379820E0
4.044942E1	3.682874E1	-1.427715E0
4.048274E1	3.686067E1	-1.451164E0
4.051606E1	3.691544E1	-1.442785E0
4.054938E1	3.694239E1	-1.490018E0
4.058270E1	3.699654E1	-1.540934E0
4.061602E1	3.708736E1	-1.555517E0
4.064934E1	3.716636E1	-1.567445E0
4.068266E1	3.725864E1	-1.593553E0
4.071598E1	3.740279E1	-1.579788E0
4.074930E1	3.763171E1	-1.595084E0
4.078262E1	3.780514E1	-1.655723E0
4.081594E1	3.788279E1	-1.684925E0
4.084925E1	3.787817E1	-1.672494E0
4.088257E1	3.788349E1	-1.655383E0
4.091589E1	3.788479E1	-1.649737E0
4.094921E1	3.779535E1	-1.639815E0
4.098253E1	3.755279E1	-1.509379E0
4.101585E1	3.720753E1	-1.413894E0
4.104917E1	3.685368E1	-1.240417E0
4.108249E1	3.665292E1	-1.224536E0
4.111581E1	3.659741E1	-1.226544E0
4.114913E1	3.660198E1	-1.246002E0
4.118245E1	3.676583E1	-1.310628E0
4.121576E1	3.698689E1	-1.382417E0
4.124908E1	3.718403E1	-1.373949E0
4.128240E1	3.734577E1	-1.374972E0
4.131572E1	3.744394E1	-1.410771E0
4.134904E1	3.752379E1	-1.450083E0
4.138236E1	3.753698E1	-1.436046E0
4.141568E1	3.749381E1	-1.396469E0
4.144900E1	3.750793E1	-1.425510E0
4.148232E1	3.756028E1	-1.431570E0
4.151564E1	3.761760E1	-1.473497E0
4.154896E1	3.769045E1	-1.539184E0
4.158228E1	3.780820E1	-1.598208E0
4.161559E1	3.795597E1	-1.621939E0
4.164891E1	3.811258E1	-1.640135E0
4.168223E1	3.816600E1	-1.630673E0
4.171555E1	3.826008E1	-1.623207E0
4.174887E1	3.850585E1	-1.690550E0
4.178219E1	3.880530E1	-1.698167E0
4.181551E1	3.888440E1	-1.723943E0
4.184883E1	3.888739E1	-1.710081E0
4.188215E1	3.888467E1	-1.701648E0
4.191547E1	3.887260E1	-1.699366E0
4.194879E1	3.878546E1	-1.696749E0
4.198210E1	3.854588E1	-1.585492E0
4.201542E1	3.822190E1	-1.445765E0
4.204874E1	3.785230E1	-1.320163E0
4.208206E1	3.757289E1	-1.327929E0
4.211538E1	3.748208E1	-1.377789E0
4.214870E1	3.754832E1	-1.342137E0
4.218202E1	3.764698E1	-1.385594E0
4.221534E1	3.774543E1	-1.416292E0
4.224866E1	3.793787E1	-1.419454E0
4.228198E1	3.812664E1	-1.474634E0
4.231530E1	3.830444E1	-1.499928E0
4.234862E1	3.843180E1	-1.513588E0
4.238193E1	3.851993E1	-1.548208E0
4.241525E1	3.854645E1	-1.486297E0
4.244857E1	3.851163E1	-1.493467E0
4.248189E1	3.855151E1	-1.501642E0
4.251521E1	3.856661E1	-1.550125E0
4.254853E1	3.861031E1	-1.564635E0
4.258185E1	3.861642E1	-1.540944E0
4.261517E1	3.860555E1	-1.565029E0
4.264849E1	3.866398E1	-1.626324E0
4.268181E1	3.878083E1	-1.663914E0
4.271513E1	3.894130E1	-1.713060E0
4.274844E1	3.919892E1	-1.746887E0
4.278176E1	3.942313E1	-1.766560E0
4.281508E1	3.946000E1	-1.792743E0
4.284840E1	3.947434E1	-1.805304E0
4.288172E1	3.946860E1	-1.796270E0
4.291504E1	3.946885E1	-1.801604E0
4.294836E1	3.936393E1	-1.790919E0
4.298168E1	3.914074E1	-1.707855E0
4.301500E1	3.879726E1	-1.584830E0
4.304832E1	3.844450E1	-1.438892E0
4.308164E1	3.825410E1	-1.509409E0
4.311496E1	3.822837E1	-1.603674E0
4.314827E1	3.822569E1	-1.602581E0
4.318159E1	3.835442E1	-1.653308E0
4.321491E1	3.856707E1	-1.706185E0
4.324823E1	3.876497E1	-1.739927E0
4.328155E1	3.891726E1	-1.759121E0
4.331487E1	3.901961E1	-1.750438E0
4.334819E1	3.904406E1	-1.746914E0
4.338151E1	3.904505E1	-1.714646E0
4.341483E1	3.905129E1	-1.704130E0
4.344815E1	3.901919E1	-1.689533E0
4.348147E1	3.899885E1	-1.702572E0
4.351478E1	3.903103E1	-1.689706E0
4.354810E1	3.908848E1	-1.705866E0
4.358142E1	3.915368E1	-1.765650E0
4.361474E1	3.924736E1	-1.796595E0
4.364806E1	3.936162E1	-1.813533E0
4.368138E1	3.945755E1	-1.849289E0
4.371470E1	3.959960E1	-1.917769E0
4.374802E1	3.986296E1	-1.966259E0
4.378134E1	4.008066E1	-2.031866E0
4.381466E1	4.012116E1	-2.036546E0
4.384798E1	4.016628E1	-2.025145E0
4.388130E1	4.016331E1	-2.020319E0
4.391461E1	4.015204E1	-2.049902E0
4.394793E1	4.006713E1	-2.013168E0
4.398125E1	3.981102E1	-1.885941E0
4.401457E1	3.945017E1	-1.749979E0
4.404789E1	3.909096E1	-1.589244E0
4.408121E1	3.887863E1	-1.606074E0
4.411453E1	3.878779E1	-1.655345E0
4.414785E1	3.880487E1	-1.627063E0
4.418117E1	3.894061E1	-1.684916E0
4.421449E1	3.909790E1	-1.734958E0
4.424781E1	3.930464E1	-1.752218E0
4.428112E1	3.948523E1	-1.779030E0
4.431444E1	3.964922E1	-1.784263E0
4.434776E1	3.975152E1	-1.803170E0
4.438108E1	3.980777E1	-1.809446E0
4.441440E1	3.978212E1	-1.741527E0
4.444772E1	3.974855E1	-1.738873E0
4.448104E1	3.976221E1	-1.752685E0
4.451436E1	3.981448E1	-1.716435E0
4.454768E1	3.986590E1	-1.661405E0
4.458100E1	3.991455E1	-1.661373E0
4.461432E1	4.001580E1	-1.715037E0
4.464764E1	4.012661E1	-1.763628E0
4.468095E1	4.022861E1	-1.790193E0
4.471427E1	4.040626E1	-1.841789E0
4.474759E1	4.066677E1	-1.892641E0
4.478091E1	4.085108E1	-1.951608E0
4.481423E1	4.084945E1	-1.974204E0
4.484755E1	4.087755E1	-1.927218E0
4.488087E1	4.087411E1	-1.918119E0
4.491419E1	4.086240E1	-1.954599E0
4.494751E1	4.078984E1	-1.923865E0
4.498083E1	4.056626E1	-1.838155E0
4.501415E1	4.024221E1	-1.725906E0
4.504746E1	3.991504E1	-1.606394E0
4.508078E1	3.969721E1	-1.625948E0
4.511410E1	3.970095E1	-1.684139E0
4.514742E1	3.973376E1	-1.694627E0
4.518074E1	3.989579E1	-1.752710E0
4.521406E1	4.012619E1	-1.761737E0
4.524738E1	4.028926E1	-1.777394E0
4.528070E1	4.038599E1	-1.813485E0
4.531402E1	4.044250E1	-1.808889E0
4.534734E1	4.046206E1	-1.803605E0
4.538066E1	4.049544E1	-1.800123E0
4.541398E1	4.051218E1	-1.808184E0
4.544729E1	4.062003E1	-1.840962E0
4.548061E1	4.073081E1	-1.974301E0
4.551393E1	4.083589E1	-2.102261E0
4.554725E1	4.091511E1	-2.170372E0
4.558057E1	4.102997E1	-2.188220E0
4.561389E1	4.118872E1	-2.282492E0
4.564721E1	4.132514E1	-2.352797E0
4.568053E1	4.143069E1	-2.391297E0
4.571385E1	4.153995E1	-2.414486E0
4.574717E1	4.175586E1	-2.454202E0
4.578049E1	4.202743E1	-2.436469E0
4.581380E1	4.212728E1	-2.400128E0
4.584712E1	4.214916E1	-2.409415E0
4.588044E1	4.213906E1	-2.406505E0
4.591376E1	4.213079E1	-2.402597E0
4.594708E1	4.206021E1	-2.393466E0
4.598040E1	4.180050E1	-2.244888E0
4.601372E1	4.144051E1	-2.136984E0
4.604704E1	4.101950E1	-1.954084E0
4.608036E1	4.066766E1	-1.849365E0
4.611368E1	4.061710E1	-1.927076E0
4.614700E1	4.062322E1	-1.983003E0
4.618032E1	4.077501E1	-1.979249E0
4.621363E1	4.098560E1	-2.018825E0
4.624695E1	4.121238E1	-2.062909E0
4.628027E1	4.137298E1	-2.098052E0
4.631359E1	4.148810E1	-2.103011E0
4.634691E1	4.150554E1	-2.101258E0
4.638023E1	4.148173E1	-2.075759E0
4.641355E1	4.147216E1	-2.029803E0
4.644687E1	4.148635E1	-2.032676E0
4.648019E1	4.148531E1	-2.035473E0
4.651351E1	4.154616E1	-2.059915E0
4.654683E1	4.162536E1	-2.063299E0
4.658014E1	4.169338E1	-1.979709E0
4.661346E1	4.179050E1	-1.975608E0
4.664678E1	4.190155E1	-2.025879E0
4.668010E1	4.202016E1	-2.093208E0
4.671342E1	4.215129E1	-2.160797E0
4.674674E1	4.236760E1	-2.231482E0
4.678006E1	4.257294E1	-2.263913E0
4.681338E1	4.264288E1	-2.275678E0
4.684670E1	4.262992E1	-2.260846E0
4.688002E1	4.263328E1	-2.265757E0
4.691334E1	4.263545E1	-2.266294E0
4.694666E1	4.255721E1	-2.243726E0
4.697997E1	4.233339E1	-2.222276E0
4.701329E1	4.198679E1	-2.142234E0
4.704661E1	4.163862E1	-2.014397E0
4.707993E1	4.143076E1	-2.030053E0
4.711325E1	4.138233E1	-2.044710E0
4.714657E1	4.139684E1	-2.033166E0
4.717989E1	4.150091E1	-2.062044E0
4.721321E1	4.162377E1	-2.112375E0
4.724653E1	4.176194E1	-2.125141E0
4.727985E1	4.193665E1	-2.160895E0
4.731317E1	4.207154E1	-2.183410E0
4.734648E1	4.218442E1	-2.191539E0
4.737980E1	4.223464E1	-2.154701E0
4.741312E1	4.222300E1	-2.176704E0
4.744644E1	4.223970E1	-2.157267E0
4.747976E1	4.234716E1	-2.161076E0
4.751308E1	4.248500E1	-2.179955E0
4.754640E1	4.263265E1	-2.201029E0
4.757972E1	4.278992E1	-2.220772E0
4.761304E1	4.288038E1	-2.192604E0
4.764636E1	4.295823E1	-2.168179E0
4.767968E1	4.302917E1	-2.165569E0
4.771300E1	4.319807E1	-2.229776E0
4.774631E1	4.339530E1	-2.281845E0
4.777963E1	4.350226E1	-2.301427E0
4.781295E1	4.358823E1	-2.297600E0
4.784627E1	4.367404E1	-2.339575E0
4.787959E1	4.367727E1	-2.334661E0
4.791291E1	4.366317E1	-2.325924E0
4.794623E1	4.359197E1	-2.308737E0
4.797955E1	4.334241E1	-2.303929E0
4.801287E1	4.298047E1	-2.182767E0
4.804619E1	4.257259E1	-2.029976E0
4.807951E1	4.223907E1	-1.963061E0
4.811282E1	4.214286E1	-1.986855E0
4.814614E1	4.216271E1	-2.016325E0
4.817946E1	4.228044E1	-2.022949E0
4.821278E1	4.252906E1	-2.057743E0
4.824610E1	4.274144E1	-2.097541E0
4.827942E1	4.290596E1	-2.156710E0
4.831274E1	4.301121E1	-2.164100E0
4.834606E1	4.310450E1	-2.147591E0
4.837938E1	4.310603E1	-2.138774E0
