	mass A		
t	x	y	
0.000000E0	1.359462E-1	-5.962553E-4
3.331912E-2	3.630299E-1	-9.586638E-3
6.663824E-2	5.218487E-1	-1.006854E-2
9.995737E-2	5.851379E-1	-1.659012E-3
1.332765E-1	5.797078E-1	-1.583361E-2
1.665956E-1	5.276650E-1	-3.815894E-2
1.999147E-1	4.884583E-1	-5.378241E-2
2.332339E-1	4.553288E-1	-4.485396E-2
2.665530E-1	4.121241E-1	-5.099416E-2
2.998721E-1	4.032225E-1	-9.006661E-2
3.331912E-1	4.474232E-1	-1.094112E-1
3.665103E-1	5.258670E-1	-1.145932E-1
3.998295E-1	5.555166E-1	-1.132867E-1
4.331486E-1	6.016123E-1	-1.235175E-1
4.664677E-1	6.900548E-1	-1.218059E-1
4.997868E-1	7.542036E-1	-9.800686E-2
5.331060E-1	8.948884E-1	-7.226126E-2
5.664251E-1	1.125876E0	-3.121711E-2
5.997442E-1	1.373803E0	-2.196191E-2
6.330633E-1	1.451935E0	-9.739007E-2
6.663824E-1	1.472653E0	-1.104459E-1
6.997016E-1	1.445246E0	-9.678298E-2
7.330207E-1	1.447906E0	-1.136602E-1
7.663398E-1	1.428890E0	-1.194146E-1
7.996589E-1	1.443905E0	-9.830718E-2
8.329781E-1	1.448949E0	-5.458021E-2
8.662972E-1	1.545552E0	-6.763587E-2
8.996163E-1	1.626741E0	-1.288530E-1
9.329354E-1	1.658059E0	-1.154589E-1
9.662546E-1	1.684917E0	-1.236370E-1
9.995737E-1	1.739021E0	-1.177219E-1
1.032893E0	1.861283E0	-1.055855E-1
1.066212E0	2.032948E0	-1.078808E-1
1.099531E0	2.135625E0	-1.124894E-1
1.132850E0	2.163848E0	-1.444860E-1
1.166169E0	2.101880E0	-1.304278E-1
1.199488E0	2.081370E0	-1.380111E-1
1.232808E0	1.999295E0	-1.108645E-1
1.266127E0	1.937104E0	-1.569448E-1
1.299446E0	1.911529E0	-1.565549E-1
1.332765E0	1.875936E0	-1.543299E-1
1.366084E0	1.916734E0	-1.638886E-1
1.399403E0	1.957635E0	-1.719547E-1
1.432722E0	2.063230E0	-1.787977E-1
1.466041E0	2.140502E0	-1.888610E-1
1.499361E0	2.193277E0	-1.920092E-1
1.532680E0	2.350328E0	-1.693024E-1
1.565999E0	2.580303E0	-1.898613E-1
1.599318E0	2.699716E0	-2.639957E-1
1.632637E0	2.781311E0	-2.984138E-1
1.665956E0	2.851475E0	-2.952204E-1
1.699275E0	2.800707E0	-2.866793E-1
1.732594E0	2.804884E0	-2.950844E-1
1.765913E0	2.807693E0	-2.860307E-1
1.799233E0	2.836260E0	-2.342297E-1
1.832552E0	2.854066E0	-1.927324E-1
1.865871E0	2.898286E0	-2.004673E-1
1.899190E0	2.912033E0	-2.299966E-1
1.932509E0	2.922205E0	-2.822897E-1
1.965828E0	2.965734E0	-2.851975E-1
1.999147E0	3.082772E0	-3.020062E-1
2.032466E0	3.240247E0	-3.172697E-1
2.065786E0	3.389025E0	-3.194530E-1
2.099105E0	3.467602E0	-3.294664E-1
2.132424E0	3.486921E0	-3.358077E-1
2.165743E0	3.468321E0	-3.350379E-1
2.199062E0	3.455535E0	-3.366371E-1
2.232381E0	3.398591E0	-3.499329E-1
2.265700E0	3.356753E0	-3.607001E-1
2.299019E0	3.347397E0	-3.700155E-1
2.332339E0	3.363115E0	-3.823041E-1
2.365658E0	3.415349E0	-3.871809E-1
2.398977E0	3.516147E0	-3.830594E-1
2.432296E0	3.630138E0	-3.764253E-1
2.465615E0	3.767179E0	-3.518102E-1
2.498934E0	3.797377E0	-3.418428E-1
2.532253E0	3.908954E0	-3.433668E-1
2.565572E0	4.235431E0	-3.128990E-1
2.598892E0	4.444041E0	-3.460462E-1
2.632211E0	4.484240E0	-4.009674E-1
2.665530E0	4.496398E0	-3.920841E-1
2.698849E0	4.474327E0	-3.740431E-1
2.732168E0	4.478200E0	-3.970856E-1
2.765487E0	4.434449E0	-4.070755E-1
2.798806E0	4.396806E0	-3.835922E-1
2.832125E0	4.320601E0	-3.402571E-1
2.865445E0	4.284223E0	-3.298086E-1
2.898764E0	4.271695E0	-3.379577E-1
2.932083E0	4.308529E0	-3.976944E-1
2.965402E0	4.319132E0	-4.285071E-1
2.998721E0	4.454762E0	-4.526246E-1
3.032040E0	4.685133E0	-4.438879E-1
3.065359E0	4.876832E0	-4.503598E-1
3.098678E0	4.954778E0	-4.408986E-1
3.131998E0	4.963446E0	-4.477730E-1
3.165317E0	4.955884E0	-4.413943E-1
3.198636E0	4.931040E0	-4.439450E-1
3.231955E0	4.914126E0	-4.645331E-1
3.265274E0	4.924442E0	-4.818318E-1
3.298593E0	4.931435E0	-4.930075E-1
3.331912E0	4.962068E0	-4.906977E-1
3.365231E0	5.025874E0	-5.086503E-1
3.398550E0	5.086177E0	-5.457146E-1
3.431870E0	5.185609E0	-5.693639E-1
3.465189E0	5.277057E0	-5.519096E-1
3.498508E0	5.311813E0	-5.342000E-1
3.531827E0	5.431471E0	-5.168005E-1
3.565146E0	5.658590E0	-4.620462E-1
3.598465E0	5.957842E0	-4.548946E-1
3.631784E0	6.048122E0	-5.022111E-1
3.665103E0	6.049570E0	-5.153963E-1
3.698423E0	6.056326E0	-4.826105E-1
3.731742E0	6.025172E0	-5.029060E-1
3.765061E0	5.985997E0	-5.151576E-1
3.798380E0	5.922196E0	-5.107290E-1
3.831699E0	5.785097E0	-4.656826E-1
3.865018E0	5.746031E0	-4.271840E-1
3.898337E0	5.678873E0	-4.458134E-1
3.931656E0	5.674924E0	-4.766812E-1
3.964976E0	5.729368E0	-5.027448E-1
3.998295E0	5.878929E0	-5.194230E-1
4.031614E0	6.043753E0	-5.081121E-1
4.064933E0	6.213884E0	-5.146526E-1
4.098252E0	6.361030E0	-5.049887E-1
4.131571E0	6.447417E0	-5.110018E-1
4.164890E0	6.473758E0	-5.075843E-1
4.198209E0	6.390648E0	-5.205771E-1
4.231529E0	6.340125E0	-5.289352E-1
4.264848E0	6.320422E0	-5.341661E-1
4.298167E0	6.282174E0	-5.559193E-1
4.331486E0	6.271520E0	-5.611559E-1
4.364805E0	6.217162E0	-5.992709E-1
4.398124E0	6.229991E0	-6.307396E-1
4.431443E0	6.318261E0	-6.392750E-1
4.464762E0	6.434515E0	-6.441367E-1
4.498082E0	6.547122E0	-6.304857E-1
4.531401E0	6.663762E0	-6.167521E-1
4.564720E0	6.903947E0	-5.612607E-1
4.598039E0	7.128765E0	-5.541312E-1
4.631358E0	7.192162E0	-5.968531E-1
4.664677E0	7.258768E0	-6.196717E-1
4.697996E0	7.217911E0	-6.198454E-1
4.731315E0	7.211015E0	-6.196854E-1
4.764635E0	7.184489E0	-6.300642E-1
4.797954E0	7.119644E0	-6.283290E-1
4.831273E0	6.996026E0	-5.619606E-1
4.864592E0	6.979181E0	-5.232928E-1
4.897911E0	6.962089E0	-5.161238E-1
4.931230E0	6.988367E0	-5.737091E-1
4.964549E0	7.011755E0	-6.186314E-1
4.997868E0	7.134567E0	-6.244845E-1
5.031187E0	7.333317E0	-6.327486E-1
5.064507E0	7.524315E0	-6.275876E-1
5.097826E0	7.633479E0	-6.239968E-1
5.131145E0	7.662712E0	-6.400165E-1
5.164464E0	7.652289E0	-6.360582E-1
5.197783E0	7.628731E0	-6.248832E-1
5.231102E0	7.601085E0	-6.462804E-1
5.264421E0	7.597260E0	-6.676595E-1
5.297740E0	7.592719E0	-6.905642E-1
5.331060E0	7.588159E0	-7.351449E-1
5.364379E0	7.581651E0	-7.411960E-1
5.397698E0	7.617791E0	-7.745088E-1
5.431017E0	7.728435E0	-7.869360E-1
5.464336E0	7.867140E0	-7.824639E-1
5.497655E0	7.931563E0	-7.541064E-1
5.530974E0	8.024841E0	-7.365743E-1
5.564293E0	8.226914E0	-7.405219E-1
5.597613E0	8.471652E0	-7.675709E-1
5.630932E0	8.561214E0	-8.190249E-1
5.664251E0	8.590755E0	-8.453786E-1
5.697570E0	8.601724E0	-8.116759E-1
5.730889E0	8.607617E0	-8.021273E-1
5.764208E0	8.573386E0	-8.095819E-1
5.797527E0	8.498312E0	-7.802340E-1
5.830846E0	8.351053E0	-7.648065E-1
5.864166E0	8.297263E0	-7.885720E-1
5.897485E0	8.282098E0	-8.174314E-1
5.930804E0	8.301503E0	-8.430596E-1
5.964123E0	8.338583E0	-8.374152E-1
5.997442E0	8.430987E0	-8.630176E-1
6.030761E0	8.526887E0	-8.976869E-1
6.064080E0	8.641434E0	-8.799476E-1
6.097399E0	8.717510E0	-8.580719E-1
6.130719E0	8.775829E0	-8.445058E-1
6.164038E0	8.818195E0	-8.388103E-1
6.197357E0	8.869790E0	-8.446308E-1
6.230676E0	8.933932E0	-8.587188E-1
6.263995E0	9.016202E0	-8.765836E-1
6.297314E0	9.077629E0	-8.555071E-1
6.330633E0	9.247323E0	-9.106309E-1
6.363952E0	9.437439E0	-9.590468E-1
6.397272E0	9.553142E0	-9.255671E-1
6.430591E0	9.716188E0	-9.466745E-1
6.463910E0	9.872556E0	-9.405629E-1
6.497229E0	9.954392E0	-8.797448E-1
6.530548E0	1.009031E1	-8.871384E-1
6.563867E0	1.028737E1	-9.015976E-1
6.597186E0	1.043688E1	-9.090508E-1
6.630505E0	1.038247E1	-9.156096E-1
6.663824E0	1.024659E1	-9.014187E-1
6.697144E0	1.027396E1	-8.607541E-1
6.730463E0	1.029417E1	-9.016274E-1
6.763782E0	1.021272E1	-8.740804E-1
6.797101E0	1.013795E1	-8.737525E-1
6.830420E0	9.812036E0	-7.907537E-1
6.863739E0	9.750712E0	-8.244720E-1
6.897058E0	9.540055E0	-8.099532E-1
6.930377E0	9.526430E0	-8.166908E-1
6.963697E0	9.601171E0	-8.238161E-1
6.997016E0	9.764068E0	-8.789101E-1
7.030335E0	9.954243E0	-9.137314E-1
7.063654E0	1.010390E1	-8.871980E-1
7.096973E0	1.016538E1	-8.194932E-1
7.130292E0	1.014504E1	-8.058092E-1
7.163611E0	1.021982E1	-8.061371E-1
7.196930E0	1.025374E1	-8.198808E-1
7.230250E0	1.034864E1	-8.814740E-1
7.263569E0	1.046419E1	-8.819808E-1
7.296888E0	1.051866E1	-8.618274E-1
7.330207E0	1.077001E1	-8.969170E-1
7.363526E0	1.082421E1	-9.379394E-1
7.396845E0	1.090575E1	-9.450944E-1
7.430164E0	1.098049E1	-9.522197E-1
7.463483E0	1.115033E1	-9.733569E-1
7.496803E0	1.125229E1	-9.738041E-1
7.530122E0	1.132026E1	-9.741022E-1
7.563441E0	1.145621E1	-9.746985E-1
7.596760E0	1.186408E1	-9.696899E-1
7.630079E0	1.180326E1	-8.878539E-1
7.663398E0	1.179655E1	-8.674322E-1
7.696717E0	1.182365E1	-8.879433E-1
7.730036E0	1.178266E1	-9.353456E-1
7.763356E0	1.161944E1	-9.550221E-1
7.796675E0	1.143600E1	-9.338252E-1
7.829994E0	1.110350E1	-8.032155E-1
7.863313E0	1.083885E1	-7.000931E-1
7.896632E0	1.062068E1	-8.486799E-1
7.929951E0	1.054555E1	-9.299197E-1
7.963270E0	1.068156E1	-9.169214E-1
7.996589E0	1.081738E1	-9.447069E-1
8.029909E0	1.091260E1	-9.315296E-1
8.063228E0	1.102822E1	-9.184418E-1
8.096547E0	1.119135E1	-9.191573E-1
8.129866E0	1.124573E1	-9.193958E-1
8.163185E0	1.118459E1	-9.123302E-1
8.196504E0	1.120498E1	-9.124196E-1
8.229823E0	1.111661E1	-9.120321E-1
8.263142E0	1.119815E1	-9.191871E-1
8.296461E0	1.119809E1	-9.327817E-1
8.329781E0	1.129984E1	-9.808101E-1
8.363100E0	1.132715E1	-9.537401E-1
8.396419E0	1.130676E1	-9.536507E-1
8.429738E0	1.131356E1	-9.536805E-1
8.463057E0	1.140863E1	-9.744898E-1
8.496376E0	1.144944E1	-9.678714E-1
8.529695E0	1.162617E1	-9.686465E-1
8.563014E0	1.171466E1	-9.418448E-1
8.596334E0	1.223823E1	-9.033565E-1
8.629653E0	1.222443E1	-9.508781E-1
8.662972E0	1.219724E1	-9.507588E-1
8.696291E0	1.220424E1	-9.032075E-1
8.729610E0	1.208872E1	-8.959034E-1
8.762929E0	1.213627E1	-9.029094E-1
8.796248E0	1.193921E1	-8.884502E-1
8.829567E0	1.177628E1	-8.401535E-1
8.862887E0	1.162000E1	-8.258732E-1
8.896206E0	1.150466E1	-7.777852E-1
8.929525E0	1.160614E1	-8.869893E-1
8.962844E0	1.161973E1	-8.870490E-1
8.996163E0	1.176230E1	-9.284589E-1
9.029482E0	1.181653E1	-9.626839E-1
9.062801E0	1.193217E1	-9.427988E-1
9.096120E0	1.204784E1	-9.161164E-1
9.129440E0	1.212261E1	-9.164444E-1
9.162759E0	1.208848E1	-9.502818E-1
9.196078E0	1.210890E1	-9.435740E-1
9.229397E0	1.210908E1	-9.027901E-1
9.262716E0	1.205461E1	-9.229435E-1
9.296035E0	1.198652E1	-9.498346E-1
9.329354E0	1.191178E1	-9.427094E-1
9.362673E0	1.189815E1	-9.494471E-1
9.395993E0	1.195897E1	-1.031283E0
9.429312E0	1.202042E1	-9.703756E-1
9.462631E0	1.203422E1	-9.228541E-1
9.495950E0	1.206129E1	-9.501626E-1
9.529269E0	1.221074E1	-9.712104E-1
9.562588E0	1.260499E1	-9.729395E-1
9.595907E0	1.274102E1	-9.531439E-1
9.629226E0	1.282256E1	-9.602989E-1
9.662546E0	1.282927E1	-9.807207E-1
9.695865E0	1.276812E1	-9.736550E-1
9.729184E0	1.271386E1	-9.462273E-1
9.762503E0	1.273419E1	-9.599114E-1
9.795822E0	1.265954E1	-9.323942E-1
9.829141E0	1.259864E1	-8.709501E-1
9.862460E0	1.251048E1	-8.229813E-1
9.895779E0	1.255114E1	-8.503495E-1
9.929098E0	1.259849E1	-9.049366E-1
9.962418E0	1.257789E1	-9.524284E-1
9.995737E0	1.260507E1	-9.525476E-1
1.002906E1	1.276830E1	-9.328712E-1
1.006237E1	1.291790E1	-9.199324E-1
1.009569E1	1.301315E1	-8.999579E-1
1.012901E1	1.304031E1	-9.068745E-1
1.016233E1	1.297237E1	-8.997790E-1
1.019565E1	1.297240E1	-8.929817E-1
1.022897E1	1.297920E1	-8.930115E-1
1.026229E1	1.302678E1	-8.932202E-1
1.029561E1	1.306076E1	-8.933693E-1
1.032893E1	1.308115E1	-8.934587E-1
1.036225E1	1.308777E1	-9.342724E-1
1.039557E1	1.316934E1	-9.346301E-1
1.042889E1	1.334598E1	-9.557972E-1
1.046220E1	1.346821E1	-9.835231E-1
1.049552E1	1.353631E1	-9.566320E-1
1.052884E1	1.361132E1	-9.025814E-1
1.056216E1	1.393094E1	-8.699961E-1
1.059548E1	1.419591E1	-8.983480E-1
1.062880E1	1.422278E1	-9.732377E-1
1.066212E1	1.423655E1	-9.325134E-1
1.069544E1	1.417543E1	-9.186505E-1
1.072876E1	1.412767E1	-9.592257E-1
1.076208E1	1.410054E1	-9.455118E-1
1.079540E1	1.391043E1	-8.970959E-1
1.082871E1	1.367273E1	-8.484713E-1
1.086203E1	1.344866E1	-7.931089E-1
1.089535E1	1.339401E1	-8.540462E-1
1.092867E1	1.341428E1	-8.813249E-1
1.096199E1	1.349588E1	-8.748854E-1
1.099531E1	1.357715E1	-9.432162E-1
1.102863E1	1.360416E1	-9.841193E-1
1.106195E1	1.377427E1	-9.440808E-1
1.109527E1	1.387653E1	-8.765549E-1
1.112859E1	1.387659E1	-8.629603E-1
1.116191E1	1.386964E1	-8.969170E-1
1.119523E1	1.391710E1	-9.243149E-1
1.122854E1	1.394711E1	-9.190000E-1
1.126186E1	1.400718E1	-9.402124E-1
1.129518E1	1.405327E1	-9.336061E-1
1.132850E1	1.409273E1	-9.592552E-1
1.136182E1	1.416229E1	-9.600212E-1
1.139514E1	1.425445E1	-9.806441E-1
1.142846E1	1.435730E1	-9.804972E-1
1.146178E1	1.443627E1	-9.668521E-1
1.149510E1	1.446914E1	-9.672299E-1
1.152842E1	1.460392E1	-9.397401E-1
1.156174E1	1.489295E1	-8.870512E-1
1.159505E1	1.514665E1	-9.074660E-1
1.162837E1	1.522032E1	-9.908301E-1
1.166169E1	1.523436E1	-9.959749E-1
1.169501E1	1.521707E1	-9.623224E-1
1.172833E1	1.521707E1	-9.842281E-1
1.176165E1	1.515616E1	-9.866405E-1
1.179497E1	1.500497E1	-9.417426E-1
1.182829E1	1.480177E1	-8.829077E-1
1.186161E1	1.463825E1	-8.719207E-1
1.189493E1	1.456173E1	-8.781192E-1
1.192825E1	1.461089E1	-9.262533E-1
1.196156E1	1.463462E1	-9.340355E-1
1.199488E1	1.470967E1	-9.413013E-1
1.202820E1	1.484923E1	-9.441228E-1
1.206152E1	1.498858E1	-9.224221E-1
1.209484E1	1.508125E1	-9.321795E-1
1.212816E1	1.513421E1	-9.231342E-1
1.216148E1	1.518684E1	-9.297464E-1
1.219480E1	1.521599E1	-9.257429E-1
1.222812E1	1.523752E1	-9.346329E-1
1.226144E1	1.528068E1	-9.489553E-1
1.229476E1	1.534279E1	-9.473535E-1
1.232808E1	1.539462E1	-9.669742E-1
1.236139E1	1.549533E1	-9.809067E-1
1.239471E1	1.564823E1	-9.853015E-1
1.242803E1	1.582651E1	-9.959020E-1
1.246135E1	1.597295E1	-9.737218E-1
1.249467E1	1.604076E1	-9.336106E-1
1.252799E1	1.618837E1	-9.497788E-1
1.256131E1	1.641206E1	-9.546755E-1
1.259463E1	1.653394E1	-9.816488E-1
1.262795E1	1.658056E1	-1.039013E0
1.266127E1	1.656289E1	-1.019946E0
1.269459E1	1.654582E1	-1.014073E0
1.272790E1	1.654211E1	-1.018083E0
1.276122E1	1.642477E1	-1.023497E0
1.279454E1	1.618983E1	-9.841249E-1
1.282786E1	1.584087E1	-9.433721E-1
1.286118E1	1.550099E1	-9.044287E-1
1.289450E1	1.532005E1	-9.486977E-1
1.292782E1	1.533926E1	-9.814873E-1
1.296114E1	1.535226E1	-9.934159E-1
1.299446E1	1.542631E1	-1.014652E0
1.302778E1	1.556365E1	-1.045371E0
1.306110E1	1.569838E1	-9.888455E-1
1.309442E1	1.575811E1	-1.003304E0
1.312773E1	1.577190E1	-9.891789E-1
1.316105E1	1.578286E1	-9.933583E-1
1.319437E1	1.581111E1	-9.771408E-1
1.322769E1	1.583657E1	-9.850896E-1
1.326101E1	1.587456E1	-9.991808E-1
1.329433E1	1.594184E1	-9.963101E-1
1.332765E1	1.601405E1	-1.002952E0
1.336097E1	1.608394E1	-1.018241E0
1.339429E1	1.616174E1	-1.029201E0
1.342761E1	1.625312E1	-1.040164E0
1.346093E1	1.636233E1	-1.046151E0
1.349424E1	1.647418E1	-1.037234E0
1.352756E1	1.662066E1	-9.984922E-1
1.356088E1	1.690464E1	-9.622167E-1
1.359420E1	1.710485E1	-9.701542E-1
1.362752E1	1.716276E1	-1.030656E0
1.366084E1	1.722074E1	-1.046366E0
1.369416E1	1.718673E1	-1.034240E0
1.372748E1	1.718504E1	-1.031409E0
1.376080E1	1.713311E1	-1.040740E0
1.379412E1	1.699087E1	-1.009592E0
1.382744E1	1.681078E1	-9.632729E-1
1.386075E1	1.667374E1	-9.338297E-1
1.389407E1	1.663022E1	-9.441858E-1
1.392739E1	1.661072E1	-9.696053E-1
1.396071E1	1.662084E1	-9.884463E-1
1.399403E1	1.668732E1	-1.034867E0
1.402735E1	1.679754E1	-1.028997E0
1.406067E1	1.690976E1	-1.003554E0
1.409399E1	1.698527E1	-9.961182E-1
1.412731E1	1.702445E1	-1.001094E0
1.416063E1	1.704177E1	-1.005580E0
1.419395E1	1.707193E1	-9.826633E-1
1.422727E1	1.711627E1	-9.929531E-1
1.426058E1	1.717852E1	-1.002796E0
1.429390E1	1.727305E1	-9.969399E-1
1.432722E1	1.734956E1	-1.007912E0
1.436054E1	1.739884E1	-1.017102E0
1.439386E1	1.742993E1	-1.010782E0
1.442718E1	1.748273E1	-1.026919E0
1.446050E1	1.758943E1	-1.043881E0
1.449382E1	1.766634E1	-1.022268E0
1.452714E1	1.778029E1	-1.002269E0
1.456046E1	1.803171E1	-9.716354E-1
1.459378E1	1.828918E1	-9.612406E-1
1.462709E1	1.837438E1	-1.007179E0
1.466041E1	1.841366E1	-1.036115E0
1.469373E1	1.839828E1	-1.014540E0
1.472705E1	1.838692E1	-1.005295E0
1.476037E1	1.833386E1	-1.019184E0
1.479369E1	1.817681E1	-9.907127E-1
1.482701E1	1.798245E1	-9.438822E-1
1.486033E1	1.783950E1	-9.014692E-1
1.489365E1	1.776022E1	-8.711988E-1
1.492697E1	1.776499E1	-9.326486E-1
1.496029E1	1.778378E1	-9.822743E-1
1.499361E1	1.786371E1	-9.918864E-1
1.502692E1	1.798526E1	-1.003937E0
1.506024E1	1.810266E1	-9.874886E-1
1.509356E1	1.818365E1	-9.912150E-1
1.512688E1	1.822332E1	-9.942285E-1
1.516020E1	1.824924E1	-9.884386E-1
1.519352E1	1.829328E1	-9.954466E-1
1.522684E1	1.831494E1	-9.918569E-1
1.526016E1	1.835418E1	-9.983715E-1
1.529348E1	1.838068E1	-1.007203E0
1.532680E1	1.833321E1	-1.034890E0
1.536012E1	1.830126E1	-1.048331E0
1.539343E1	1.830422E1	-1.045966E0
1.542675E1	1.830791E1	-1.056542E0
1.546007E1	1.832068E1	-1.097469E0
1.549339E1	1.843267E1	-1.080138E0
1.552671E1	1.867188E1	-1.054504E0
1.556003E1	1.884670E1	-1.037084E0
1.559335E1	1.893963E1	-1.063845E0
1.562667E1	1.907046E1	-1.053456E0
1.565999E1	1.920707E1	-1.063327E0
1.569331E1	1.917068E1	-1.049562E0
1.572663E1	1.915134E1	-1.042705E0
1.575994E1	1.913755E1	-1.049197E0
1.579326E1	1.905741E1	-1.007157E0
1.582658E1	1.893936E1	-9.610637E-1
1.585990E1	1.881266E1	-9.552423E-1
1.589322E1	1.878766E1	-9.788922E-1
1.592654E1	1.875087E1	-1.031774E0
1.595986E1	1.876814E1	-1.068551E0
1.599318E1	1.883972E1	-1.044761E0
1.602650E1	1.889379E1	-1.045959E0
1.605982E1	1.894192E1	-1.026314E0
1.609314E1	1.897595E1	-9.941815E-1
1.612646E1	1.902246E1	-1.004402E0
1.615977E1	1.907468E1	-1.000334E0
1.619309E1	1.913211E1	-9.904262E-1
1.622641E1	1.920125E1	-9.987411E-1
1.625973E1	1.929306E1	-1.009283E0
1.629305E1	1.938260E1	-1.012539E0
1.632637E1	1.946617E1	-1.021818E0
1.635969E1	1.952041E1	-1.038348E0
1.639301E1	1.960200E1	-1.047991E0
1.642633E1	1.971208E1	-1.059533E0
1.645965E1	1.983176E1	-1.051820E0
1.649297E1	1.989284E1	-1.039226E0
1.652628E1	2.000245E1	-1.010478E0
1.655960E1	2.024051E1	-9.715824E-1
1.659292E1	2.056247E1	-1.007354E0
1.662624E1	2.063548E1	-1.072836E0
1.665956E1	2.065152E1	-1.074537E0
1.669288E1	2.065426E1	-1.027942E0
1.672620E1	2.063198E1	-1.049359E0
1.675952E1	2.057606E1	-1.055643E0
1.679284E1	2.040316E1	-1.008786E0
1.682616E1	2.023441E1	-9.260249E-1
1.685948E1	2.017581E1	-8.651740E-1
1.689280E1	2.015581E1	-8.952193E-1
1.692611E1	2.014348E1	-9.558080E-1
1.695943E1	2.018895E1	-9.752234E-1
1.699275E1	2.029551E1	-9.445182E-1
1.702607E1	2.040283E1	-9.520276E-1
1.705939E1	2.044182E1	-9.370241E-1
1.709271E1	2.044208E1	-9.175029E-1
1.712603E1	2.046641E1	-9.115367E-1
1.715935E1	2.050412E1	-9.248886E-1
1.719267E1	2.055938E1	-9.162520E-1
1.722599E1	2.059309E1	-9.304914E-1
1.725931E1	2.066100E1	-9.596294E-1
1.729262E1	2.073374E1	-9.985234E-1
1.732594E1	2.080971E1	-1.031905E0
1.735926E1	2.082849E1	-1.032733E0
1.739258E1	2.086392E1	-1.026594E0
1.742590E1	2.094007E1	-1.042657E0
1.745922E1	2.105723E1	-1.058714E0
1.749254E1	2.116677E1	-1.053326E0
1.752586E1	2.129233E1	-1.019559E0
1.755918E1	2.152070E1	-9.742367E-1
1.759250E1	2.178118E1	-9.572272E-1
1.762582E1	2.190874E1	-1.018967E0
1.765913E1	2.192746E1	-1.074088E0
1.769245E1	2.191493E1	-1.028232E0
1.772577E1	2.190870E1	-1.011571E0
1.775909E1	2.185889E1	-1.027709E0
1.779241E1	2.169312E1	-1.001980E0
1.782573E1	2.149369E1	-9.373618E-1
1.785905E1	2.135943E1	-8.936383E-1
1.789237E1	2.136213E1	-1.017026E0
1.792569E1	2.135651E1	-1.022646E0
1.795901E1	2.138706E1	-1.022424E0
1.799233E1	2.145819E1	-1.020396E0
1.802565E1	2.148046E1	-1.054741E0
1.805896E1	2.152302E1	-1.008547E0
1.809228E1	2.158377E1	-1.003701E0
1.812560E1	2.166311E1	-1.008774E0
1.815892E1	2.174010E1	-9.989001E-1
1.819224E1	2.181651E1	-1.008839E0
1.822556E1	2.187752E1	-1.016682E0
1.825888E1	2.193455E1	-1.029327E0
1.829220E1	2.201169E1	-1.025176E0
1.832552E1	2.200753E1	-1.041548E0
1.835884E1	2.199766E1	-1.060023E0
1.839216E1	2.203097E1	-1.064855E0
1.842547E1	2.212757E1	-1.073826E0
1.845879E1	2.226008E1	-1.079457E0
1.849211E1	2.233794E1	-1.046649E0
1.852543E1	2.246403E1	-1.047775E0
1.855875E1	2.276571E1	-1.011058E0
1.859207E1	2.303996E1	-1.012812E0
1.862539E1	2.310706E1	-1.086618E0
1.865871E1	2.311707E1	-1.087771E0
1.869203E1	2.310862E1	-1.040743E0
1.872535E1	2.310598E1	-1.045252E0
1.875867E1	2.304967E1	-1.049907E0
1.879199E1	2.288134E1	-1.007864E0
1.882530E1	2.269361E1	-9.533666E-1
1.885862E1	2.255966E1	-9.480809E-1
1.889194E1	2.256317E1	-9.964620E-1
1.892526E1	2.256171E1	-1.060100E0
1.895858E1	2.258052E1	-1.033585E0
1.899190E1	2.265090E1	-1.030028E0
1.902522E1	2.270070E1	-1.055167E0
1.905854E1	2.278058E1	-1.046084E0
1.909186E1	2.293070E1	-1.017911E0
1.912518E1	2.305437E1	-1.020915E0
1.915850E1	2.312741E1	-1.007106E0
1.919181E1	2.317216E1	-1.010456E0
1.922513E1	2.320722E1	-1.015365E0
1.925845E1	2.323196E1	-1.032671E0
1.929177E1	2.326082E1	-1.026236E0
1.932509E1	2.326534E1	-1.047365E0
1.935841E1	2.325746E1	-1.061840E0
1.939173E1	2.326368E1	-1.045674E0
1.942505E1	2.322451E1	-1.086315E0
1.945837E1	2.322430E1	-1.091095E0
1.949169E1	2.334791E1	-1.074152E0
1.952501E1	2.359294E1	-1.034870E0
1.955832E1	2.379163E1	-1.017868E0
1.959164E1	2.392538E1	-1.036956E0
1.962496E1	2.403706E1	-1.041329E0
1.965828E1	2.411112E1	-1.034286E0
1.969160E1	2.410192E1	-1.029643E0
1.972492E1	2.407973E1	-1.026359E0
1.975824E1	2.405231E1	-1.016898E0
1.979156E1	2.392347E1	-9.928582E-1
1.982488E1	2.374174E1	-9.243856E-1
1.985820E1	2.352472E1	-9.191170E-1
1.989152E1	2.344159E1	-9.785888E-1
1.992484E1	2.340452E1	-1.029872E0
1.995815E1	2.342741E1	-1.024296E0
1.999147E1	2.353083E1	-1.026789E0
2.002479E1	2.359431E1	-1.060745E0
2.005811E1	2.368509E1	-1.008486E0
2.009143E1	2.376247E1	-1.000937E0
2.012475E1	2.381367E1	-1.012689E0
2.015807E1	2.382576E1	-1.011742E0
2.019139E1	2.383383E1	-1.004421E0
2.022471E1	2.385383E1	-1.012190E0
2.025803E1	2.391002E1	-1.036909E0
2.029135E1	2.396208E1	-1.026844E0
2.032466E1	2.400008E1	-1.038330E0
2.035798E1	2.406387E1	-1.029117E0
2.039130E1	2.418201E1	-1.031741E0
2.042462E1	2.431912E1	-1.043936E0
2.045794E1	2.445124E1	-1.026613E0
2.049126E1	2.450227E1	-1.020897E0
2.052458E1	2.462284E1	-1.026966E0
2.055790E1	2.492142E1	-1.019420E0
2.059122E1	2.521296E1	-9.964472E-1
2.062454E1	2.525562E1	-1.046663E0
2.065786E1	2.527766E1	-1.038835E0
2.069118E1	2.527449E1	-1.008747E0
2.072449E1	2.527394E1	-1.030313E0
2.075781E1	2.523514E1	-1.039729E0
2.079113E1	2.506814E1	-1.039429E0
2.082445E1	2.482424E1	-9.704993E-1
2.085777E1	2.463831E1	-8.831182E-1
2.089109E1	2.460212E1	-9.407225E-1
2.092441E1	2.459581E1	-1.042572E0
2.095773E1	2.460842E1	-9.749475E-1
2.099105E1	2.472103E1	-1.003539E0
2.102437E1	2.490432E1	-1.046306E0
2.105769E1	2.505356E1	-1.016420E0
2.109100E1	2.516862E1	-9.942503E-1
2.112432E1	2.523052E1	-9.640518E-1
2.115764E1	2.527850E1	-9.746623E-1
2.119096E1	2.530080E1	-9.826309E-1
2.122428E1	2.529359E1	-9.898635E-1
2.125760E1	2.530139E1	-9.990895E-1
2.129092E1	2.527756E1	-1.016202E0
2.132424E1	2.527486E1	-1.027264E0
2.135756E1	2.527806E1	-1.036798E0
2.139088E1	2.530050E1	-1.049679E0
2.142420E1	2.531614E1	-1.037318E0
2.145751E1	2.533078E1	-1.067904E0
2.149083E1	2.544973E1	-1.066833E0
2.152415E1	2.570745E1	-1.034380E0
2.155747E1	2.598296E1	-9.966224E-1
2.159079E1	2.608625E1	-1.036820E0
2.162411E1	2.613055E1	-1.046165E0
2.165743E1	2.615089E1	-1.005432E0
2.169075E1	2.614092E1	-1.003978E0
2.172407E1	2.612349E1	-1.034330E0
2.175739E1	2.605857E1	-1.051246E0
2.179071E1	2.593063E1	-9.887390E-1
2.182403E1	2.575485E1	-9.361982E-1
2.185734E1	2.555629E1	-9.340337E-1
2.189066E1	2.553253E1	-9.643909E-1
2.192398E1	2.554452E1	-1.024844E0
2.195730E1	2.556254E1	-1.014344E0
2.199062E1	2.567531E1	-1.042131E0
2.202394E1	2.581685E1	-1.084459E0
2.205726E1	2.594870E1	-1.066652E0
2.209058E1	2.604473E1	-1.026085E0
2.212390E1	2.609936E1	-1.001486E0
2.215722E1	2.611150E1	-9.920419E-1
2.219054E1	2.614470E1	-9.716538E-1
2.222385E1	2.616334E1	-9.932253E-1
2.225717E1	2.615578E1	-1.014529E0
2.229049E1	2.610952E1	-1.050271E0
2.232381E1	2.609594E1	-1.054048E0
2.235713E1	2.612087E1	-1.048349E0
2.239045E1	2.610919E1	-1.073468E0
2.242377E1	2.610562E1	-1.087270E0
2.245709E1	2.609564E1	-1.054721E0
2.249041E1	2.616370E1	-1.037671E0
2.252373E1	2.640512E1	-1.036995E0
2.255705E1	2.661860E1	-1.027375E0
2.259037E1	2.673581E1	-1.049880E0
2.262368E1	2.685708E1	-1.055956E0
2.265700E1	2.691937E1	-1.054248E0
2.269032E1	2.693269E1	-1.053610E0
2.272364E1	2.694882E1	-1.058583E0
2.275696E1	2.690479E1	-1.051712E0
2.279028E1	2.678710E1	-9.994794E-1
2.282360E1	2.661497E1	-9.211808E-1
2.285692E1	2.640434E1	-9.137354E-1
2.289024E1	2.635894E1	-9.497042E-1
2.292356E1	2.637929E1	-1.015252E0
2.295688E1	2.640331E1	-9.839370E-1
2.299019E1	2.646468E1	-1.018431E0
2.302351E1	2.659991E1	-1.092187E0
2.305683E1	2.676246E1	-1.037603E0
2.309015E1	2.690379E1	-1.008367E0
2.312347E1	2.696652E1	-9.746547E-1
2.315679E1	2.698472E1	-9.789824E-1
2.319011E1	2.701195E1	-9.705319E-1
2.322343E1	2.702295E1	-9.849538E-1
2.325675E1	2.702805E1	-1.006947E0
2.329007E1	2.701805E1	-9.991989E-1
2.332339E1	2.697510E1	-1.017978E0
2.335670E1	2.701004E1	-1.029219E0
2.339002E1	2.708092E1	-1.040712E0
2.342334E1	2.715394E1	-1.034364E0
2.345666E1	2.728305E1	-1.000078E0
2.348998E1	2.738703E1	-9.999651E-1
2.352330E1	2.748513E1	-9.936116E-1
2.355662E1	2.765437E1	-9.795800E-1
2.358994E1	2.790791E1	-9.780291E-1
2.362326E1	2.811059E1	-1.057347E0
2.365658E1	2.813776E1	-1.183739E0
2.368990E1	2.814350E1	-1.189358E0
2.372322E1	2.815613E1	-1.167492E0
2.375653E1	2.810144E1	-1.190570E0
2.378985E1	2.796734E1	-1.190185E0
2.382317E1	2.777519E1	-1.102441E0
2.385649E1	2.756115E1	-9.972385E-1
2.388981E1	2.748124E1	-1.037291E0
2.392313E1	2.745612E1	-1.054477E0
2.395645E1	2.746477E1	-1.039474E0
2.398977E1	2.756678E1	-1.127280E0
2.402309E1	2.772153E1	-1.183135E0
2.405641E1	2.788956E1	-1.116502E0
2.408973E1	2.799274E1	-1.047211E0
2.412304E1	2.804013E1	-1.018343E0
2.415636E1	2.809549E1	-1.019577E0
2.418968E1	2.816649E1	-1.011990E0
2.422300E1	2.819934E1	-1.028425E0
2.425632E1	2.822426E1	-1.060358E0
2.428964E1	2.822519E1	-1.041003E0
2.432296E1	2.823498E1	-1.050562E0
2.435628E1	2.825460E1	-1.086161E0
2.438960E1	2.831551E1	-1.089231E0
2.442292E1	2.840266E1	-1.064397E0
2.445624E1	2.851123E1	-1.063558E0
2.448956E1	2.858581E1	-1.039956E0
2.452287E1	2.871984E1	-1.040862E0
2.455619E1	2.898441E1	-1.040970E0
2.458951E1	2.925008E1	-1.036809E0
2.462283E1	2.932660E1	-1.175190E0
2.465615E1	2.933870E1	-1.197063E0
2.468947E1	2.935013E1	-1.159160E0
2.472279E1	2.934984E1	-1.163754E0
2.475611E1	2.929777E1	-1.185540E0
2.478943E1	2.914585E1	-1.167404E0
2.482275E1	2.893169E1	-1.096100E0
2.485607E1	2.868601E1	-9.938762E-1
2.488938E1	2.854693E1	-1.040760E0
2.492270E1	2.850830E1	-1.082072E0
2.495602E1	2.853694E1	-1.098327E0
2.498934E1	2.864148E1	-1.134518E0
2.502266E1	2.877197E1	-1.162703E0
2.505598E1	2.893175E1	-1.136887E0
2.508930E1	2.909904E1	-1.124875E0
2.512262E1	2.919354E1	-1.095402E0
2.515594E1	2.923996E1	-1.075545E0
2.518926E1	2.929061E1	-1.036898E0
2.522258E1	2.930905E1	-1.063782E0
2.525589E1	2.929694E1	-1.097180E0
2.528921E1	2.928008E1	-1.089073E0
2.532253E1	2.930500E1	-1.091016E0
2.535585E1	2.936383E1	-1.096380E0
2.538917E1	2.946630E1	-1.099233E0
2.542249E1	2.960154E1	-1.114552E0
2.545581E1	2.973852E1	-1.108489E0
2.548913E1	2.978861E1	-1.088866E0
2.552245E1	2.992584E1	-1.099676E0
2.555577E1	3.021509E1	-1.085223E0
2.558909E1	3.048376E1	-1.098933E0
2.562241E1	3.058553E1	-1.004624E0
2.565572E1	3.049920E1	-1.004246E0
2.568904E1	3.055770E1	-1.186599E0
2.572236E1	3.055732E1	-1.183775E0
2.575568E1	3.049759E1	-1.193754E0
2.578900E1	3.032261E1	-1.171605E0
2.582232E1	3.005178E1	-1.101462E0
2.585564E1	2.975699E1	-9.959421E-1
2.588896E1	2.956302E1	-1.037734E0
2.592228E1	2.952952E1	-1.114460E0
2.595560E1	2.956971E1	-1.097223E0
2.598892E1	2.968081E1	-1.142834E0
2.602223E1	2.980579E1	-1.199492E0
2.605555E1	2.994582E1	-1.160626E0
2.608887E1	3.007604E1	-1.136094E0
2.612219E1	3.020077E1	-1.121309E0
2.615551E1	3.027106E1	-1.092983E0
2.618883E1	3.032616E1	-1.055347E0
2.622215E1	3.032118E1	-1.084726E0
2.625547E1	3.031685E1	-1.112066E0
2.628879E1	3.029719E1	-1.149998E0
2.632211E1	3.029547E1	-1.164503E0
2.635543E1	3.030187E1	-1.181098E0
2.638875E1	3.029741E1	-1.221211E0
2.642206E1	3.033253E1	-1.223529E0
2.645538E1	3.035035E1	-1.222798E0
2.648870E1	3.041994E1	-1.180136E0
2.652202E1	3.060873E1	-1.148548E0
2.655534E1	3.089918E1	-1.151129E0
2.658866E1	3.107971E1	-1.169337E0
2.662198E1	3.116588E1	-1.217991E0
2.665530E1	3.120826E1	-1.194693E0
2.668862E1	3.122098E1	-1.178234E0
2.672194E1	3.119562E1	-1.193474E0
2.675526E1	3.116225E1	-1.205332E0
2.678857E1	3.103392E1	-1.173930E0
2.682189E1	3.077656E1	-1.147620E0
2.685521E1	3.049062E1	-1.019152E0
2.688853E1	3.036612E1	-1.068018E0
2.692185E1	3.033051E1	-1.097684E0
2.695517E1	3.035020E1	-1.118000E0
2.698849E1	3.045887E1	-1.172599E0
2.702181E1	3.062063E1	-1.170708E0
2.705513E1	3.078435E1	-1.125312E0
2.708845E1	3.092188E1	-1.080573E0
2.712177E1	3.104278E1	-1.058500E0
2.715508E1	3.109327E1	-1.040403E0
2.718840E1	3.109810E1	-1.046272E0
2.722172E1	3.109258E1	-1.065336E0
2.725504E1	3.109208E1	-1.074002E0
2.728836E1	3.105491E1	-1.108191E0
2.732168E1	3.105452E1	-1.124604E0
2.735500E1	3.107268E1	-1.119446E0
2.738832E1	3.108274E1	-1.145648E0
2.742164E1	3.111023E1	-1.197032E0
2.745496E1	3.114866E1	-1.210291E0
2.748828E1	3.123502E1	-1.177772E0
2.752160E1	3.142812E1	-1.144872E0
2.755491E1	3.164303E1	-1.147634E0
2.758823E1	3.177729E1	-1.186103E0
2.762155E1	3.190680E1	-1.166941E0
2.765487E1	3.201049E1	-1.161968E0
2.768819E1	3.198200E1	-1.189158E0
2.772151E1	3.197462E1	-1.172569E0
2.775483E1	3.195205E1	-1.156791E0
2.778815E1	3.185231E1	-1.164517E0
2.782147E1	3.164129E1	-1.118544E0
2.785479E1	3.135812E1	-1.018408E0
2.788811E1	3.117731E1	-1.021725E0
2.792142E1	3.111849E1	-1.073119E0
2.795474E1	3.113745E1	-1.065193E0
2.798806E1	3.123837E1	-1.095411E0
2.802138E1	3.140873E1	-1.124821E0
2.805470E1	3.157532E1	-1.067084E0
2.808802E1	3.170339E1	-1.044847E0
2.812134E1	3.181648E1	-1.016378E0
2.815466E1	3.188169E1	-1.003053E0
2.818798E1	3.190999E1	-9.889215E-1
2.822130E1	3.192015E1	-1.012295E0
2.825462E1	3.192241E1	-1.054346E0
2.828793E1	3.191107E1	-1.064459E0
2.832125E1	3.192463E1	-1.065709E0
2.835457E1	3.196510E1	-1.076389E0
2.838789E1	3.203780E1	-1.110553E0
2.842121E1	3.216570E1	-1.100338E0
2.845453E1	3.234976E1	-1.085251E0
2.848785E1	3.249694E1	-1.046643E0
2.852117E1	3.262685E1	-1.046190E0
2.855449E1	3.282759E1	-1.065235E0
2.858781E1	3.298866E1	-1.076271E0
2.862113E1	3.306270E1	-1.108513E0
2.865445E1	3.309825E1	-1.104280E0
2.868776E1	3.311829E1	-1.107033E0
2.872108E1	3.311259E1	-1.116015E0
2.875440E1	3.306469E1	-1.113207E0
2.878772E1	3.289049E1	-1.106987E0
2.882104E1	3.262311E1	-1.066839E0
2.885436E1	3.228726E1	-9.694608E-1
2.888768E1	3.202585E1	-9.598012E-1
2.892100E1	3.198462E1	-1.004289E0
2.895432E1	3.199376E1	-1.044367E0
2.898764E1	3.207645E1	-1.093292E0
2.902096E1	3.222663E1	-1.100393E0
2.905427E1	3.242803E1	-1.086495E0
2.908759E1	3.258889E1	-1.059781E0
2.912091E1	3.273472E1	-1.021346E0
2.915423E1	3.281176E1	-1.008350E0
2.918755E1	3.281762E1	-9.913720E-1
2.922087E1	3.282742E1	-1.012164E0
2.925419E1	3.283312E1	-1.021309E0
2.928751E1	3.281408E1	-1.043122E0
2.932083E1	3.283268E1	-1.079041E0
2.935415E1	3.284102E1	-1.078300E0
2.938747E1	3.283810E1	-1.103376E0
2.942079E1	3.285040E1	-1.149107E0
2.945410E1	3.286720E1	-1.162012E0
2.948742E1	3.297288E1	-1.136587E0
2.952074E1	3.321949E1	-1.081523E0
2.955406E1	3.345636E1	-1.085599E0
2.958738E1	3.357639E1	-1.098686E0
2.962070E1	3.369722E1	-1.142912E0
2.965402E1	3.373685E1	-1.135572E0
2.968734E1	3.372932E1	-1.119112E0
2.972066E1	3.372564E1	-1.126413E0
2.975398E1	3.368379E1	-1.112722E0
2.978730E1	3.355618E1	-1.082536E0
2.982061E1	3.330995E1	-1.043296E0
2.985393E1	3.304106E1	-9.755121E-1
2.988725E1	3.287616E1	-9.993736E-1
2.992057E1	3.284217E1	-1.096522E0
2.995389E1	3.282972E1	-1.100286E0
2.998721E1	3.286607E1	-1.083120E0
3.002053E1	3.288972E1	-1.073274E0
3.005385E1	3.300503E1	-1.083509E0
3.008717E1	3.315746E1	-1.059516E0
3.012049E1	3.334349E1	-1.021512E0
3.015381E1	3.349542E1	-9.687451E-1
3.018712E1	3.357954E1	-9.479182E-1
3.022044E1	3.361117E1	-9.496734E-1
3.025376E1	3.360915E1	-9.643040E-1
3.028708E1	3.361550E1	-1.025283E0
3.032040E1	3.363932E1	-1.001863E0
3.035372E1	3.371348E1	-9.770286E-1
3.038704E1	3.380130E1	-1.013087E0
3.042036E1	3.393131E1	-1.071479E0
3.045368E1	3.406730E1	-1.078047E0
3.048700E1	3.414277E1	-1.031483E0
3.052032E1	3.424564E1	-1.014053E0
3.055364E1	3.448211E1	-1.010511E0
3.058695E1	3.479087E1	-1.007975E0
3.062027E1	3.489994E1	-1.100955E0
3.065359E1	3.489414E1	-1.164812E0
3.068691E1	3.490721E1	-1.131119E0
3.072023E1	3.489957E1	-1.115878E0
3.075355E1	3.486054E1	-1.127314E0
3.078687E1	3.466674E1	-1.099533E0
3.082019E1	3.438340E1	-1.054320E0
3.085351E1	3.407071E1	-9.079747E-1
3.088683E1	3.383000E1	-1.054911E0
3.092015E1	3.378201E1	-1.120928E0
3.095346E1	3.381274E1	-1.070530E0
3.098678E1	3.393034E1	-1.115101E0
3.102010E1	3.410016E1	-1.173251E0
3.105342E1	3.428893E1	-1.131887E0
3.108674E1	3.446013E1	-1.074804E0
3.112006E1	3.457877E1	-1.057749E0
3.115338E1	3.463972E1	-1.055689E0
3.118670E1	3.469775E1	-1.029021E0
3.122002E1	3.469703E1	-1.010075E0
3.125334E1	3.467844E1	-1.065080E0
3.128666E1	3.468331E1	-1.070439E0
3.131998E1	3.473438E1	-1.065674E0
3.135329E1	3.479999E1	-1.110309E0
3.138661E1	3.484215E1	-1.150633E0
3.141993E1	3.489272E1	-1.134771E0
3.145325E1	3.498482E1	-1.116917E0
3.148657E1	3.509930E1	-1.070305E0
3.151989E1	3.523555E1	-1.060780E0
3.155321E1	3.550806E1	-1.036571E0
3.158653E1	3.577241E1	-1.034508E0
3.161985E1	3.585406E1	-1.131937E0
3.165317E1	3.587530E1	-1.172117E0
3.168649E1	3.589601E1	-1.148159E0
3.171980E1	3.588313E1	-1.131522E0
3.175312E1	3.588875E1	-1.134999E0
3.178644E1	3.587067E1	-1.127227E0
3.181976E1	3.570909E1	-1.139600E0
3.185308E1	3.542545E1	-1.072974E0
3.188640E1	3.510721E1	-9.305673E-1
3.191972E1	3.486627E1	-9.342046E-1
3.195304E1	3.480970E1	-1.108622E0
3.198636E1	3.486670E1	-1.138750E0
3.201968E1	3.494104E1	-1.103908E0
3.205300E1	3.508594E1	-1.141589E0
3.208631E1	3.525446E1	-1.096262E0
3.211963E1	3.540517E1	-1.003074E0
3.215295E1	3.552473E1	-9.156906E-1
3.218627E1	3.555866E1	-8.358609E-1
3.221959E1	3.556698E1	-8.731161E-1
3.225291E1	3.555898E1	-9.161851E-1
3.228623E1	3.554531E1	-9.053850E-1
3.231955E1	3.554962E1	-9.534042E-1
3.235287E1	3.557156E1	-9.764329E-1
3.238619E1	3.561231E1	-9.661415E-1
3.241951E1	3.572262E1	-9.228869E-1
3.245283E1	3.581720E1	-9.462465E-1
3.248614E1	3.593703E1	-9.683744E-1
3.251946E1	3.610443E1	-9.297175E-1
3.255278E1	3.632382E1	-9.260685E-1
3.258610E1	3.648009E1	-9.534302E-1
3.261942E1	3.658086E1	-9.977140E-1
3.265274E1	3.664483E1	-9.910800E-1
3.268606E1	3.663418E1	-9.578334E-1
3.271938E1	3.663696E1	-9.693951E-1
3.275270E1	3.664071E1	-9.760720E-1
3.278602E1	3.656611E1	-9.587978E-1
3.281934E1	3.639461E1	-9.177818E-1
3.285265E1	3.611723E1	-8.662252E-1
3.288597E1	3.581234E1	-8.541657E-1
3.291929E1	3.564035E1	-1.042398E0
3.295261E1	3.565855E1	-9.756951E-1
3.298593E1	3.574898E1	-9.775493E-1
3.301925E1	3.590851E1	-1.070197E0
3.305257E1	3.611245E1	-1.027203E0
3.308589E1	3.631745E1	-9.298121E-1
3.311921E1	3.648375E1	-9.279646E-1
3.315253E1	3.657344E1	-9.531335E-1
3.318585E1	3.663920E1	-9.011879E-1
3.321917E1	3.666751E1	-8.763833E-1
3.325248E1	3.665066E1	-9.142239E-1
3.328580E1	3.665864E1	-9.850082E-1
3.331912E1	3.668903E1	-9.196945E-1
3.335244E1	3.674811E1	-8.767771E-1
3.338576E1	3.683050E1	-9.431455E-1
3.341908E1	3.697060E1	-9.388459E-1
3.345240E1	3.712816E1	-8.756846E-1
3.348572E1	3.720946E1	-8.231147E-1
3.351904E1	3.734426E1	-8.188225E-1
3.355236E1	3.763970E1	-8.375637E-1
3.358568E1	3.790437E1	-8.330338E-1
3.361899E1	3.789260E1	-8.943647E-1
3.365231E1	3.787968E1	-8.973339E-1
3.368563E1	3.789929E1	-8.095400E-1
3.371895E1	3.788741E1	-8.400611E-1
3.375227E1	3.786007E1	-8.887611E-1
3.378559E1	3.771379E1	-8.714701E-1
3.381891E1	3.741835E1	-9.188090E-1
3.385223E1	3.711903E1	-8.647415E-1
3.388555E1	3.684385E1	-9.462435E-1
3.391887E1	3.679450E1	-1.018719E0
3.395219E1	3.683971E1	-9.555661E-1
3.398550E1	3.695275E1	-1.013842E0
3.401882E1	3.709519E1	-1.082128E0
3.405214E1	3.724967E1	-1.029905E0
3.408546E1	3.739831E1	-9.850951E-1
3.411878E1	3.753002E1	-9.782281E-1
3.415210E1	3.763829E1	-9.570109E-1
3.418542E1	3.771757E1	-8.948167E-1
3.421874E1	3.774589E1	-9.080640E-1
3.425206E1	3.774832E1	-9.810783E-1
3.428538E1	3.773520E1	-1.011511E0
3.431870E1	3.774000E1	-9.646923E-1
3.435202E1	3.776280E1	-9.597685E-1
3.438533E1	3.781239E1	-1.026881E0
3.441865E1	3.788907E1	-1.005300E0
3.445197E1	3.800840E1	-9.723922E-1
3.448529E1	3.811556E1	-9.722904E-1
3.451861E1	3.826114E1	-9.728722E-1
3.455193E1	3.850928E1	-9.378932E-1
3.458525E1	3.877225E1	-8.929202E-1
3.461857E1	3.888245E1	-9.439338E-1
3.465189E1	3.893373E1	-1.002461E0
3.468521E1	3.893225E1	-9.869809E-1
3.471853E1	3.891952E1	-9.737772E-1
3.475184E1	3.890194E1	-9.904878E-1
3.478516E1	3.872370E1	-9.751314E-1
3.481848E1	3.844053E1	-9.210226E-1
3.485180E1	3.811112E1	-8.032309E-1
3.488512E1	3.784565E1	-8.971683E-1
3.491844E1	3.783703E1	-1.165933E0
3.495176E1	3.775461E1	-1.077219E0
3.498508E1	3.788160E1	-9.827016E-1
3.501840E1	3.796421E1	-1.054176E0
3.505172E1	3.804398E1	-1.077277E0
3.508504E1	3.818938E1	-1.022312E0
3.511836E1	3.838970E1	-9.468372E-1
3.515167E1	3.850504E1	-9.620404E-1
3.518499E1	3.859825E1	-9.341408E-1
3.521831E1	3.861215E1	-9.142826E-1
3.525163E1	3.861314E1	-9.717673E-1
3.528495E1	3.861804E1	-1.025538E0
3.531827E1	3.864412E1	-9.631136E-1
3.535159E1	3.870755E1	-9.666992E-1
3.538491E1	3.876558E1	-1.012963E0
3.541823E1	3.883019E1	-1.050718E0
3.545155E1	3.887246E1	-1.010068E0
3.548487E1	3.896947E1	-9.844330E-1
3.551818E1	3.914081E1	-9.964704E-1
3.555150E1	3.942094E1	-9.872689E-1
3.558482E1	3.969153E1	-9.862249E-1
3.561814E1	3.979247E1	-9.860001E-1
3.565146E1	3.978220E1	-1.016237E0
3.568478E1	3.980243E1	-1.008690E0
3.571810E1	3.979998E1	-9.971968E-1
3.575142E1	3.975083E1	-9.940194E-1
3.578474E1	3.953241E1	-1.022385E0
3.581806E1	3.918495E1	-1.008575E0
3.585138E1	3.882474E1	-9.203134E-1
3.588469E1	3.856245E1	-9.848986E-1
3.591801E1	3.848289E1	-1.067783E0
3.595133E1	3.850741E1	-1.050643E0
3.598465E1	3.859770E1	-1.038860E0
3.601797E1	3.870469E1	-1.083874E0
3.605129E1	3.885105E1	-1.078542E0
3.608461E1	3.903231E1	-1.073466E0
3.611793E1	3.920291E1	-1.075322E0
3.615125E1	3.935073E1	-1.039069E0
3.618457E1	3.942638E1	-1.003075E0
3.621789E1	3.943319E1	-9.480239E-1
3.625121E1	3.941788E1	-9.774297E-1
3.628452E1	3.942456E1	-1.044605E0
3.631784E1	3.943068E1	-1.041009E0
3.635116E1	3.944803E1	-1.027177E0
3.638448E1	3.947972E1	-1.040722E0
3.641780E1	3.951067E1	-1.042473E0
3.645112E1	3.953597E1	-1.050116E0
3.648444E1	3.959108E1	-1.024325E0
3.651776E1	3.984836E1	-9.990331E-1
3.655108E1	4.014196E1	-9.963565E-1
3.658440E1	4.031145E1	-1.058709E0
3.661772E1	4.034689E1	-1.106616E0
3.665103E1	4.038662E1	-1.085994E0
3.668435E1	4.042723E1	-1.040468E0
3.671767E1	4.039984E1	-1.085034E0
3.675099E1	4.037814E1	-1.093933E0
3.678431E1	4.018796E1	-1.062901E0
3.681763E1	3.979563E1	-1.082628E0
3.685095E1	3.936842E1	-9.800716E-1
3.688427E1	3.899532E1	-1.024921E0
3.691759E1	3.891811E1	-1.128365E0
3.695091E1	3.892923E1	-1.090943E0
3.698423E1	3.899632E1	-1.129398E0
3.701755E1	3.915807E1	-1.214331E0
3.705086E1	3.936666E1	-1.142558E0
3.708418E1	3.958875E1	-1.094219E0
3.711750E1	3.975392E1	-1.144080E0
3.715082E1	3.987197E1	-1.132513E0
3.718414E1	3.997526E1	-1.033959E0
3.721746E1	4.000609E1	-9.859060E-1
3.725078E1	3.998646E1	-9.499017E-1
3.728410E1	3.994798E1	-1.020078E0
3.731742E1	3.996477E1	-9.800806E-1
3.735074E1	4.000464E1	-9.735435E-1
3.738406E1	4.004334E1	-1.008046E0
3.741737E1	4.007537E1	-1.023907E0
3.745069E1	4.013543E1	-1.055231E0
3.748401E1	4.018952E1	-1.081322E0
3.751733E1	4.038425E1	-1.071604E0
3.755065E1	4.068062E1	-1.061640E0
3.758397E1	4.081919E1	-1.072885E0
3.761729E1	4.089109E1	-1.129034E0
3.765061E1	4.095125E1	-1.084887E0
3.768393E1	4.095028E1	-1.034680E0
3.771725E1	4.093558E1	-1.087595E0
3.775057E1	4.091898E1	-1.094751E0
3.778388E1	4.075770E1	-1.126380E0
3.781720E1	4.046341E1	-1.222594E0
3.785052E1	4.014074E1	-1.106536E0
3.788384E1	3.988911E1	-1.090136E0
3.791716E1	3.984536E1	-1.162497E0
3.795048E1	3.986860E1	-1.155392E0
3.798380E1	3.997014E1	-1.161681E0
3.801712E1	4.013550E1	-1.214702E0
3.805044E1	4.034096E1	-1.205827E0
3.808376E1	4.053679E1	-1.149480E0
3.811708E1	4.068929E1	-1.150771E0
3.815040E1	4.076430E1	-1.130472E0
3.818371E1	4.082746E1	-1.062514E0
3.821703E1	4.082956E1	-1.026822E0
3.825035E1	4.082807E1	-1.051852E0
3.828367E1	4.083144E1	-1.102657E0
3.831699E1	4.084503E1	-1.081108E0
3.835031E1	4.090843E1	-1.064770E0
3.838363E1	4.099804E1	-1.062849E0
3.841695E1	4.111587E1	-1.052869E0
3.845027E1	4.125882E1	-1.021653E0
3.848359E1	4.139114E1	-1.009401E0
3.851691E1	4.153997E1	-1.001431E0
3.855022E1	4.181683E1	-1.005161E0
3.858354E1	4.203327E1	-1.036982E0
3.861686E1	4.206788E1	-1.089499E0
3.865018E1	4.208150E1	-1.062820E0
3.868350E1	4.207394E1	-9.739729E-1
3.871682E1	4.209334E1	-1.018362E0
3.875014E1	4.201985E1	-1.050433E0
3.878346E1	4.181122E1	-1.083519E0
3.881678E1	4.144970E1	-1.091585E0
3.885010E1	4.103120E1	-1.033304E0
3.888342E1	4.073380E1	-1.111171E0
3.891674E1	4.064899E1	-1.200629E0
3.895005E1	4.065909E1	-1.148399E0
3.898337E1	4.073655E1	-1.180637E0
3.901669E1	4.088533E1	-1.244068E0
3.905001E1	4.105146E1	-1.203920E0
3.908333E1	4.121572E1	-1.185810E0
3.911665E1	4.139152E1	-1.205348E0
3.914997E1	4.154623E1	-1.198998E0
3.918329E1	4.166020E1	-1.160707E0
3.921661E1	4.171465E1	-1.099922E0
3.924993E1	4.171526E1	-1.099366E0
3.928325E1	4.169774E1	-1.084953E0
3.931656E1	4.172123E1	-1.058606E0
3.934988E1	4.175847E1	-1.035807E0
3.938320E1	4.181993E1	-1.092659E0
3.941652E1	4.187715E1	-1.100513E0
3.944984E1	4.194621E1	-1.093937E0
3.948316E1	4.204575E1	-1.108677E0
3.951648E1	4.222169E1	-1.112983E0
3.954980E1	4.250639E1	-1.115353E0
3.958312E1	4.277556E1	-1.162729E0
3.961644E1	4.283569E1	-1.206069E0
3.964976E1	4.284206E1	-1.211048E0
3.968307E1	4.284854E1	-1.178158E0
3.971639E1	4.285025E1	-1.186072E0
3.974971E1	4.278731E1	-1.204890E0
3.978303E1	4.256486E1	-1.207894E0
3.981635E1	4.215273E1	-1.166681E0
3.984967E1	4.167357E1	-1.065505E0
3.988299E1	4.126884E1	-1.149840E0
3.991631E1	4.115978E1	-1.289735E0
3.994963E1	4.119255E1	-1.218422E0
3.998295E1	4.128037E1	-1.228082E0
4.001627E1	4.140005E1	-1.253980E0
4.004959E1	4.155776E1	-1.249520E0
4.008290E1	4.171723E1	-1.257310E0
4.011622E1	4.187394E1	-1.258239E0
4.014954E1	4.202436E1	-1.243184E0
4.018286E1	4.213188E1	-1.245507E0
4.021618E1	4.218657E1	-1.206617E0
4.024950E1	4.221564E1	-1.181305E0
4.028282E1	4.222324E1	-1.207640E0
4.031614E1	4.223942E1	-1.251635E0
4.034946E1	4.225278E1	-1.257275E0
4.038278E1	4.229855E1	-1.255356E0
4.041610E1	4.236881E1	-1.279342E0
4.044941E1	4.242168E1	-1.311136E0
4.048273E1	4.252070E1	-1.320587E0
4.051605E1	4.269628E1	-1.317854E0
4.054937E1	4.294442E1	-1.309450E0
4.058269E1	4.313427E1	-1.326631E0
4.061601E1	4.321303E1	-1.339635E0
4.064933E1	4.322253E1	-1.332640E0
4.068265E1	4.321820E1	-1.260677E0
4.071597E1	4.323018E1	-1.259258E0
4.074929E1	4.319063E1	-1.318389E0
4.078261E1	4.299998E1	-1.314202E0
4.081593E1	4.260267E1	-1.357869E0
4.084924E1	4.213882E1	-1.225372E0
4.088256E1	4.173463E1	-1.252393E0
4.091588E1	4.163395E1	-1.348007E0
4.094920E1	4.163385E1	-1.362749E0
4.098252E1	4.178946E1	-1.274507E0
4.101584E1	4.200498E1	-1.369703E0
4.104916E1	4.222267E1	-1.411271E0
4.108248E1	4.241682E1	-1.369270E0
4.111580E1	4.257241E1	-1.342481E0
4.114912E1	4.268097E1	-1.364224E0
4.118244E1	4.274759E1	-1.370525E0
4.121575E1	4.277552E1	-1.311648E0
4.124907E1	4.278236E1	-1.264539E0
4.128239E1	4.279731E1	-1.350625E0
4.131571E1	4.288825E1	-1.371949E0
4.134903E1	4.302319E1	-1.337206E0
4.138235E1	4.317517E1	-1.342988E0
4.141567E1	4.332647E1	-1.366897E0
4.144899E1	4.346123E1	-1.330769E0
4.148231E1	4.350299E1	-1.271459E0
4.151563E1	4.360849E1	-1.287101E0
4.154895E1	4.384196E1	-1.320943E0
4.158226E1	4.415238E1	-1.322012E0
4.161558E1	4.429579E1	-1.412404E0
4.164890E1	4.434485E1	-1.466797E0
4.168222E1	4.436095E1	-1.442099E0
4.171554E1	4.435281E1	-1.441643E0
4.174886E1	4.431546E1	-1.484605E0
4.178218E1	4.409394E1	-1.432081E0
4.181550E1	4.370440E1	-1.385135E0
4.184882E1	4.322447E1	-1.310942E0
4.188214E1	4.276740E1	-1.359296E0
4.191546E1	4.263754E1	-1.419486E0
4.194878E1	4.261490E1	-1.433901E0
4.198209E1	4.269957E1	-1.417387E0
4.201541E1	4.290416E1	-1.490287E0
4.204873E1	4.316352E1	-1.484666E0
4.208205E1	4.340538E1	-1.452613E0
4.211537E1	4.355427E1	-1.426576E0
4.214869E1	4.365452E1	-1.433311E0
4.218201E1	4.374442E1	-1.423143E0
4.221533E1	4.382576E1	-1.376480E0
4.224865E1	4.385532E1	-1.310912E0
4.228197E1	4.384004E1	-1.366165E0
4.231529E1	4.384844E1	-1.402968E0
4.234860E1	4.392359E1	-1.406670E0
4.238192E1	4.405006E1	-1.402094E0
4.241524E1	4.421041E1	-1.340903E0
4.244856E1	4.431971E1	-1.230909E0
4.248188E1	4.438562E1	-1.193167E0
4.251520E1	4.452457E1	-1.221722E0
4.254852E1	4.479008E1	-1.253422E0
4.258184E1	4.501519E1	-1.313280E0
4.261516E1	4.509853E1	-1.436382E0
4.264848E1	4.509110E1	-1.437306E0
4.268180E1	4.509151E1	-1.412340E0
4.271512E1	4.508684E1	-1.444155E0
4.274843E1	4.506092E1	-1.432799E0
4.278175E1	4.493430E1	-1.396898E0
4.281507E1	4.462420E1	-1.350321E0
4.284839E1	4.424528E1	-1.306954E0
4.288171E1	4.391144E1	-1.306454E0
4.291503E1	4.379472E1	-1.461440E0
4.294835E1	4.381704E1	-1.459264E0
4.298167E1	4.390199E1	-1.418878E0
4.301499E1	4.407623E1	-1.476245E0
4.304831E1	4.431928E1	-1.521565E0
4.308163E1	4.454341E1	-1.492359E0
4.311494E1	4.469483E1	-1.467810E0
4.314826E1	4.477591E1	-1.477525E0
4.318158E1	4.481479E1	-1.456605E0
4.321490E1	4.480235E1	-1.404073E0
4.324822E1	4.480105E1	-1.394434E0
4.328154E1	4.481082E1	-1.370672E0
4.331486E1	4.483215E1	-1.317511E0
4.334818E1	4.485736E1	-1.340486E0
4.338150E1	4.490622E1	-1.335117E0
4.341482E1	4.492444E1	-1.256113E0
4.344814E1	4.495709E1	-1.268979E0
4.348145E1	4.504041E1	-1.342497E0
4.351477E1	4.525245E1	-1.357956E0
4.354809E1	4.556425E1	-1.351404E0
4.358141E1	4.578990E1	-1.403171E0
4.361473E1	4.581029E1	-1.423657E0
4.364805E1	4.581261E1	-1.418373E0
4.368137E1	4.580985E1	-1.424555E0
4.371469E1	4.582996E1	-1.448180E0
4.374801E1	4.576802E1	-1.435533E0
4.378133E1	4.557007E1	-1.434165E0
4.381465E1	4.522335E1	-1.396928E0
4.384797E1	4.481849E1	-1.296254E0
4.388128E1	4.452029E1	-1.355120E0
4.391460E1	4.447566E1	-1.448347E0
4.394792E1	4.448953E1	-1.440355E0
4.398124E1	4.461607E1	-1.416793E0
4.401456E1	4.481547E1	-1.502963E0
4.404788E1	4.502880E1	-1.541415E0
4.408120E1	4.523546E1	-1.491122E0
4.411452E1	4.539332E1	-1.465586E0
4.414784E1	4.547443E1	-1.482245E0
4.418116E1	4.550899E1	-1.465872E0
4.421448E1	4.550199E1	-1.407691E0
4.424779E1	4.548492E1	-1.376272E0
4.428111E1	4.551303E1	-1.386272E0
4.431443E1	4.556327E1	-1.394442E0
4.434775E1	4.563228E1	-1.412457E0
4.438107E1	4.568434E1	-1.350692E0
4.441439E1	4.569230E1	-1.267012E0
4.444771E1	4.571000E1	-1.309264E0
4.448103E1	4.578135E1	-1.380544E0
4.451435E1	4.597249E1	-1.373400E0
4.454767E1	4.626965E1	-1.394759E0
4.458099E1	4.653195E1	-1.456517E0
4.461430E1	4.660904E1	-1.473961E0
4.464762E1	4.661642E1	-1.461752E0
4.468094E1	4.661158E1	-1.465364E0
4.471426E1	4.660854E1	-1.458584E0
4.474758E1	4.656947E1	-1.454902E0
4.478090E1	4.636094E1	-1.468124E0
4.481422E1	4.594795E1	-1.445268E0
4.484754E1	4.547859E1	-1.324898E0
4.488086E1	4.506695E1	-1.289499E0
4.491418E1	4.495692E1	-1.429594E0
4.494750E1	4.495734E1	-1.472659E0
4.498082E1	4.504996E1	-1.473638E0
4.501413E1	4.515778E1	-1.476311E0
4.504745E1	4.528693E1	-1.492708E0
4.508077E1	4.544307E1	-1.480858E0
4.511409E1	4.563083E1	-1.476625E0
4.514741E1	4.579889E1	-1.487508E0
4.518073E1	4.590368E1	-1.484074E0
4.521405E1	4.596998E1	-1.453634E0
4.524737E1	4.596652E1	-1.391406E0
4.528069E1	4.594996E1	-1.391431E0
4.531401E1	4.597775E1	-1.433439E0
4.534733E1	4.600052E1	-1.397457E0
4.538064E1	4.600665E1	-1.370991E0
4.541396E1	4.607351E1	-1.408283E0
4.544728E1	4.614425E1	-1.442680E0
4.548060E1	4.621500E1	-1.498674E0
4.551392E1	4.637194E1	-1.490420E0
4.554724E1	4.669316E1	-1.483402E0
4.558056E1	4.697129E1	-1.501291E0
4.561388E1	4.702005E1	-1.537418E0
4.564720E1	4.703164E1	-1.546970E0
4.568052E1	4.704086E1	-1.509288E0
4.571384E1	4.703334E1	-1.512622E0
4.574716E1	4.699928E1	-1.518484E0
4.578047E1	4.681820E1	-1.505892E0
4.581379E1	4.647187E1	-1.485397E0
4.584711E1	4.605883E1	-1.400014E0
4.588043E1	4.569340E1	-1.421448E0
4.591375E1	4.562218E1	-1.491192E0
4.594707E1	4.563007E1	-1.490181E0
4.598039E1	4.570764E1	-1.498585E0
4.601371E1	4.583228E1	-1.529870E0
4.604703E1	4.604315E1	-1.504737E0
4.608035E1	4.626279E1	-1.492442E0
4.611367E1	4.644015E1	-1.498103E0
4.614698E1	4.657632E1	-1.499920E0
4.618030E1	4.665083E1	-1.484860E0
4.621362E1	4.666417E1	-1.453248E0
4.624694E1	4.664403E1	-1.378263E0
4.628026E1	4.665158E1	-1.396310E0
4.631358E1	4.666958E1	-1.417410E0
4.634690E1	4.672462E1	-1.404683E0
4.638022E1	4.681181E1	-1.403140E0
4.641354E1	4.686720E1	-1.343461E0
4.644686E1	4.691999E1	-1.280077E0
4.648018E1	4.698098E1	-1.334765E0
4.651349E1	4.718083E1	-1.379301E0
4.654681E1	4.748845E1	-1.401048E0
4.658013E1	4.773128E1	-1.456385E0
4.661345E1	4.775828E1	-1.465409E0
4.664677E1	4.776774E1	-1.446690E0
4.668009E1	4.777355E1	-1.448520E0
4.671341E1	4.778344E1	-1.460506E0
4.674673E1	4.774373E1	-1.447984E0
4.678005E1	4.757819E1	-1.450996E0
4.681337E1	4.722849E1	-1.444334E0
4.684669E1	4.683339E1	-1.376100E0
4.688001E1	4.649957E1	-1.407214E0
4.691332E1	4.641051E1	-1.460732E0
4.694664E1	4.641763E1	-1.431312E0
4.697996E1	4.653150E1	-1.482236E0
4.701328E1	4.669367E1	-1.533780E0
4.704660E1	4.690535E1	-1.518758E0
4.707992E1	4.709632E1	-1.490854E0
4.711324E1	4.725482E1	-1.500948E0
4.714656E1	4.739894E1	-1.506545E0
4.717988E1	4.750632E1	-1.497120E0
4.721320E1	4.756541E1	-1.448042E0
4.724652E1	4.756913E1	-1.393210E0
4.727983E1	4.757194E1	-1.392154E0
4.731315E1	4.758830E1	-1.359766E0
4.734647E1	4.760736E1	-1.348446E0
4.737979E1	4.764345E1	-1.419337E0
4.741311E1	4.770799E1	-1.437277E0
4.744643E1	4.779476E1	-1.428644E0
4.747975E1	4.789480E1	-1.451879E0
4.751307E1	4.807353E1	-1.472944E0
4.754639E1	4.832874E1	-1.460871E0
4.757971E1	4.851894E1	-1.508936E0
4.761303E1	4.858302E1	-1.564255E0
4.764635E1	4.860432E1	-1.564026E0
4.767966E1	4.855602E1	-1.501370E0
4.771298E1	4.856131E1	-1.517782E0
4.774630E1	4.851138E1	-1.547739E0
4.777962E1	4.828459E1	-1.502062E0
4.781294E1	4.787834E1	-1.467975E0
4.784626E1	4.739119E1	-1.344130E0
4.787958E1	4.693547E1	-1.346605E0
4.791290E1	4.681507E1	-1.433567E0
4.794622E1	4.683101E1	-1.438251E0
4.797954E1	4.694112E1	-1.440568E0
4.801286E1	4.705245E1	-1.515851E0
4.804617E1	4.720469E1	-1.505142E0
4.807949E1	4.741857E1	-1.468292E0
4.811281E1	4.758655E1	-1.483545E0
4.814613E1	4.775529E1	-1.499984E0
4.817945E1	4.788434E1	-1.485420E0
4.821277E1	4.800339E1	-1.456875E0
4.824609E1	4.807519E1	-1.417832E0
4.827941E1	4.807017E1	-1.406884E0
4.831273E1	4.810436E1	-1.415374E0
4.834605E1	4.817734E1	-1.407204E0
4.837937E1	4.829732E1	-1.442787E0
4.841268E1	4.848182E1	-1.467036E0
4.844600E1	4.864905E1	-1.463613E0
4.847932E1	4.873416E1	-1.462964E0
4.851264E1	4.883305E1	-1.462089E0
4.854596E1	4.908144E1	-1.463147E0
4.857928E1	4.938866E1	-1.497490E0
4.861260E1	4.953905E1	-1.523851E0
4.864592E1	4.955074E1	-1.524123E0
4.867924E1	4.954451E1	-1.526224E0
4.871256E1	4.953689E1	-1.521192E0
4.874588E1	4.950552E1	-1.518466E0
4.877920E1	4.928730E1	-1.500060E0
4.881251E1	4.886251E1	-1.437871E0
4.884583E1	4.833560E1	-1.345854E0
4.887915E1	4.789528E1	-1.386612E0
4.891247E1	4.781862E1	-1.478949E0
4.894579E1	4.781422E1	-1.437186E0
4.897911E1	4.786672E1	-1.447230E0
4.901243E1	4.795067E1	-1.477623E0
4.904575E1	4.808671E1	-1.471255E0
4.907907E1	4.830644E1	-1.467513E0
4.911239E1	4.852056E1	-1.475560E0
4.914571E1	4.865627E1	-1.457234E0
4.917902E1	4.873477E1	-1.446989E0
4.921234E1	4.878967E1	-1.416470E0
4.924566E1	4.882318E1	-1.361214E0
4.927898E1	4.883274E1	-1.375196E0
4.931230E1	4.885753E1	-1.359709E0
4.934562E1	4.894704E1	-1.363828E0
4.937894E1	4.909180E1	-1.375305E0
4.941226E1	4.928061E1	-1.352394E0
4.944558E1	4.942095E1	-1.273615E0
4.947890E1	4.948097E1	-1.252390E0
4.951222E1	4.949570E1	-1.287083E0
4.954554E1	4.955020E1	-1.288416E0
4.957885E1	4.980716E1	-1.302096E0
4.961217E1	5.018475E1	-1.358634E0
4.964549E1	5.038441E1	-1.418451E0
4.967881E1	5.035523E1	-1.432262E0
4.971213E1	5.032196E1	-1.414345E0
4.974545E1	5.029373E1	-1.413422E0
4.977877E1	5.011127E1	-1.371213E0
4.981209E1	4.970756E1	-1.340016E0
4.984541E1	4.921577E1	-1.259018E0
4.987873E1	4.874697E1	-1.254262E0
4.991205E1	4.854147E1	-1.346517E0
4.994536E1	4.854415E1	-1.401823E0
4.997868E1	4.856970E1	-1.395107E0
5.001200E1	4.858423E1	-1.392378E0
5.004532E1	4.874133E1	-1.437428E0
5.007864E1	4.904142E1	-1.410090E0
5.011196E1	4.937777E1	-1.399731E0
5.014528E1	4.964181E1	-1.447765E0
5.017860E1	4.978491E1	-1.498453E0
5.021192E1	4.986691E1	-1.484176E0
5.024524E1	4.989847E1	-1.409743E0
5.027856E1	4.989234E1	-1.360490E0
5.031187E1	4.987610E1	-1.359561E0
5.034519E1	4.991571E1	-1.383080E0
5.037851E1	4.999475E1	-1.397299E0
5.041183E1	5.009222E1	-1.412145E0
5.044515E1	5.024709E1	-1.431257E0
5.047847E1	5.037775E1	-1.454909E0
5.051179E1	5.051355E1	-1.471685E0
5.054511E1	5.070236E1	-1.468955E0
5.057843E1	5.097579E1	-1.475236E0
5.061175E1	5.115890E1	-1.522881E0
5.064507E1	5.117726E1	-1.545220E0
5.067839E1	5.116984E1	-1.526701E0
5.071170E1	5.116717E1	-1.523685E0
5.074502E1	5.113044E1	-1.518716E0
5.077834E1	5.093686E1	-1.468355E0
5.081166E1	5.052319E1	-1.419396E0
5.084498E1	5.003087E1	-1.325275E0
5.087830E1	4.964176E1	-1.317317E0
5.091162E1	4.953935E1	-1.404284E0
5.094494E1	4.952874E1	-1.406823E0
5.097826E1	4.962455E1	-1.394188E0
5.101158E1	4.978289E1	-1.420521E0
5.104490E1	4.998790E1	-1.433528E0
5.107821E1	5.020055E1	-1.419228E0
5.111153E1	5.039187E1	-1.405375E0
5.114485E1	5.055109E1	-1.414434E0
5.117817E1	5.065942E1	-1.413450E0
5.121149E1	5.073921E1	-1.373231E0
5.124481E1	5.074225E1	-1.331668E0
5.127813E1	5.073485E1	-1.369218E0
5.131145E1	5.073904E1	-1.344280E0
5.134477E1	5.076040E1	-1.299407E0
5.137809E1	5.083546E1	-1.345086E0
5.141141E1	5.090395E1	-1.320112E0
5.144473E1	5.091927E1	-1.310791E0
5.147804E1	5.098110E1	-1.322347E0
5.151136E1	5.116647E1	-1.335550E0
5.154468E1	5.146497E1	-1.350170E0
5.157800E1	5.174841E1	-1.404195E0
5.161132E1	5.183170E1	-1.461932E0
5.164464E1	5.181691E1	-1.455500E0
5.167796E1	5.182441E1	-1.425431E0
5.171128E1	5.182374E1	-1.424850E0
5.174460E1	5.178121E1	-1.419820E0
5.177792E1	5.156801E1	-1.430063E0
5.181124E1	5.110336E1	-1.395563E0
5.184455E1	5.060709E1	-1.269240E0
5.187787E1	5.012465E1	-1.218801E0
5.191119E1	4.997226E1	-1.252507E0
5.194451E1	4.996344E1	-1.246239E0
5.197783E1	5.007749E1	-1.261110E0
5.201115E1	5.028904E1	-1.272570E0
5.204447E1	5.050216E1	-1.184469E0
5.207779E1	5.070812E1	-1.042792E0
5.211111E1	5.080023E1	-1.338309E0
5.214443E1	5.108873E1	-1.329960E0
5.217775E1	5.114770E1	-1.325478E0
5.221106E1	5.127799E1	-1.300761E0
5.224438E1	5.137265E1	-1.305631E0
5.227770E1	5.141416E1	-1.302096E0
5.231102E1	5.140512E1	-1.313788E0
5.234434E1	5.142814E1	-1.320308E0
5.237766E1	5.152206E1	-1.311161E0
5.241098E1	5.164375E1	-1.248935E0
5.244430E1	5.170841E1	-1.204768E0
5.247762E1	5.176106E1	-1.224025E0
5.251094E1	5.192116E1	-1.239639E0
5.254426E1	5.221486E1	-1.257335E0
5.257758E1	5.246223E1	-1.301452E0
5.261089E1	5.253932E1	-1.353605E0
5.264421E1	5.252463E1	-1.356579E0
5.267753E1	5.252936E1	-1.327358E0
5.271085E1	5.252127E1	-1.339277E0
5.274417E1	5.247883E1	-1.347567E0
5.277749E1	5.228449E1	-1.356659E0
5.281081E1	5.190476E1	-1.313746E0
5.284413E1	5.143565E1	-1.262526E0
5.287745E1	5.106258E1	-1.264509E0
5.291077E1	5.100157E1	-1.268252E0
5.294409E1	5.099626E1	-1.304111E0
5.297740E1	5.109285E1	-1.317782E0
5.301072E1	5.129187E1	-1.359198E0
5.304404E1	5.155922E1	-1.373303E0
5.307736E1	5.176797E1	-1.374585E0
5.311068E1	5.191442E1	-1.368965E0
5.314400E1	5.200909E1	-1.374042E0
5.317732E1	5.208085E1	-1.373363E0
5.321064E1	5.207986E1	-1.342466E0
5.324396E1	5.208425E1	-1.352560E0
5.327728E1	5.212663E1	-1.323286E0
5.331060E1	5.214882E1	-1.305104E0
5.334392E1	5.216908E1	-1.324980E0
5.337723E1	5.222806E1	-1.302803E0
5.341055E1	5.234332E1	-1.325612E0
5.344387E1	5.250104E1	-1.351985E0
5.347719E1	5.265973E1	-1.379048E0
5.351051E1	5.279557E1	-1.382441E0
5.354383E1	5.300263E1	-1.412476E0
5.357715E1	5.326163E1	-1.423000E0
5.361047E1	5.333640E1	-1.419673E0
5.364379E1	5.332886E1	-1.424604E0
5.367711E1	5.330750E1	-1.385382E0
5.371043E1	5.332117E1	-1.370526E0
5.374374E1	5.328438E1	-1.379233E0
5.377706E1	5.307061E1	-1.376878E0
5.381038E1	5.264174E1	-1.332740E0
5.384370E1	5.215188E1	-1.259626E0
5.387702E1	5.173043E1	-1.260756E0
5.391034E1	5.165731E1	-1.302004E0
5.394366E1	5.169694E1	-1.348612E0
5.397698E1	5.178942E1	-1.366620E0
5.401030E1	5.194288E1	-1.387622E0
5.404362E1	5.218119E1	-1.406071E0
5.407694E1	5.242696E1	-1.427187E0
5.411025E1	5.264316E1	-1.432689E0
5.414357E1	5.280113E1	-1.452265E0
5.417689E1	5.291663E1	-1.474847E0
5.421021E1	5.301530E1	-1.428728E0
5.424353E1	5.306959E1	-1.388513E0
5.427685E1	5.302809E1	-1.409362E0
5.431017E1	5.302393E1	-1.410113E0
5.434349E1	5.307778E1	-1.411727E0
5.437681E1	5.315851E1	-1.441196E0
5.441013E1	5.323282E1	-1.445434E0
5.444345E1	5.326601E1	-1.421286E0
5.447677E1	5.329467E1	-1.430635E0
5.451008E1	5.344688E1	-1.445673E0
5.454340E1	5.375679E1	-1.438336E0
5.457672E1	5.401476E1	-1.484229E0
5.461004E1	5.408951E1	-1.506770E0
5.464336E1	5.409003E1	-1.506364E0
5.467668E1	5.404844E1	-1.470098E0
5.471000E1	5.405631E1	-1.494986E0
5.474332E1	5.402382E1	-1.475660E0
5.477664E1	5.380863E1	-1.469669E0
5.480996E1	5.336764E1	-1.452307E0
5.484328E1	5.285402E1	-1.376894E0
5.487659E1	5.251663E1	-1.373064E0
5.490991E1	5.250467E1	-1.426375E0
5.494323E1	5.250331E1	-1.455539E0
5.497655E1	5.245775E1	-1.426779E0
5.500987E1	5.241066E1	-1.426041E0
5.504319E1	5.245899E1	-1.466032E0
5.507651E1	5.260585E1	-1.519432E0
5.510983E1	5.283427E1	-1.506099E0
5.514315E1	5.303475E1	-1.494596E0
5.517647E1	5.316520E1	-1.501771E0
5.520979E1	5.328120E1	-1.480106E0
5.524311E1	5.339944E1	-1.457700E0
5.527642E1	5.350029E1	-1.477356E0
5.530974E1	5.353712E1	-1.527941E0
5.534306E1	5.359392E1	-1.522693E0
5.537638E1	5.375110E1	-1.488006E0
5.540970E1	5.377742E1	-1.457538E0
5.544302E1	5.380413E1	-1.432628E0
5.547634E1	5.387877E1	-1.455850E0
5.550966E1	5.399502E1	-1.475148E0
5.554298E1	5.425050E1	-1.479591E0
5.557630E1	5.458713E1	-1.502707E0
5.560962E1	5.473958E1	-1.561311E0
5.564293E1	5.473543E1	-1.567529E0
5.567625E1	5.475830E1	-1.537963E0
5.570957E1	5.473500E1	-1.545655E0
5.574289E1	5.471192E1	-1.559955E0
5.577621E1	5.456017E1	-1.539917E0
5.580953E1	5.414402E1	-1.482227E0
5.584285E1	5.368745E1	-1.418488E0
5.587617E1	5.326707E1	-1.412210E0
5.590949E1	5.316855E1	-1.444905E0
5.594281E1	5.315028E1	-1.464215E0
5.597613E1	5.326791E1	-1.475408E0
5.600944E1	5.347076E1	-1.503737E0
5.604276E1	5.371440E1	-1.524047E0
5.607608E1	5.393077E1	-1.540417E0
5.610940E1	5.409418E1	-1.538322E0
5.614272E1	5.416572E1	-1.555028E0
5.617604E1	5.421844E1	-1.539209E0
5.620936E1	5.420509E1	-1.502058E0
5.624268E1	5.421141E1	-1.476328E0
5.627600E1	5.426095E1	-1.476861E0
5.630932E1	5.433108E1	-1.456221E0
5.634264E1	5.436025E1	-1.438296E0
5.637596E1	5.437970E1	-1.450894E0
5.640927E1	5.444148E1	-1.470322E0
5.644259E1	5.458085E1	-1.481492E0
5.647591E1	5.469975E1	-1.479045E0
5.650923E1	5.478065E1	-1.477235E0
5.654255E1	5.494635E1	-1.491252E0
5.657587E1	5.524942E1	-1.544230E0
5.660919E1	5.548249E1	-1.604143E0
5.664251E1	5.545340E1	-1.596726E0
5.667583E1	5.546127E1	-1.585045E0
5.670915E1	5.545509E1	-1.596508E0
5.674247E1	5.544391E1	-1.585472E0
5.677578E1	5.528214E1	-1.562788E0
5.680910E1	5.493078E1	-1.516438E0
5.684242E1	5.448621E1	-1.523547E0
5.687574E1	5.416006E1	-1.566310E0
5.690906E1	5.406654E1	-1.656772E0
5.694238E1	5.409693E1	-1.638715E0
5.697570E1	5.416765E1	-1.634130E0
5.700902E1	5.426481E1	-1.657722E0
5.704234E1	5.439356E1	-1.693077E0
5.707566E1	5.451604E1	-1.697263E0
5.710898E1	5.468349E1	-1.716036E0
5.714230E1	5.484156E1	-1.711737E0
5.717561E1	5.496108E1	-1.719688E0
5.720893E1	5.502849E1	-1.698828E0
5.724225E1	5.508203E1	-1.690313E0
5.727557E1	5.513064E1	-1.725894E0
5.730889E1	5.521781E1	-1.750116E0
5.734221E1	5.536613E1	-1.757934E0
5.737553E1	5.552669E1	-1.753615E0
5.740885E1	5.567109E1	-1.738715E0
5.744217E1	5.573409E1	-1.707572E0
5.747549E1	5.575468E1	-1.704956E0
5.750881E1	5.592021E1	-1.712651E0
5.754212E1	5.618727E1	-1.730339E0
5.757544E1	5.642041E1	-1.758425E0
5.760876E1	5.655657E1	-1.789443E0
5.764208E1	5.655508E1	-1.782420E0
5.767540E1	5.654653E1	-1.786932E0
5.770872E1	5.654800E1	-1.780176E0
5.774204E1	5.651714E1	-1.777154E0
5.777536E1	5.633269E1	-1.742696E0
5.780868E1	5.600650E1	-1.680373E0
5.784200E1	5.563435E1	-1.665168E0
5.787532E1	5.529393E1	-1.694111E0
5.790863E1	5.527024E1	-1.772176E0
5.794195E1	5.530080E1	-1.726687E0
5.797527E1	5.537006E1	-1.730409E0
5.800859E1	5.550006E1	-1.776920E0
5.804191E1	5.570718E1	-1.775977E0
5.807523E1	5.590880E1	-1.786277E0
5.810855E1	5.606654E1	-1.809213E0
5.814187E1	5.619102E1	-1.827713E0
5.817519E1	5.625937E1	-1.814852E0
5.820851E1	5.626108E1	-1.795700E0
5.824183E1	5.626490E1	-1.789687E0
5.827515E1	5.629465E1	-1.809094E0
5.830846E1	5.635830E1	-1.810453E0
5.834178E1	5.645555E1	-1.835623E0
5.837510E1	5.658112E1	-1.826598E0
5.840842E1	5.664361E1	-1.809754E0
5.844174E1	5.668187E1	-1.791092E0
5.847506E1	5.672613E1	-1.798611E0
5.850838E1	5.692590E1	-1.814266E0
5.854170E1	5.720318E1	-1.841597E0
5.857502E1	5.737539E1	-1.902127E0
5.860834E1	5.743154E1	-1.931825E0
5.864166E1	5.743965E1	-1.935648E0
