	mass A		
t	x	y	
0.000000E0	2.164876E-1	-5.259064E-2
3.331913E-2	2.369364E-1	-1.076536E-1
6.663826E-2	2.681701E-1	-1.451031E-1
9.995739E-2	3.202907E-1	-1.192164E-1
1.332765E-1	4.468448E-1	-1.139698E-1
1.665956E-1	6.365809E-1	-1.100982E-1
1.999148E-1	8.503365E-1	-1.592699E-1
2.332339E-1	1.032414E0	-2.239111E-1
2.665530E-1	1.187743E0	-2.610741E-1
2.998722E-1	1.455443E0	-2.227846E-1
3.331913E-1	1.911298E0	-1.912516E-1
3.665104E-1	2.078900E0	-1.996480E-1
3.998296E-1	1.841478E0	-1.893563E-1
4.331487E-1	1.455640E0	-1.589567E-1
4.664678E-1	1.048445E0	-1.324576E-1
4.997869E-1	7.620465E-1	-8.525007E-2
5.331061E-1	7.511631E-1	-1.197156E-1
5.664252E-1	8.527030E-1	-1.698723E-1
5.997443E-1	1.038586E0	-1.780775E-1
6.330635E-1	1.223895E0	-1.375089E-1
6.663826E-1	1.410739E0	-6.150126E-2
6.997017E-1	1.635630E0	-4.708614E-2
7.330208E-1	1.841764E0	-6.166744E-2
7.663400E-1	2.019614E0	-9.939087E-2
7.996591E-1	2.280284E0	-9.493222E-2
8.329782E-1	2.724211E0	-1.302296E-1
8.662974E-1	2.880822E0	-1.633209E-1
8.996165E-1	2.629081E0	-1.633314E-1
9.329356E-1	2.243515E0	-1.244102E-1
9.662548E-1	1.914204E0	-1.019076E-1
9.995739E-1	1.713418E0	-8.173236E-2
1.032893E0	1.837615E0	-1.364262E-1
1.066212E0	1.995912E0	-1.872536E-1
1.099531E0	2.184307E0	-1.827906E-1
1.132850E0	2.355126E0	-1.420629E-1
1.166170E0	2.532661E0	-1.448507E-1
1.199489E0	2.737013E0	-1.493622E-1
1.232808E0	2.930207E0	-1.524071E-1
1.266127E0	3.091403E0	-1.761288E-1
1.299446E0	3.367235E0	-1.580087E-1
1.332765E0	3.824129E0	-1.655312E-1
1.366084E0	3.984092E0	-1.902029E-1
1.399403E0	3.749303E0	-1.944685E-1
1.432723E0	3.384385E0	-1.685765E-1
1.466042E0	2.947999E0	-9.534962E-2
1.499361E0	2.713707E0	-3.005033E-2
1.532680E0	2.825368E0	-1.293896E-1
1.565999E0	2.947940E0	-1.972161E-1
1.599318E0	3.112250E0	-2.012119E-1
1.632637E0	3.281074E0	-1.771978E-1
1.665956E0	3.477877E0	-1.382118E-1
1.699276E0	3.711987E0	-1.543321E-1
1.732595E0	3.936383E0	-2.055259E-1
1.765914E0	4.088946E0	-2.137564E-1
1.799233E0	4.321575E0	-2.115117E-1
1.832552E0	4.757702E0	-2.089266E-1
1.865871E0	4.918432E0	-2.266864E-1
1.899190E0	4.675964E0	-2.286271E-1
1.932510E0	4.288889E0	-2.134278E-1
1.965829E0	3.858597E0	-1.838951E-1
1.999148E0	3.656848E0	-1.478834E-1
2.032467E0	3.684278E0	-1.978292E-1
2.065786E0	3.764665E0	-2.767743E-1
2.099105E0	3.834911E0	-2.704142E-1
2.132424E0	4.011626E0	-2.036146E-1
2.165743E0	4.245067E0	-2.075850E-1
2.199063E0	4.533818E0	-2.667757E-1
2.232382E0	4.787191E0	-2.943922E-1
2.265701E0	4.957847E0	-2.965818E-1
2.299020E0	5.201121E0	-2.814562E-1
2.332339E0	5.662574E0	-2.418507E-1
2.365658E0	5.815866E0	-2.662699E-1
2.398977E0	5.574972E0	-2.888207E-1
2.432296E0	5.194038E0	-2.657760E-1
2.465616E0	4.792709E0	-2.244640E-1
2.498935E0	4.460090E0	-1.929961E-1
2.532254E0	4.437705E0	-2.297516E-1
2.565573E0	4.512705E0	-2.821255E-1
2.598892E0	4.617156E0	-2.759198E-1
2.632211E0	4.791492E0	-2.380628E-1
2.665530E0	4.965797E0	-2.216159E-1
2.698849E0	5.232391E0	-2.466312E-1
2.732169E0	5.467563E0	-3.110536E-1
2.765488E0	5.632879E0	-3.473729E-1
2.798807E0	5.883936E0	-2.971137E-1
2.832126E0	6.316419E0	-2.734139E-1
2.865445E0	6.504670E0	-2.982092E-1
2.898764E0	6.295075E0	-3.185243E-1
2.932083E0	5.961347E0	-2.885511E-1
2.965403E0	5.618205E0	-2.015562E-1
2.998722E0	5.462811E0	-1.412440E-1
3.032041E0	5.547164E0	-2.200225E-1
3.065360E0	5.661222E0	-2.922123E-1
3.098679E0	5.774927E0	-2.866563E-1
3.131998E0	5.945746E0	-2.761857E-1
3.165317E0	6.152676E0	-2.783390E-1
3.198636E0	6.416821E0	-3.334541E-1
3.231956E0	6.643716E0	-4.018065E-1
3.265275E0	6.817684E0	-4.263400E-1
3.298594E0	7.094125E0	-3.677830E-1
3.331913E0	7.533492E0	-3.266878E-1
3.365232E0	7.682919E0	-3.212323E-1
3.398551E0	7.459986E0	-3.244721E-1
3.431870E0	7.035715E0	-2.893404E-1
3.465189E0	6.639436E0	-2.335029E-1
3.498509E0	6.364230E0	-2.227964E-1
3.531828E0	6.388544E0	-2.944364E-1
3.565147E0	6.458889E0	-3.802026E-1
3.598466E0	6.501576E0	-3.502784E-1
3.631785E0	6.680980E0	-3.233953E-1
3.665104E0	6.910148E0	-3.027068E-1
3.698423E0	7.195921E0	-3.540123E-1
3.731743E0	7.461619E0	-3.964348E-1
3.765062E0	7.652600E0	-4.281487E-1
3.798381E0	7.872429E0	-3.841156E-1
3.831700E0	8.285831E0	-3.254324E-1
3.865019E0	8.474587E0	-3.420215E-1
3.898338E0	8.233557E0	-3.609192E-1
3.931657E0	7.871794E0	-3.594727E-1
3.964976E0	7.436511E0	-3.017696E-1
3.998296E0	7.203631E0	-2.342329E-1
4.031615E0	7.284890E0	-2.939898E-1
4.064934E0	7.353251E0	-3.687605E-1
4.098253E0	7.412473E0	-3.647369E-1
4.131572E0	7.566262E0	-3.124499E-1
4.164891E0	7.780852E0	-3.014588E-1
4.198210E0	8.088803E0	-3.456025E-1
4.231529E0	8.343277E0	-3.706467E-1
4.264849E0	8.543282E0	-3.698884E-1
4.298168E0	8.805673E0	-3.495731E-1
4.331487E0	9.207999E0	-3.251482E-1
4.364806E0	9.388436E0	-3.561277E-1
4.398125E0	9.122172E0	-3.788328E-1
4.431444E0	8.745583E0	-3.519601E-1
4.464763E0	8.268575E0	-3.104451E-1
4.498082E0	7.968227E0	-2.648997E-1
4.531402E0	7.958428E0	-3.199873E-1
4.564721E0	8.034986E0	-4.194067E-1
4.598040E0	8.130877E0	-3.854498E-1
4.631359E0	8.339684E0	-3.333031E-1
4.664678E0	8.587318E0	-3.250997E-1
4.697997E0	8.946709E0	-3.349351E-1
4.731316E0	9.249924E0	-3.338215E-1
4.764636E0	9.454339E0	-3.559007E-1
4.797955E0	9.715279E0	-3.254889E-1
4.831274E0	1.010010E1	-3.367557E-1
4.864593E0	1.028084E1	-3.782811E-1
4.897912E0	1.003835E1	-3.810133E-1
4.931231E0	9.665769E0	-3.481081E-1
4.964550E0	9.224736E0	-3.372864E-1
4.997869E0	8.906584E0	-3.410467E-1
5.031189E0	8.908825E0	-3.962937E-1
5.064508E0	9.021180E0	-4.591610E-1
5.097827E0	9.163757E0	-4.360089E-1
5.131146E0	9.355846E0	-3.748208E-1
5.164465E0	9.596398E0	-3.613547E-1
5.197784E0	9.881435E0	-3.967552E-1
5.231103E0	1.015215E1	-4.539916E-1
5.264422E0	1.032887E1	-4.727959E-1
5.297742E0	1.057635E1	-4.039039E-1
5.331061E0	1.096456E1	-3.597152E-1
5.364380E0	1.116276E1	-3.600796E-1
5.397699E0	1.094589E1	-3.888552E-1
5.431018E0	1.060280E1	-4.039296E-1
5.464337E0	1.021255E1	-3.614759E-1
5.497656E0	9.968402E0	-3.517570E-1
5.530976E0	1.003606E1	-4.507976E-1
5.564295E0	1.019610E1	-5.021265E-1
5.597614E0	1.042475E1	-4.647407E-1
5.630933E0	1.064102E1	-4.152141E-1
5.664252E0	1.083540E1	-3.912667E-1
5.697571E0	1.112413E1	-4.152928E-1
5.730890E0	1.139129E1	-4.272868E-1
5.764209E0	1.155833E1	-4.162057E-1
5.797529E0	1.182640E1	-3.891191E-1
5.830848E0	1.221272E1	-4.234990E-1
5.864167E0	1.239800E1	-4.599736E-1
5.897486E0	1.221139E1	-4.464452E-1
5.930805E0	1.188625E1	-4.009298E-1
5.964124E0	1.152440E1	-3.682383E-1
5.997443E0	1.129426E1	-3.411239E-1
6.030762E0	1.130100E1	-3.626313E-1
6.064082E0	1.134008E1	-4.407643E-1
6.097401E0	1.138299E1	-4.651421E-1
6.130720E0	1.147479E1	-4.972679E-1
6.164039E0	1.160952E1	-5.675993E-1
6.197358E0	1.177382E1	-6.379740E-1
6.230677E0	1.195767E1	-7.286864E-1
6.263996E0	1.212195E1	-7.546805E-1
6.297315E0	1.237615E1	-6.910608E-1
6.330635E0	1.271854E1	-5.947413E-1
6.363954E0	1.292402E1	-5.371870E-1
6.397273E0	1.276640E1	-5.601578E-1
6.430592E0	1.244177E1	-5.334666E-1
6.463911E0	1.215698E1	-4.810609E-1
6.497230E0	1.198430E1	-4.192278E-1
6.530549E0	1.208335E1	-4.924631E-1
6.563869E0	1.216832E1	-5.495438E-1
6.597188E0	1.223010E1	-5.398979E-1
6.630507E0	1.238431E1	-4.967006E-1
6.663826E0	1.261055E1	-4.951055E-1
6.697145E0	1.290882E1	-5.285902E-1
6.730464E0	1.317664E1	-5.426823E-1
6.763783E0	1.334177E1	-5.490997E-1
6.797102E0	1.357323E1	-5.128745E-1
6.830422E0	1.397145E1	-4.650854E-1
6.863741E0	1.417139E1	-4.629117E-1
6.897060E0	1.402628E1	-5.026943E-1
6.930379E0	1.371093E1	-4.970793E-1
6.963698E0	1.338068E1	-4.587978E-1
6.997017E0	1.307416E1	-4.207076E-1
7.030336E0	1.309440E1	-4.457499E-1
7.063655E0	1.314286E1	-5.192684E-1
7.096975E0	1.318201E1	-5.507898E-1
7.130294E0	1.327705E1	-5.769324E-1
7.163613E0	1.343851E1	-6.360721E-1
7.196932E0	1.365876E1	-7.314639E-1
7.230251E0	1.385686E1	-8.232604E-1
7.263570E0	1.401512E1	-8.457486E-1
7.296889E0	1.423084E1	-7.740190E-1
7.330208E0	1.451257E1	-6.324081E-1
7.363528E0	1.477313E1	-5.775902E-1
7.396847E0	1.466246E1	-5.724168E-1
7.430166E0	1.433727E1	-5.933991E-1
7.463485E0	1.402317E1	-5.514103E-1
7.496804E0	1.382659E1	-4.612581E-1
7.530123E0	1.388608E1	-5.545221E-1
7.563442E0	1.397333E1	-6.494514E-1
7.596762E0	1.402922E1	-7.033789E-1
7.630081E0	1.418781E1	-6.273176E-1
7.663400E0	1.436593E1	-6.973737E-1
7.696719E0	1.458842E1	-7.617153E-1
7.730038E0	1.483529E1	-7.915077E-1
7.763357E0	1.500000E1	-8.100603E-1
7.796676E0	1.523894E1	-7.454283E-1
7.829995E0	1.561845E1	-6.327640E-1
7.863315E0	1.583852E1	-6.005942E-1
7.896634E0	1.570373E1	-6.081281E-1
7.929953E0	1.538042E1	-5.981934E-1
7.963272E0	1.505995E1	-5.727846E-1
7.996591E0	1.494985E1	-5.130710E-1
8.029910E0	1.500723E1	-5.739771E-1
8.063229E0	1.504989E1	-6.719178E-1
8.096548E0	1.506736E1	-6.715995E-1
8.129868E0	1.521230E1	-6.501442E-1
8.163187E0	1.545065E1	-6.526053E-1
8.196506E0	1.564097E1	-7.263209E-1
8.229825E0	1.587210E1	-7.590099E-1
8.263144E0	1.603964E1	-7.935363E-1
8.296463E0	1.626884E1	-7.452242E-1
8.329782E0	1.665578E1	-6.838757E-1
8.363102E0	1.685863E1	-6.160647E-1
8.396421E0	1.665713E1	-6.588902E-1
8.429740E0	1.630287E1	-6.042411E-1
8.463059E0	1.588677E1	-5.811028E-1
8.496378E0	1.563625E1	-4.594207E-1
8.529697E0	1.566735E1	-4.985352E-1
8.563016E0	1.570921E1	-5.970038E-1
8.596335E0	1.574530E1	-6.404969E-1
8.629655E0	1.589105E1	-6.577817E-1
8.662974E0	1.612018E1	-6.083468E-1
8.696293E0	1.642154E1	-6.224992E-1
8.729612E0	1.671233E1	-6.597364E-1
8.762931E0	1.691821E1	-6.643996E-1
8.796250E0	1.713669E1	-6.158099E-1
8.829569E0	1.749588E1	-5.557113E-1
8.862888E0	1.768656E1	-5.925829E-1
8.896208E0	1.752116E1	-6.181459E-1
8.929527E0	1.718178E1	-5.870634E-1
8.962846E0	1.679231E1	-4.885899E-1
8.996165E0	1.652321E1	-4.423137E-1
9.029484E0	1.651287E1	-5.240271E-1
9.062803E0	1.663748E1	-5.889552E-1
9.096122E0	1.684479E1	-5.916836E-1
9.129441E0	1.705271E1	-5.445258E-1
9.162761E0	1.723125E1	-5.287636E-1
9.196080E0	1.748015E1	-5.612171E-1
9.229399E0	1.772411E1	-6.038538E-1
9.262718E0	1.790391E1	-6.679860E-1
9.296037E0	1.810427E1	-6.494248E-1
9.329356E0	1.849037E1	-5.995886E-1
9.362675E0	1.873744E1	-6.261266E-1
9.395995E0	1.855596E1	-6.479504E-1
9.429314E0	1.819358E1	-6.290696E-1
9.462633E0	1.778518E1	-5.771545E-1
9.495952E0	1.745684E1	-5.584478E-1
9.529271E0	1.746435E1	-6.626006E-1
9.562590E0	1.758532E1	-7.148172E-1
9.595909E0	1.778375E1	-6.730407E-1
9.629228E0	1.798139E1	-6.135211E-1
9.662548E0	1.816690E1	-5.931060E-1
9.695867E0	1.841246E1	-6.315436E-1
9.729186E0	1.866704E1	-6.846802E-1
9.762505E0	1.884114E1	-7.325994E-1
9.795824E0	1.910270E1	-6.933902E-1
9.829143E0	1.947291E1	-6.433727E-1
9.862462E0	1.957316E1	-6.688158E-1
9.895781E0	1.931741E1	-6.971508E-1
9.929101E0	1.886374E1	-6.400573E-1
9.962420E0	1.837375E1	-5.872533E-1
9.995739E0	1.798312E1	-5.472591E-1
1.002906E1	1.796060E1	-6.580301E-1
1.006238E1	1.810079E1	-7.197620E-1
1.009570E1	1.832153E1	-7.068430E-1
1.012902E1	1.857632E1	-6.486373E-1
1.016233E1	1.882734E1	-5.926615E-1
1.019565E1	1.912315E1	-5.853593E-1
1.022897E1	1.940282E1	-5.726499E-1
1.026229E1	1.959040E1	-6.144510E-1
1.029561E1	1.983495E1	-5.861216E-1
1.032893E1	2.019320E1	-6.196240E-1
1.036225E1	2.033947E1	-6.514795E-1
1.039557E1	2.022305E1	-6.477299E-1
1.042889E1	1.996042E1	-6.016337E-1
1.046221E1	1.968006E1	-5.751931E-1
1.049553E1	1.953478E1	-5.771361E-1
1.052884E1	1.958288E1	-6.349453E-1
1.056216E1	1.968574E1	-6.796776E-1
1.059548E1	1.981652E1	-6.942589E-1
1.062880E1	1.996303E1	-6.970678E-1
1.066212E1	2.007575E1	-7.113715E-1
1.069544E1	2.020848E1	-8.083556E-1
1.072876E1	2.035669E1	-8.969716E-1
1.076208E1	2.049634E1	-9.243853E-1
1.079540E1	2.077286E1	-8.902981E-1
1.082872E1	2.110369E1	-8.207170E-1
1.086204E1	2.122753E1	-8.070716E-1
1.089536E1	2.105195E1	-8.082389E-1
1.092867E1	2.078252E1	-7.893225E-1
1.096199E1	2.043941E1	-7.460151E-1
1.099531E1	2.023139E1	-6.850908E-1
1.102863E1	2.026068E1	-7.510641E-1
1.106195E1	2.040251E1	-8.011872E-1
1.109527E1	2.064128E1	-8.135736E-1
1.112859E1	2.081728E1	-7.550185E-1
1.116191E1	2.096067E1	-7.754357E-1
1.119523E1	2.105390E1	-7.704700E-1
1.122855E1	2.117719E1	-7.900954E-1
1.126187E1	2.133188E1	-8.154355E-1
1.129518E1	2.158662E1	-8.162977E-1
1.132850E1	2.200259E1	-7.939482E-1
1.136182E1	2.224657E1	-7.793866E-1
1.139514E1	2.199483E1	-8.246717E-1
1.142846E1	2.158835E1	-7.715863E-1
1.146178E1	2.110247E1	-6.955717E-1
1.149510E1	2.075176E1	-6.572052E-1
1.152842E1	2.072255E1	-7.579120E-1
1.156174E1	2.082536E1	-8.336088E-1
1.159506E1	2.100389E1	-8.280617E-1
1.162838E1	2.120730E1	-7.545725E-1
1.166170E1	2.142271E1	-7.028206E-1
1.169501E1	2.168249E1	-7.359249E-1
1.172833E1	2.194720E1	-7.948246E-1
1.176165E1	2.213206E1	-8.348161E-1
1.179497E1	2.237704E1	-8.393266E-1
1.182829E1	2.275083E1	-8.223941E-1
1.186161E1	2.292117E1	-8.519590E-1
1.189493E1	2.267317E1	-8.422685E-1
1.192825E1	2.225839E1	-8.203647E-1
1.196157E1	2.176340E1	-7.248283E-1
1.199489E1	2.135334E1	-7.073728E-1
1.202821E1	2.126609E1	-7.651444E-1
1.206152E1	2.134191E1	-8.631872E-1
1.209484E1	2.148688E1	-8.213275E-1
1.212816E1	2.167720E1	-7.657910E-1
1.216148E1	2.192455E1	-7.324429E-1
1.219480E1	2.223880E1	-7.736772E-1
1.222812E1	2.253071E1	-8.416058E-1
1.226144E1	2.273725E1	-8.527636E-1
1.229476E1	2.297969E1	-8.222057E-1
1.232808E1	2.334017E1	-7.886771E-1
1.236140E1	2.355679E1	-8.068051E-1
1.239472E1	2.335740E1	-8.377766E-1
1.242804E1	2.304901E1	-8.001691E-1
1.246135E1	2.268053E1	-7.499222E-1
1.249467E1	2.235767E1	-6.867449E-1
1.252799E1	2.230916E1	-7.705108E-1
1.256131E1	2.238502E1	-8.491478E-1
1.259463E1	2.251758E1	-8.237030E-1
1.262795E1	2.267319E1	-7.760094E-1
1.266127E1	2.280351E1	-7.710549E-1
1.269459E1	2.298209E1	-8.181804E-1
1.272791E1	2.319338E1	-8.760233E-1
1.276123E1	2.337294E1	-9.259953E-1
1.279455E1	2.362567E1	-9.128028E-1
1.282786E1	2.404446E1	-8.643530E-1
1.286118E1	2.429774E1	-8.855401E-1
1.289450E1	2.411677E1	-8.771912E-1
1.292782E1	2.378738E1	-8.280482E-1
1.296114E1	2.340374E1	-7.986239E-1
1.299446E1	2.309703E1	-7.701767E-1
1.302778E1	2.306423E1	-8.299431E-1
1.306110E1	2.318606E1	-8.925733E-1
1.309442E1	2.335216E1	-8.910395E-1
1.312774E1	2.352557E1	-8.387929E-1
1.316106E1	2.369633E1	-8.194370E-1
1.319438E1	2.386360E1	-8.638744E-1
1.322769E1	2.404428E1	-9.251440E-1
1.326101E1	2.418854E1	-1.032147E0
1.329433E1	2.445985E1	-1.037008E0
1.332765E1	2.487779E1	-9.954233E-1
1.336097E1	2.503554E1	-9.839300E-1
1.339429E1	2.480247E1	-9.757500E-1
1.342761E1	2.443189E1	-9.264444E-1
1.346093E1	2.401214E1	-8.661410E-1
1.349425E1	2.367447E1	-7.941910E-1
1.352757E1	2.366762E1	-8.701484E-1
1.356089E1	2.378225E1	-9.188124E-1
1.359420E1	2.394102E1	-8.976153E-1
1.362752E1	2.414012E1	-8.747083E-1
1.366084E1	2.432388E1	-8.314723E-1
1.369416E1	2.456073E1	-8.929658E-1
1.372748E1	2.479322E1	-9.861375E-1
1.376080E1	2.495693E1	-1.041169E0
1.379412E1	2.519593E1	-1.001002E0
1.382744E1	2.561042E1	-9.679430E-1
1.386076E1	2.584472E1	-9.436060E-1
1.389408E1	2.564255E1	-9.842040E-1
1.392740E1	2.528292E1	-9.489479E-1
1.396072E1	2.488607E1	-8.809358E-1
1.399403E1	2.452034E1	-8.330242E-1
1.402735E1	2.447950E1	-8.699687E-1
1.406067E1	2.455908E1	-9.480541E-1
1.409399E1	2.461366E1	-9.408068E-1
1.412731E1	2.476360E1	-9.114250E-1
1.416063E1	2.493137E1	-9.307343E-1
1.419395E1	2.513292E1	-9.773013E-1
1.422727E1	2.530164E1	-1.061740E0
1.426059E1	2.541647E1	-1.137264E0
1.429391E1	2.569545E1	-1.144849E0
1.432723E1	2.608746E1	-1.127290E0
1.436054E1	2.631023E1	-1.132709E0
1.439386E1	2.614503E1	-1.132903E0
1.442718E1	2.581050E1	-1.080314E0
1.446050E1	2.541505E1	-1.020999E0
1.449382E1	2.511065E1	-1.002351E0
1.452714E1	2.508216E1	-1.078693E0
1.456046E1	2.523894E1	-1.105262E0
1.459378E1	2.543251E1	-1.099166E0
1.462710E1	2.558312E1	-1.035365E0
1.466042E1	2.568870E1	-1.048306E0
1.469374E1	2.575397E1	-1.103907E0
1.472706E1	2.590238E1	-1.186487E0
1.476037E1	2.606627E1	-1.206765E0
1.479369E1	2.636249E1	-1.176332E0
1.482701E1	2.674897E1	-1.181845E0
1.486033E1	2.698257E1	-1.160483E0
1.489365E1	2.682981E1	-1.162879E0
1.492697E1	2.653875E1	-1.134411E0
1.496029E1	2.622784E1	-1.065831E0
1.499361E1	2.602119E1	-9.928387E-1
1.502693E1	2.608735E1	-1.142899E0
1.506025E1	2.625721E1	-1.233621E0
1.509357E1	2.646429E1	-1.228391E0
1.512688E1	2.660601E1	-1.149216E0
1.516020E1	2.669180E1	-1.177496E0
1.519352E1	2.678263E1	-1.227749E0
1.522684E1	2.687056E1	-1.265091E0
1.526016E1	2.695878E1	-1.279581E0
1.529348E1	2.727502E1	-1.235838E0
1.532680E1	2.765596E1	-1.206829E0
1.536012E1	2.788964E1	-1.235740E0
1.539344E1	2.777153E1	-1.239688E0
1.542676E1	2.754215E1	-1.153640E0
1.546008E1	2.727480E1	-1.124388E0
1.549340E1	2.702000E1	-1.067591E0
1.552671E1	2.695064E1	-1.120642E0
1.556003E1	2.703725E1	-1.167876E0
1.559335E1	2.720415E1	-1.181282E0
1.562667E1	2.730922E1	-1.158546E0
1.565999E1	2.742204E1	-1.181902E0
1.569331E1	2.751698E1	-1.302935E0
1.572663E1	2.760093E1	-1.318255E0
1.575995E1	2.772557E1	-1.306940E0
1.579327E1	2.799546E1	-1.278458E0
1.582659E1	2.832322E1	-1.248654E0
1.585991E1	2.853608E1	-1.215879E0
1.589322E1	2.846708E1	-1.197007E0
1.592654E1	2.824042E1	-1.192077E0
1.595986E1	2.793747E1	-1.176925E0
1.599318E1	2.776376E1	-1.090252E0
1.602650E1	2.776889E1	-1.208255E0
1.605982E1	2.783736E1	-1.263895E0
1.609314E1	2.793603E1	-1.186334E0
1.612646E1	2.810842E1	-1.152031E0
1.615978E1	2.826354E1	-1.156128E0
1.619310E1	2.842622E1	-1.239453E0
1.622642E1	2.858091E1	-1.290400E0
1.625974E1	2.870755E1	-1.302254E0
1.629305E1	2.900185E1	-1.243835E0
1.632637E1	2.940606E1	-1.224388E0
1.635969E1	2.957767E1	-1.254035E0
1.639301E1	2.939910E1	-1.237069E0
1.642633E1	2.908450E1	-1.203975E0
1.645965E1	2.870337E1	-1.088944E0
1.649297E1	2.838973E1	-1.054272E0
1.652629E1	2.832328E1	-1.208862E0
1.655961E1	2.837462E1	-1.290416E0
1.659293E1	2.848807E1	-1.205434E0
1.662625E1	2.858335E1	-1.180617E0
1.665956E1	2.868091E1	-1.254543E0
1.669288E1	2.878103E1	-1.351634E0
1.672620E1	2.883837E1	-1.346378E0
1.675952E1	2.895039E1	-1.296290E0
1.679284E1	2.920821E1	-1.287901E0
1.682616E1	2.951466E1	-1.232690E0
1.685948E1	2.962485E1	-1.172243E0
1.689280E1	2.954405E1	-1.144726E0
1.692612E1	2.933861E1	-1.154533E0
1.695944E1	2.912229E1	-1.171998E0
1.699276E1	2.892981E1	-1.097981E0
1.702608E1	2.895446E1	-1.183764E0
1.705939E1	2.906064E1	-1.257626E0
1.709271E1	2.919071E1	-1.205425E0
1.712603E1	2.933772E1	-1.138743E0
1.715935E1	2.949766E1	-1.158572E0
1.719267E1	2.966026E1	-1.251059E0
1.722599E1	2.981273E1	-1.337310E0
1.725931E1	2.995471E1	-1.295890E0
1.729263E1	3.022792E1	-1.236436E0
1.732595E1	3.058929E1	-1.207862E0
1.735927E1	3.082107E1	-1.232417E0
1.739259E1	3.064332E1	-1.223025E0
1.742590E1	3.037754E1	-1.200978E0
1.745922E1	3.005817E1	-1.135026E0
1.749254E1	2.972598E1	-1.040741E0
1.752586E1	2.961784E1	-1.118806E0
1.755918E1	2.967326E1	-1.231722E0
1.759250E1	2.979554E1	-1.226290E0
1.762582E1	2.995566E1	-1.190278E0
1.765914E1	3.011113E1	-1.210615E0
1.769246E1	3.026884E1	-1.274011E0
1.772578E1	3.039240E1	-1.296294E0
1.775910E1	3.050005E1	-1.272097E0
1.779242E1	3.075764E1	-1.232349E0
1.782573E1	3.106835E1	-1.251423E0
1.785905E1	3.130682E1	-1.196158E0
1.789237E1	3.124353E1	-1.176935E0
1.792569E1	3.100338E1	-1.190160E0
1.795901E1	3.074653E1	-1.153240E0
1.799233E1	3.056856E1	-1.089945E0
1.802565E1	3.050630E1	-1.217665E0
1.805897E1	3.053528E1	-1.223930E0
1.809229E1	3.061084E1	-1.163889E0
1.812561E1	3.070048E1	-1.151706E0
1.815893E1	3.077243E1	-1.267419E0
1.819224E1	3.085564E1	-1.318450E0
1.822556E1	3.091964E1	-1.350854E0
1.825888E1	3.103701E1	-1.444135E0
1.829220E1	3.130457E1	-1.467583E0
1.832552E1	3.163548E1	-1.471127E0
1.835884E1	3.183984E1	-1.451800E0
1.839216E1	3.173941E1	-1.445995E0
1.842548E1	3.147654E1	-1.391644E0
1.845880E1	3.119760E1	-1.335452E0
1.849212E1	3.102500E1	-1.231587E0
1.852544E1	3.103712E1	-1.313609E0
1.855876E1	3.111249E1	-1.404840E0
1.859207E1	3.135426E1	-1.405658E0
1.862539E1	3.154048E1	-1.394712E0
1.865871E1	3.169033E1	-1.364170E0
1.869203E1	3.180345E1	-1.411830E0
1.872535E1	3.191832E1	-1.486843E0
1.875867E1	3.207892E1	-1.567421E0
1.879199E1	3.235774E1	-1.626317E0
1.882531E1	3.268059E1	-1.639369E0
1.885863E1	3.290454E1	-1.644010E0
1.889195E1	3.277479E1	-1.618063E0
1.892527E1	3.249211E1	-1.572148E0
1.895858E1	3.210835E1	-1.511279E0
1.899190E1	3.170669E1	-1.463259E0
1.902522E1	3.153940E1	-1.509193E0
1.905854E1	3.160413E1	-1.642505E0
1.909186E1	3.183549E1	-1.667267E0
1.912518E1	3.203169E1	-1.670162E0
1.915850E1	3.221767E1	-1.621542E0
1.919182E1	3.239480E1	-1.735271E0
1.922514E1	3.258626E1	-1.878373E0
1.925846E1	3.272714E1	-1.924212E0
1.929178E1	3.289966E1	-1.930496E0
1.932510E1	3.315752E1	-1.895970E0
1.935841E1	3.342853E1	-1.862646E0
1.939173E1	3.338087E1	-1.864625E0
1.942505E1	3.311542E1	-1.824773E0
1.945837E1	3.274674E1	-1.761624E0
1.949169E1	3.242694E1	-1.695782E0
1.952501E1	3.233543E1	-1.724563E0
1.955833E1	3.245030E1	-1.830486E0
1.959165E1	3.272885E1	-1.865150E0
1.962497E1	3.296462E1	-1.823595E0
1.965829E1	3.311163E1	-1.811049E0
1.969161E1	3.332076E1	-1.928234E0
1.972492E1	3.343748E1	-2.064391E0
1.975824E1	3.360809E1	-2.168008E0
1.979156E1	3.381177E1	-2.149884E0
1.982488E1	3.413573E1	-2.095982E0
1.985820E1	3.436781E1	-2.046496E0
1.989152E1	3.427019E1	-2.049198E0
1.992484E1	3.398943E1	-2.030649E0
1.995816E1	3.361654E1	-1.930376E0
1.999148E1	3.335955E1	-1.847535E0
2.002480E1	3.332842E1	-1.940637E0
2.005812E1	3.344038E1	-2.040243E0
2.009144E1	3.365161E1	-2.032634E0
2.012475E1	3.387619E1	-1.977355E0
2.015807E1	3.403808E1	-1.983552E0
2.019139E1	3.420224E1	-2.049813E0
2.022471E1	3.437829E1	-2.156122E0
2.025803E1	3.454968E1	-2.227879E0
2.029135E1	3.473977E1	-2.219379E0
2.032467E1	3.508162E1	-2.200255E0
2.035799E1	3.540377E1	-2.167913E0
2.039131E1	3.526173E1	-2.148901E0
2.042463E1	3.494924E1	-2.145013E0
2.045795E1	3.454592E1	-2.041269E0
2.049126E1	3.421199E1	-1.953889E0
2.052458E1	3.404616E1	-2.019883E0
2.055790E1	3.408202E1	-2.121621E0
2.059122E1	3.417321E1	-2.126954E0
2.062454E1	3.429120E1	-2.132365E0
2.065786E1	3.436280E1	-2.192908E0
2.069118E1	3.447856E1	-2.330474E0
2.072450E1	3.456689E1	-2.463505E0
2.075782E1	3.467596E1	-2.547535E0
2.079114E1	3.490780E1	-2.549498E0
2.082446E1	3.524695E1	-2.498046E0
2.085778E1	3.551140E1	-2.429001E0
2.089109E1	3.549132E1	-2.390599E0
2.092441E1	3.524438E1	-2.365913E0
2.095773E1	3.494356E1	-2.300044E0
2.099105E1	3.470810E1	-2.277396E0
2.102437E1	3.462070E1	-2.323888E0
2.105769E1	3.471056E1	-2.432415E0
2.109101E1	3.492870E1	-2.456510E0
2.112433E1	3.512940E1	-2.382756E0
2.115765E1	3.527850E1	-2.347986E0
2.119097E1	3.539140E1	-2.434145E0
2.122429E1	3.548070E1	-2.533086E0
2.125760E1	3.556841E1	-2.643837E0
2.129092E1	3.581208E1	-2.639523E0
2.132424E1	3.615514E1	-2.618641E0
2.135756E1	3.636447E1	-2.594249E0
2.139088E1	3.626553E1	-2.595382E0
2.142420E1	3.604200E1	-2.513615E0
2.145752E1	3.573174E1	-2.441956E0
2.149084E1	3.545067E1	-2.372064E0
2.152416E1	3.536637E1	-2.460399E0
2.155748E1	3.545849E1	-2.545574E0
2.159080E1	3.570900E1	-2.511308E0
2.162412E1	3.594025E1	-2.445182E0
2.165743E1	3.610308E1	-2.431818E0
2.169075E1	3.619546E1	-2.486037E0
2.172407E1	3.632029E1	-2.610061E0
2.175739E1	3.638574E1	-2.714859E0
2.179071E1	3.662145E1	-2.762976E0
2.182403E1	3.703559E1	-2.755229E0
2.185735E1	3.732224E1	-2.733461E0
2.189067E1	3.722311E1	-2.712815E0
2.192399E1	3.694806E1	-2.662788E0
2.195731E1	3.663588E1	-2.576322E0
2.199063E1	3.631805E1	-2.472174E0
2.202394E1	3.613565E1	-2.478656E0
2.205726E1	3.617168E1	-2.604031E0
2.209058E1	3.633526E1	-2.622110E0
2.212390E1	3.648434E1	-2.565286E0
2.215722E1	3.661534E1	-2.570820E0
2.219054E1	3.671071E1	-2.667734E0
2.222386E1	3.681787E1	-2.783529E0
2.225718E1	3.695637E1	-2.843180E0
2.229050E1	3.718839E1	-2.891293E0
2.232382E1	3.750582E1	-2.857027E0
2.235714E1	3.766311E1	-2.775699E0
2.239046E1	3.762694E1	-2.750085E0
2.242377E1	3.742468E1	-2.749882E0
2.245709E1	3.712484E1	-2.693854E0
2.249041E1	3.690896E1	-2.578350E0
2.252373E1	3.681758E1	-2.627249E0
2.255705E1	3.690944E1	-2.722349E0
2.259037E1	3.712546E1	-2.727386E0
2.262369E1	3.734884E1	-2.671277E0
2.265701E1	3.749768E1	-2.659576E0
2.269033E1	3.762374E1	-2.774192E0
2.272365E1	3.774881E1	-2.909821E0
2.275697E1	3.784378E1	-2.998301E0
2.279028E1	3.810236E1	-3.019672E0
2.282360E1	3.850608E1	-3.015579E0
2.285692E1	3.880492E1	-2.959469E0
2.289024E1	3.869437E1	-2.951230E0
2.292356E1	3.843200E1	-2.903178E0
2.295688E1	3.810147E1	-2.800111E0
2.299020E1	3.780300E1	-2.758790E0
2.302352E1	3.767538E1	-2.836041E0
2.305684E1	3.777667E1	-2.945502E0
2.309016E1	3.801494E1	-2.968535E0
2.312348E1	3.827792E1	-2.878278E0
2.315680E1	3.844267E1	-2.818045E0
2.319011E1	3.855549E1	-2.837758E0
2.322343E1	3.866055E1	-2.905750E0
2.325675E1	3.877645E1	-2.984844E0
2.329007E1	3.903296E1	-3.024798E0
2.332339E1	3.942277E1	-3.080765E0
2.335671E1	3.963864E1	-3.066522E0
2.339003E1	3.947933E1	-3.042588E0
2.342335E1	3.915319E1	-2.973998E0
2.345667E1	3.877106E1	-2.896503E0
2.348999E1	3.838696E1	-2.807322E0
2.352331E1	3.821326E1	-2.840325E0
2.355662E1	3.827065E1	-2.961110E0
2.358994E1	3.845939E1	-3.020974E0
2.362326E1	3.866726E1	-2.964188E0
2.365658E1	3.883869E1	-2.944067E0
2.368990E1	3.897471E1	-2.980935E0
2.372322E1	3.910938E1	-3.102211E0
2.375654E1	3.921097E1	-3.189624E0
2.378986E1	3.942145E1	-3.239618E0
2.382318E1	3.970147E1	-3.245715E0
2.385650E1	3.988019E1	-3.226696E0
2.388982E1	3.977959E1	-3.183587E0
2.392314E1	3.958488E1	-3.142508E0
2.395645E1	3.930930E1	-3.049162E0
2.398977E1	3.906936E1	-2.999576E0
2.402309E1	3.898662E1	-3.043696E0
2.405641E1	3.909769E1	-3.164097E0
2.408973E1	3.932301E1	-3.187538E0
2.412305E1	3.959758E1	-3.108657E0
2.415637E1	3.975747E1	-3.087727E0
2.418969E1	3.991562E1	-3.182032E0
2.422301E1	4.002912E1	-3.254348E0
2.425633E1	4.017077E1	-3.271690E0
2.428965E1	4.040894E1	-3.303085E0
2.432296E1	4.074646E1	-3.339649E0
2.435628E1	4.090561E1	-3.333197E0
2.438960E1	4.077515E1	-3.275865E0
2.442292E1	4.046727E1	-3.238987E0
2.445624E1	4.003945E1	-3.143343E0
2.448956E1	3.969034E1	-2.989785E0
2.452288E1	3.949240E1	-3.022729E0
2.455620E1	3.954320E1	-3.145860E0
2.458952E1	3.973423E1	-3.192255E0
2.462284E1	3.996721E1	-3.149732E0
2.465616E1	4.013611E1	-3.112005E0
2.468947E1	4.029627E1	-3.160388E0
2.472279E1	4.045732E1	-3.261646E0
2.475611E1	4.058056E1	-3.344795E0
2.478943E1	4.080435E1	-3.400111E0
2.482275E1	4.110645E1	-3.426240E0
2.485607E1	4.128874E1	-3.455377E0
2.488939E1	4.116813E1	-3.430921E0
2.492271E1	4.096200E1	-3.348854E0
2.495603E1	4.065935E1	-3.258282E0
2.498935E1	4.038016E1	-3.144273E0
2.502267E1	4.022610E1	-3.148531E0
2.505599E1	4.025290E1	-3.265470E0
2.508930E1	4.042349E1	-3.321069E0
2.512262E1	4.061906E1	-3.261326E0
2.515594E1	4.077582E1	-3.205705E0
2.518926E1	4.088847E1	-3.270352E0
2.522258E1	4.103701E1	-3.388216E0
2.525590E1	4.119586E1	-3.495107E0
2.528922E1	4.145132E1	-3.577941E0
2.532254E1	4.171877E1	-3.595544E0
2.535586E1	4.195286E1	-3.621488E0
2.538918E1	4.187507E1	-3.583080E0
2.542250E1	4.160063E1	-3.495720E0
2.545581E1	4.127542E1	-3.368609E0
2.548913E1	4.098917E1	-3.253456E0
2.552245E1	4.084530E1	-3.306417E0
2.555577E1	4.095155E1	-3.382974E0
2.558909E1	4.121392E1	-3.424423E0
2.562241E1	4.148943E1	-3.427708E0
2.565573E1	4.172916E1	-3.407097E0
2.568905E1	4.191142E1	-3.430697E0
2.572237E1	4.203605E1	-3.509372E0
2.575569E1	4.213173E1	-3.578053E0
2.578901E1	4.232275E1	-3.668928E0
2.582233E1	4.271979E1	-3.670084E0
2.585564E1	4.301159E1	-3.703728E0
2.588896E1	4.286481E1	-3.720772E0
2.592228E1	4.258217E1	-3.637320E0
2.595560E1	4.220383E1	-3.477013E0
2.598892E1	4.181515E1	-3.351431E0
2.602224E1	4.156239E1	-3.351748E0
2.605556E1	4.161674E1	-3.475270E0
2.608888E1	4.181994E1	-3.523918E0
2.612220E1	4.203992E1	-3.504327E0
2.615552E1	4.224315E1	-3.498570E0
2.618884E1	4.241174E1	-3.577844E0
2.622215E1	4.256076E1	-3.669004E0
2.625547E1	4.268597E1	-3.743054E0
2.628879E1	4.286336E1	-3.777558E0
2.632211E1	4.313762E1	-3.801404E0
2.635543E1	4.328789E1	-3.800544E0
2.638875E1	4.318508E1	-3.792224E0
2.642207E1	4.297808E1	-3.746786E0
2.645539E1	4.270849E1	-3.652409E0
2.648871E1	4.246690E1	-3.534595E0
2.652203E1	4.236398E1	-3.572057E0
2.655535E1	4.243983E1	-3.705389E0
2.658867E1	4.265146E1	-3.763931E0
2.662198E1	4.292835E1	-3.697965E0
2.665530E1	4.319833E1	-3.643029E0
2.668862E1	4.340095E1	-3.623509E0
2.672194E1	4.356307E1	-3.624779E0
2.675526E1	4.367780E1	-3.646978E0
2.678858E1	4.389613E1	-3.723872E0
2.682190E1	4.423882E1	-3.886757E0
2.685522E1	4.437310E1	-3.921984E0
2.688854E1	4.426217E1	-3.866562E0
2.692186E1	4.397086E1	-3.815330E0
2.695518E1	4.357514E1	-3.679957E0
2.698849E1	4.319075E1	-3.529670E0
2.702181E1	4.299982E1	-3.512876E0
2.705513E1	4.305751E1	-3.622051E0
2.708845E1	4.327775E1	-3.679154E0
2.712177E1	4.351569E1	-3.650716E0
2.715509E1	4.371022E1	-3.616104E0
2.718841E1	4.381864E1	-3.640205E0
2.722173E1	4.394910E1	-3.756371E0
2.725505E1	4.405213E1	-3.817597E0
2.728837E1	4.427329E1	-3.891020E0
2.732169E1	4.460896E1	-3.951570E0
2.735501E1	4.478348E1	-3.948654E0
2.738832E1	4.465920E1	-3.912876E0
2.742164E1	4.436738E1	-3.847118E0
2.745496E1	4.401049E1	-3.758235E0
2.748828E1	4.368722E1	-3.626127E0
2.752160E1	4.356130E1	-3.597321E0
2.755492E1	4.365675E1	-3.733611E0
2.758824E1	4.393968E1	-3.799251E0
2.762156E1	4.422338E1	-3.773776E0
2.765488E1	4.441328E1	-3.745078E0
2.768820E1	4.459420E1	-3.780835E0
2.772152E1	4.467726E1	-3.827134E0
2.775483E1	4.481795E1	-3.891574E0
2.778815E1	4.504146E1	-3.981994E0
2.782147E1	4.537074E1	-4.109517E0
2.785479E1	4.552024E1	-4.137185E0
2.788811E1	4.538158E1	-4.111912E0
2.792143E1	4.505641E1	-4.000721E0
2.795475E1	4.468294E1	-3.855934E0
2.798807E1	4.433662E1	-3.750328E0
2.802139E1	4.415974E1	-3.772371E0
2.805471E1	4.426523E1	-3.872666E0
2.808803E1	4.453317E1	-3.906373E0
2.812135E1	4.481342E1	-3.893064E0
2.815466E1	4.499923E1	-3.893154E0
2.818798E1	4.514634E1	-3.886519E0
2.822130E1	4.521109E1	-3.839426E0
2.825462E1	4.529957E1	-3.869818E0
2.828794E1	4.552221E1	-3.937132E0
2.832126E1	4.595896E1	-4.098664E0
2.835458E1	4.624940E1	-4.230922E0
2.838790E1	4.612665E1	-4.218627E0
2.842122E1	4.583760E1	-4.096778E0
2.845454E1	4.548944E1	-3.987555E0
2.848786E1	4.514049E1	-3.861112E0
2.852117E1	4.496120E1	-3.817853E0
2.855449E1	4.497244E1	-3.959875E0
2.858781E1	4.517465E1	-4.039792E0
2.862113E1	4.545753E1	-3.987640E0
2.865445E1	4.571939E1	-3.918068E0
2.868777E1	4.595501E1	-3.935156E0
2.872109E1	4.618266E1	-3.950234E0
2.875441E1	4.634796E1	-3.996760E0
2.878773E1	4.655545E1	-4.057205E0
2.882105E1	4.694231E1	-4.199730E0
2.885437E1	4.719949E1	-4.341914E0
2.888769E1	4.709877E1	-4.335857E0
2.892100E1	4.677968E1	-4.185892E0
2.895432E1	4.629878E1	-4.068408E0
2.898764E1	4.578809E1	-3.920279E0
2.902096E1	4.549022E1	-3.933771E0
2.905428E1	4.547232E1	-4.082579E0
2.908760E1	4.563075E1	-4.133930E0
2.912092E1	4.586560E1	-4.099017E0
2.915424E1	4.613202E1	-4.097182E0
2.918756E1	4.642806E1	-4.108976E0
2.922088E1	4.669432E1	-4.173189E0
2.925420E1	4.687112E1	-4.167156E0
2.928751E1	4.706443E1	-4.239003E0
2.932083E1	4.743733E1	-4.361927E0
2.935415E1	4.769112E1	-4.462818E0
2.938747E1	4.758928E1	-4.460000E0
2.942079E1	4.725593E1	-4.353123E0
2.945411E1	4.682905E1	-4.241949E0
2.948743E1	4.640572E1	-4.118939E0
2.952075E1	4.617810E1	-4.062014E0
2.955407E1	4.618542E1	-4.206435E0
2.958739E1	4.630017E1	-4.250101E0
2.962071E1	4.651610E1	-4.198011E0
2.965403E1	4.677048E1	-4.174596E0
2.968734E1	4.703886E1	-4.214155E0
2.972066E1	4.733273E1	-4.282791E0
2.975398E1	4.756097E1	-4.319307E0
2.978730E1	4.778155E1	-4.376438E0
2.982062E1	4.810050E1	-4.486917E0
2.985394E1	4.830457E1	-4.544602E0
2.988726E1	4.820811E1	-4.541171E0
2.992058E1	4.794206E1	-4.468307E0
2.995390E1	4.762471E1	-4.287736E0
2.998722E1	4.730577E1	-4.129132E0
3.002054E1	4.709772E1	-4.120327E0
3.005385E1	4.709585E1	-4.221795E0
3.008717E1	4.722986E1	-4.282581E0
3.012049E1	4.744018E1	-4.220435E0
3.015381E1	4.771353E1	-4.187616E0
3.018713E1	4.799226E1	-4.234707E0
3.022045E1	4.828948E1	-4.283033E0
3.025377E1	4.851341E1	-4.343881E0
3.028709E1	4.873821E1	-4.404929E0
3.032041E1	4.906785E1	-4.523453E0
3.035373E1	4.928491E1	-4.666342E0
3.038705E1	4.922283E1	-4.650286E0
3.042037E1	4.900342E1	-4.543088E0
3.045368E1	4.869538E1	-4.408784E0
3.048700E1	4.839964E1	-4.252697E0
3.052032E1	4.817370E1	-4.231499E0
3.055364E1	4.819538E1	-4.363713E0
3.058696E1	4.832392E1	-4.468024E0
3.062028E1	4.858825E1	-4.424328E0
3.065360E1	4.886388E1	-4.370121E0
3.068692E1	4.910767E1	-4.344007E0
3.072024E1	4.935131E1	-4.371915E0
3.075356E1	4.952439E1	-4.429515E0
3.078688E1	4.972556E1	-4.494962E0
3.082019E1	5.005762E1	-4.647135E0
3.085351E1	5.025777E1	-4.760826E0
3.088683E1	5.015937E1	-4.754340E0
3.092015E1	4.987505E1	-4.628305E0
3.095347E1	4.952221E1	-4.538431E0
3.098679E1	4.918932E1	-4.409749E0
3.102011E1	4.901449E1	-4.382213E0
3.105343E1	4.905086E1	-4.466094E0
3.108675E1	4.922256E1	-4.526542E0
3.112007E1	4.942889E1	-4.511490E0
3.115339E1	4.961414E1	-4.514903E0
3.118671E1	4.973040E1	-4.579725E0
3.122002E1	4.986507E1	-4.658364E0
3.125334E1	4.995351E1	-4.755065E0
3.128666E1	5.016152E1	-4.815907E0
3.131998E1	5.056285E1	-4.884781E0
3.135330E1	5.084243E1	-4.876274E0
3.138662E1	5.071869E1	-4.882163E0
3.141994E1	5.040463E1	-4.764817E0
3.145326E1	5.001277E1	-4.620530E0
3.148658E1	4.958005E1	-4.429154E0
3.151990E1	4.925172E1	-4.335455E0
3.155322E1	4.923528E1	-4.442263E0
3.158653E1	4.942267E1	-4.517649E0
3.161985E1	4.975897E1	-4.489499E0
3.165317E1	5.005286E1	-4.473841E0
3.168649E1	5.037489E1	-4.504279E0
3.171981E1	5.070398E1	-4.573130E0
3.175313E1	5.092774E1	-4.648512E0
3.178645E1	5.114741E1	-4.707955E0
3.181977E1	5.140101E1	-4.782185E0
3.185309E1	5.153147E1	-4.903176E0
3.188641E1	5.142192E1	-4.884739E0
3.191973E1	5.114130E1	-4.776794E0
3.195305E1	5.070791E1	-4.611862E0
3.198636E1	5.026833E1	-4.439316E0
3.201968E1	4.993009E1	-4.363426E0
3.205300E1	4.988514E1	-4.486418E0
3.208632E1	5.008543E1	-4.549927E0
3.211964E1	5.040162E1	-4.522461E0
3.215296E1	5.070979E1	-4.499406E0
3.218628E1	5.099692E1	-4.557590E0
3.221960E1	5.126629E1	-4.616533E0
3.225292E1	5.147305E1	-4.671459E0
3.228624E1	5.168806E1	-4.725503E0
3.231956E1	5.197837E1	-4.838719E0
3.235287E1	5.215887E1	-4.934698E0
3.238619E1	5.209945E1	-4.941987E0
3.241951E1	5.179654E1	-4.825963E0
3.245283E1	5.140389E1	-4.729688E0
3.248615E1	5.096788E1	-4.549538E0
3.251947E1	5.064357E1	-4.484900E0
3.255279E1	5.059790E1	-4.597776E0
3.258611E1	5.079040E1	-4.660200E0
3.261943E1	5.110051E1	-4.633276E0
3.265275E1	5.140272E1	-4.606067E0
3.268607E1	5.168916E1	-4.645068E0
3.271939E1	5.195719E1	-4.716170E0
3.275270E1	5.218048E1	-4.787420E0
3.278602E1	5.240203E1	-4.853464E0
3.281934E1	5.270842E1	-4.951392E0
3.285266E1	5.288642E1	-5.078117E0
3.288598E1	5.277123E1	-5.056162E0
3.291930E1	5.246527E1	-4.930206E0
3.295262E1	5.206023E1	-4.761322E0
3.298594E1	5.162370E1	-4.558543E0
3.301926E1	5.130406E1	-4.471675E0
3.305258E1	5.127560E1	-4.585609E0
3.308590E1	5.142628E1	-4.676950E0
3.311921E1	5.169918E1	-4.681338E0
3.315253E1	5.195108E1	-4.641622E0
3.318585E1	5.217644E1	-4.712181E0
3.321917E1	5.239586E1	-4.833986E0
3.325249E1	5.258444E1	-4.907265E0
3.328581E1	5.280996E1	-4.965820E0
3.331913E1	5.314038E1	-5.025672E0
3.335245E1	5.337810E1	-5.097646E0
3.338577E1	5.324121E1	-5.073974E0
3.341909E1	5.292648E1	-4.959976E0
3.345241E1	5.253886E1	-4.799434E0
3.348573E1	5.213815E1	-4.591971E0
3.351904E1	5.180293E1	-4.511787E0
3.355236E1	5.175301E1	-4.630759E0
3.358568E1	5.194660E1	-4.729243E0
3.361900E1	5.226429E1	-4.722204E0
3.365232E1	5.259713E1	-4.682934E0
3.368564E1	5.290109E1	-4.744998E0
3.371896E1	5.321774E1	-4.811110E0
3.375228E1	5.344858E1	-4.871996E0
3.378560E1	5.367367E1	-4.940941E0
3.381892E1	5.393033E1	-5.050424E0
3.385224E1	5.407385E1	-5.157729E0
3.388555E1	5.396678E1	-5.130297E0
3.391887E1	5.368683E1	-4.964853E0
3.395219E1	5.331095E1	-4.871066E0
3.398551E1	5.288091E1	-4.693117E0
3.401883E1	5.254538E1	-4.611562E0
3.405215E1	5.250757E1	-4.715545E0
3.408547E1	5.261634E1	-4.796872E0
3.411879E1	5.289711E1	-4.773367E0
3.415211E1	5.317494E1	-4.751259E0
3.418543E1	5.345131E1	-4.779976E0
3.421875E1	5.369835E1	-4.791379E0
3.425207E1	5.393227E1	-4.840960E0
3.428538E1	5.413519E1	-4.924072E0
3.431870E1	5.448543E1	-5.101293E0
3.435202E1	5.469063E1	-5.222060E0
3.438534E1	5.460514E1	-5.200711E0
3.441866E1	5.430633E1	-5.074516E0
3.445198E1	5.387610E1	-4.923277E0
3.448530E1	5.340760E1	-4.747270E0
3.451862E1	5.305118E1	-4.660380E0
3.455194E1	5.298792E1	-4.749382E0
3.458526E1	5.314922E1	-4.867584E0
3.461858E1	5.344522E1	-4.873504E0
3.465189E1	5.376527E1	-4.828634E0
3.468521E1	5.404125E1	-4.832645E0
3.471853E1	5.431728E1	-4.882827E0
3.475185E1	5.455265E1	-4.932368E0
3.478517E1	5.475768E1	-5.050688E0
3.481849E1	5.507208E1	-5.199588E0
3.485181E1	5.525725E1	-5.304623E0
3.488513E1	5.516778E1	-5.306616E0
3.491845E1	5.489811E1	-5.213329E0
3.495177E1	5.445705E1	-4.996901E0
3.498509E1	5.397449E1	-4.818249E0
3.501841E1	5.361734E1	-4.721768E0
3.505172E1	5.355845E1	-4.833312E0
3.508504E1	5.370691E1	-4.929479E0
3.511836E1	5.397051E1	-4.910597E0
3.515168E1	5.425683E1	-4.883463E0
3.518500E1	5.451598E1	-4.893408E0
3.521832E1	5.480379E1	-5.002589E0
3.525164E1	5.502899E1	-5.100134E0
3.528496E1	5.522246E1	-5.155067E0
3.531828E1	5.550228E1	-5.242855E0
3.535160E1	5.570841E1	-5.361922E0
3.538492E1	5.565983E1	-5.377637E0
3.541823E1	5.536437E1	-5.256382E0
3.545155E1	5.499357E1	-5.106085E0
3.548487E1	5.452349E1	-4.939553E0
3.551819E1	5.415299E1	-4.877191E0
3.555151E1	5.412842E1	-4.982660E0
3.558483E1	5.432530E1	-5.112777E0
3.561815E1	5.462998E1	-5.149462E0
3.565147E1	5.490128E1	-5.158813E0
3.568479E1	5.504770E1	-5.190069E0
3.571811E1	5.519356E1	-5.345856E0
3.575143E1	5.532664E1	-5.460909E0
3.578475E1	5.550933E1	-5.546032E0
3.581806E1	5.587579E1	-5.573029E0
3.585138E1	5.620247E1	-5.630070E0
3.588470E1	5.614371E1	-5.610370E0
3.591802E1	5.584309E1	-5.496794E0
3.595134E1	5.549993E1	-5.320158E0
3.598466E1	5.513640E1	-5.182385E0
3.601798E1	5.485233E1	-5.114464E0
3.605130E1	5.480370E1	-5.222015E0
3.608462E1	5.495841E1	-5.341234E0
3.611794E1	5.525438E1	-5.360999E0
3.615126E1	5.555800E1	-5.325828E0
3.618457E1	5.585662E1	-5.319829E0
3.621789E1	5.617079E1	-5.396373E0
3.625121E1	5.640224E1	-5.440853E0
3.628453E1	5.661971E1	-5.504897E0
3.631785E1	5.688243E1	-5.644036E0
3.635117E1	5.701068E1	-5.711955E0
3.638449E1	5.697186E1	-5.695151E0
3.641781E1	5.668273E1	-5.592345E0
3.645113E1	5.630060E1	-5.437292E0
3.648445E1	5.589614E1	-5.347272E0
3.651777E1	5.559807E1	-5.283858E0
3.655109E1	5.557085E1	-5.444777E0
3.658440E1	5.572786E1	-5.553310E0
3.661772E1	5.599854E1	-5.602789E0
3.665104E1	5.619931E1	-5.574571E0
3.668436E1	5.630835E1	-5.622193E0
3.671768E1	5.636853E1	-5.681219E0
3.675100E1	5.637677E1	-5.722773E0
3.678432E1	5.659192E1	-5.790721E0
3.681764E1	5.701098E1	-5.882511E0
3.685096E1	5.734979E1	-5.965239E0
3.688428E1	5.726818E1	-5.943673E0
3.691760E1	5.696782E1	-5.791342E0
3.695091E1	5.656408E1	-5.611989E0
3.698423E1	5.613996E1	-5.400804E0
3.701755E1	5.580375E1	-5.318824E0
3.705087E1	5.573808E1	-5.459619E0
3.708419E1	5.589428E1	-5.577981E0
3.711751E1	5.618621E1	-5.550931E0
3.715083E1	5.648647E1	-5.550991E0
3.718415E1	5.675973E1	-5.569054E0
3.721747E1	5.704100E1	-5.626560E0
3.725079E1	5.726927E1	-5.664853E0
3.728411E1	5.747421E1	-5.744203E0
3.731743E1	5.777383E1	-5.856585E0
3.735074E1	5.800514E1	-6.014331E0
3.738406E1	5.794704E1	-6.031724E0
3.741738E1	5.763200E1	-5.909637E0
3.745070E1	5.721769E1	-5.675915E0
3.748402E1	5.675248E1	-5.525924E0
3.751734E1	5.635735E1	-5.438334E0
3.755066E1	5.626116E1	-5.558069E0
3.758398E1	5.640328E1	-5.658489E0
3.761730E1	5.669087E1	-5.632475E0
3.765062E1	5.693180E1	-5.626166E0
3.768394E1	5.713312E1	-5.629672E0
3.771725E1	5.737501E1	-5.708057E0
3.775057E1	5.758192E1	-5.784264E0
3.778389E1	5.778368E1	-5.860693E0
3.781721E1	5.810604E1	-5.966618E0
3.785053E1	5.841265E1	-6.112913E0
3.788385E1	5.835839E1	-6.126391E0
3.791717E1	5.803407E1	-5.998877E0
3.795049E1	5.762871E1	-5.804096E0
3.798381E1	5.714026E1	-5.657619E0
3.801713E1	5.680307E1	-5.584780E0
3.805045E1	5.675191E1	-5.691189E0
3.808377E1	5.690136E1	-5.815525E0
3.811708E1	5.713102E1	-5.840365E0
3.815040E1	5.731126E1	-5.865209E0
3.818372E1	5.740482E1	-5.913189E0
3.821704E1	5.745528E1	-5.984140E0
3.825036E1	5.752952E1	-6.070678E0
3.828368E1	5.771791E1	-6.114305E0
3.831700E1	5.811888E1	-6.208965E0
3.835032E1	5.845065E1	-6.305845E0
3.838364E1	5.839328E1	-6.297258E0
3.841696E1	5.805980E1	-6.126445E0
3.845028E1	5.768640E1	-5.986871E0
3.848359E1	5.725585E1	-5.803998E0
3.851691E1	5.698042E1	-5.743966E0
3.855023E1	5.693848E1	-5.815638E0
3.858355E1	5.708868E1	-5.967226E0
3.861687E1	5.734075E1	-5.960205E0
3.865019E1	5.761784E1	-5.951322E0
3.868351E1	5.790303E1	-5.980549E0
3.871683E1	5.818791E1	-6.078366E0
3.875015E1	5.843130E1	-6.146028E0
3.878347E1	5.861643E1	-6.209008E0
3.881679E1	5.887160E1	-6.294388E0
3.885011E1	5.910709E1	-6.468269E0
3.888342E1	5.908708E1	-6.476212E0
3.891674E1	5.885547E1	-6.358658E0
3.895006E1	5.856197E1	-6.243347E0
3.898338E1	5.825934E1	-6.115497E0
3.901670E1	5.804431E1	-6.113453E0
3.905002E1	5.807210E1	-6.235160E0
3.908334E1	5.822264E1	-6.317487E0
3.911666E1	5.839388E1	-6.318952E0
3.914998E1	5.855276E1	-6.325514E0
3.918330E1	5.858702E1	-6.400163E0
3.921662E1	5.865790E1	-6.523015E0
3.924993E1	5.874969E1	-6.591210E0
3.928325E1	5.893544E1	-6.681854E0
3.931657E1	5.924134E1	-6.733640E0
3.934989E1	5.951868E1	-6.781667E0
3.938321E1	5.952753E1	-6.792888E0
3.941653E1	5.935901E1	-6.702294E0
3.944985E1	5.904517E1	-6.583954E0
3.948317E1	5.875953E1	-6.465039E0
3.951649E1	5.858276E1	-6.396682E0
3.954981E1	5.855037E1	-6.520449E0
3.958313E1	5.866923E1	-6.631013E0
3.961645E1	5.893152E1	-6.645374E0
3.964976E1	5.914357E1	-6.637782E0
3.968308E1	5.923091E1	-6.682740E0
3.971640E1	5.926517E1	-6.802478E0
3.974972E1	5.931111E1	-6.899153E0
3.978304E1	5.956580E1	-6.987088E0
3.981636E1	5.989993E1	-7.080761E0
3.984968E1	6.020515E1	-7.138800E0
3.988300E1	6.018480E1	-7.150647E0
3.991632E1	5.995083E1	-7.014565E0
3.994964E1	5.964313E1	-6.882335E0
3.998296E1	5.930429E1	-6.762667E0
4.001627E1	5.909754E1	-6.753179E0
4.004959E1	5.904338E1	-6.848456E0
4.008291E1	5.912653E1	-6.937479E0
4.011623E1	5.929609E1	-6.934078E0
4.014955E1	5.939981E1	-6.939013E0
4.018287E1	5.945621E1	-6.987856E0
4.021619E1	5.945347E1	-7.070321E0
4.024951E1	5.949001E1	-7.122597E0
4.028283E1	5.970173E1	-7.244697E0
4.031615E1	6.005619E1	-7.332119E0
4.034947E1	6.039488E1	-7.416137E0
4.038278E1	6.039084E1	-7.414088E0
4.041610E1	6.016536E1	-7.299977E0
4.044942E1	5.981732E1	-7.109117E0
4.048274E1	5.947196E1	-7.010059E0
4.051606E1	5.918330E1	-6.907713E0
4.054938E1	5.909334E1	-7.020331E0
4.058270E1	5.922962E1	-7.133856E0
4.061602E1	5.941993E1	-7.187375E0
4.064934E1	5.957417E1	-7.190101E0
4.068266E1	5.967517E1	-7.228272E0
4.071598E1	5.971791E1	-7.290234E0
4.074930E1	5.978022E1	-7.354821E0
4.078261E1	5.998672E1	-7.457871E0
4.081593E1	6.038200E1	-7.582053E0
4.084925E1	6.074355E1	-7.677050E0
4.088257E1	6.073661E1	-7.671782E0
4.091589E1	6.050964E1	-7.591930E0
4.094921E1	6.017096E1	-7.412118E0
4.098253E1	5.981494E1	-7.228237E0
4.101585E1	5.957732E1	-7.176113E0
4.104917E1	5.947635E1	-7.287153E0
4.108249E1	5.958568E1	-7.419356E0
4.111581E1	5.977582E1	-7.427300E0
4.114912E1	5.989999E1	-7.424789E0
4.118244E1	5.995817E1	-7.460257E0
4.121576E1	5.999257E1	-7.482558E0
4.124908E1	6.000261E1	-7.543058E0
4.128240E1	6.014650E1	-7.580490E0
4.131572E1	6.044652E1	-7.699428E0
4.134904E1	6.076197E1	-7.803351E0
4.138236E1	6.081505E1	-7.801770E0
4.141568E1	6.057313E1	-7.676873E0
4.144900E1	6.023410E1	-7.486008E0
4.148232E1	5.993598E1	-7.349135E0
4.151564E1	5.977454E1	-7.275125E0
4.154895E1	5.982989E1	-7.402703E0
4.158227E1	6.000753E1	-7.516340E0
4.161559E1	6.022558E1	-7.556513E0
4.164891E1	6.040926E1	-7.519943E0
4.168223E1	6.049157E1	-7.572721E0
4.171555E1	6.052691E1	-7.625393E0
4.174887E1	6.056045E1	-7.705329E0
4.178219E1	6.074746E1	-7.792273E0
4.181551E1	6.115026E1	-7.924632E0
4.184883E1	6.155361E1	-8.027958E0
4.188215E1	6.153087E1	-8.023103E0
4.191546E1	6.124602E1	-7.874164E0
4.194878E1	6.083578E1	-7.739229E0
4.198210E1	6.048129E1	-7.626481E0
4.201542E1	6.023369E1	-7.633304E0
4.204874E1	6.024023E1	-7.752103E0
4.208206E1	6.040776E1	-7.833790E0
4.211538E1	6.064140E1	-7.844973E0
4.214870E1	6.087742E1	-7.853035E0
4.218202E1	6.109984E1	-7.882541E0
4.221534E1	6.135076E1	-7.914776E0
4.224866E1	6.159333E1	-7.973144E0
4.228198E1	6.174354E1	-8.025589E0
4.231529E1	6.202506E1	-8.137239E0
4.234861E1	6.240925E1	-8.392244E0
4.238193E1	6.235953E1	-8.415689E0
4.241525E1	6.217989E1	-8.320702E0
4.244857E1	6.200080E1	-8.206168E0
4.248189E1	6.183617E1	-8.098433E0
4.251521E1	6.171777E1	-8.080554E0
4.254853E1	6.172946E1	-8.255786E0
4.258185E1	6.185211E1	-8.303536E0
4.261517E1	6.202428E1	-8.305406E0
