	mass A		
t	x	y	
0.000000E0	1.653363E-1	-4.351265E-2
3.331913E-2	1.934108E-1	-1.905666E-2
6.663826E-2	2.594585E-1	-1.006971E-2
9.995739E-2	3.183536E-1	7.916979E-3
1.332765E-1	3.878591E-1	1.358223E-2
1.665957E-1	4.608004E-1	1.621919E-2
1.999148E-1	5.076215E-1	2.364535E-2
2.332339E-1	5.443434E-1	2.240836E-2
2.665530E-1	5.695185E-1	2.458695E-3
2.998722E-1	5.898737E-1	2.708079E-2
3.331913E-1	6.155046E-1	6.897877E-3
3.665104E-1	6.562612E-1	1.059710E-2
3.998296E-1	7.240179E-1	1.291120E-3
4.331487E-1	8.233724E-1	-7.289232E-3
4.664678E-1	9.279739E-1	-1.134077E-2
4.997870E-1	1.012420E0	-2.814222E-4
5.331061E-1	1.093805E0	-7.458950E-4
5.664252E-1	1.160770E0	3.003155E-3
5.997444E-1	1.221898E0	4.402861E-3
6.330635E-1	1.289225E0	1.251065E-2
6.663826E-1	1.380357E0	4.375684E-3
6.997017E-1	1.437458E0	4.837938E-3
7.330209E-1	1.442873E0	2.225036E-3
7.663400E-1	1.448815E0	1.151369E-2
7.996591E-1	1.503857E0	2.017911E-2
8.329783E-1	1.599922E0	1.776312E-2
8.662974E-1	1.701945E0	2.049761E-2
8.996165E-1	1.762035E0	1.358339E-2
9.329357E-1	1.790735E0	6.475096E-3
9.662548E-1	1.859252E0	1.112759E-2
9.995739E-1	1.927828E0	1.489893E-2
1.032893E0	1.944279E0	1.444288E-2
1.066212E0	1.989609E0	1.813525E-2
1.099531E0	2.069614E0	1.725379E-2
1.132850E0	2.136648E0	1.325360E-2
1.166170E0	2.111194E0	1.209897E-2
1.199489E0	2.112870E0	8.380419E-3
1.232808E0	2.118780E0	7.372632E-3
1.266127E0	2.118600E0	4.756208E-3
1.299446E0	2.121144E0	5.338749E-3
1.332765E0	2.121508E0	4.469996E-3
1.366084E0	2.047497E0	1.533304E-2
1.399403E0	1.792578E0	6.430810E-4
1.432723E0	1.421111E0	-5.388342E-2
1.466042E0	1.024354E0	-9.215693E-2
1.499361E0	8.187310E-1	-1.032395E-1
1.532680E0	8.177602E-1	-9.681891E-2
1.565999E0	9.190738E-1	-7.623030E-2
1.599318E0	9.400512E-1	-7.971884E-2
1.632637E0	9.390391E-1	-8.531706E-2
1.665957E0	9.596801E-1	-8.022493E-2
1.699276E0	9.670603E-1	-8.441292E-2
1.732595E0	9.538787E-1	-1.022089E-1
1.765914E0	9.620966E-1	-7.885736E-2
1.799233E0	9.886941E-1	-9.019020E-2
1.832552E0	1.028519E0	-5.202066E-2
1.865871E0	1.112127E0	-5.556741E-2
1.899190E0	1.189933E0	-3.378677E-2
1.932510E0	1.253533E0	-3.279776E-2
1.965829E0	1.325663E0	-5.408377E-2
1.999148E0	1.373618E0	-6.056860E-2
2.032467E0	1.376672E0	-7.466093E-2
2.065786E0	1.374819E0	-6.510841E-2
2.099105E0	1.417230E0	-4.740881E-2
2.132424E0	1.477088E0	-3.778901E-2
2.165743E0	1.529286E0	-2.583306E-2
2.199063E0	1.586060E0	-8.342781E-3
2.232382E0	1.625550E0	1.159192E-2
2.265701E0	1.664062E0	2.838042E-2
2.299020E0	1.687720E0	1.186202E-2
2.332339E0	1.689289E0	9.219308E-4
2.365658E0	1.699379E0	-5.567746E-4
2.398977E0	1.711414E0	1.630953E-3
2.432297E0	1.766219E0	5.301705E-3
2.465616E0	1.832371E0	2.862976E-2
2.498935E0	1.910967E0	2.700897E-2
2.532254E0	2.006416E0	3.774001E-2
2.565573E0	2.074827E0	3.903578E-2
2.598892E0	2.128057E0	4.641337E-2
2.632211E0	2.188797E0	5.018080E-2
2.665530E0	2.217752E0	9.174223E-2
2.698850E0	2.203831E0	1.148847E-1
2.732169E0	2.194124E0	1.117550E-1
2.765488E0	2.204599E0	1.062326E-1
2.798807E0	2.231220E0	1.194084E-1
2.832126E0	2.326878E0	1.334657E-1
2.865445E0	2.442136E0	1.404576E-1
2.898764E0	2.514961E0	1.498369E-1
2.932083E0	2.574724E0	1.545631E-1
2.965403E0	2.674269E0	1.670124E-1
2.998722E0	2.785754E0	1.762011E-1
3.032041E0	2.825362E0	1.814321E-1
3.065360E0	2.858359E0	1.766476E-1
3.098679E0	2.941384E0	1.840271E-1
3.131998E0	2.997954E0	1.663537E-1
3.165317E0	3.004784E0	1.619743E-1
3.198637E0	3.001144E0	1.642827E-1
3.231956E0	3.000462E0	1.633798E-1
3.265275E0	2.999427E0	1.635544E-1
3.298594E0	2.999006E0	1.635719E-1
3.331913E0	2.992806E0	1.640128E-1
3.365232E0	2.969824E0	1.690777E-1
3.398551E0	2.889407E0	1.624626E-1
3.431870E0	2.636058E0	4.890134E-2
3.465190E0	2.225033E0	4.352077E-2
3.498509E0	2.019162E0	5.001090E-2
3.531828E0	2.005628E0	6.196452E-2
3.565147E0	2.105800E0	5.443355E-3
3.598466E0	2.145659E0	-3.328748E-3
3.631785E0	2.162713E0	1.994934E-2
3.665104E0	2.172195E0	1.519883E-2
3.698424E0	2.164212E0	1.584255E-2
3.731743E0	2.167627E0	1.406831E-2
3.765062E0	2.198518E0	-4.048204E-3
3.798381E0	2.292442E0	1.090890E-2
3.831700E0	2.342904E0	5.028738E-2
3.865019E0	2.366752E0	4.416158E-2
3.898338E0	2.405428E0	5.393417E-2
3.931657E0	2.476334E0	5.470732E-2
3.964977E0	2.545925E0	7.257210E-2
3.998296E0	2.607612E0	7.595281E-2
4.031615E0	2.663497E0	8.950099E-2
4.064934E0	2.686922E0	9.657488E-2
4.098253E0	2.715741E0	1.257579E-1
4.131572E0	2.784139E0	1.374149E-1
4.164891E0	2.831709E0	1.604932E-1
4.198210E0	2.851347E0	1.555655E-1
4.231530E0	2.868787E0	1.794204E-1
4.264849E0	2.888295E0	1.700645E-1
4.298168E0	2.922788E0	1.749213E-1
4.331487E0	2.977229E0	1.753633E-1
4.364806E0	3.039575E0	1.712225E-1
4.398125E0	3.102351E0	1.709149E-1
4.431444E0	3.158468E0	1.703646E-1
4.464764E0	3.219512E0	1.604333E-1
4.498083E0	3.258849E0	1.581628E-1
4.531402E0	3.274129E0	1.444520E-1
4.564721E0	3.276818E0	1.476378E-1
4.598040E0	3.290849E0	1.408563E-1
4.631359E0	3.308396E0	1.403469E-1
4.664678E0	3.326608E0	1.455826E-1
4.697997E0	3.335919E0	1.687037E-1
4.731317E0	3.313791E0	2.171916E-1
4.764636E0	3.298613E0	2.332218E-1
4.797955E0	3.341983E0	2.130926E-1
4.831274E0	3.444858E0	2.302081E-1
4.864593E0	3.587943E0	2.588297E-1
4.897912E0	3.682373E0	2.805300E-1
4.931231E0	3.707874E0	2.676182E-1
4.964550E0	3.767556E0	2.722223E-1
4.997870E0	3.875407E0	2.764413E-1
5.031189E0	3.931572E0	2.603002E-1
5.064508E0	3.930219E0	2.625573E-1
5.097827E0	3.977503E0	2.624047E-1
5.131146E0	4.064550E0	2.506482E-1
5.164465E0	4.077964E0	2.254167E-1
5.197784E0	4.080968E0	2.251776E-1
5.231104E0	4.082529E0	2.232190E-1
5.264423E0	4.081667E0	2.206441E-1
5.297742E0	4.082116E0	2.195543E-1
5.331061E0	4.079681E0	2.185238E-1
5.364380E0	4.006808E0	2.248190E-1
5.397699E0	3.736761E0	1.709241E-1
5.431018E0	3.340440E0	9.538130E-2
5.464337E0	2.913788E0	7.018304E-2
5.497657E0	2.711054E0	5.858608E-2
5.530976E0	2.689713E0	5.914047E-2
5.564295E0	2.725836E0	4.405682E-2
5.597614E0	2.765026E0	4.634036E-2
5.630933E0	2.778524E0	4.595369E-2
5.664252E0	2.779782E0	4.910584E-2
5.697571E0	2.775546E0	5.493382E-2
5.730890E0	2.760967E0	6.141563E-2
5.764210E0	2.775722E0	5.218483E-2
5.797529E0	2.859810E0	6.819393E-2
5.830848E0	2.977925E0	9.892168E-2
5.864167E0	3.080553E0	1.245677E-1
5.897486E0	3.172567E0	1.245898E-1
5.930805E0	3.253444E0	1.489153E-1
5.964124E0	3.316260E0	1.529731E-1
5.997444E0	3.390921E0	1.559710E-1
6.030763E0	3.470105E0	1.909748E-1
6.064082E0	3.530398E0	2.087958E-1
6.097401E0	3.575201E0	2.230158E-1
6.130720E0	3.590261E0	2.239677E-1
6.164039E0	3.582434E0	2.401428E-1
6.197358E0	3.584508E0	2.494671E-1
6.230677E0	3.603607E0	2.547766E-1
6.263997E0	3.610022E0	2.581018E-1
6.297316E0	3.625158E0	2.721356E-1
6.330635E0	3.667026E0	2.417937E-1
6.363954E0	3.706509E0	2.557132E-1
6.397273E0	3.761648E0	2.641196E-1
6.430592E0	3.860609E0	2.687722E-1
6.463911E0	3.943209E0	2.647140E-1
6.497230E0	3.981237E0	2.620664E-1
6.530550E0	3.990658E0	2.462807E-1
6.563869E0	3.979532E0	2.476991E-1
6.597188E0	3.954867E0	2.522134E-1
6.630507E0	3.979203E0	2.379217E-1
6.663826E0	4.015124E0	2.579712E-1
6.697145E0	4.025087E0	2.694164E-1
6.730464E0	3.986418E0	3.001875E-1
6.763784E0	3.982404E0	3.025574E-1
6.797103E0	4.035410E0	3.183534E-1
6.830422E0	4.148868E0	3.263779E-1
6.863741E0	4.269137E0	3.531275E-1
6.897060E0	4.361968E0	4.044683E-1
6.930379E0	4.429691E0	4.160232E-1
6.963698E0	4.492097E0	4.077858E-1
6.997017E0	4.527729E0	4.133767E-1
7.030337E0	4.554610E0	4.084152E-1
7.063656E0	4.661137E0	4.095640E-1
7.096975E0	4.768388E0	4.051284E-1
7.130294E0	4.783991E0	4.032202E-1
7.163613E0	4.785494E0	4.076958E-1
7.196932E0	4.790782E0	4.129613E-1
7.230251E0	4.789834E0	4.129492E-1
7.263570E0	4.791290E0	4.154371E-1
7.296890E0	4.791436E0	4.160885E-1
7.330209E0	4.788373E0	4.156208E-1
7.363528E0	4.742277E0	4.145765E-1
7.396847E0	4.512794E0	3.253732E-1
7.430166E0	4.010105E0	2.672729E-1
7.463485E0	3.541743E0	2.081705E-1
7.496804E0	3.190444E0	1.837477E-1
7.530124E0	3.100219E0	1.583857E-1
7.563443E0	3.143843E0	1.293001E-1
7.596762E0	3.205908E0	1.063820E-1
7.630081E0	3.222613E0	1.084439E-1
7.663400E0	3.262371E0	1.102872E-1
7.696719E0	3.291122E0	9.759986E-2
7.730038E0	3.284210E0	9.910735E-2
7.763357E0	3.303303E0	1.232586E-1
7.796677E0	3.359005E0	1.287549E-1
7.829996E0	3.377063E0	1.327794E-1
7.863315E0	3.433677E0	1.487383E-1
7.896634E0	3.534249E0	1.676406E-1
7.929953E0	3.638057E0	2.011847E-1
7.963272E0	3.721643E0	1.908194E-1
7.996591E0	3.781743E0	2.099825E-1
8.029910E0	3.816396E0	2.258238E-1
8.063230E0	3.818547E0	2.187106E-1
8.096549E0	3.831101E0	2.143511E-1
8.129868E0	3.863704E0	2.415914E-1
8.163187E0	3.873774E0	2.682196E-1
8.196506E0	3.907233E0	2.760584E-1
8.229825E0	3.920645E0	2.648467E-1
8.263144E0	3.936324E0	2.596735E-1
8.296464E0	3.968594E0	2.694877E-1
8.329783E0	4.038569E0	2.621004E-1
8.363102E0	4.111460E0	2.821809E-1
8.396421E0	4.201145E0	2.808088E-1
8.429740E0	4.295643E0	3.026099E-1
8.463059E0	4.359936E0	3.024117E-1
8.496378E0	4.371353E0	2.897641E-1
8.529697E0	4.396125E0	3.069502E-1
8.563017E0	4.412008E0	2.921006E-1
8.596336E0	4.404313E0	2.734221E-1
8.629655E0	4.413334E0	2.546013E-1
8.662974E0	4.425649E0	2.542013E-1
8.696293E0	4.435714E0	2.546054E-1
8.729612E0	4.441142E0	2.672413E-1
8.762931E0	4.461715E0	2.615235E-1
8.796250E0	4.499911E0	2.700283E-1
8.829570E0	4.577092E0	2.711849E-1
8.862889E0	4.698470E0	2.945948E-1
8.896208E0	4.802686E0	3.526839E-1
8.929527E0	4.881456E0	3.903763E-1
8.962846E0	4.944912E0	3.833934E-1
8.996165E0	5.009353E0	3.862294E-1
9.029484E0	5.071809E0	3.685346E-1
9.062804E0	5.106279E0	3.642662E-1
9.096123E0	5.157911E0	3.624061E-1
9.129442E0	5.262901E0	3.602624E-1
9.162761E0	5.311398E0	3.630286E-1
9.196080E0	5.290999E0	3.547317E-1
9.229399E0	5.301047E0	3.573624E-1
9.262718E0	5.293026E0	3.577858E-1
9.296037E0	5.290821E0	3.605472E-1
9.329357E0	5.280509E0	3.616675E-1
9.362676E0	5.225503E0	3.645328E-1
9.395995E0	5.024198E0	3.103871E-1
9.429314E0	4.659995E0	2.882975E-1
9.462633E0	4.318441E0	2.454439E-1
9.495952E0	4.097975E0	2.604808E-1
9.529271E0	4.141727E0	2.517288E-1
9.562591E0	4.215517E0	2.147850E-1
9.595910E0	4.239695E0	2.268514E-1
9.629229E0	4.244497E0	2.226501E-1
9.662548E0	4.244839E0	2.203300E-1
9.695867E0	4.245689E0	2.170581E-1
9.729186E0	4.228909E0	2.211710E-1
9.762505E0	4.259005E0	2.063221E-1
9.795824E0	4.321089E0	2.064718E-1
9.829144E0	4.318368E0	2.377142E-1
9.862463E0	4.319289E0	2.462591E-1
9.895782E0	4.388154E0	2.737175E-1
9.929101E0	4.504453E0	2.898384E-1
9.962420E0	4.587252E0	2.883284E-1
9.995739E0	4.677552E0	3.087018E-1
1.002906E1	4.741060E0	3.279915E-1
1.006238E1	4.790637E0	3.376257E-1
1.009570E1	4.790581E0	3.396607E-1
1.012902E1	4.787117E0	3.397794E-1
1.016233E1	4.804017E0	3.585113E-1
1.019565E1	4.818278E0	3.629879E-1
1.022897E1	4.841840E0	3.765482E-1
1.026229E1	4.868930E0	3.679026E-1
1.029561E1	4.910992E0	3.785810E-1
1.032893E1	4.975906E0	3.755313E-1
1.036225E1	5.053563E0	3.967385E-1
1.039557E1	5.129181E0	3.950067E-1
1.042889E1	5.202266E0	4.249859E-1
1.046221E1	5.244592E0	4.137096E-1
1.049553E1	5.272572E0	4.278108E-1
1.052885E1	5.293230E0	4.077921E-1
1.056216E1	5.291743E0	3.745142E-1
1.059548E1	5.297055E0	3.578462E-1
1.062880E1	5.325609E0	3.678148E-1
1.066212E1	5.349157E0	3.622215E-1
1.069544E1	5.334012E0	3.843166E-1
1.072876E1	5.279602E0	4.135299E-1
1.076208E1	5.304402E0	4.160435E-1
1.079540E1	5.354834E0	4.282240E-1
1.082872E1	5.427956E0	4.571801E-1
1.086204E1	5.541402E0	4.781872E-1
1.089536E1	5.692787E0	5.406228E-1
1.092867E1	5.776812E0	5.515331E-1
1.096199E1	5.769891E0	5.411654E-1
1.099531E1	5.839821E0	5.391057E-1
1.102863E1	5.964579E0	5.410186E-1
1.106195E1	5.999588E0	4.946855E-1
1.109527E1	6.031056E0	5.015927E-1
1.112859E1	6.093110E0	5.100602E-1
1.116191E1	6.138153E0	5.177603E-1
1.119523E1	6.141090E0	5.201160E-1
1.122855E1	6.142928E0	5.216348E-1
1.126187E1	6.145074E0	5.233351E-1
1.129519E1	6.144813E0	5.231531E-1
1.132850E1	6.140217E0	5.254783E-1
1.136182E1	6.079133E0	5.253131E-1
1.139514E1	5.818658E0	4.693213E-1
1.142846E1	5.453339E0	4.005224E-1
1.146178E1	5.007714E0	3.596943E-1
1.149510E1	4.689349E0	3.293201E-1
1.152842E1	4.619033E0	3.217505E-1
1.156174E1	4.675650E0	2.975154E-1
1.159506E1	4.697752E0	2.814612E-1
1.162838E1	4.737182E0	3.003337E-1
1.166170E1	4.746666E0	2.998600E-1
1.169501E1	4.728682E0	3.092171E-1
1.172833E1	4.729472E0	3.101269E-1
1.176165E1	4.740189E0	3.061368E-1
1.179497E1	4.836472E0	3.121644E-1
1.182829E1	4.940714E0	3.489211E-1
1.186161E1	4.998259E0	3.731317E-1
1.189493E1	5.078322E0	3.693024E-1
1.192825E1	5.170287E0	3.853279E-1
1.196157E1	5.272686E0	3.944827E-1
1.199489E1	5.389389E0	4.162368E-1
1.202821E1	5.484658E0	4.451640E-1
1.206153E1	5.552333E0	4.453401E-1
1.209484E1	5.612259E0	4.532859E-1
1.212816E1	5.651716E0	4.760318E-1
1.216148E1	5.659542E0	4.862653E-1
1.219480E1	5.635656E0	4.986605E-1
1.222812E1	5.634837E0	4.796862E-1
1.226144E1	5.647347E0	5.039506E-1
1.229476E1	5.652252E0	5.140677E-1
1.232808E1	5.681779E0	5.020005E-1
1.236140E1	5.713250E0	5.202499E-1
1.239472E1	5.767432E0	5.296624E-1
1.242804E1	5.824479E0	5.356407E-1
1.246135E1	5.897960E0	5.315556E-1
1.249467E1	5.980247E0	5.399022E-1
1.252799E1	6.031145E0	5.373486E-1
1.256131E1	6.059203E0	5.219443E-1
1.259463E1	6.094679E0	5.281630E-1
1.262795E1	6.129633E0	5.421372E-1
1.266127E1	6.198470E0	5.604682E-1
1.269459E1	6.274097E0	5.763282E-1
1.272791E1	6.356618E0	6.022755E-1
1.276123E1	6.412439E0	6.162308E-1
1.279455E1	6.423391E0	6.161460E-1
1.282787E1	6.486869E0	6.190445E-1
1.286118E1	6.629476E0	6.407843E-1
1.289450E1	6.756209E0	6.425061E-1
1.292782E1	6.820788E0	6.537498E-1
1.296114E1	6.860111E0	6.774613E-1
1.299446E1	6.921980E0	6.882783E-1
1.302778E1	7.009444E0	7.019679E-1
1.306110E1	7.076298E0	6.908831E-1
1.309442E1	7.085018E0	6.821133E-1
1.312774E1	7.126002E0	6.798359E-1
1.316106E1	7.151223E0	6.636401E-1
1.319438E1	7.148996E0	6.688927E-1
1.322769E1	7.145266E0	6.732792E-1
1.326101E1	7.143677E0	6.762501E-1
1.329433E1	7.140298E0	6.788030E-1
1.332765E1	7.135752E0	6.806369E-1
1.336097E1	7.088056E0	6.661522E-1
1.339429E1	6.918258E0	6.106840E-1
1.342761E1	6.538834E0	5.256846E-1
1.346093E1	6.147730E0	4.897744E-1
1.349425E1	5.878445E0	5.174050E-1
1.352757E1	5.822447E0	5.410257E-1
1.356089E1	5.879662E0	4.801163E-1
1.359421E1	5.941039E0	4.520959E-1
1.362752E1	5.939696E0	4.704898E-1
1.366084E1	5.942423E0	4.706371E-1
1.369416E1	5.949218E0	4.699218E-1
1.372748E1	5.917297E0	4.911176E-1
1.376080E1	5.936431E0	4.806329E-1
1.379412E1	5.992019E0	4.870335E-1
1.382744E1	6.041228E0	5.088404E-1
1.386076E1	6.088742E0	5.236171E-1
1.389408E1	6.182427E0	5.383339E-1
1.392740E1	6.293705E0	5.511199E-1
1.396072E1	6.384253E0	5.366962E-1
1.399403E1	6.465612E0	5.655864E-1
1.402735E1	6.518553E0	5.918360E-1
1.406067E1	6.534989E0	5.931629E-1
1.409399E1	6.525429E0	5.973521E-1
1.412731E1	6.538460E0	6.106402E-1
1.416063E1	6.576725E0	6.358138E-1
1.419395E1	6.599190E0	6.361841E-1
1.422727E1	6.599289E0	6.433249E-1
1.426059E1	6.632155E0	6.475330E-1
1.429391E1	6.679944E0	6.508065E-1
1.432723E1	6.746497E0	6.482821E-1
1.436055E1	6.810544E0	6.496234E-1
1.439386E1	6.873051E0	6.511329E-1
1.442718E1	6.955272E0	6.769727E-1
1.446050E1	7.026558E0	6.807818E-1
1.449382E1	7.063851E0	6.782788E-1
1.452714E1	7.071423E0	6.618721E-1
1.456046E1	7.073865E0	6.617849E-1
1.459378E1	7.086189E0	6.502673E-1
1.462710E1	7.093234E0	6.430849E-1
1.466042E1	7.048998E0	6.683324E-1
1.469374E1	7.022717E0	6.998894E-1
1.472706E1	7.053744E0	7.119700E-1
1.476037E1	7.117486E0	7.224354E-1
1.479369E1	7.140331E0	7.211278E-1
1.482701E1	7.198473E0	7.312826E-1
1.486033E1	7.319422E0	7.407575E-1
1.489365E1	7.458023E0	7.953004E-1
1.492697E1	7.529564E0	8.105616E-1
1.496029E1	7.570080E0	8.113442E-1
1.499361E1	7.682762E0	8.227080E-1
1.502693E1	7.746661E0	8.112098E-1
1.506025E1	7.761926E0	8.069148E-1
1.509357E1	7.813592E0	8.061410E-1
1.512689E1	7.881754E0	7.939087E-1
1.516020E1	7.920309E0	7.789511E-1
1.519352E1	7.911472E0	7.835401E-1
1.522684E1	7.906961E0	7.857315E-1
1.526016E1	7.904389E0	7.869502E-1
1.529348E1	7.902289E0	7.877699E-1
1.532680E1	7.898447E0	7.895493E-1
1.536012E1	7.850732E0	7.783663E-1
1.539344E1	7.651178E0	7.438307E-1
1.542676E1	7.281900E0	6.862977E-1
1.546008E1	6.902811E0	6.398719E-1
1.549340E1	6.616553E0	6.345585E-1
1.552671E1	6.532287E0	5.990164E-1
1.556003E1	6.593770E0	5.638391E-1
1.559335E1	6.656881E0	5.470258E-1
1.562667E1	6.701920E0	5.735154E-1
1.565999E1	6.715051E0	5.702476E-1
1.569331E1	6.706776E0	5.754290E-1
1.572663E1	6.690865E0	5.794893E-1
1.575995E1	6.693359E0	5.804344E-1
1.579327E1	6.725182E0	5.907749E-1
1.582659E1	6.774846E0	5.842113E-1
1.585991E1	6.852515E0	6.347374E-1
1.589323E1	6.958650E0	6.405797E-1
1.592654E1	7.039218E0	6.410102E-1
1.595986E1	7.126539E0	6.641464E-1
1.599318E1	7.197823E0	6.758476E-1
1.602650E1	7.280698E0	7.108392E-1
1.605982E1	7.367041E0	7.058288E-1
1.609314E1	7.428285E0	7.234338E-1
1.612646E1	7.446390E0	7.553384E-1
1.615978E1	7.422660E0	7.471776E-1
1.619310E1	7.396570E0	7.554750E-1
1.622642E1	7.409477E0	7.625071E-1
1.625974E1	7.416878E0	7.704992E-1
1.629305E1	7.415211E0	7.790315E-1
1.632637E1	7.452627E0	7.902872E-1
1.635969E1	7.499128E0	8.005608E-1
1.639301E1	7.564264E0	8.079517E-1
1.642633E1	7.637681E0	8.174786E-1
1.645965E1	7.740276E0	8.311562E-1
1.649297E1	7.834253E0	8.519269E-1
1.652629E1	7.903039E0	8.578278E-1
1.655961E1	7.960491E0	8.652901E-1
1.659293E1	8.037814E0	8.932472E-1
1.662625E1	8.074798E0	8.814386E-1
1.665957E1	8.103642E0	8.979838E-1
1.669288E1	8.123939E0	8.831162E-1
1.672620E1	8.122606E0	8.897153E-1
1.675952E1	8.117270E0	9.100740E-1
1.679284E1	8.134088E0	9.036217E-1
1.682616E1	8.204754E0	9.349743E-1
1.685948E1	8.329271E0	9.510879E-1
1.689280E1	8.446295E0	9.573122E-1
1.692612E1	8.509901E0	9.514307E-1
1.695944E1	8.588082E0	9.721849E-1
1.699276E1	8.674045E0	9.924079E-1
1.702608E1	8.715853E0	1.005951E0
1.705939E1	8.781817E0	1.003922E0
1.709271E1	8.829969E0	1.009195E0
1.712603E1	8.865242E0	1.014578E0
1.715935E1	8.894833E0	1.001665E0
1.719267E1	8.889994E0	1.003757E0
1.722599E1	8.884966E0	1.005536E0
1.725931E1	8.883443E0	1.005354E0
1.729263E1	8.882004E0	1.005757E0
1.732595E1	8.880371E0	1.006268E0
1.735927E1	8.840181E0	9.912354E-1
1.739259E1	8.685584E0	9.595147E-1
1.742591E1	8.362496E0	8.881791E-1
1.745922E1	7.992363E0	8.211174E-1
1.749254E1	7.720181E0	8.298033E-1
1.752586E1	7.662284E0	8.238561E-1
1.755918E1	7.735840E0	7.478912E-1
1.759250E1	7.780925E0	7.406632E-1
1.762582E1	7.788204E0	7.713494E-1
1.765914E1	7.796143E0	7.727066E-1
1.769246E1	7.775343E0	7.847901E-1
1.772578E1	7.778888E0	7.850017E-1
1.775910E1	7.787294E0	7.834100E-1
1.779242E1	7.860282E0	7.778977E-1
1.782573E1	7.933458E0	8.107079E-1
1.785905E1	7.994875E0	8.194226E-1
1.789237E1	8.068059E0	8.261615E-1
1.792569E1	8.127173E0	8.368523E-1
1.795901E1	8.201905E0	8.534735E-1
1.799233E1	8.280784E0	8.554833E-1
1.802565E1	8.332555E0	8.901603E-1
1.805897E1	8.352501E0	8.921530E-1
1.809229E1	8.343605E0	8.925534E-1
1.812561E1	8.328384E0	9.007213E-1
1.815893E1	8.345975E0	9.324407E-1
1.819225E1	8.388853E0	9.552765E-1
1.822556E1	8.437281E0	9.647735E-1
1.825888E1	8.507779E0	9.842874E-1
1.829220E1	8.581651E0	1.010063E0
1.832552E1	8.671047E0	1.005793E0
1.835884E1	8.749930E0	1.033984E0
1.839216E1	8.812003E0	1.052442E0
1.842548E1	8.873769E0	1.065246E0
1.845880E1	8.937037E0	1.062411E0
1.849212E1	8.986023E0	1.064567E0
1.852544E1	9.026190E0	1.077032E0
1.855876E1	9.052385E0	1.063171E0
1.859207E1	9.084946E0	1.068750E0
1.862539E1	9.104119E0	1.060677E0
1.865871E1	9.102304E0	1.059979E0
1.869203E1	9.096254E0	1.062003E0
1.872535E1	9.096284E0	1.059966E0
1.875867E1	9.106869E0	1.042212E0
1.879199E1	9.143046E0	1.043439E0
1.882531E1	9.251211E0	1.054285E0
1.885863E1	9.371047E0	1.074293E0
1.889195E1	9.472926E0	1.104289E0
1.892527E1	9.522169E0	1.101722E0
1.895859E1	9.576507E0	1.100150E0
1.899190E1	9.612955E0	1.118939E0
1.902522E1	9.661269E0	1.101088E0
1.905854E1	9.748812E0	1.105778E0
1.909186E1	9.840469E0	1.114967E0
1.912518E1	9.866730E0	1.102354E0
1.915850E1	9.860163E0	1.097179E0
1.919182E1	9.865167E0	1.100921E0
1.922514E1	9.862549E0	1.101702E0
1.925846E1	9.861085E0	1.101773E0
1.929178E1	9.859728E0	1.102602E0
1.932510E1	9.858123E0	1.103408E0
1.935841E1	9.809783E0	1.092106E0
1.939173E1	9.557880E0	1.055289E0
1.942505E1	9.137469E0	9.904526E-1
1.945837E1	8.667137E0	9.139851E-1
1.949169E1	8.325203E0	9.065969E-1
1.952501E1	8.266574E0	9.168777E-1
1.955833E1	8.372312E0	8.868363E-1
1.959165E1	8.390638E0	8.646967E-1
1.962497E1	8.396988E0	8.610785E-1
1.965829E1	8.423250E0	8.716434E-1
1.969161E1	8.430369E0	8.759478E-1
1.972493E1	8.432307E0	8.814719E-1
1.975824E1	8.441171E0	8.827637E-1
1.979156E1	8.491575E0	8.942645E-1
1.982488E1	8.544971E0	9.098321E-1
1.985820E1	8.596120E0	9.143776E-1
1.989152E1	8.657164E0	9.123828E-1
1.992484E1	8.722661E0	9.164966E-1
1.995816E1	8.811300E0	9.378057E-1
1.999148E1	8.889926E0	9.424443E-1
2.002480E1	8.950982E0	9.617196E-1
2.005812E1	9.001927E0	9.851266E-1
2.009144E1	9.026273E0	1.016298E0
2.012475E1	9.070580E0	1.046421E0
2.015807E1	9.130356E0	1.063700E0
2.019139E1	9.166801E0	1.060882E0
2.022471E1	9.198899E0	1.098216E0
2.025803E1	9.248301E0	1.112907E0
2.029135E1	9.293759E0	1.123479E0
2.032467E1	9.341970E0	1.128657E0
2.035799E1	9.387984E0	1.114241E0
2.039131E1	9.440134E0	1.116704E0
2.042463E1	9.506410E0	1.132231E0
2.045795E1	9.589093E0	1.130555E0
2.049127E1	9.660309E0	1.143025E0
2.052458E1	9.711128E0	1.163947E0
2.055790E1	9.748612E0	1.181181E0
2.059122E1	9.823094E0	1.176422E0
2.062454E1	9.810874E0	1.155971E0
2.065786E1	9.771940E0	1.136145E0
2.069118E1	9.787884E0	1.161186E0
2.072450E1	9.822334E0	1.159231E0
2.075782E1	9.838579E0	1.180895E0
2.079114E1	9.864212E0	1.175569E0
2.082446E1	9.951575E0	1.183406E0
2.085778E1	1.006879E1	1.198413E0
2.089109E1	1.014616E1	1.205897E0
2.092441E1	1.021663E1	1.229479E0
2.095773E1	1.024943E1	1.224863E0
2.099105E1	1.025652E1	1.223848E0
2.102437E1	1.035757E1	1.242220E0
2.105769E1	1.051047E1	1.274766E0
2.109101E1	1.057277E1	1.275374E0
2.112433E1	1.057104E1	1.272126E0
2.115765E1	1.060311E1	1.273456E0
2.119097E1	1.061974E1	1.268806E0
2.122429E1	1.061772E1	1.268891E0
2.125761E1	1.061672E1	1.269907E0
2.129092E1	1.061767E1	1.270105E0
2.132424E1	1.061695E1	1.269901E0
2.135756E1	1.057930E1	1.256847E0
2.139088E1	1.040694E1	1.182217E0
2.142420E1	9.971576E0	1.119641E0
2.145752E1	9.591287E0	1.050347E0
2.149084E1	9.251693E0	1.012439E0
2.152416E1	9.176467E0	1.062066E0
2.155748E1	9.264227E0	9.803574E-1
2.159080E1	9.275129E0	9.818100E-1
2.162412E1	9.292464E0	9.979235E-1
2.165743E1	9.295624E0	1.002251E0
2.169075E1	9.298482E0	1.002043E0
2.172407E1	9.270749E0	9.969882E-1
2.175739E1	9.272061E0	9.953617E-1
2.179071E1	9.370792E0	1.000347E0
2.182403E1	9.455642E0	1.046970E0
2.185735E1	9.488317E0	1.037863E0
2.189067E1	9.526153E0	1.049615E0
2.192399E1	9.622044E0	1.072916E0
2.195731E1	9.724678E0	1.074220E0
2.199063E1	9.807918E0	1.078678E0
2.202395E1	9.871475E0	1.099864E0
2.205726E1	9.903609E0	1.131274E0
2.209058E1	9.932081E0	1.141864E0
2.212390E1	9.953784E0	1.172407E0
2.215722E1	1.000963E1	1.195948E0
2.219054E1	1.005299E1	1.221208E0
2.222386E1	1.009499E1	1.223562E0
2.225718E1	1.015121E1	1.248576E0
2.229050E1	1.020115E1	1.248727E0
2.232382E1	1.027282E1	1.259592E0
2.235714E1	1.035213E1	1.262846E0
2.239046E1	1.043829E1	1.283083E0
2.242377E1	1.055041E1	1.306205E0
2.245709E1	1.064337E1	1.314894E0
2.249041E1	1.071337E1	1.338640E0
2.252373E1	1.076519E1	1.350335E0
2.255705E1	1.076260E1	1.369820E0
2.259037E1	1.077441E1	1.380119E0
2.262369E1	1.071693E1	1.359100E0
2.265701E1	1.072802E1	1.364198E0
2.269033E1	1.077683E1	1.380351E0
2.272365E1	1.082351E1	1.389353E0
2.275697E1	1.084438E1	1.379390E0
2.279029E1	1.087409E1	1.390217E0
2.282360E1	1.095131E1	1.385812E0
2.285692E1	1.105968E1	1.385121E0
2.289024E1	1.113190E1	1.374914E0
2.292356E1	1.116553E1	1.378545E0
2.295688E1	1.124895E1	1.395689E0
2.299020E1	1.139585E1	1.407518E0
2.302352E1	1.148135E1	1.447165E0
2.305684E1	1.148403E1	1.446059E0
2.309016E1	1.154595E1	1.441838E0
2.312348E1	1.163731E1	1.446202E0
2.315680E1	1.168114E1	1.443469E0
2.319011E1	1.167948E1	1.434410E0
2.322343E1	1.168682E1	1.434928E0
2.325675E1	1.169082E1	1.434237E0
2.329007E1	1.169150E1	1.431549E0
2.332339E1	1.169480E1	1.431650E0
2.335671E1	1.164972E1	1.427481E0
2.339003E1	1.154196E1	1.361004E0
2.342335E1	1.115390E1	1.284185E0
2.345667E1	1.078634E1	1.206878E0
2.348999E1	1.050429E1	1.221779E0
2.352331E1	1.043581E1	1.281871E0
2.355663E1	1.057250E1	1.256084E0
2.358994E1	1.065919E1	1.240206E0
2.362326E1	1.067451E1	1.254352E0
2.365658E1	1.067411E1	1.256516E0
2.368990E1	1.067257E1	1.257603E0
2.372322E1	1.067006E1	1.259341E0
2.375654E1	1.067776E1	1.255807E0
2.378986E1	1.073817E1	1.256056E0
2.382318E1	1.074680E1	1.275554E0
2.385650E1	1.076069E1	1.274509E0
2.388982E1	1.079160E1	1.262606E0
2.392314E1	1.082141E1	1.278263E0
2.395645E1	1.086533E1	1.288119E0
2.398977E1	1.087766E1	1.285195E0
2.402309E1	1.094126E1	1.316700E0
2.405641E1	1.103588E1	1.355498E0
2.408973E1	1.113203E1	1.370654E0
2.412305E1	1.119964E1	1.396741E0
2.415637E1	1.125272E1	1.417944E0
2.418969E1	1.126667E1	1.424863E0
2.422301E1	1.126691E1	1.432237E0
2.425633E1	1.129005E1	1.431155E0
2.428965E1	1.132610E1	1.431484E0
2.432297E1	1.138966E1	1.427937E0
2.435628E1	1.147284E1	1.460581E0
2.438960E1	1.156795E1	1.470025E0
2.442292E1	1.163595E1	1.495305E0
2.445624E1	1.169856E1	1.503098E0
2.448956E1	1.177704E1	1.512692E0
2.452288E1	1.185116E1	1.542697E0
2.455620E1	1.192619E1	1.549186E0
2.458952E1	1.198403E1	1.561585E0
2.462284E1	1.201871E1	1.587546E0
2.465616E1	1.206148E1	1.592222E0
2.468948E1	1.205623E1	1.537593E0
2.472279E1	1.203551E1	1.532243E0
2.475611E1	1.205380E1	1.539304E0
2.478943E1	1.209023E1	1.543042E0
2.482275E1	1.217822E1	1.560517E0
2.485607E1	1.230317E1	1.571036E0
2.488939E1	1.241057E1	1.577216E0
2.492271E1	1.246190E1	1.586916E0
2.495603E1	1.249740E1	1.611330E0
2.498935E1	1.257986E1	1.618454E0
2.502267E1	1.268936E1	1.633148E0
2.505599E1	1.270177E1	1.632533E0
2.508931E1	1.268803E1	1.633268E0
2.512262E1	1.274181E1	1.630368E0
2.515594E1	1.273408E1	1.632588E0
2.518926E1	1.273892E1	1.633469E0
2.522258E1	1.273923E1	1.632837E0
2.525590E1	1.274004E1	1.632856E0
2.528922E1	1.274033E1	1.633583E0
2.532254E1	1.274052E1	1.633644E0
2.535586E1	1.269795E1	1.631137E0
2.538918E1	1.258996E1	1.586713E0
2.542250E1	1.230314E1	1.521963E0
2.545582E1	1.192814E1	1.436584E0
2.548913E1	1.159380E1	1.406730E0
2.552245E1	1.149060E1	1.443364E0
2.555577E1	1.154778E1	1.418402E0
2.558909E1	1.161328E1	1.391887E0
2.562241E1	1.164895E1	1.416356E0
2.565573E1	1.165089E1	1.418837E0
2.568905E1	1.165214E1	1.420300E0
2.572237E1	1.165460E1	1.418699E0
2.575569E1	1.165528E1	1.418378E0
2.578901E1	1.171437E1	1.416045E0
2.582233E1	1.177157E1	1.429098E0
2.585565E1	1.184906E1	1.446671E0
2.588896E1	1.195201E1	1.475363E0
2.592228E1	1.205163E1	1.481555E0
2.595560E1	1.213864E1	1.492022E0
2.598892E1	1.221492E1	1.508981E0
2.602224E1	1.227698E1	1.523825E0
2.605556E1	1.230810E1	1.548976E0
2.608888E1	1.230524E1	1.564165E0
2.612220E1	1.226710E1	1.563227E0
2.615552E1	1.223693E1	1.575710E0
2.618884E1	1.224815E1	1.589244E0
2.622216E1	1.229113E1	1.611545E0
2.625547E1	1.234691E1	1.609466E0
2.628879E1	1.241653E1	1.611030E0
2.632211E1	1.251088E1	1.635366E0
2.635543E1	1.260198E1	1.640522E0
2.638875E1	1.268766E1	1.654835E0
2.642207E1	1.277865E1	1.673635E0
2.645539E1	1.284951E1	1.688689E0
2.648871E1	1.290522E1	1.702860E0
2.652203E1	1.295701E1	1.712156E0
2.655535E1	1.300441E1	1.705576E0
2.658867E1	1.302317E1	1.699461E0
2.662199E1	1.303145E1	1.700753E0
2.665530E1	1.301128E1	1.691201E0
2.668862E1	1.299976E1	1.687312E0
2.672194E1	1.301009E1	1.693808E0
2.675526E1	1.301973E1	1.696118E0
2.678858E1	1.304505E1	1.705327E0
2.682190E1	1.311468E1	1.709583E0
2.685522E1	1.323648E1	1.714973E0
2.688854E1	1.335237E1	1.721918E0
2.692186E1	1.340974E1	1.730143E0
2.695518E1	1.346741E1	1.742579E0
2.698850E1	1.354327E1	1.776399E0
2.702181E1	1.355795E1	1.786922E0
2.705513E1	1.360161E1	1.789648E0
2.708845E1	1.373002E1	1.801465E0
2.712177E1	1.381237E1	1.798077E0
2.715509E1	1.383534E1	1.783921E0
2.718841E1	1.382572E1	1.792441E0
2.722173E1	1.382622E1	1.793824E0
2.725505E1	1.382787E1	1.792892E0
2.728837E1	1.382800E1	1.794078E0
2.732169E1	1.383023E1	1.795494E0
2.735501E1	1.380271E1	1.799176E0
2.738833E1	1.370442E1	1.759614E0
2.742164E1	1.332994E1	1.692164E0
2.745496E1	1.292206E1	1.614452E0
2.748828E1	1.259181E1	1.622602E0
2.752160E1	1.252023E1	1.658278E0
2.755492E1	1.257594E1	1.632778E0
2.758824E1	1.263775E1	1.600245E0
2.762156E1	1.267483E1	1.624868E0
2.765488E1	1.268362E1	1.624773E0
2.768820E1	1.268045E1	1.630220E0
2.772152E1	1.268184E1	1.631987E0
2.775484E1	1.268435E1	1.630320E0
2.778815E1	1.274391E1	1.627567E0
2.782147E1	1.279959E1	1.642534E0
2.785479E1	1.284679E1	1.659590E0
2.788811E1	1.293802E1	1.679782E0
2.792143E1	1.302873E1	1.686329E0
2.795475E1	1.311365E1	1.697232E0
2.798807E1	1.319476E1	1.702233E0
2.802139E1	1.327865E1	1.736949E0
2.805471E1	1.334636E1	1.752856E0
2.808803E1	1.338493E1	1.770190E0
2.812135E1	1.340512E1	1.772243E0
2.815467E1	1.337407E1	1.795283E0
2.818798E1	1.334669E1	1.788935E0
2.822130E1	1.334652E1	1.798932E0
2.825462E1	1.337016E1	1.820854E0
2.828794E1	1.338621E1	1.822021E0
2.832126E1	1.340932E1	1.809817E0
2.835458E1	1.343240E1	1.809788E0
2.838790E1	1.348138E1	1.806888E0
2.842122E1	1.354807E1	1.807115E0
2.845454E1	1.363170E1	1.804500E0
2.848786E1	1.372887E1	1.817940E0
2.852118E1	1.380938E1	1.832274E0
2.855449E1	1.386518E1	1.840248E0
2.858781E1	1.393525E1	1.838143E0
2.862113E1	1.400719E1	1.846142E0
2.865445E1	1.405316E1	1.860445E0
2.868777E1	1.408470E1	1.865780E0
2.872109E1	1.413136E1	1.866801E0
2.875441E1	1.419870E1	1.873597E0
2.878773E1	1.424830E1	1.883068E0
2.882105E1	1.428673E1	1.881928E0
2.885437E1	1.438093E1	1.895750E0
2.888769E1	1.446023E1	1.909226E0
2.892101E1	1.449281E1	1.893973E0
2.895432E1	1.456886E1	1.900283E0
2.898764E1	1.467336E1	1.912629E0
2.902096E1	1.477122E1	1.954685E0
2.905428E1	1.484816E1	2.016111E0
2.908760E1	1.487609E1	2.011169E0
2.912092E1	1.489439E1	2.019795E0
2.915424E1	1.493261E1	2.006795E0
2.918756E1	1.495498E1	2.017477E0
2.922088E1	1.496055E1	2.014806E0
2.925420E1	1.496367E1	2.014128E0
2.928752E1	1.496895E1	2.014549E0
2.932083E1	1.496817E1	2.013415E0
2.935415E1	1.494199E1	2.001595E0
2.938747E1	1.486424E1	1.972398E0
2.942079E1	1.448111E1	1.910468E0
2.945411E1	1.409613E1	1.802970E0
2.948743E1	1.373006E1	1.774122E0
2.952075E1	1.363814E1	1.778349E0
2.955407E1	1.365392E1	1.779579E0
2.958739E1	1.372997E1	1.781808E0
2.962071E1	1.379101E1	1.795721E0
2.965403E1	1.379822E1	1.800043E0
2.968735E1	1.379259E1	1.797491E0
2.972066E1	1.378717E1	1.799386E0
2.975398E1	1.378203E1	1.801647E0
2.978730E1	1.380553E1	1.813793E0
2.982062E1	1.382602E1	1.818694E0
2.985394E1	1.388274E1	1.834802E0
2.988726E1	1.399772E1	1.846766E0
2.992058E1	1.408580E1	1.882540E0
2.995390E1	1.415822E1	1.894913E0
2.998722E1	1.423626E1	1.903304E0
3.002054E1	1.431427E1	1.939537E0
3.005386E1	1.437290E1	1.951575E0
3.008718E1	1.438453E1	1.952678E0
3.012049E1	1.433973E1	1.944481E0
3.015381E1	1.427691E1	1.949227E0
3.018713E1	1.426617E1	1.952691E0
3.022045E1	1.427575E1	1.963938E0
3.025377E1	1.428845E1	1.956009E0
3.028709E1	1.434028E1	1.937521E0
3.032041E1	1.438362E1	1.946444E0
3.035373E1	1.443832E1	1.959204E0
3.038705E1	1.451544E1	1.971529E0
3.042037E1	1.459892E1	1.960285E0
3.045369E1	1.468078E1	1.956111E0
3.048700E1	1.473656E1	1.947780E0
3.052032E1	1.475910E1	1.951691E0
3.055364E1	1.476763E1	1.948242E0
3.058696E1	1.477650E1	1.938662E0
3.062028E1	1.477768E1	1.942593E0
3.065360E1	1.478912E1	1.970040E0
3.068692E1	1.485234E1	1.997094E0
3.072024E1	1.491396E1	2.018108E0
3.075356E1	1.490397E1	2.071495E0
3.078688E1	1.490707E1	2.115697E0
3.082020E1	1.497234E1	2.133741E0
3.085352E1	1.511720E1	2.153493E0
3.088683E1	1.524782E1	2.173377E0
3.092015E1	1.529071E1	2.177953E0
3.095347E1	1.534917E1	2.178175E0
3.098679E1	1.543232E1	2.179043E0
3.102011E1	1.544660E1	2.173641E0
3.105343E1	1.550137E1	2.173077E0
3.108675E1	1.558889E1	2.165474E0
3.112007E1	1.564507E1	2.149895E0
3.115339E1	1.564586E1	2.144515E0
3.118671E1	1.563177E1	2.156937E0
3.122003E1	1.563134E1	2.157528E0
3.125334E1	1.562995E1	2.158278E0
3.128666E1	1.563037E1	2.161106E0
3.131998E1	1.563166E1	2.162297E0
3.135330E1	1.560541E1	2.167037E0
3.138662E1	1.546690E1	2.126035E0
3.141994E1	1.503928E1	2.043976E0
3.145326E1	1.454384E1	1.970473E0
3.148658E1	1.414503E1	1.941725E0
3.151990E1	1.404929E1	1.943869E0
3.155322E1	1.404484E1	1.950451E0
3.158654E1	1.408302E1	1.950163E0
3.161986E1	1.413103E1	1.977221E0
3.165317E1	1.416556E1	1.963530E0
3.168649E1	1.414916E1	1.963745E0
3.171981E1	1.414391E1	1.972560E0
3.175313E1	1.415082E1	1.963527E0
3.178645E1	1.418472E1	1.967307E0
3.181977E1	1.424982E1	1.961813E0
3.185309E1	1.430213E1	1.985566E0
3.188641E1	1.442272E1	2.013198E0
3.191973E1	1.454546E1	2.040510E0
3.195305E1	1.459703E1	2.061398E0
3.198637E1	1.463848E1	2.076673E0
3.201968E1	1.469922E1	2.088240E0
3.205300E1	1.475041E1	2.099010E0
3.208632E1	1.478046E1	2.106363E0
3.211964E1	1.478504E1	2.133252E0
3.215296E1	1.480374E1	2.127565E0
3.218628E1	1.482229E1	2.132944E0
3.221960E1	1.483920E1	2.143394E0
3.225292E1	1.486593E1	2.129332E0
3.228624E1	1.490386E1	2.127006E0
3.231956E1	1.497171E1	2.126595E0
3.235288E1	1.506905E1	2.136666E0
3.238620E1	1.517721E1	2.135775E0
3.241951E1	1.525265E1	2.125367E0
3.245283E1	1.529278E1	2.123249E0
3.248615E1	1.534963E1	2.122575E0
3.251947E1	1.540473E1	2.108926E0
3.255279E1	1.543094E1	2.091601E0
3.258611E1	1.546479E1	2.099478E0
3.261943E1	1.552173E1	2.105982E0
3.265275E1	1.560431E1	2.128360E0
3.268607E1	1.568723E1	2.122466E0
3.271939E1	1.576042E1	2.120629E0
3.275271E1	1.580673E1	2.121290E0
3.278602E1	1.582575E1	2.128654E0
3.281934E1	1.587286E1	2.131548E0
3.285266E1	1.599211E1	2.138561E0
3.288598E1	1.608902E1	2.138543E0
3.291930E1	1.613844E1	2.109144E0
3.295262E1	1.618747E1	2.104729E0
3.298594E1	1.626908E1	2.123069E0
3.301926E1	1.637100E1	2.171359E0
3.305258E1	1.646999E1	2.227232E0
3.308590E1	1.650936E1	2.213977E0
3.311922E1	1.652588E1	2.227541E0
3.315254E1	1.652811E1	2.229082E0
3.318585E1	1.653934E1	2.224144E0
3.321917E1	1.654083E1	2.224043E0
3.325249E1	1.654428E1	2.225142E0
3.328581E1	1.654967E1	2.224131E0
3.331913E1	1.655103E1	2.223394E0
3.335245E1	1.652706E1	2.234426E0
3.338577E1	1.643713E1	2.196232E0
3.341909E1	1.593822E1	2.133124E0
3.345241E1	1.546320E1	2.099086E0
3.348573E1	1.504561E1	2.071029E0
3.351905E1	1.489784E1	2.057024E0
3.355236E1	1.489018E1	2.058734E0
3.358568E1	1.492300E1	2.065066E0
3.361900E1	1.496957E1	2.078086E0
3.365232E1	1.500865E1	2.083913E0
3.368564E1	1.501819E1	2.079729E0
3.371896E1	1.501364E1	2.079041E0
3.375228E1	1.500412E1	2.109408E0
3.378560E1	1.504740E1	2.081851E0
3.381892E1	1.512868E1	2.105722E0
3.385224E1	1.516917E1	2.129191E0
3.388556E1	1.525133E1	2.127598E0
3.391888E1	1.534132E1	2.155664E0
3.395219E1	1.540967E1	2.169101E0
3.398551E1	1.546807E1	2.175610E0
3.401883E1	1.550038E1	2.189917E0
3.405215E1	1.551218E1	2.191175E0
3.408547E1	1.551906E1	2.195682E0
3.411879E1	1.554631E1	2.213994E0
3.415211E1	1.558339E1	2.221387E0
3.418543E1	1.561614E1	2.240503E0
3.421875E1	1.563980E1	2.240488E0
3.425207E1	1.565254E1	2.225528E0
3.428539E1	1.567948E1	2.218847E0
3.431870E1	1.572180E1	2.218898E0
3.435202E1	1.579312E1	2.216484E0
3.438534E1	1.587214E1	2.224203E0
3.441866E1	1.596018E1	2.203039E0
3.445198E1	1.600381E1	2.184211E0
3.448530E1	1.602400E1	2.164516E0
3.451862E1	1.601145E1	2.169589E0
3.455194E1	1.599800E1	2.164226E0
3.458526E1	1.600964E1	2.149674E0
3.461858E1	1.603647E1	2.157180E0
3.465190E1	1.607963E1	2.151658E0
3.468522E1	1.612211E1	2.162965E0
3.471853E1	1.615499E1	2.178969E0
3.475185E1	1.613928E1	2.180121E0
3.478517E1	1.613339E1	2.182909E0
3.481849E1	1.620118E1	2.213419E0
3.485181E1	1.634355E1	2.234286E0
3.488513E1	1.648837E1	2.285106E0
3.491845E1	1.656725E1	2.277420E0
3.495177E1	1.660706E1	2.273575E0
3.498509E1	1.667922E1	2.269267E0
3.501841E1	1.671664E1	2.265809E0
3.505173E1	1.673141E1	2.238669E0
3.508504E1	1.678542E1	2.224616E0
3.511836E1	1.684011E1	2.223008E0
3.515168E1	1.687112E1	2.232516E0
3.518500E1	1.686100E1	2.229459E0
3.521832E1	1.687560E1	2.224493E0
3.525164E1	1.686573E1	2.228726E0
3.528496E1	1.687230E1	2.225611E0
3.531828E1	1.687638E1	2.224006E0
3.535160E1	1.685450E1	2.235565E0
3.538492E1	1.669726E1	2.241797E0
3.541824E1	1.636910E1	2.172965E0
3.545156E1	1.580864E1	2.122755E0
3.548487E1	1.539390E1	2.113423E0
3.551819E1	1.524905E1	2.082529E0
3.555151E1	1.528326E1	2.106451E0
3.558483E1	1.531041E1	2.099120E0
3.561815E1	1.534947E1	2.107171E0
3.565147E1	1.539020E1	2.116867E0
3.568479E1	1.540302E1	2.115050E0
3.571811E1	1.538848E1	2.121431E0
3.575143E1	1.539797E1	2.118488E0
3.578475E1	1.543053E1	2.113736E0
3.581807E1	1.545566E1	2.127893E0
3.585138E1	1.550125E1	2.147432E0
3.588470E1	1.560731E1	2.184149E0
3.591802E1	1.572436E1	2.203439E0
3.595134E1	1.578832E1	2.221793E0
3.598466E1	1.583296E1	2.234773E0
3.601798E1	1.589148E1	2.240379E0
3.605130E1	1.594345E1	2.238794E0
3.608462E1	1.598125E1	2.242342E0
3.611794E1	1.600206E1	2.233128E0
3.615126E1	1.599292E1	2.238479E0
3.618458E1	1.598690E1	2.237229E0
3.621790E1	1.599765E1	2.235462E0
3.625121E1	1.601579E1	2.238734E0
3.628453E1	1.604949E1	2.246576E0
3.631785E1	1.611538E1	2.265257E0
3.635117E1	1.622067E1	2.280090E0
3.638449E1	1.632141E1	2.280522E0
3.641781E1	1.639280E1	2.277705E0
3.645113E1	1.643757E1	2.273389E0
3.648445E1	1.646546E1	2.259087E0
3.651777E1	1.648515E1	2.275460E0
3.655109E1	1.653604E1	2.289708E0
3.658441E1	1.659184E1	2.296078E0
3.661772E1	1.666091E1	2.302004E0
3.665104E1	1.667661E1	2.341367E0
3.668436E1	1.668417E1	2.363222E0
3.671768E1	1.668319E1	2.355483E0
3.675100E1	1.669780E1	2.360373E0
3.678432E1	1.671944E1	2.353425E0
3.681764E1	1.677819E1	2.347746E0
3.685096E1	1.689194E1	2.354007E0
3.688428E1	1.696844E1	2.363528E0
3.691760E1	1.698752E1	2.342317E0
3.695092E1	1.707215E1	2.349770E0
3.698424E1	1.722177E1	2.353871E0
3.701755E1	1.729768E1	2.394114E0
3.705087E1	1.733958E1	2.379579E0
3.708419E1	1.742977E1	2.408439E0
3.711751E1	1.748950E1	2.402605E0
3.715083E1	1.749519E1	2.380619E0
3.718415E1	1.748506E1	2.391634E0
3.721747E1	1.748359E1	2.384962E0
3.725079E1	1.748547E1	2.381734E0
3.728411E1	1.748280E1	2.383319E0
3.731743E1	1.748318E1	2.381284E0
3.735075E1	1.747178E1	2.386231E0
3.738406E1	1.741229E1	2.375099E0
3.741738E1	1.710734E1	2.299145E0
3.745070E1	1.666674E1	2.280908E0
3.748402E1	1.635996E1	2.259568E0
3.751734E1	1.629513E1	2.262595E0
3.755066E1	1.629019E1	2.261247E0
3.758398E1	1.631210E1	2.258729E0
3.761730E1	1.636949E1	2.282830E0
3.765062E1	1.642057E1	2.284271E0
3.768394E1	1.643192E1	2.282108E0
3.771726E1	1.643307E1	2.280800E0
3.775058E1	1.642461E1	2.311018E0
3.778389E1	1.645330E1	2.294974E0
3.781721E1	1.649215E1	2.299099E0
3.785053E1	1.663851E1	2.299372E0
3.788385E1	1.678718E1	2.297705E0
3.791717E1	1.687498E1	2.331932E0
3.795049E1	1.690707E1	2.341479E0
3.798381E1	1.694279E1	2.340119E0
3.801713E1	1.698535E1	2.358305E0
3.805045E1	1.699690E1	2.373181E0
3.808377E1	1.696131E1	2.375534E0
3.811709E1	1.691226E1	2.354740E0
3.815040E1	1.685622E1	2.373898E0
3.818372E1	1.681778E1	2.370482E0
3.821704E1	1.682096E1	2.372156E0
3.825036E1	1.682468E1	2.371045E0
3.828368E1	1.682848E1	2.364612E0
3.831700E1	1.683400E1	2.363065E0
3.835032E1	1.685444E1	2.378401E0
3.838364E1	1.690230E1	2.364554E0
3.841696E1	1.696170E1	2.373247E0
3.845028E1	1.704605E1	2.368369E0
3.848360E1	1.712745E1	2.378228E0
3.851692E1	1.719634E1	2.376009E0
3.855023E1	1.724366E1	2.380808E0
3.858355E1	1.728122E1	2.378074E0
3.861687E1	1.732600E1	2.379379E0
3.865019E1	1.739310E1	2.376317E0
3.868351E1	1.745792E1	2.396765E0
3.871683E1	1.751995E1	2.403747E0
3.875015E1	1.751782E1	2.432461E0
3.878347E1	1.752228E1	2.437839E0
3.881679E1	1.756535E1	2.447283E0
3.885011E1	1.763597E1	2.449748E0
3.888343E1	1.776019E1	2.449461E0
3.891674E1	1.790146E1	2.482715E0
3.895006E1	1.798377E1	2.482782E0
3.898338E1	1.802436E1	2.485731E0
3.901670E1	1.809402E1	2.483853E0
3.905002E1	1.814469E1	2.483901E0
3.908334E1	1.819368E1	2.486041E0
3.911666E1	1.823764E1	2.491752E0
3.914998E1	1.828838E1	2.506151E0
3.918330E1	1.832924E1	2.523939E0
3.921662E1	1.831009E1	2.490092E0
3.924994E1	1.831066E1	2.489976E0
3.928326E1	1.830478E1	2.489482E0
3.931657E1	1.830255E1	2.488394E0
3.934989E1	1.828893E1	2.497735E0
3.938321E1	1.823875E1	2.478259E0
3.941653E1	1.796039E1	2.426477E0
3.944985E1	1.757387E1	2.379323E0
3.948317E1	1.728025E1	2.372856E0
3.951649E1	1.719847E1	2.367451E0
3.954981E1	1.722048E1	2.355573E0
3.958313E1	1.722123E1	2.361760E0
3.961645E1	1.724709E1	2.371382E0
3.964977E1	1.729145E1	2.364517E0
3.968308E1	1.728800E1	2.378979E0
3.971640E1	1.729553E1	2.371423E0
3.974972E1	1.729537E1	2.384900E0
3.978304E1	1.733134E1	2.363897E0
3.981636E1	1.736999E1	2.372325E0
3.984968E1	1.742429E1	2.390894E0
3.988300E1	1.756034E1	2.424981E0
3.991632E1	1.768684E1	2.448012E0
3.994964E1	1.774771E1	2.453127E0
3.998296E1	1.778906E1	2.454144E0
4.001628E1	1.784284E1	2.464991E0
4.004960E1	1.787300E1	2.470676E0
4.008291E1	1.786385E1	2.476516E0
4.011623E1	1.779333E1	2.459962E0
4.014955E1	1.773880E1	2.454875E0
4.018287E1	1.771182E1	2.438689E0
4.021619E1	1.772476E1	2.448067E0
4.024951E1	1.774155E1	2.441177E0
4.028283E1	1.775656E1	2.429129E0
4.031615E1	1.777295E1	2.426089E0
4.034947E1	1.780110E1	2.434739E0
4.038279E1	1.782842E1	2.429326E0
4.041611E1	1.784336E1	2.428060E0
4.044942E1	1.785596E1	2.426731E0
4.048274E1	1.788636E1	2.431561E0
4.051606E1	1.794544E1	2.446652E0
4.054938E1	1.802523E1	2.458340E0
4.058270E1	1.811049E1	2.475200E0
4.061602E1	1.819478E1	2.468027E0
4.064934E1	1.828344E1	2.484100E0
4.068266E1	1.832807E1	2.501248E0
4.071598E1	1.833006E1	2.514053E0
4.074930E1	1.833458E1	2.507472E0
4.078262E1	1.836125E1	2.489935E0
4.081594E1	1.843424E1	2.516428E0
4.084925E1	1.853331E1	2.517095E0
4.088257E1	1.859893E1	2.546348E0
4.091589E1	1.868064E1	2.549069E0
4.094921E1	1.877491E1	2.577940E0
4.098253E1	1.884855E1	2.582658E0
4.101585E1	1.890217E1	2.576820E0
4.104917E1	1.896535E1	2.574424E0
4.108249E1	1.903891E1	2.596916E0
4.111581E1	1.908724E1	2.601164E0
4.114913E1	1.913938E1	2.604794E0
4.118245E1	1.916309E1	2.589810E0
4.121576E1	1.915652E1	2.591368E0
4.124908E1	1.915946E1	2.591364E0
4.128240E1	1.916163E1	2.588950E0
4.131572E1	1.916553E1	2.586326E0
4.134904E1	1.915045E1	2.592988E0
4.138236E1	1.907980E1	2.562560E0
4.141568E1	1.882753E1	2.544185E0
4.144900E1	1.849863E1	2.516574E0
4.148232E1	1.830208E1	2.484497E0
4.151564E1	1.829501E1	2.488674E0
4.154896E1	1.836231E1	2.481656E0
4.158228E1	1.838432E1	2.497713E0
4.161559E1	1.837732E1	2.489908E0
4.164891E1	1.840535E1	2.474235E0
4.168223E1	1.840397E1	2.468985E0
4.171555E1	1.837630E1	2.478205E0
4.174887E1	1.830594E1	2.472984E0
4.178219E1	1.831249E1	2.425197E0
4.181551E1	1.826574E1	2.458646E0
4.184883E1	1.820066E1	2.485102E0
4.188215E1	1.825856E1	2.469739E0
4.191547E1	1.837183E1	2.514678E0
4.194879E1	1.844226E1	2.536776E0
4.198210E1	1.845520E1	2.531597E0
4.201542E1	1.848745E1	2.546615E0
4.204874E1	1.858481E1	2.582785E0
4.208206E1	1.867288E1	2.610752E0
4.211538E1	1.876108E1	2.618587E0
4.214870E1	1.881930E1	2.637571E0
4.218202E1	1.884023E1	2.642496E0
4.221534E1	1.882767E1	2.637985E0
4.224866E1	1.881327E1	2.637339E0
4.228198E1	1.882939E1	2.631424E0
4.231530E1	1.883885E1	2.627467E0
4.234862E1	1.882861E1	2.636168E0
4.238193E1	1.884073E1	2.633175E0
4.241525E1	1.885161E1	2.624200E0
4.244857E1	1.884584E1	2.627338E0
4.248189E1	1.886063E1	2.627444E0
4.251521E1	1.888030E1	2.622207E0
4.254853E1	1.893249E1	2.629517E0
4.258185E1	1.898915E1	2.639699E0
4.261517E1	1.906734E1	2.633699E0
4.264849E1	1.913453E1	2.629830E0
4.268181E1	1.918020E1	2.633424E0
4.271513E1	1.922671E1	2.639707E0
4.274844E1	1.923606E1	2.644820E0
4.278176E1	1.925479E1	2.661111E0
4.281508E1	1.932603E1	2.666197E0
4.284840E1	1.943134E1	2.683737E0
4.288172E1	1.950714E1	2.686349E0
4.291504E1	1.953781E1	2.700306E0
4.294836E1	1.961563E1	2.697589E0
4.298168E1	1.975588E1	2.743009E0
4.301500E1	1.986477E1	2.753998E0
4.304832E1	1.985120E1	2.746440E0
4.308164E1	1.988455E1	2.739711E0
4.311496E1	1.999003E1	2.752019E0
4.314827E1	2.008988E1	2.749611E0
4.318159E1	2.009302E1	2.740135E0
4.321491E1	2.008237E1	2.754685E0
4.324823E1	2.009111E1	2.746408E0
4.328155E1	2.008921E1	2.745666E0
4.331487E1	2.008513E1	2.750412E0
4.334819E1	2.007720E1	2.751745E0
4.338151E1	1.999876E1	2.719219E0
4.341483E1	1.977691E1	2.668306E0
4.344815E1	1.933988E1	2.638844E0
4.348147E1	1.906064E1	2.610456E0
4.351478E1	1.895186E1	2.584448E0
4.354810E1	1.896168E1	2.586161E0
4.358142E1	1.898175E1	2.589181E0
4.361474E1	1.902573E1	2.581397E0
4.364806E1	1.906762E1	2.587749E0
4.368138E1	1.907054E1	2.585224E0
4.371470E1	1.902077E1	2.583104E0
4.374802E1	1.901419E1	2.579915E0
4.378134E1	1.904589E1	2.588916E0
4.381466E1	1.909419E1	2.589210E0
4.384798E1	1.916855E1	2.596196E0
4.388130E1	1.923781E1	2.616624E0
4.391461E1	1.934041E1	2.634523E0
4.394793E1	1.944318E1	2.649483E0
4.398125E1	1.950583E1	2.660195E0
4.401457E1	1.956186E1	2.658579E0
4.404789E1	1.958165E1	2.669450E0
4.408121E1	1.959007E1	2.674557E0
4.411453E1	1.953183E1	2.680646E0
4.414785E1	1.947758E1	2.672891E0
4.418117E1	1.941499E1	2.655453E0
4.421449E1	1.943471E1	2.639007E0
4.424781E1	1.943980E1	2.641480E0
4.428112E1	1.943604E1	2.640214E0
4.431444E1	1.944106E1	2.632805E0
4.434776E1	1.944834E1	2.632945E0
4.438108E1	1.946235E1	2.626794E0
4.441440E1	1.948227E1	2.634543E0
4.444772E1	1.950382E1	2.635277E0
4.448104E1	1.953212E1	2.649428E0
4.451436E1	1.958636E1	2.650857E0
4.454768E1	1.965234E1	2.647113E0
4.458100E1	1.971143E1	2.646148E0
4.461432E1	1.976336E1	2.647977E0
4.464764E1	1.981868E1	2.654761E0
4.468095E1	1.987565E1	2.663744E0
4.471427E1	1.992956E1	2.666651E0
4.474759E1	1.995881E1	2.688610E0
4.478091E1	1.998996E1	2.683323E0
4.481423E1	2.002838E1	2.693832E0
4.484755E1	2.012190E1	2.708837E0
4.488087E1	2.022772E1	2.717797E0
4.491419E1	2.028532E1	2.730227E0
4.494751E1	2.034449E1	2.742575E0
4.498083E1	2.047899E1	2.756454E0
4.501415E1	2.063679E1	2.793858E0
4.504746E1	2.067951E1	2.790902E0
4.508078E1	2.069370E1	2.792729E0
4.511410E1	2.073243E1	2.803152E0
4.514742E1	2.078595E1	2.797668E0
4.518074E1	2.081402E1	2.783669E0
4.521406E1	2.079681E1	2.792671E0
4.524738E1	2.080737E1	2.788672E0
4.528070E1	2.080141E1	2.789711E0
4.531402E1	2.080341E1	2.790110E0
4.534734E1	2.079028E1	2.797967E0
4.538066E1	2.072388E1	2.789393E0
4.541398E1	2.053938E1	2.711043E0
4.544729E1	2.014783E1	2.685107E0
4.548061E1	1.991810E1	2.696267E0
4.551393E1	1.986366E1	2.688806E0
4.554725E1	1.992262E1	2.647264E0
4.558057E1	1.994231E1	2.631157E0
4.561389E1	1.993427E1	2.640000E0
4.564721E1	1.993481E1	2.640659E0
4.568053E1	1.992289E1	2.647376E0
4.571385E1	1.992831E1	2.635749E0
4.574717E1	1.993644E1	2.618047E0
4.578049E1	1.998381E1	2.619257E0
4.581380E1	2.008763E1	2.633433E0
4.584712E1	2.021312E1	2.647433E0
4.588044E1	2.034165E1	2.667923E0
4.591376E1	2.045514E1	2.703516E0
4.594708E1	2.054092E1	2.710163E0
4.598040E1	2.061063E1	2.731154E0
4.601372E1	2.068594E1	2.744767E0
4.604704E1	2.075070E1	2.752784E0
4.608036E1	2.080909E1	2.764786E0
4.611368E1	2.085808E1	2.775333E0
4.614700E1	2.084762E1	2.783922E0
4.618032E1	2.078491E1	2.764086E0
4.621363E1	2.074455E1	2.756924E0
4.624695E1	2.074206E1	2.759077E0
4.628027E1	2.073699E1	2.749365E0
4.631359E1	2.072571E1	2.759184E0
4.634691E1	2.073468E1	2.749385E0
4.638023E1	2.074545E1	2.744468E0
4.641355E1	2.077307E1	2.752447E0
4.644687E1	2.080152E1	2.750965E0
4.648019E1	2.081890E1	2.746306E0
4.651351E1	2.081874E1	2.746992E0
4.654683E1	2.082211E1	2.737945E0
4.658014E1	2.082574E1	2.750287E0
4.661346E1	2.085894E1	2.741396E0
4.664678E1	2.089919E1	2.746563E0
4.668010E1	2.095172E1	2.749724E0
4.671342E1	2.099854E1	2.759725E0
4.674674E1	2.103849E1	2.755593E0
4.678006E1	2.104659E1	2.768244E0
4.681338E1	2.111191E1	2.767855E0
4.684670E1	2.124045E1	2.780780E0
4.688002E1	2.132854E1	2.804043E0
4.691334E1	2.138529E1	2.808903E0
4.694666E1	2.146300E1	2.806189E0
4.697997E1	2.158337E1	2.828877E0
4.701329E1	2.164394E1	2.854093E0
4.704661E1	2.167773E1	2.835813E0
4.707993E1	2.173765E1	2.843245E0
4.711325E1	2.180429E1	2.859536E0
4.714657E1	2.182179E1	2.844556E0
4.717989E1	2.181045E1	2.856579E0
4.721321E1	2.183127E1	2.847731E0
4.724653E1	2.183219E1	2.846374E0
4.727985E1	2.183059E1	2.848529E0
4.731317E1	2.183165E1	2.846171E0
4.734648E1	2.182747E1	2.846689E0
4.737980E1	2.177060E1	2.819710E0
4.741312E1	2.149975E1	2.738132E0
4.744644E1	2.100597E1	2.739227E0
4.747976E1	2.066607E1	2.724586E0
4.751308E1	2.052148E1	2.734642E0
4.754640E1	2.058251E1	2.756168E0
4.757972E1	2.063638E1	2.692510E0
4.761304E1	2.064031E1	2.706897E0
4.764636E1	2.064477E1	2.696362E0
4.767968E1	2.064539E1	2.687739E0
4.771300E1	2.061688E1	2.693074E0
4.774631E1	2.062462E1	2.690901E0
4.777963E1	2.065378E1	2.682505E0
4.781295E1	2.074775E1	2.678403E0
4.784627E1	2.086816E1	2.690701E0
4.787959E1	2.097573E1	2.707254E0
4.791291E1	2.107413E1	2.715081E0
4.794623E1	2.112730E1	2.716358E0
4.797955E1	2.116905E1	2.735488E0
4.801287E1	2.122191E1	2.754397E0
4.804619E1	2.128986E1	2.769284E0
4.807951E1	2.134444E1	2.792801E0
4.811282E1	2.137653E1	2.815751E0
4.814614E1	2.139804E1	2.818003E0
4.817946E1	2.143420E1	2.817913E0
4.821278E1	2.145870E1	2.807675E0
4.824610E1	2.144577E1	2.821168E0
4.827942E1	2.141692E1	2.801417E0
4.831274E1	2.145930E1	2.787849E0
4.834606E1	2.148490E1	2.795157E0
4.837938E1	2.149352E1	2.783000E0
4.841270E1	2.148797E1	2.789327E0
4.844602E1	2.150304E1	2.786774E0
4.847934E1	2.153842E1	2.790515E0
4.851265E1	2.159213E1	2.793246E0
4.854597E1	2.165505E1	2.795475E0
4.857929E1	2.172966E1	2.788841E0
4.861261E1	2.180472E1	2.796959E0
4.864593E1	2.186399E1	2.792427E0
4.867925E1	2.187771E1	2.791034E0
4.871257E1	2.184652E1	2.801981E0
4.874589E1	2.186966E1	2.799816E0
4.877921E1	2.190610E1	2.786378E0
4.881253E1	2.195732E1	2.789316E0
4.884585E1	2.204123E1	2.797420E0
4.887916E1	2.214094E1	2.812497E0
4.891248E1	2.223161E1	2.833802E0
4.894580E1	2.228941E1	2.838170E0
4.897912E1	2.235280E1	2.852469E0
4.901244E1	2.244079E1	2.842114E0
4.904576E1	2.246755E1	2.844365E0
4.907908E1	2.251889E1	2.840810E0
4.911240E1	2.263500E1	2.838083E0
4.914572E1	2.268943E1	2.848217E0
4.917904E1	2.268853E1	2.850660E0
4.921236E1	2.269022E1	2.848825E0
4.924568E1	2.269966E1	2.852845E0
4.927899E1	2.269941E1	2.856702E0
4.931231E1	2.270004E1	2.853654E0
4.934563E1	2.269411E1	2.848783E0
4.937895E1	2.260448E1	2.826002E0
4.941227E1	2.229529E1	2.785524E0
4.944559E1	2.187985E1	2.757342E0
4.947891E1	2.156680E1	2.744490E0
4.951223E1	2.146675E1	2.732492E0
4.954555E1	2.152791E1	2.690033E0
4.957887E1	2.156482E1	2.686120E0
4.961219E1	2.156294E1	2.686290E0
4.964550E1	2.155506E1	2.689961E0
4.967882E1	2.154402E1	2.691480E0
4.971214E1	2.154719E1	2.690056E0
4.974546E1	2.155396E1	2.687102E0
4.977878E1	2.158001E1	2.688586E0
4.981210E1	2.170361E1	2.702636E0
4.984542E1	2.184673E1	2.688146E0
4.987874E1	2.195182E1	2.708187E0
4.991206E1	2.205830E1	2.734790E0
4.994538E1	2.215193E1	2.746373E0
4.997870E1	2.222152E1	2.753978E0
5.001202E1	2.230313E1	2.785766E0
5.004533E1	2.236515E1	2.790261E0
5.007865E1	2.242258E1	2.789835E0
5.011197E1	2.246526E1	2.794124E0
5.014529E1	2.243781E1	2.772256E0
5.017861E1	2.235321E1	2.746055E0
5.021193E1	2.233297E1	2.755513E0
5.024525E1	2.235669E1	2.761818E0
5.027857E1	2.236105E1	2.757473E0
5.031189E1	2.234016E1	2.753711E0
5.034521E1	2.234294E1	2.736993E0
5.037853E1	2.234539E1	2.734214E0
5.041184E1	2.234801E1	2.750653E0
5.044516E1	2.239234E1	2.741838E0
5.047848E1	2.243489E1	2.737404E0
5.051180E1	2.247400E1	2.738900E0
5.054512E1	2.250112E1	2.741411E0
5.057844E1	2.253424E1	2.752297E0
5.061176E1	2.253780E1	2.766650E0
5.064508E1	2.253393E1	2.777619E0
5.067840E1	2.254632E1	2.763484E0
5.071172E1	2.257951E1	2.754523E0
5.074504E1	2.263487E1	2.737509E0
5.077836E1	2.269263E1	2.733049E0
5.081167E1	2.272711E1	2.724188E0
5.084499E1	2.279714E1	2.734197E0
5.087831E1	2.290917E1	2.747448E0
5.091163E1	2.294613E1	2.746501E0
5.094495E1	2.301027E1	2.750644E0
5.097827E1	2.312553E1	2.751058E0
5.101159E1	2.324750E1	2.768845E0
5.104491E1	2.331751E1	2.784031E0
5.107823E1	2.336978E1	2.784007E0
5.111155E1	2.341774E1	2.769244E0
5.114487E1	2.344814E1	2.768932E0
5.117818E1	2.344660E1	2.776196E0
5.121150E1	2.345242E1	2.778837E0
5.124482E1	2.345804E1	2.778543E0
5.127814E1	2.345585E1	2.773808E0
5.131146E1	2.345942E1	2.777643E0
5.134478E1	2.345363E1	2.781190E0
5.137810E1	2.342957E1	2.790831E0
5.141142E1	2.320126E1	2.732158E0
5.144474E1	2.281866E1	2.677304E0
5.147806E1	2.237672E1	2.648235E0
5.151138E1	2.205592E1	2.651454E0
5.154470E1	2.197574E1	2.644113E0
5.157801E1	2.201542E1	2.573531E0
5.161133E1	2.201720E1	2.612804E0
5.164465E1	2.204663E1	2.611882E0
5.167797E1	2.204902E1	2.627488E0
5.171129E1	2.204652E1	2.618397E0
5.174461E1	2.204935E1	2.620942E0
5.177793E1	2.204903E1	2.600005E0
5.181125E1	2.211243E1	2.587555E0
5.184457E1	2.230902E1	2.611676E0
5.187789E1	2.247256E1	2.656017E0
5.191121E1	2.254703E1	2.673593E0
5.194452E1	2.258652E1	2.677852E0
5.197784E1	2.264820E1	2.686191E0
5.201116E1	2.274249E1	2.725434E0
5.204448E1	2.284104E1	2.743834E0
5.207780E1	2.294352E1	2.746814E0
5.211112E1	2.301816E1	2.774279E0
5.214444E1	2.307880E1	2.786206E0
5.217776E1	2.311166E1	2.790128E0
5.221108E1	2.307885E1	2.789927E0
