	mass A		
t	x	y	
0.000000E0	-6.109088E0	-1.227019E0
3.331913E-2	-6.044671E0	-1.228984E0
6.663826E-2	-5.993795E0	-1.229290E0
9.995739E-2	-5.932911E0	-1.238138E0
1.332765E-1	-5.816399E0	-1.251550E0
1.665956E-1		
1.999148E-1	-5.704856E0	-1.349631E0
2.332339E-1	-5.469540E0	-1.357988E0
2.665530E-1	-5.178463E0	-1.359338E0
2.998722E-1	-5.070898E0	-1.394078E0
3.331913E-1	-5.063661E0	-1.399522E0
3.665104E-1	-5.062904E0	-1.396968E0
3.998296E-1	-5.073796E0	-1.396638E0
4.331487E-1	-5.093687E0	-1.384111E0
4.664678E-1	-5.242653E0	-1.386911E0
4.997869E-1	-5.571938E0	-1.376768E0
5.331061E-1	-5.907019E0	-1.316861E0
5.664252E-1	-6.040601E0	-1.286299E0
5.997443E-1	-6.047704E0	-1.289662E0
6.330635E-1	-6.009537E0	-1.325665E0
6.663826E-1	-5.899022E0	-1.337470E0
6.997017E-1	-5.736339E0	-1.343288E0
7.330209E-1	-5.506384E0	-1.359374E0
7.663400E-1	-5.305972E0	-1.367610E0
7.996591E-1	-5.139293E0	-1.342137E0
8.329782E-1	-5.076595E0	-1.344432E0
8.662974E-1	-5.046441E0	-1.321108E0
8.996165E-1	-5.030769E0	-1.292957E0
9.329356E-1	-5.035091E0	-1.292516E0
9.662548E-1	-5.042881E0	-1.318245E0
9.995739E-1	-5.034406E0	-1.334567E0
1.032893E0	-4.974372E0	-1.345087E0
1.066212E0	-4.993426E0	-1.322292E0
1.099531E0	-4.988414E0	-1.329483E0
1.132850E0	-4.954495E0	-1.405147E0
1.166170E0	-4.881970E0	-1.435758E0
1.199489E0	-4.720099E0	-1.448424E0
1.232808E0	-4.500940E0	-1.435819E0
1.266127E0	-4.319495E0	-1.458917E0
1.299446E0	-4.206021E0	-1.515079E0
1.332765E0	-4.105473E0	-1.531063E0
1.366084E0	-4.149695E0	-1.543848E0
1.399403E0	-4.155016E0	-1.548884E0
1.432723E0	-4.174087E0	-1.535953E0
1.466042E0	-4.363282E0	-1.507854E0
1.499361E0	-4.699551E0	-1.451594E0
1.532680E0	-5.035087E0	-1.391768E0
1.565999E0	-5.191653E0	-1.348784E0
1.599318E0	-5.150697E0	-1.365717E0
1.632637E0	-5.085117E0	-1.406128E0
1.665956E0	-5.013705E0	-1.440675E0
1.699276E0	-4.834739E0	-1.439042E0
1.732595E0	-4.580353E0	-1.491881E0
1.765914E0	-4.361949E0	-1.501701E0
1.799233E0	-4.216883E0	-1.464984E0
1.832552E0	-4.162579E0	-1.457856E0
1.865871E0	-4.162632E0	-1.442467E0
1.899190E0	-4.211060E0	-1.447453E0
1.932510E0	-4.216310E0	-1.452280E0
1.965829E0	-4.231333E0	-1.433931E0
1.999148E0	-4.243232E0	-1.459849E0
2.032467E0	-4.209023E0	-1.459511E0
2.065786E0	-4.145753E0	-1.464403E0
2.099105E0	-4.159632E0	-1.399903E0
2.132424E0	-4.141402E0	-1.407064E0
2.165743E0	-4.072419E0	-1.390441E0
2.199063E0	-3.889769E0	-1.412411E0
2.232382E0	-3.639430E0	-1.425018E0
2.265701E0	-3.388484E0	-1.462132E0
2.299020E0	-3.345942E0	-1.498781E0
2.332339E0	-3.313907E0	-1.497244E0
2.365658E0	-3.298105E0	-1.504732E0
2.398977E0	-3.305995E0	-1.500683E0
2.432296E0	-3.319456E0	-1.493825E0
2.465616E0	-3.426351E0	-1.498082E0
2.498935E0	-3.791284E0	-1.500172E0
2.532254E0	-4.162043E0	-1.402729E0
2.565573E0	-4.372535E0	-1.381904E0
2.598892E0	-4.400813E0	-1.386482E0
2.632211E0	-4.370838E0	-1.444396E0
2.665530E0	-4.220199E0	-1.452966E0
2.698850E0	-4.001243E0	-1.471142E0
2.732169E0	-3.753168E0	-1.488299E0
2.765488E0	-3.549635E0	-1.514968E0
2.798807E0	-3.399808E0	-1.475394E0
2.832126E0	-3.294028E0	-1.462003E0
2.865445E0	-3.234145E0	-1.456284E0
2.898764E0	-3.256533E0	-1.436160E0
2.932083E0	-3.337928E0	-1.461946E0
2.965403E0	-3.326941E0	-1.467221E0
2.998722E0	-3.330292E0	-1.454256E0
3.032041E0	-3.289435E0	-1.480140E0
3.065360E0	-3.244028E0	-1.487365E0
3.098679E0	-3.239142E0	-1.464712E0
3.131998E0	-3.189763E0	-1.468336E0
3.165317E0	-3.149573E0	-1.481540E0
3.198636E0	-2.991761E0	-1.505915E0
3.231956E0	-2.699085E0	-1.523977E0
3.265275E0	-2.482954E0	-1.567727E0
3.298594E0	-2.429071E0	-1.620347E0
3.331913E0	-2.396467E0	-1.609618E0
3.365232E0	-2.387483E0	-1.612842E0
3.398551E0	-2.388173E0	-1.613664E0
3.431870E0	-2.429763E0	-1.615822E0
3.465189E0	-2.640785E0	-1.605922E0
3.498509E0	-2.998088E0	-1.587657E0
3.531828E0	-3.367851E0	-1.455055E0
3.565147E0	-3.514235E0	-1.445388E0
3.598466E0	-3.512899E0	-1.501517E0
3.631785E0	-3.503372E0	-1.497826E0
3.665104E0	-3.411239E0	-1.503049E0
3.698423E0	-3.290480E0	-1.511680E0
3.731743E0	-3.086462E0	-1.535871E0
3.765062E0	-2.852215E0	-1.566760E0
3.798381E0	-2.692402E0	-1.556259E0
3.831700E0	-2.552599E0	-1.552226E0
3.865019E0	-2.480807E0	-1.560880E0
3.898338E0	-2.468446E0	-1.531168E0
3.931657E0	-2.486514E0	-1.517514E0
3.964976E0	-2.480868E0	-1.533805E0
3.998296E0	-2.442622E0	-1.543965E0
4.031615E0	-2.353576E0	-1.582749E0
4.064934E0	-2.258634E0	-1.578405E0
4.098253E0	-2.208962E0	-1.528994E0
4.131572E0	-2.160069E0	-1.492228E0
4.164891E0	-2.064160E0	-1.461085E0
4.198210E0	-1.916285E0	-1.527386E0
4.231529E0	-1.698249E0	-1.579040E0
4.264849E0	-1.477673E0	-1.562188E0
4.298168E0	-1.403137E0	-1.601721E0
4.331487E0	-1.351303E0	-1.611888E0
4.364806E0	-1.333311E0	-1.623211E0
4.398125E0	-1.352207E0	-1.614111E0
4.431444E0	-1.372972E0	-1.630511E0
4.464763E0	-1.505258E0	-1.613112E0
4.498083E0	-1.791168E0	-1.572707E0
4.531402E0	-2.084640E0	-1.529644E0
4.564721E0	-2.162311E0	-1.479133E0
4.598040E0	-2.083998E0	-1.530507E0
4.631359E0	-2.058765E0	-1.553976E0
4.664678E0	-1.977732E0	-1.583930E0
4.697997E0	-1.799424E0	-1.597161E0
4.731316E0	-1.534377E0	-1.634621E0
4.764636E0	-1.325022E0	-1.635014E0
4.797955E0	-1.193404E0	-1.616016E0
4.831274E0	-1.143822E0	-1.614474E0
4.864593E0	-1.147711E0	-1.605420E0
4.897912E0	-1.186838E0	-1.616580E0
4.931231E0	-1.215624E0	-1.628147E0
4.964550E0	-1.220143E0	-1.620019E0
4.997869E0	-1.236751E0	-1.616337E0
5.031189E0	-1.229202E0	-1.619365E0
5.064508E0	-1.173455E0	-1.630681E0
5.097827E0	-1.180200E0	-1.619302E0
5.131146E0	-1.173677E0	-1.626578E0
5.164465E0	-1.107716E0	-1.640723E0
5.197784E0	-9.615732E-1	-1.664449E0
5.231103E0	-7.172547E-1	-1.659995E0
5.264422E0	-4.440770E-1	-1.668455E0
5.297742E0	-3.281333E-1	-1.722969E0
5.331061E0	-2.776334E-1	-1.725166E0
5.364380E0	-2.690698E-1	-1.726491E0
5.397699E0	-2.750586E-1	-1.726434E0
5.431018E0	-2.985855E-1	-1.740237E0
5.464337E0	-4.577148E-1	-1.730254E0
5.497656E0	-7.677698E-1	-1.674552E0
5.530976E0	-1.107177E0	-1.631715E0
5.564295E0	-1.270449E0	-1.584391E0
5.597614E0	-1.195235E0	-1.627368E0
5.630933E0	-1.136226E0	-1.658478E0
5.664252E0	-1.062396E0	-1.676521E0
5.697571E0	-9.263673E-1	-1.673271E0
5.730890E0	-7.385578E-1	-1.722744E0
5.764209E0	-5.422420E-1	-1.724294E0
5.797529E0	-3.931910E-1	-1.709645E0
5.830848E0	-2.680992E-1	-1.726202E0
5.864167E0	-2.235011E-1	-1.712020E0
5.897486E0	-2.111939E-1	-1.696808E0
5.930805E0	-2.594972E-1	-1.717464E0
5.964124E0	-2.486297E-1	-1.739420E0
5.997443E0	-2.486429E-1	-1.774417E0
6.030762E0	-2.051007E-1	-1.770173E0
6.064082E0	-1.183720E-1	-1.764656E0
6.097401E0	1.254774E-2	-1.798121E0
6.130720E0	1.564225E-1	-1.817003E0
6.164039E0	2.425705E-1	-1.842843E0
6.197358E0	3.339580E-1	-1.807142E0
6.230677E0	5.494142E-1	-1.807592E0
6.263996E0	8.237318E-1	-1.799851E0
6.297316E0	9.189862E-1	-1.822861E0
6.330635E0	9.682490E-1	-1.837449E0
6.363954E0	9.860804E-1	-1.832909E0
6.397273E0	9.757886E-1	-1.836748E0
6.430592E0	9.688289E-1	-1.832018E0
6.463911E0	8.505970E-1	-1.819653E0
6.497230E0	5.443376E-1	-1.828167E0
6.530549E0	1.871517E-1	-1.780979E0
6.563869E0	3.345646E-3	-1.683169E0
6.597188E0	1.380628E-2	-1.760294E0
6.630507E0	-6.585135E-3	-1.762240E0
6.663826E0	1.211351E-1	-1.785760E0
6.697145E0	2.884467E-1	-1.819619E0
6.730464E0	5.026879E-1	-1.833641E0
6.763783E0	6.799894E-1	-1.847682E0
6.797102E0	8.280874E-1	-1.841738E0
6.830422E0	9.451312E-1	-1.852414E0
6.863741E0	9.906784E-1	-1.836189E0
6.897060E0	9.804214E-1	-1.801939E0
6.930379E0	9.355976E-1	-1.832903E0
6.963698E0	9.888602E-1	-1.852619E0
6.997017E0	1.050099E0	-1.865601E0
7.030336E0	1.104303E0	-1.863180E0
7.063656E0	1.184403E0	-1.840936E0
7.096975E0	1.321578E0	-1.866173E0
7.130294E0	1.458856E0	-1.845765E0
7.163613E0	1.523919E0	-1.831781E0
7.196932E0	1.621373E0	-1.803981E0
7.230251E0	1.813101E0	-1.856163E0
7.263570E0	2.068532E0	-1.848233E0
7.296889E0	2.181922E0	-1.865369E0
7.330209E0	2.230171E0	-1.866189E0
7.363528E0	2.249286E0	-1.861233E0
7.396847E0	2.229391E0	-1.854180E0
7.430166E0	2.195312E0	-1.864255E0
7.463485E0	2.050360E0	-1.844555E0
7.496804E0	1.693268E0	-1.816433E0
7.530123E0	1.367658E0	-1.748466E0
7.563442E0	1.196018E0	-1.716504E0
7.596762E0	1.201039E0	-1.781220E0
7.630081E0	1.205865E0	-1.786182E0
7.663400E0	1.307360E0	-1.791641E0
7.696719E0	1.447869E0	-1.787087E0
7.730038E0	1.639663E0	-1.811965E0
7.763357E0	1.850849E0	-1.818144E0
7.796676E0	2.017737E0	-1.805348E0
7.829995E0	2.135977E0	-1.806153E0
7.863315E0	2.181241E0	-1.793613E0
7.896634E0	2.133687E0	-1.788183E0
7.929953E0	2.109633E0	-1.788968E0
7.963272E0	2.155944E0	-1.793612E0
7.996591E0	2.223673E0	-1.842071E0
8.029910E0	2.283947E0	-1.883082E0
8.063229E0	2.345242E0	-1.896083E0
8.096549E0	2.438240E0	-1.880609E0
8.129868E0	2.553959E0	-1.874800E0
8.163187E0	2.617110E0	-1.862410E0
8.196506E0	2.707171E0	-1.843763E0
8.229825E0	2.883619E0	-1.887129E0
8.263144E0	3.125607E0	-1.888015E0
8.296463E0	3.264002E0	-1.941154E0
8.329782E0	3.344178E0	-1.936121E0
8.363102E0	3.355378E0	-1.934835E0
8.396421E0	3.357243E0	-1.928306E0
8.429740E0	3.324026E0	-1.957255E0
8.463059E0	3.198567E0	-1.917224E0
8.496378E0	2.857153E0	-1.848071E0
8.529697E0	2.463147E0	-1.811158E0
8.563016E0	2.200059E0	-1.755660E0
8.596335E0	2.223639E0	-1.764447E0
8.629655E0	2.237292E0	-1.806016E0
8.662974E0	2.333096E0	-1.809611E0
8.696293E0	2.550309E0	-1.846835E0
8.729612E0	2.830187E0	-1.893992E0
8.762931E0	3.050708E0	-1.903160E0
8.796250E0	3.212540E0	-1.875107E0
8.829569E0	3.304341E0	-1.871941E0
8.862889E0	3.309940E0	-1.885222E0
8.896208E0	3.252629E0	-1.890740E0
8.929527E0	3.242833E0	-1.895360E0
8.962846E0	3.271502E0	-1.915101E0
8.996165E0	3.320278E0	-1.943080E0
9.029484E0	3.397064E0	-1.941418E0
9.062803E0	3.474837E0	-1.957421E0
9.096122E0	3.521520E0	-1.907050E0
9.129442E0	3.541895E0	-1.908891E0
9.162761E0	3.579969E0	-1.905757E0
9.196080E0	3.734557E0	-1.911657E0
9.229399E0	3.972800E0	-1.968381E0
9.262718E0	4.227421E0	-1.968398E0
9.296037E0	4.345261E0	-1.991258E0
9.329356E0	4.359695E0	-2.022079E0
9.362675E0	4.385796E0	-1.977389E0
9.395995E0	4.348083E0	-2.012346E0
9.429314E0	4.342020E0	-1.991234E0
9.462633E0	4.227233E0	-1.974388E0
9.495952E0	3.879908E0	-1.976934E0
9.529271E0	3.545866E0	-1.904611E0
9.562590E0	3.393308E0	-1.870418E0
9.595909E0	3.413016E0	-1.920767E0
9.629228E0	3.405707E0	-1.901725E0
9.662548E0	3.512507E0	-1.905715E0
9.695867E0	3.646528E0	-1.927983E0
9.729186E0	3.796468E0	-1.941286E0
9.762505E0	4.014025E0	-1.963722E0
9.795824E0	4.192718E0	-1.972129E0
9.829143E0	4.320930E0	-1.946000E0
9.862462E0	4.387485E0	-1.952768E0
9.895782E0	4.352092E0	-1.955465E0
9.929101E0	4.309590E0	-1.975436E0
9.962420E0	4.331920E0	-1.957039E0
9.995739E0	4.404114E0	-1.978990E0
1.002906E1	4.481988E0	-1.995518E0
1.006238E1	4.545009E0	-2.002085E0
1.009570E1	4.553956E0	-1.958332E0
1.012902E1	4.608871E0	-1.966480E0
1.016233E1	4.660023E0	-2.000345E0
1.019565E1	4.795724E0	-2.038534E0
1.022897E1	5.007092E0	-2.076535E0
1.026229E1	5.265497E0	-2.073523E0
1.029561E1	5.375599E0	-2.085230E0
1.032893E1	5.411031E0	-2.075078E0
1.036225E1	5.433228E0	-2.084673E0
1.039557E1	5.412464E0	-2.074856E0
1.042889E1	5.383661E0	-2.087566E0
1.046221E1	5.264000E0	-2.078529E0
1.049553E1	4.927020E0	-2.053957E0
1.052884E1	4.592760E0	-1.961176E0
1.056216E1	4.374954E0	-1.886243E0
1.059548E1	4.383266E0	-1.907026E0
1.062880E1	4.427351E0	-1.957159E0
1.066212E1	4.512897E0	-2.011439E0
1.069544E1	4.699676E0	-2.017723E0
1.072876E1	4.945370E0	-2.068401E0
1.076208E1	5.172792E0	-2.082482E0
1.079540E1	5.323901E0	-2.076377E0
1.082872E1	5.431930E0	-2.079351E0
1.086204E1	5.478006E0	-2.070920E0
1.089536E1	5.421785E0	-2.063193E0
1.092867E1	5.390437E0	-2.085703E0
1.096199E1	5.415471E0	-2.068064E0
1.099531E1	5.455803E0	-2.065279E0
1.102863E1	5.531886E0	-2.115306E0
1.106195E1	5.659575E0	-2.157103E0
1.109527E1	5.810798E0	-2.180474E0
1.112859E1	5.991632E0	-2.202438E0
1.116191E1	6.083809E0	-2.198489E0
1.119523E1	6.123991E0	-2.186973E0
1.122855E1	6.293814E0	-2.223518E0
1.126187E1	6.560184E0	-2.247595E0
1.129518E1	6.714981E0	-2.231663E0
1.132850E1	6.779408E0	-2.209283E0
1.136182E1	6.785855E0	-2.209662E0
1.139514E1	6.779802E0	-2.202185E0
1.142846E1	6.748576E0	-2.212942E0
1.146178E1	6.565827E0	-2.180695E0
1.149510E1	6.246038E0	-2.132016E0
1.152842E1	5.885274E0	-2.062461E0
1.156174E1	5.600677E0	-2.021224E0
1.159506E1	5.536671E0	-2.029219E0
1.162838E1	5.542474E0	-2.027906E0
1.166170E1	5.659174E0	-2.087241E0
1.169501E1	5.863902E0	-2.129637E0
1.172833E1	6.140719E0	-2.142218E0
1.176165E1	6.359402E0	-2.146004E0
1.179497E1	6.496852E0	-2.132772E0
1.182829E1	6.622482E0	-2.146094E0
1.186161E1	6.749032E0	-2.158866E0
1.189493E1	6.793810E0	-2.139825E0
1.192825E1	6.764768E0	-2.112754E0
1.196157E1	6.702905E0	-2.128826E0
1.199489E1	6.736289E0	-2.154452E0
1.202821E1	6.785607E0	-2.143868E0
1.206152E1	6.834057E0	-2.176718E0
1.209484E1	6.944776E0	-2.214263E0
1.212816E1	7.013967E0	-2.245985E0
1.216148E1	7.045368E0	-2.148421E0
1.219480E1	7.150822E0	-2.125771E0
1.222812E1	7.431080E0	-2.143340E0
1.226144E1	7.699745E0	-2.148393E0
1.229476E1	7.760759E0	-2.198516E0
1.232808E1	7.803856E0	-2.193769E0
1.236140E1	7.768258E0	-2.197835E0
1.239472E1	7.769945E0	-2.209751E0
1.242804E1	7.735099E0	-2.191396E0
1.246135E1	7.477465E0	-2.185985E0
1.249467E1	7.080269E0	-2.134639E0
1.252799E1	6.624766E0	-2.085966E0
1.256131E1	6.309859E0	-2.041935E0
1.259463E1	6.227969E0	-2.063463E0
1.262795E1	6.242140E0	-2.107560E0
1.266127E1	6.369982E0	-2.148275E0
1.269459E1	6.611044E0	-2.151421E0
1.272791E1	6.886192E0	-2.191727E0
1.276123E1	7.109055E0	-2.198607E0
1.279455E1	7.253695E0	-2.170386E0
1.282786E1	7.361856E0	-2.181816E0
1.286118E1	7.412769E0	-2.187281E0
1.289450E1	7.342753E0	-2.204564E0
1.292782E1	7.311958E0	-2.185012E0
1.296114E1	7.348758E0	-2.181654E0
1.299446E1	7.428549E0	-2.233577E0
1.302778E1	7.517977E0	-2.230788E0
1.306110E1	7.618228E0	-2.233890E0
1.309442E1	7.717192E0	-2.264125E0
1.312774E1	7.747719E0	-2.213468E0
1.316106E1	7.756061E0	-2.204310E0
1.319438E1	7.857558E0	-2.225793E0
1.322769E1	8.118781E0	-2.250768E0
1.326101E1	8.394917E0	-2.261319E0
1.329433E1	8.484777E0	-2.284613E0
1.332765E1	8.566672E0	-2.312808E0
1.336097E1	8.608507E0	-2.296500E0
1.339429E1	8.579186E0	-2.322725E0
1.342761E1	8.559997E0	-2.304011E0
1.346093E1	8.451683E0	-2.296461E0
1.349425E1	8.191615E0	-2.267590E0
1.352757E1	7.898928E0	-2.190760E0
1.356089E1	7.762852E0	-2.181769E0
1.359420E1	7.804407E0	-2.258044E0
1.362752E1	7.802673E0	-2.249901E0
1.366084E1	7.863892E0	-2.277557E0
1.369416E1	7.979821E0	-2.316622E0
1.372748E1	8.082644E0	-2.347746E0
1.376080E1	8.235226E0	-2.354540E0
1.379412E1	8.364830E0	-2.358106E0
1.382744E1	8.455485E0	-2.319663E0
1.386076E1	8.509788E0	-2.339643E0
1.389408E1	8.551073E0	-2.330913E0
1.392740E1	8.588630E0	-2.368342E0
1.396072E1	8.668682E0	-2.380517E0
1.399403E1	8.722959E0	-2.375075E0
1.402735E1	8.724754E0	-2.363414E0
1.406067E1	8.725293E0	-2.365592E0
1.409399E1	8.751662E0	-2.426980E0
1.412731E1	8.794019E0	-2.421198E0
1.416063E1	8.817698E0	-2.388212E0
1.419395E1	8.909747E0	-2.415445E0
1.422727E1	9.145631E0	-2.401304E0
1.426059E1	9.368332E0	-2.400140E0
1.429391E1	9.484236E0	-2.408114E0
1.432723E1	9.538255E0	-2.413245E0
1.436054E1	9.565222E0	-2.431728E0
1.439386E1	9.544678E0	-2.418922E0
1.442718E1	9.507469E0	-2.426514E0
1.446050E1	9.333301E0	-2.365718E0
1.449382E1	9.045246E0	-2.298200E0
1.452714E1	8.742432E0	-2.302267E0
1.456046E1	8.561181E0	-2.248485E0
1.459378E1	8.557421E0	-2.307690E0
1.462710E1	8.516369E0	-2.347508E0
1.466042E1	8.581186E0	-2.359109E0
1.469374E1	8.716400E0	-2.364825E0
1.472706E1	8.835547E0	-2.402755E0
1.476037E1	9.012690E0	-2.420167E0
1.479369E1	9.185763E0	-2.422075E0
1.482701E1	9.307313E0	-2.387850E0
1.486033E1	9.379847E0	-2.376851E0
1.489365E1	9.382500E0	-2.359787E0
1.492697E1	9.376658E0	-2.367210E0
1.496029E1	9.401168E0	-2.428340E0
1.499361E1	9.368485E0	-2.406123E0
1.502693E1	9.372576E0	-2.408636E0
1.506025E1	9.444112E0	-2.431865E0
1.509357E1	9.530901E0	-2.418049E0
1.512688E1	9.609135E0	-2.432745E0
1.516020E1	9.664410E0	-2.429692E0
1.519352E1	9.777206E0	-2.429620E0
1.522684E1	1.002028E1	-2.405372E0
1.526016E1	1.026086E1	-2.380579E0
1.529348E1	1.039662E1	-2.371811E0
1.532680E1	1.046270E1	-2.413159E0
1.536012E1	1.049363E1	-2.393475E0
1.539344E1	1.046846E1	-2.418085E0
1.542676E1	1.044984E1	-2.404495E0
1.546008E1	1.031449E1	-2.414830E0
1.549340E1	1.003925E1	-2.405845E0
1.552671E1	9.767790E0	-2.323087E0
1.556003E1	9.593695E0	-2.301743E0
1.559335E1	9.574881E0	-2.355512E0
1.562667E1	9.550930E0	-2.369347E0
1.565999E1	9.614714E0	-2.378172E0
1.569331E1	9.711746E0	-2.408372E0
1.572663E1	9.811765E0	-2.409754E0
1.575995E1	9.941300E0	-2.430576E0
1.579327E1	1.006760E1	-2.361688E0
1.582659E1	1.013369E1	-2.344680E0
1.585991E1	1.018993E1	-2.366620E0
1.589322E1	1.018621E1	-2.366995E0
1.592654E1	1.017796E1	-2.367588E0
1.595986E1	1.013920E1	-2.409936E0
1.599318E1	1.015883E1	-2.431040E0
1.602650E1	1.018331E1	-2.415468E0
1.605982E1	1.022713E1	-2.409593E0
1.609314E1	1.023957E1	-2.417039E0
1.612646E1	1.023303E1	-2.409089E0
1.615978E1	1.024890E1	-2.417102E0
1.619310E1	1.037564E1	-2.432783E0
1.622642E1	1.061087E1	-2.409098E0
1.625974E1	1.084434E1	-2.403753E0
1.629305E1	1.102058E1	-2.430378E0
1.632637E1	1.110439E1	-2.430556E0
1.635969E1	1.111137E1	-2.423685E0
1.639301E1	1.109915E1	-2.414057E0
1.642633E1	1.107584E1	-2.434735E0
1.645965E1	1.095533E1	-2.385829E0
1.649297E1	1.073960E1	-2.331874E0
1.652629E1	1.055079E1	-2.290060E0
1.655961E1	1.045367E1	-2.241484E0
1.659293E1	1.049618E1	-2.351774E0
1.662625E1	1.050515E1	-2.328661E0
1.665956E1	1.055877E1	-2.321127E0
1.669288E1	1.060887E1	-2.357276E0
1.672620E1	1.068077E1	-2.373850E0
1.675952E1	1.081408E1	-2.346985E0
1.679284E1	1.095906E1	-2.327186E0
1.682616E1	1.104792E1	-2.315300E0
1.685948E1	1.110607E1	-2.353835E0
1.689280E1	1.109721E1	-2.351130E0
1.692612E1	1.108655E1	-2.349338E0
1.695944E1	1.106456E1	-2.398755E0
1.699276E1	1.109805E1	-2.407603E0
1.702608E1	1.112904E1	-2.436974E0
1.705939E1	1.115466E1	-2.422801E0
1.709271E1	1.116915E1	-2.456827E0
1.712603E1	1.117074E1	-2.452683E0
1.715935E1	1.121580E1	-2.433902E0
1.719267E1	1.133781E1	-2.445655E0
1.722599E1	1.159459E1	-2.421860E0
1.725931E1	1.179401E1	-2.400707E0
1.729263E1	1.190917E1	-2.415516E0
1.732595E1	1.197029E1	-2.420406E0
1.735927E1	1.196275E1	-2.396570E0
1.739259E1	1.196334E1	-2.398955E0
1.742590E1	1.193803E1	-2.428954E0
1.745922E1	1.181693E1	-2.388391E0
1.749254E1	1.150506E1	-2.373577E0
1.752586E1	1.121514E1	-2.311834E0
1.755918E1	1.100896E1	-2.296667E0
1.759250E1	1.100124E1	-2.348606E0
1.762582E1	1.099793E1	-2.349220E0
1.765914E1	1.105543E1	-2.363178E0
1.769246E1	1.116624E1	-2.414078E0
1.772578E1	1.132360E1	-2.422457E0
1.775910E1	1.151215E1	-2.440168E0
1.779242E1	1.167342E1	-2.432187E0
1.782573E1	1.181453E1	-2.394411E0
1.785905E1	1.186884E1	-2.378497E0
1.789237E1	1.182243E1	-2.399641E0
1.792569E1	1.180606E1	-2.413889E0
1.795901E1	1.180642E1	-2.416291E0
1.799233E1	1.182249E1	-2.437430E0
1.802565E1	1.186825E1	-2.439699E0
1.805897E1	1.191325E1	-2.425921E0
1.809229E1	1.192883E1	-2.438426E0
1.812561E1	1.197249E1	-2.438772E0
1.815893E1	1.198149E1	-2.445901E0
1.819224E1	1.208709E1	-2.437813E0
1.822556E1	1.233998E1	-2.411471E0
1.825888E1	1.257573E1	-2.396556E0
1.829220E1	1.267834E1	-2.381192E0
1.832552E1	1.278329E1	-2.387962E0
1.835884E1	1.279385E1	-2.420226E0
1.839216E1	1.278682E1	-2.390633E0
1.842548E1	1.274386E1	-2.421488E0
1.845880E1	1.261138E1	-2.356488E0
1.849212E1	1.240857E1	-2.310540E0
1.852544E1	1.214636E1	-2.277987E0
1.855876E1	1.193861E1	-2.270398E0
1.859207E1	1.195962E1	-2.302768E0
1.862539E1	1.193793E1	-2.328528E0
1.865871E1	1.198669E1	-2.332574E0
1.869203E1	1.209772E1	-2.373266E0
1.872535E1	1.224824E1	-2.397952E0
1.875867E1	1.245598E1	-2.375143E0
1.879199E1	1.258860E1	-2.383118E0
1.882531E1	1.267618E1	-2.352457E0
1.885863E1	1.273306E1	-2.356993E0
1.889195E1	1.272320E1	-2.352017E0
1.892527E1	1.271171E1	-2.354595E0
1.895858E1	1.273511E1	-2.372901E0
1.899190E1	1.275122E1	-2.395489E0
1.902522E1	1.278798E1	-2.412877E0
1.905854E1	1.284610E1	-2.429481E0
1.909186E1	1.288896E1	-2.409943E0
1.912518E1	1.294446E1	-2.378914E0
1.915850E1	1.299014E1	-2.367608E0
1.919182E1	1.311871E1	-2.389409E0
1.922514E1	1.332279E1	-2.375352E0
1.925846E1	1.354409E1	-2.366484E0
1.929178E1	1.375328E1	-2.367412E0
1.932510E1	1.382209E1	-2.418523E0
1.935841E1	1.382554E1	-2.419984E0
1.939173E1	1.381423E1	-2.413317E0
1.942505E1	1.379723E1	-2.401534E0
1.945837E1	1.366226E1	-2.411108E0
1.949169E1	1.340391E1	-2.397066E0
1.952501E1	1.308683E1	-2.333480E0
1.955833E1	1.283974E1	-2.256852E0
1.959165E1	1.276574E1	-2.302217E0
1.962497E1	1.277575E1	-2.358704E0
1.965829E1	1.283411E1	-2.363901E0
1.969161E1	1.298978E1	-2.407345E0
1.972492E1	1.320669E1	-2.416562E0
1.975824E1	1.338905E1	-2.423544E0
1.979156E1	1.351557E1	-2.434234E0
1.982488E1	1.360894E1	-2.399339E0
1.985820E1	1.366801E1	-2.391914E0
1.989152E1	1.366695E1	-2.389581E0
1.992484E1	1.361734E1	-2.430062E0
1.995816E1	1.361730E1	-2.434887E0
1.999148E1	1.365395E1	-2.424831E0
2.002480E1	1.372678E1	-2.450307E0
2.005812E1	1.382214E1	-2.445505E0
2.009144E1	1.391993E1	-2.425543E0
2.012475E1	1.404176E1	-2.428436E0
2.015807E1	1.414170E1	-2.421076E0
2.019139E1	1.420322E1	-2.420824E0
2.022471E1	1.436970E1	-2.423597E0
2.025803E1	1.464060E1	-2.421115E0
2.029135E1	1.485336E1	-2.431344E0
2.032467E1	1.491688E1	-2.455528E0
2.035799E1	1.491436E1	-2.446286E0
2.039131E1	1.490416E1	-2.436136E0
2.042463E1	1.488844E1	-2.423017E0
2.045795E1	1.473279E1	-2.390486E0
2.049126E1	1.441431E1	-2.359515E0
2.052458E1	1.409273E1	-2.306842E0
2.055790E1	1.385090E1	-2.257611E0
2.059122E1	1.376224E1	-2.355387E0
2.062454E1	1.375944E1	-2.383495E0
2.065786E1	1.381138E1	-2.370854E0
2.069118E1	1.390271E1	-2.361500E0
2.072450E1	1.398967E1	-2.427423E0
2.075782E1	1.415792E1	-2.437771E0
2.079114E1	1.433231E1	-2.444562E0
2.082446E1	1.446886E1	-2.414698E0
2.085778E1	1.458538E1	-2.395292E0
2.089109E1	1.459363E1	-2.386542E0
2.092441E1	1.458026E1	-2.391333E0
2.095773E1	1.457909E1	-2.427296E0
2.099105E1	1.456967E1	-2.426439E0
2.102437E1	1.462458E1	-2.429257E0
2.105769E1	1.464245E1	-2.446871E0
2.109101E1	1.464083E1	-2.445598E0
2.112433E1	1.468055E1	-2.436110E0
2.115765E1	1.473562E1	-2.426122E0
2.119097E1	1.483717E1	-2.423012E0
2.122429E1	1.503528E1	-2.446107E0
2.125760E1	1.529210E1	-2.430809E0
2.129092E1	1.550310E1	-2.430208E0
2.132424E1	1.556622E1	-2.449382E0
2.135756E1	1.558205E1	-2.420253E0
2.139088E1	1.558050E1	-2.417342E0
2.142420E1	1.556479E1	-2.442632E0
2.145752E1	1.545470E1	-2.404529E0
2.149084E1	1.516602E1	-2.353200E0
2.152416E1	1.492315E1	-2.327246E0
2.155748E1	1.472395E1	-2.296230E0
2.159080E1	1.466280E1	-2.361541E0
2.162412E1	1.463469E1	-2.375853E0
2.165743E1	1.469420E1	-2.390316E0
2.169075E1	1.480975E1	-2.435395E0
2.172407E1	1.494943E1	-2.426959E0
2.175739E1	1.512613E1	-2.439244E0
2.179071E1	1.528158E1	-2.423782E0
2.182403E1	1.539814E1	-2.395244E0
2.185735E1	1.545052E1	-2.413526E0
2.189067E1	1.546091E1	-2.432776E0
2.192399E1	1.542252E1	-2.414159E0
2.195731E1	1.542977E1	-2.423225E0
2.199063E1	1.547615E1	-2.424621E0
2.202394E1	1.554533E1	-2.445445E0
2.205726E1	1.554673E1	-2.441883E0
2.209058E1	1.554325E1	-2.434921E0
2.212390E1	1.555687E1	-2.463492E0
2.215722E1	1.556598E1	-2.485242E0
2.219054E1	1.567601E1	-2.496179E0
2.222386E1	1.592998E1	-2.491490E0
2.225718E1	1.622633E1	-2.510065E0
2.229050E1	1.640178E1	-2.538632E0
2.232382E1	1.642228E1	-2.593063E0
2.235714E1	1.647607E1	-2.569690E0
2.239046E1	1.646605E1	-2.551980E0
2.242377E1	1.642082E1	-2.577723E0
2.245709E1	1.630598E1	-2.508419E0
2.249041E1	1.605500E1	-2.460495E0
2.252373E1	1.571459E1	-2.417833E0
2.255705E1	1.549693E1	-2.402745E0
2.259037E1	1.545139E1	-2.453780E0
2.262369E1	1.543455E1	-2.438480E0
2.265701E1	1.548924E1	-2.438076E0
2.269033E1	1.562061E1	-2.493041E0
2.272365E1	1.582140E1	-2.505944E0
2.275697E1	1.601138E1	-2.560492E0
2.279028E1	1.616897E1	-2.565288E0
2.282360E1	1.629837E1	-2.547005E0
2.285692E1	1.638268E1	-2.607270E0
2.289024E1	1.640920E1	-2.559009E0
2.292356E1	1.636111E1	-2.554280E0
2.295688E1	1.636983E1	-2.605951E0
2.299020E1	1.638237E1	-2.620120E0
2.302352E1	1.641179E1	-2.632923E0
2.305684E1	1.647964E1	-2.694793E0
2.309016E1	1.657924E1	-2.718759E0
2.312348E1	1.669266E1	-2.776317E0
2.315680E1	1.677647E1	-2.795876E0
2.319011E1	1.689629E1	-2.786166E0
2.322343E1	1.706512E1	-2.800242E0
2.325675E1	1.732280E1	-2.766437E0
2.329007E1	1.749735E1	-2.800750E0
2.332339E1	1.759914E1	-2.818439E0
2.335671E1	1.762008E1	-2.843567E0
2.339003E1	1.760140E1	-2.817883E0
2.342335E1	1.759232E1	-2.808606E0
2.345667E1	1.739945E1	-2.793915E0
2.348999E1	1.706886E1	-2.690524E0
2.352331E1	1.667961E1	-2.628524E0
2.355662E1	1.636515E1	-2.604834E0
2.358994E1	1.624510E1	-2.648048E0
2.362326E1	1.620721E1	-2.665881E0
2.365658E1	1.626495E1	-2.670779E0
2.368990E1	1.641467E1	-2.684076E0
2.372322E1	1.661726E1	-2.698032E0
2.375654E1	1.680828E1	-2.728468E0
2.378986E1	1.699892E1	-2.710240E0
2.382318E1	1.718752E1	-2.737145E0
2.385650E1	1.729679E1	-2.753115E0
2.388982E1	1.734806E1	-2.736341E0
2.392314E1	1.729980E1	-2.729632E0
2.395645E1	1.723538E1	-2.722928E0
2.398977E1	1.723625E1	-2.744261E0
2.402309E1	1.726860E1	-2.706130E0
2.405641E1	1.728520E1	-2.722792E0
2.408973E1	1.729633E1	-2.768321E0
2.412305E1	1.738146E1	-2.792999E0
2.415637E1	1.749294E1	-2.857638E0
2.418969E1	1.756309E1	-2.916426E0
2.422301E1	1.775128E1	-2.912042E0
2.425633E1	1.803730E1	-2.921983E0
2.428965E1	1.826373E1	-2.939056E0
2.432296E1	1.830534E1	-2.971200E0
2.435628E1	1.832840E1	-2.990731E0
2.438960E1	1.831153E1	-2.978584E0
2.442292E1	1.830139E1	-2.972587E0
2.445624E1	1.815444E1	-2.936021E0
2.448956E1	1.790576E1	-2.891628E0
2.452288E1	1.756490E1	-2.822873E0
2.455620E1	1.727273E1	-2.758641E0
2.458952E1	1.716197E1	-2.803682E0
2.462284E1	1.716270E1	-2.824170E0
2.465616E1	1.722015E1	-2.854576E0
2.468948E1	1.739577E1	-2.916013E0
2.472279E1	1.765971E1	-2.946127E0
2.475611E1	1.787428E1	-2.940780E0
2.478943E1	1.802326E1	-2.919298E0
2.482275E1	1.812635E1	-2.918796E0
2.485607E1	1.819466E1	-2.933378E0
2.488939E1	1.816285E1	-2.944248E0
2.492271E1	1.811647E1	-2.948233E0
2.495603E1	1.814375E1	-2.949251E0
2.498935E1	1.817304E1	-2.995446E0
2.502267E1	1.820199E1	-2.975152E0
2.505599E1	1.825177E1	-2.993740E0
2.508930E1	1.826857E1	-3.065422E0
2.512262E1	1.830966E1	-3.099684E0
2.515594E1	1.837729E1	-3.155887E0
2.518926E1	1.847936E1	-3.164700E0
2.522258E1	1.868292E1	-3.167213E0
2.525590E1	1.891487E1	-3.158421E0
2.528922E1	1.910257E1	-3.124343E0
2.532254E1	1.918696E1	-3.195876E0
2.535586E1	1.923920E1	-3.211830E0
2.538918E1	1.922178E1	-3.195882E0
2.542250E1	1.921099E1	-3.185056E0
2.545582E1	1.906987E1	-3.179486E0
2.548913E1	1.878773E1	-3.052840E0
2.552245E1	1.845403E1	-2.981177E0
2.555577E1	1.813655E1	-2.917479E0
2.558909E1	1.803037E1	-2.947225E0
2.562241E1	1.793887E1	-2.982203E0
2.565573E1	1.799627E1	-2.996582E0
2.568905E1	1.814983E1	-2.986985E0
2.572237E1	1.831765E1	-3.031564E0
2.575569E1	1.851786E1	-3.035981E0
2.578901E1	1.870129E1	-3.056364E0
2.582233E1	1.885767E1	-3.062607E0
2.585564E1	1.895070E1	-3.081982E0
2.588896E1	1.895574E1	-3.092542E0
2.592228E1	1.889942E1	-3.083236E0
2.595560E1	1.892046E1	-3.121918E0
2.598892E1	1.896576E1	-3.118670E0
2.602224E1	1.900681E1	-3.099480E0
2.605556E1	1.903411E1	-3.170721E0
2.608888E1	1.905754E1	-3.181261E0
2.612220E1	1.916935E1	-3.216735E0
2.615552E1	1.922021E1	-3.262637E0
2.618884E1	1.930003E1	-3.331542E0
2.622216E1	1.949614E1	-3.327829E0
2.625547E1	1.975485E1	-3.295438E0
2.628879E1	1.997244E1	-3.299467E0
2.632211E1	2.004591E1	-3.350755E0
2.635543E1	2.005724E1	-3.371867E0
2.638875E1	2.003963E1	-3.355982E0
2.642207E1	2.003827E1	-3.358213E0
2.645539E1	1.986598E1	-3.293561E0
2.648871E1	1.961388E1	-3.198195E0
2.652203E1	1.924174E1	-3.097287E0
2.655535E1	1.895722E1	-3.055421E0
2.658867E1	1.886137E1	-3.149695E0
2.662198E1	1.884250E1	-3.140409E0
2.665530E1	1.889704E1	-3.129067E0
2.668862E1	1.902295E1	-3.173764E0
2.672194E1	1.917021E1	-3.203423E0
2.675526E1	1.939406E1	-3.216975E0
2.678858E1	1.960344E1	-3.206921E0
2.682190E1	1.976353E1	-3.223119E0
2.685522E1	1.987525E1	-3.260715E0
2.688854E1	1.990226E1	-3.282782E0
2.692186E1	1.984000E1	-3.229226E0
2.695518E1	1.981954E1	-3.212775E0
2.698850E1	1.983376E1	-3.215356E0
2.702181E1	1.982321E1	-3.201877E0
2.705513E1	1.985480E1	-3.232970E0
2.708845E1	1.990383E1	-3.271905E0
2.712177E1	1.997260E1	-3.298336E0
2.715509E1	2.004502E1	-3.326527E0
2.718841E1	2.015703E1	-3.362882E0
2.722173E1	2.034952E1	-3.405300E0
2.725505E1	2.058482E1	-3.436047E0
2.728837E1	2.078985E1	-3.429437E0
2.732169E1	2.086739E1	-3.479988E0
2.735501E1	2.089277E1	-3.470245E0
2.738832E1	2.087662E1	-3.494136E0
2.742164E1	2.087084E1	-3.489920E0
2.745496E1	2.073263E1	-3.428374E0
2.748828E1	2.047667E1	-3.365288E0
2.752160E1	2.013777E1	-3.249000E0
2.755492E1	1.991111E1	-3.199493E0
2.758824E1	1.987914E1	-3.277647E0
2.762156E1	1.982909E1	-3.273838E0
2.765488E1	1.984376E1	-3.266389E0
2.768820E1	1.994420E1	-3.298900E0
2.772152E1	2.004201E1	-3.342951E0
2.775484E1	2.020458E1	-3.373045E0
2.778815E1	2.040746E1	-3.366771E0
2.782147E1	2.058233E1	-3.377265E0
2.785479E1	2.068149E1	-3.401572E0
2.788811E1	2.071478E1	-3.440758E0
2.792143E1	2.067755E1	-3.408924E0
2.795475E1	2.068440E1	-3.435785E0
2.798807E1	2.068952E1	-3.457994E0
2.802139E1	2.070638E1	-3.481929E0
2.805471E1	2.074827E1	-3.493470E0
2.808803E1	2.076238E1	-3.534383E0
2.812135E1	2.081009E1	-3.583662E0
2.815466E1	2.086968E1	-3.648635E0
2.818798E1	2.095536E1	-3.676537E0
2.822130E1	2.114256E1	-3.719549E0
2.825462E1	2.132722E1	-3.698186E0
2.828794E1	2.144955E1	-3.719568E0
2.832126E1	2.155783E1	-3.742750E0
2.835458E1	2.165412E1	-3.740769E0
2.838790E1	2.161623E1	-3.755303E0
2.842122E1	2.160833E1	-3.745125E0
2.845454E1	2.153487E1	-3.688701E0
2.848786E1	2.134178E1	-3.617812E0
2.852118E1	2.108281E1	-3.536817E0
2.855449E1	2.089533E1	-3.472597E0
2.858781E1	2.086336E1	-3.586164E0
2.862113E1	2.080683E1	-3.591646E0
2.865445E1	2.080331E1	-3.581025E0
2.868777E1	2.092717E1	-3.600169E0
2.872109E1	2.101625E1	-3.622864E0
2.875441E1	2.116838E1	-3.643912E0
2.878773E1	2.132550E1	-3.678856E0
2.882105E1	2.145813E1	-3.731231E0
2.885437E1	2.155504E1	-3.735739E0
2.888769E1	2.155718E1	-3.708558E0
2.892100E1	2.151468E1	-3.715234E0
2.895432E1	2.150710E1	-3.744479E0
2.898764E1	2.150789E1	-3.747211E0
2.902096E1	2.155415E1	-3.750023E0
2.905428E1	2.161043E1	-3.784236E0
2.908760E1	2.171457E1	-3.810857E0
2.912092E1	2.175730E1	-3.849736E0
2.915424E1	2.177280E1	-3.901456E0
2.918756E1	2.188735E1	-3.920332E0
2.922088E1	2.210816E1	-3.944506E0
2.925420E1	2.232636E1	-3.933726E0
2.928752E1	2.249089E1	-3.935092E0
2.932083E1	2.258631E1	-3.962266E0
2.935415E1	2.264749E1	-3.970813E0
2.938747E1	2.260440E1	-3.972099E0
2.942079E1	2.260014E1	-3.971840E0
2.945411E1	2.248759E1	-3.955872E0
2.948743E1	2.225763E1	-3.822013E0
2.952075E1	2.193764E1	-3.716756E0
2.955407E1	2.163008E1	-3.652274E0
2.958739E1	2.155142E1	-3.641381E0
2.962071E1	2.152810E1	-3.717952E0
2.965403E1	2.157619E1	-3.717650E0
2.968734E1	2.173128E1	-3.760997E0
2.972066E1	2.193668E1	-3.791668E0
2.975398E1	2.214381E1	-3.795368E0
2.978730E1	2.230312E1	-3.803888E0
2.982062E1	2.238904E1	-3.872694E0
2.985394E1	2.243588E1	-3.902983E0
2.988726E1	2.240827E1	-3.853145E0
2.992058E1	2.236918E1	-3.860541E0
2.995390E1	2.237755E1	-3.912387E0
2.998722E1	2.241985E1	-3.880875E0
3.002054E1	2.241316E1	-3.893691E0
3.005386E1	2.242244E1	-3.922921E0
3.008717E1	2.243995E1	-3.971137E0
3.012049E1	2.247168E1	-3.977421E0
3.015381E1	2.252401E1	-4.026305E0
3.018713E1	2.263717E1	-4.075568E0
3.022045E1	2.285805E1	-4.105204E0
3.025377E1	2.302213E1	-4.105830E0
3.028709E1	2.312546E1	-4.104094E0
3.032041E1	2.319458E1	-4.143525E0
3.035373E1	2.324745E1	-4.145818E0
3.038705E1	2.323421E1	-4.136802E0
3.042037E1	2.323000E1	-4.134921E0
3.045368E1	2.314638E1	-4.138367E0
3.048700E1	2.301672E1	-3.998316E0
3.052032E1	2.281250E1	-3.926074E0
3.055364E1	2.262760E1	-3.839444E0
3.058696E1	2.257243E1	-3.900779E0
3.062028E1	2.253913E1	-3.970246E0
3.065360E1	2.259208E1	-3.969088E0
3.068692E1	2.271804E1	-4.035055E0
3.072024E1	2.287432E1	-4.097664E0
3.075356E1	2.302341E1	-4.118262E0
3.078688E1	2.318383E1	-4.115051E0
3.082019E1	2.328749E1	-4.083269E0
3.085351E1	2.333091E1	-4.073987E0
3.088683E1	2.333728E1	-4.085651E0
3.092015E1	2.329554E1	-4.092339E0
3.095347E1	2.329660E1	-4.104488E0
3.098679E1	2.329488E1	-4.118020E0
3.102011E1	2.334037E1	-4.137493E0
3.105343E1	2.339387E1	-4.170094E0
3.108675E1	2.345464E1	-4.183895E0
3.112007E1	2.352207E1	-4.219616E0
3.115339E1	2.356400E1	-4.232854E0
3.118671E1	2.366874E1	-4.245560E0
3.122002E1	2.383361E1	-4.287647E0
3.125334E1	2.405965E1	-4.312915E0
3.128666E1	2.420889E1	-4.308097E0
3.131998E1	2.431418E1	-4.322576E0
3.135330E1	2.436847E1	-4.347887E0
3.138662E1	2.433636E1	-4.365150E0
3.141994E1	2.433080E1	-4.360583E0
3.145326E1	2.423949E1	-4.292546E0
3.148658E1	2.399369E1	-4.179693E0
3.151990E1	2.372743E1	-4.101686E0
3.155322E1	2.341790E1	-4.036829E0
3.158653E1	2.329839E1	-4.041180E0
3.161985E1	2.328107E1	-4.073036E0
3.165317E1	2.333332E1	-4.074122E0
3.168649E1	2.348548E1	-4.126785E0
3.171981E1	2.370916E1	-4.185387E0
3.175313E1	2.394097E1	-4.212892E0
3.178645E1	2.410045E1	-4.195160E0
3.181977E1	2.417380E1	-4.217161E0
3.185309E1	2.421672E1	-4.218393E0
3.188641E1	2.418967E1	-4.183631E0
3.191973E1	2.417114E1	-4.217462E0
3.195305E1	2.417306E1	-4.254294E0
3.198636E1	2.414059E1	-4.224423E0
3.201968E1	2.419571E1	-4.245224E0
3.205300E1	2.427314E1	-4.299908E0
3.208632E1	2.438624E1	-4.343857E0
3.211964E1	2.454292E1	-4.361146E0
3.215296E1	2.469114E1	-4.367667E0
3.218628E1	2.475029E1	-4.357390E0
3.221960E1	2.487806E1	-4.382774E0
3.225292E1	2.514196E1	-4.374327E0
3.228624E1	2.539121E1	-4.352918E0
3.231956E1	2.548987E1	-4.357070E0
3.235287E1	2.550261E1	-4.389677E0
3.238619E1	2.550049E1	-4.393658E0
3.241951E1	2.550052E1	-4.396146E0
3.245283E1	2.538886E1	-4.357249E0
3.248615E1	2.509540E1	-4.260244E0
3.251947E1	2.471470E1	-4.160146E0
3.255279E1	2.427996E1	-4.076465E0
3.258611E1	2.408682E1	-4.060405E0
3.261943E1	2.408692E1	-4.085968E0
3.265275E1	2.414214E1	-4.086601E0
3.268607E1	2.431489E1	-4.154585E0
3.271939E1	2.453416E1	-4.229962E0
3.275270E1	2.475211E1	-4.243979E0
3.278602E1	2.492633E1	-4.255149E0
3.281934E1	2.503998E1	-4.278874E0
3.285266E1	2.512373E1	-4.282310E0
3.288598E1	2.513722E1	-4.265956E0
3.291930E1	2.508456E1	-4.261066E0
3.295262E1	2.508259E1	-4.292761E0
3.298594E1	2.513790E1	-4.316944E0
3.301926E1	2.519480E1	-4.315294E0
3.305258E1	2.524559E1	-4.317170E0
3.308590E1	2.530261E1	-4.327220E0
3.311921E1	2.539810E1	-4.328373E0
3.315253E1	2.540357E1	-4.357013E0
3.318585E1	2.545335E1	-4.369461E0
3.321917E1	2.565759E1	-4.402215E0
3.325249E1	2.597897E1	-4.416140E0
3.328581E1	2.616736E1	-4.462423E0
3.331913E1	2.620718E1	-4.458250E0
3.335245E1	2.622669E1	-4.472172E0
3.338577E1	2.621403E1	-4.465277E0
3.341909E1	2.621474E1	-4.467629E0
3.345241E1	2.611433E1	-4.436880E0
3.348573E1	2.582129E1	-4.309362E0
3.351904E1	2.545601E1	-4.195209E0
3.355236E1	2.513071E1	-4.102780E0
3.358568E1	2.495023E1	-4.119892E0
3.361900E1	2.492763E1	-4.192815E0
3.365232E1	2.497163E1	-4.193619E0
3.368564E1	2.509592E1	-4.257262E0
3.371896E1	2.527880E1	-4.252364E0
3.375228E1	2.546917E1	-4.302755E0
3.378560E1	2.570104E1	-4.328082E0
3.381892E1	2.587416E1	-4.302817E0
3.385224E1	2.598824E1	-4.336694E0
3.388555E1	2.603788E1	-4.348633E0
3.391887E1	2.597976E1	-4.341094E0
3.395219E1	2.595375E1	-4.353408E0
3.398551E1	2.595614E1	-4.349894E0
3.401883E1	2.595723E1	-4.358565E0
3.405215E1	2.597212E1	-4.347520E0
3.408547E1	2.604888E1	-4.382587E0
3.411879E1	2.613260E1	-4.438248E0
3.415211E1	2.620949E1	-4.452388E0
3.418543E1	2.627928E1	-4.462602E0
3.421875E1	2.647694E1	-4.469874E0
3.425207E1	2.675315E1	-4.529673E0
3.428538E1	2.697222E1	-4.541250E0
3.431870E1	2.701383E1	-4.559017E0
3.435202E1	2.704924E1	-4.586099E0
3.438534E1	2.703556E1	-4.580208E0
3.441866E1	2.703509E1	-4.582979E0
3.445198E1	2.693433E1	-4.547408E0
3.448530E1	2.664948E1	-4.459863E0
3.451862E1	2.631408E1	-4.347692E0
3.455194E1	2.598461E1	-4.241478E0
3.458526E1	2.577273E1	-4.241251E0
3.461858E1	2.571770E1	-4.260724E0
3.465189E1	2.575394E1	-4.269113E0
3.468521E1	2.588687E1	-4.269929E0
3.471853E1	2.602104E1	-4.320582E0
3.475185E1	2.621240E1	-4.328461E0
3.478517E1	2.641287E1	-4.342606E0
3.481849E1	2.658253E1	-4.358453E0
3.485181E1	2.669796E1	-4.381680E0
3.488513E1	2.671289E1	-4.414996E0
3.491845E1	2.671412E1	-4.391073E0
3.495177E1	2.668989E1	-4.370388E0
3.498509E1	2.671957E1	-4.426353E0
3.501841E1	2.676775E1	-4.422266E0
3.505172E1	2.683638E1	-4.432077E0
3.508504E1	2.691102E1	-4.447998E0
3.511836E1	2.703253E1	-4.506532E0
3.515168E1	2.711825E1	-4.475221E0
3.518500E1	2.718090E1	-4.477266E0
3.521832E1	2.733091E1	-4.506832E0
3.525164E1	2.761192E1	-4.541493E0
3.528496E1	2.783148E1	-4.589455E0
3.531828E1	2.786557E1	-4.651277E0
3.535160E1	2.788086E1	-4.615846E0
3.538492E1	2.787653E1	-4.614356E0
3.541823E1	2.788229E1	-4.625256E0
3.545155E1	2.780368E1	-4.612576E0
3.548487E1	2.756407E1	-4.498391E0
3.551819E1	2.725170E1	-4.411402E0
3.555151E1	2.698453E1	-4.278474E0
3.558483E1	2.683249E1	-4.326658E0
3.561815E1	2.680090E1	-4.364723E0
3.565147E1	2.686325E1	-4.370969E0
3.568479E1	2.698226E1	-4.415315E0
3.571811E1	2.716721E1	-4.451125E0
3.575143E1	2.736695E1	-4.503177E0
3.578475E1	2.755204E1	-4.507510E0
3.581806E1	2.767514E1	-4.558442E0
3.585138E1	2.778976E1	-4.592757E0
3.588470E1	2.779402E1	-4.574765E0
3.591802E1	2.774275E1	-4.576348E0
3.595134E1	2.773910E1	-4.579324E0
3.598466E1	2.777734E1	-4.549888E0
3.601798E1	2.778157E1	-4.544179E0
3.605130E1	2.780205E1	-4.582688E0
3.608462E1	2.786211E1	-4.597243E0
3.611794E1	2.794390E1	-4.613736E0
3.615126E1	2.806110E1	-4.641882E0
3.618457E1	2.815678E1	-4.646204E0
3.621789E1	2.828426E1	-4.699832E0
3.625121E1	2.852482E1	-4.739237E0
3.628453E1	2.877250E1	-4.803521E0
3.631785E1	2.885843E1	-4.797311E0
3.635117E1	2.886354E1	-4.803030E0
3.638449E1	2.886487E1	-4.801767E0
3.641781E1	2.886544E1	-4.802511E0
3.645113E1	2.876477E1	-4.792111E0
3.648445E1	2.853850E1	-4.717451E0
3.651777E1	2.823969E1	-4.599342E0
3.655109E1	2.799916E1	-4.480636E0
3.658440E1	2.788336E1	-4.517020E0
3.661772E1	2.787003E1	-4.565813E0
3.665104E1	2.791043E1	-4.581728E0
3.668436E1	2.799950E1	-4.625758E0
3.671768E1	2.821579E1	-4.699609E0
3.675100E1	2.843912E1	-4.742441E0
3.678432E1	2.860116E1	-4.756436E0
3.681764E1	2.866844E1	-4.798278E0
3.685096E1	2.875312E1	-4.806720E0
3.688428E1	2.880746E1	-4.765911E0
3.691760E1	2.875468E1	-4.744793E0
3.695091E1	2.873294E1	-4.767597E0
3.698423E1	2.875824E1	-4.746990E0
3.701755E1	2.877689E1	-4.764930E0
3.705087E1	2.882705E1	-4.797088E0
3.708419E1	2.890246E1	-4.744438E0
3.711751E1	2.894753E1	-4.700032E0
3.715083E1	2.898108E1	-4.689589E0
3.718415E1	2.907396E1	-4.697295E0
3.721747E1	2.927496E1	-4.738736E0
3.725079E1	2.953262E1	-4.827031E0
3.728411E1	2.971821E1	-4.853811E0
3.731743E1	2.975944E1	-4.882693E0
3.735074E1	2.975133E1	-4.875052E0
3.738406E1	2.975053E1	-4.871332E0
3.741738E1	2.974574E1	-4.868797E0
3.745070E1	2.966103E1	-4.838663E0
3.748402E1	2.940535E1	-4.790208E0
3.751734E1	2.908797E1	-4.649507E0
3.755066E1	2.881028E1	-4.556120E0
3.758398E1	2.863725E1	-4.625239E0
3.761730E1	2.863619E1	-4.675106E0
3.765062E1	2.869077E1	-4.680899E0
3.768394E1	2.883534E1	-4.767039E0
3.771725E1	2.902247E1	-4.795987E0
3.775057E1	2.920339E1	-4.824138E0
3.778389E1	2.938570E1	-4.837369E0
3.781721E1	2.955668E1	-4.871635E0
3.785053E1	2.965735E1	-4.896820E0
3.788385E1	2.967716E1	-4.904085E0
3.791717E1	2.961523E1	-4.865222E0
3.795049E1	2.963112E1	-4.878673E0
3.798381E1	2.967566E1	-4.893251E0
3.801713E1	2.974855E1	-4.926870E0
3.805045E1	2.983830E1	-4.927400E0
3.808377E1	2.989934E1	-4.878432E0
3.811708E1	2.992805E1	-4.802853E0
3.815040E1	2.994305E1	-4.805823E0
3.818372E1	3.004087E1	-4.809763E0
3.821704E1	3.022800E1	-4.899084E0
3.825036E1	3.047208E1	-4.956597E0
3.828368E1	3.065505E1	-5.014976E0
3.831700E1	3.069308E1	-5.007832E0
3.835032E1	3.071345E1	-5.023211E0
3.838364E1	3.071659E1	-5.024484E0
3.841696E1	3.071338E1	-5.028978E0
3.845028E1	3.064227E1	-5.004646E0
3.848359E1	3.044003E1	-4.985896E0
3.851691E1	3.011264E1	-4.846822E0
3.855023E1	2.983463E1	-4.745751E0
3.858355E1	2.967567E1	-4.775875E0
3.861687E1	2.962022E1	-4.812994E0
3.865019E1	2.964290E1	-4.807537E0
3.868351E1	2.978526E1	-4.840852E0
3.871683E1	2.994729E1	-4.873118E0
3.875015E1	3.010910E1	-4.907798E0
3.878347E1	3.027971E1	-4.959051E0
3.881679E1	3.042055E1	-4.969563E0
3.885011E1	3.050274E1	-5.022202E0
3.888342E1	3.054249E1	-4.979367E0
3.891674E1	3.050362E1	-4.968779E0
3.895006E1	3.048620E1	-4.958124E0
3.898338E1	3.050729E1	-4.967731E0
3.901670E1	3.055391E1	-4.970711E0
3.905002E1	3.065432E1	-4.975778E0
3.908334E1	3.076826E1	-4.972330E0
3.911666E1	3.086231E1	-4.904575E0
3.914998E1	3.092305E1	-4.874804E0
3.918330E1	3.098037E1	-4.875469E0
3.921662E1	3.114189E1	-4.923589E0
3.924993E1	3.141128E1	-5.013121E0
3.928325E1	3.162984E1	-5.081361E0
3.931657E1	3.164236E1	-5.108385E0
3.934989E1	3.163888E1	-5.101610E0
3.938321E1	3.163742E1	-5.098213E0
3.941653E1	3.163533E1	-5.094821E0
3.944985E1	3.156670E1	-5.078581E0
3.948317E1	3.135364E1	-5.029078E0
3.951649E1	3.107386E1	-4.950049E0
3.954981E1	3.083042E1	-4.870195E0
3.958313E1	3.075218E1	-4.876742E0
3.961645E1	3.073213E1	-4.983636E0
3.964976E1	3.078910E1	-4.940847E0
3.968308E1	3.089547E1	-4.980842E0
3.971640E1	3.107637E1	-5.033588E0
3.974972E1	3.126461E1	-5.085605E0
3.978304E1	3.141608E1	-5.094663E0
3.981636E1	3.151269E1	-5.102825E0
3.984968E1	3.153137E1	-5.128720E0
3.988300E1	3.151982E1	-5.092683E0
3.991632E1	3.151562E1	-5.049438E0
3.994964E1	3.151330E1	-5.037199E0
3.998296E1	3.152072E1	-5.048945E0
4.001627E1	3.157344E1	-5.073929E0
4.004959E1	3.163865E1	-5.083989E0
4.008291E1	3.169354E1	-5.038624E0
4.011623E1	3.173774E1	-5.018502E0
4.014955E1	3.179035E1	-5.024526E0
4.018287E1	3.186384E1	-5.048831E0
4.021619E1	3.202635E1	-5.097728E0
4.024951E1	3.227531E1	-5.164132E0
4.028283E1	3.249843E1	-5.223827E0
4.031615E1	3.253616E1	-5.224769E0
4.034947E1	3.256311E1	-5.255224E0
4.038279E1	3.256480E1	-5.258597E0
4.041610E1	3.255177E1	-5.249852E0
4.044942E1	3.248995E1	-5.236213E0
4.048274E1	3.228782E1	-5.240011E0
4.051606E1	3.194561E1	-5.037525E0
4.054938E1	3.157906E1	-4.960682E0
4.058270E1	3.126093E1	-4.930429E0
4.061602E1	3.119784E1	-4.930415E0
4.064934E1	3.120892E1	-4.982845E0
4.068266E1	3.135385E1	-5.020752E0
4.071598E1	3.160223E1	-5.087411E0
4.074930E1	3.183649E1	-5.099899E0
4.078261E1	3.196065E1	-5.140150E0
4.081593E1	3.204181E1	-5.138565E0
4.084925E1	3.207748E1	-5.149736E0
4.088257E1	3.206130E1	-5.097499E0
4.091589E1	3.206161E1	-5.093559E0
4.094921E1	3.206182E1	-5.091872E0
4.098253E1	3.208776E1	-5.114156E0
4.101585E1	3.211741E1	-5.121093E0
4.104917E1	3.217647E1	-5.088221E0
4.108249E1	3.223075E1	-5.048693E0
4.111581E1	3.227556E1	-5.063047E0
4.114913E1	3.233855E1	-5.116183E0
4.118244E1	3.243224E1	-5.136930E0
4.121576E1	3.258167E1	-5.175908E0
4.124908E1	3.282030E1	-5.257453E0
4.128240E1	3.304932E1	-5.326995E0
4.131572E1	3.304836E1	-5.346808E0
4.134904E1	3.302878E1	-5.334780E0
4.138236E1	3.305873E1	-5.363566E0
4.141568E1	3.306035E1	-5.370198E0
4.144900E1	3.297780E1	-5.336318E0
4.148232E1	3.275886E1	-5.301279E0
4.151564E1	3.234521E1	-5.158148E0
4.154895E1	3.190777E1	-5.073234E0
4.158227E1	3.163659E1	-5.083638E0
4.161559E1	3.158646E1	-5.156658E0
4.164891E1	3.160126E1	-5.145513E0
4.168223E1	3.173093E1	-5.146755E0
4.171555E1	3.185186E1	-5.198781E0
4.174887E1	3.199252E1	-5.231626E0
4.178219E1	3.217715E1	-5.291275E0
4.181551E1	3.237125E1	-5.308994E0
4.184883E1	3.249505E1	-5.343924E0
4.188215E1	3.254928E1	-5.326224E0
4.191547E1	3.248754E1	-5.260190E0
4.194878E1	3.248285E1	-5.252274E0
4.198210E1	3.251944E1	-5.257836E0
4.201542E1	3.254354E1	-5.245033E0
4.204874E1	3.252411E1	-5.239808E0
4.208206E1	3.255545E1	-5.286517E0
4.211538E1	3.262546E1	-5.311625E0
4.214870E1	3.269477E1	-5.305122E0
4.218202E1	3.275670E1	-5.311107E0
4.221534E1	3.289255E1	-5.372327E0
4.224866E1	3.314629E1	-5.444703E0
4.228198E1	3.342444E1	-5.526407E0
4.231529E1	3.345898E1	-5.533961E0
4.234861E1	3.347870E1	-5.550116E0
4.238193E1	3.347508E1	-5.540298E0
4.241525E1	3.347278E1	-5.535615E0
4.244857E1	3.340301E1	-5.510401E0
4.248189E1	3.315489E1	-5.469857E0
4.251521E1	3.286719E1	-5.323059E0
4.254853E1	3.262175E1	-5.265253E0
4.258185E1	3.250708E1	-5.269109E0
4.261517E1	3.250296E1	-5.321707E0
4.264849E1	3.252507E1	-5.288842E0
4.268181E1	3.261678E1	-5.353782E0
4.271512E1	3.278158E1	-5.420099E0
4.274844E1	3.297045E1	-5.442199E0
4.278176E1	3.312598E1	-5.469116E0
4.281508E1	3.317808E1	-5.502014E0
4.284840E1	3.320831E1	-5.506117E0
4.288172E1	3.319688E1	-5.440769E0
4.291504E1	3.319659E1	-5.416459E0
4.294836E1	3.316370E1	-5.426958E0
4.298168E1	3.319472E1	-5.432325E0
4.301500E1	3.325232E1	-5.431634E0
4.304832E1	3.333474E1	-5.455931E0
4.308163E1	3.346751E1	-5.526802E0
4.311495E1	3.359033E1	-5.588159E0
4.314827E1	3.368414E1	-5.602342E0
4.318159E1	3.372111E1	-5.610771E0
4.321491E1	3.385491E1	-5.669707E0
4.324823E1	3.409649E1	-5.724539E0
4.328155E1	3.431580E1	-5.789187E0
4.331487E1	3.438245E1	-5.809965E0
4.334819E1	3.444447E1	-5.818905E0
4.338151E1	3.444050E1	-5.806903E0
4.341483E1	3.443091E1	-5.798422E0
4.344815E1	3.438316E1	-5.789099E0
4.348146E1	3.418299E1	-5.713891E0
4.351478E1	3.391489E1	-5.623565E0
4.354810E1	3.367252E1	-5.510591E0
4.358142E1	3.353326E1	-5.526182E0
4.361474E1	3.354200E1	-5.587386E0
4.364806E1	3.354266E1	-5.588319E0
4.368138E1	3.359580E1	-5.627381E0
4.371470E1	3.377068E1	-5.629300E0
4.374802E1	3.396085E1	-5.689586E0
4.378134E1	3.413878E1	-5.747956E0
4.381466E1	3.423805E1	-5.789677E0
4.384797E1	3.429515E1	-5.801884E0
4.388129E1	3.432474E1	-5.749227E0
4.391461E1	3.432788E1	-5.740203E0
4.394793E1	3.432160E1	-5.746263E0
4.398125E1	3.432974E1	-5.782860E0
4.401457E1	3.432950E1	-5.792113E0
4.404789E1	3.433655E1	-5.808215E0
4.408121E1	3.435124E1	-5.861042E0
4.411453E1	3.438375E1	-5.897524E0
4.414785E1	3.440185E1	-5.932707E0
4.418117E1	3.446721E1	-5.969623E0
4.421449E1	3.464475E1	-5.990485E0
4.424780E1	3.489303E1	-6.027869E0
4.428112E1	3.503135E1	-6.058910E0
4.431444E1	3.515412E1	-6.097658E0
4.434776E1	3.525428E1	-6.097295E0
4.438108E1	3.521098E1	-6.110852E0
4.441440E1	3.519773E1	-6.108808E0
4.444772E1	3.516457E1	-6.090956E0
4.448104E1	3.495676E1	-5.982113E0
4.451436E1	3.467252E1	-5.865660E0
4.454768E1	3.434701E1	-5.735783E0
4.458100E1	3.418537E1	-5.743791E0
4.461431E1	3.418283E1	-5.794462E0
4.464763E1	3.421337E1	-5.795136E0
4.468095E1	3.433672E1	-5.846386E0
4.471427E1	3.452994E1	-5.893596E0
4.474759E1	3.475861E1	-5.945044E0
4.478091E1	3.490967E1	-5.993109E0
4.481423E1	3.499697E1	-6.038342E0
4.484755E1	3.498778E1	-6.024472E0
4.488087E1	3.496926E1	-5.997364E0
4.491419E1	3.497879E1	-5.990469E0
4.494751E1	3.499990E1	-6.028095E0
4.498083E1	3.498713E1	-6.046292E0
4.501414E1	3.498278E1	-6.062097E0
4.504746E1	3.499305E1	-6.090709E0
4.508078E1	3.499970E1	-6.130762E0
4.511410E1	3.501996E1	-6.153801E0
4.514742E1	3.503275E1	-6.175987E0
4.518074E1	3.509930E1	-6.222035E0
4.521406E1	3.531808E1	-6.255384E0
4.524738E1	3.554538E1	-6.286104E0
4.528070E1	3.569450E1	-6.312834E0
4.531402E1	3.577223E1	-6.333812E0
4.534734E1	3.584897E1	-6.367367E0
4.538065E1	3.584969E1	-6.360772E0
4.541397E1	3.583856E1	-6.347364E0
4.544729E1	3.578210E1	-6.325873E0
4.548061E1	3.561245E1	-6.182067E0
4.551393E1	3.533073E1	-6.127196E0
4.554725E1	3.503859E1	-6.014107E0
4.558057E1	3.489854E1	-6.027773E0
4.561389E1	3.486753E1	-6.083961E0
4.564721E1	3.489250E1	-6.037515E0
4.568053E1	3.494030E1	-6.061152E0
4.571385E1	3.499067E1	-6.165190E0
4.574717E1	3.517329E1	-6.203282E0
4.578048E1	3.540322E1	-6.189115E0
4.581380E1	3.556703E1	-6.236182E0
4.584712E1	3.566201E1	-6.271733E0
4.588044E1	3.569137E1	-6.281634E0
4.591376E1	3.568127E1	-6.224490E0
4.594708E1	3.568255E1	-6.233086E0
4.598040E1	3.571744E1	-6.266247E0
4.601372E1	3.577521E1	-6.285842E0
4.604704E1	3.578925E1	-6.288686E0
4.608036E1	3.580402E1	-6.318820E0
4.611368E1	3.589152E1	-6.346334E0
4.614699E1	3.599448E1	-6.350547E0
4.618031E1	3.607597E1	-6.369639E0
4.621363E1	3.618729E1	-6.400564E0
4.624695E1	3.641456E1	-6.464638E0
4.628027E1	3.661412E1	-6.502149E0
4.631359E1	3.671733E1	-6.529536E0
4.634691E1	3.676813E1	-6.552026E0
4.638023E1	3.675052E1	-6.541943E0
4.641355E1	3.675600E1	-6.549998E0
4.644687E1	3.672219E1	-6.532212E0
4.648019E1	3.646034E1	-6.457713E0
4.651351E1	3.613704E1	-6.358008E0
4.654682E1	3.578177E1	-6.191492E0
4.658014E1	3.547957E1	-6.177912E0
4.661346E1	3.543890E1	-6.198845E0
4.664678E1	3.542328E1	-6.212219E0
4.668010E1	3.553193E1	-6.266367E0
4.671342E1	3.572301E1	-6.292482E0
4.674674E1	3.592738E1	-6.358487E0
4.678006E1	3.610208E1	-6.387506E0
4.681338E1	3.624378E1	-6.442055E0
4.684670E1	3.632159E1	-6.453911E0
4.688002E1	3.633942E1	-6.456243E0
4.691333E1	3.632379E1	-6.406795E0
4.694665E1	3.632158E1	-6.431105E0
4.697997E1	3.638895E1	-6.459476E0
4.701329E1	3.644667E1	-6.489916E0
4.704661E1	3.655018E1	-6.526310E0
4.707993E1	3.668369E1	-6.585639E0
4.711325E1	3.684955E1	-6.639874E0
4.714657E1	3.698532E1	-6.670493E0
4.717989E1	3.703866E1	-6.661320E0
4.721321E1	3.713641E1	-6.661514E0
4.724653E1	3.738422E1	-6.728784E0
4.727985E1	3.762582E1	-6.746561E0
4.731316E1	3.762895E1	-6.766845E0
4.734648E1	3.763435E1	-6.734343E0
4.737980E1	3.765227E1	-6.732533E0
4.741312E1	3.763477E1	-6.740278E0
4.744644E1	3.756941E1	-6.720052E0
4.747976E1	3.733499E1	-6.637684E0
4.751308E1	3.694752E1	-6.561188E0
4.754640E1	3.650319E1	-6.389730E0
4.757972E1	3.617234E1	-6.278390E0
4.761304E1	3.610981E1	-6.334615E0
4.764636E1	3.611390E1	-6.386619E0
4.767967E1	3.626271E1	-6.402908E0
4.771299E1	3.646821E1	-6.478195E0
4.774631E1	3.664794E1	-6.519422E0
4.777963E1	3.680394E1	-6.560501E0
4.781295E1	3.695309E1	-6.588552E0
4.784627E1	3.702186E1	-6.568835E0
4.787959E1	3.707121E1	-6.562121E0
4.791291E1	3.707253E1	-6.547966E0
4.794623E1	3.709027E1	-6.577966E0
4.797955E1	3.709322E1	-6.611931E0
4.801287E1	3.709959E1	-6.619085E0
4.804619E1	3.715608E1	-6.636978E0
4.807950E1	3.725162E1	-6.665078E0
4.811282E1	3.741295E1	-6.713102E0
4.814614E1	3.756499E1	-6.729915E0
4.817946E1	3.759633E1	-6.732334E0
4.821278E1	3.770140E1	-6.736443E0
4.824610E1	3.794787E1	-6.779377E0
4.827942E1	3.821795E1	-6.846197E0
4.831274E1	3.825699E1	-6.913804E0
4.834606E1	3.827793E1	-6.901608E0
4.837938E1	3.828010E1	-6.892464E0
4.841270E1	3.827381E1	-6.891778E0
4.844601E1	3.822932E1	-6.886982E0
4.847933E1	3.800393E1	-6.827815E0
4.851265E1	3.762750E1	-6.674700E0
4.854597E1	3.720977E1	-6.510614E0
4.857929E1	3.683700E1	-6.410431E0
4.861261E1	3.675790E1	-6.403301E0
4.864593E1	3.674596E1	-6.453898E0
4.867925E1	3.690497E1	-6.520244E0
4.871257E1	3.712480E1	-6.549796E0
4.874589E1	3.736952E1	-6.622552E0
4.877921E1	3.757356E1	-6.664453E0
4.881253E1	3.775033E1	-6.694819E0
4.884584E1	3.783585E1	-6.713683E0
4.887916E1	3.787241E1	-6.738864E0
4.891248E1	3.780566E1	-6.693459E0
4.894580E1	3.778187E1	-6.680588E0
4.897912E1	3.781416E1	-6.692292E0
4.901244E1	3.785693E1	-6.693096E0
4.904576E1	3.787220E1	-6.700029E0
4.907908E1	3.784988E1	-6.674380E0
4.911240E1	3.788850E1	-6.684812E0
4.914572E1	3.793664E1	-6.716777E0
4.917904E1	3.802529E1	-6.768768E0
4.921235E1	3.817529E1	-6.819477E0
4.924567E1	3.839456E1	-6.889698E0
4.927899E1	3.860845E1	-6.935384E0
4.931231E1	3.870625E1	-6.955369E0
4.934563E1	3.871945E1	-6.988541E0
4.937895E1	3.871664E1	-6.988844E0
4.941227E1	3.870636E1	-6.985273E0
4.944559E1	3.866353E1	-6.962433E0
4.947891E1	3.841808E1	-6.904675E0
4.951223E1	3.806639E1	-6.727174E0
4.954555E1	3.769716E1	-6.572034E0
4.957887E1	3.742072E1	-6.535409E0
4.961218E1	3.737445E1	-6.568834E0
4.964550E1	3.741195E1	-6.551285E0
4.967882E1	3.751867E1	-6.581498E0
4.971214E1	3.766128E1	-6.648579E0
4.974546E1	3.785033E1	-6.681784E0
4.977878E1	3.804208E1	-6.742617E0
4.981210E1	3.818097E1	-6.771940E0
4.984542E1	3.830362E1	-6.805563E0
4.987874E1	3.834821E1	-6.796225E0
4.991206E1	3.832892E1	-6.735703E0
4.994538E1	3.829900E1	-6.742533E0
4.997869E1	3.832323E1	-6.734881E0
5.001201E1	3.837895E1	-6.734559E0
5.004533E1	3.845073E1	-6.772029E0
5.007865E1	3.851410E1	-6.742967E0
5.011197E1	3.855725E1	-6.705329E0
5.014529E1	3.855117E1	-6.715034E0
5.017861E1	3.863604E1	-6.760167E0
5.021193E1	3.882656E1	-6.806536E0
5.024525E1	3.907249E1	-6.875002E0
5.027857E1	3.929030E1	-6.932998E0
5.031189E1	3.930050E1	-6.951712E0
5.034521E1	3.929918E1	-6.980270E0
5.037852E1	3.929697E1	-6.980787E0
5.041184E1	3.930602E1	-6.991213E0
5.044516E1	3.927262E1	-6.970973E0
5.047848E1	3.904251E1	-6.919334E0
5.051180E1	3.866725E1	-6.830137E0
5.054512E1	3.832832E1	-6.713338E0
5.057844E1	3.805883E1	-6.651893E0
5.061176E1	3.798294E1	-6.739481E0
5.064508E1	3.800001E1	-6.729890E0
5.067840E1	3.811994E1	-6.785732E0
5.071172E1	3.832891E1	-6.840968E0
5.074503E1	3.855588E1	-6.896839E0
5.077835E1	3.874800E1	-6.936779E0
5.081167E1	3.888404E1	-6.997619E0
5.084499E1	3.893274E1	-7.032399E0
5.087831E1	3.896999E1	-7.002455E0
5.091163E1	3.893551E1	-6.985992E0
5.094495E1	3.894666E1	-7.006790E0
5.097827E1	3.896386E1	-6.998766E0
5.101159E1	3.897436E1	-6.995968E0
5.104491E1	3.900117E1	-7.010929E0
5.107823E1	3.903908E1	-7.009530E0
5.111154E1	3.910874E1	-7.030847E0
5.114486E1	3.915288E1	-7.043138E0
5.117818E1	3.922961E1	-7.070416E0
5.121150E1	3.935720E1	-7.091921E0
5.124482E1	3.960676E1	-7.177598E0
5.127814E1	3.984656E1	-7.212448E0
5.131146E1	3.990229E1	-7.233996E0
5.134478E1	3.991157E1	-7.259641E0
5.137810E1	3.992272E1	-7.271973E0
5.141142E1	3.990392E1	-7.267332E0
5.144474E1	3.985291E1	-7.230733E0
5.147806E1	3.962860E1	-7.176227E0
5.151137E1	3.927477E1	-7.105719E0
5.154469E1	3.898835E1	-6.961076E0
5.157801E1	3.883965E1	-6.960845E0
5.161133E1	3.877381E1	-7.004578E0
5.164465E1	3.876672E1	-6.939333E0
5.167797E1	3.887139E1	-6.983649E0
5.171129E1	3.894059E1	-7.094552E0
5.174461E1	3.910650E1	-7.135454E0
5.177793E1	3.928660E1	-7.168618E0
5.181125E1	3.943081E1	-7.211721E0
5.184457E1	3.953068E1	-7.245599E0
5.187788E1	3.956578E1	-7.214243E0
5.191120E1	3.957483E1	-7.167915E0
5.194452E1	3.957842E1	-7.180782E0
5.197784E1	3.959345E1	-7.215036E0
5.201116E1	3.964977E1	-7.196449E0
5.204448E1	3.969199E1	-7.190099E0
5.207780E1	3.973614E1	-7.215323E0
5.211112E1	3.981136E1	-7.271826E0
5.214444E1	3.991392E1	-7.300132E0
5.217776E1	3.998196E1	-7.331763E0
5.221108E1	4.010892E1	-7.338177E0
5.224440E1	4.034354E1	-7.407146E0
5.227771E1	4.059789E1	-7.445449E0
5.231103E1	4.065658E1	-7.481605E0
5.234435E1	4.071138E1	-7.507659E0
5.237767E1	4.073714E1	-7.520853E0
5.241099E1	4.070557E1	-7.500310E0
5.244431E1	4.066387E1	-7.491336E0
5.247763E1	4.045750E1	-7.444452E0
5.251095E1	4.013381E1	-7.301122E0
5.254427E1	3.984402E1	-7.158259E0
5.257759E1	3.965393E1	-7.182236E0
5.261091E1	3.956529E1	-7.255334E0
5.264422E1	3.959124E1	-7.231024E0
5.267754E1	3.970958E1	-7.274476E0
5.271086E1	3.984511E1	-7.324871E0
5.274418E1	3.999723E1	-7.369910E0
5.277750E1	4.017915E1	-7.434907E0
5.281082E1	4.031362E1	-7.493535E0
5.284414E1	4.038195E1	-7.503611E0
5.287746E1	4.042105E1	-7.499519E0
5.291078E1	4.039611E1	-7.435861E0
5.294410E1	4.039227E1	-7.445028E0
5.297742E1	4.039959E1	-7.439161E0
5.301074E1	4.043697E1	-7.428462E0
5.304405E1	4.048062E1	-7.442530E0
5.307737E1	4.051251E1	-7.457479E0
5.311069E1	4.050447E1	-7.405859E0
5.314401E1	4.051455E1	-7.433904E0
5.317733E1	4.057542E1	-7.455478E0
5.321065E1	4.072188E1	-7.491334E0
5.324397E1	4.094229E1	-7.559906E0
5.327729E1	4.115507E1	-7.652165E0
5.331061E1	4.125567E1	-7.713625E0
5.334393E1	4.128524E1	-7.740177E0
5.337725E1	4.129128E1	-7.715075E0
5.341056E1	4.128533E1	-7.734290E0
5.344388E1	4.122601E1	-7.717334E0
5.347720E1	4.102316E1	-7.662653E0
5.351052E1	4.064601E1	-7.533834E0
5.354384E1	4.033711E1	-7.440568E0
5.357716E1	4.006418E1	-7.387621E0
5.361048E1	3.998019E1	-7.438518E0
5.364380E1	3.997237E1	-7.455454E0
5.367712E1	4.010940E1	-7.488030E0
5.371044E1	4.032870E1	-7.544062E0
5.374376E1	4.054650E1	-7.601023E0
5.377708E1	4.072132E1	-7.660943E0
5.381039E1	4.082642E1	-7.702531E0
5.384371E1	4.086489E1	-7.708356E0
5.387703E1	4.086424E1	-7.695522E0
5.391035E1	4.082903E1	-7.697140E0
5.394367E1	4.084736E1	-7.714650E0
5.397699E1	4.082897E1	-7.698536E0
5.401031E1	4.085774E1	-7.694340E0
5.404363E1	4.091094E1	-7.698732E0
5.407695E1	4.098169E1	-7.726152E0
5.411027E1	4.101079E1	-7.769171E0
