	mass A		
t	x	y	
0.000000E0	1.281917E-1	-1.803642E-2
3.331913E-2	2.394981E-1	-1.848069E-2
6.663826E-2	3.139266E-1	-2.177291E-2
9.995739E-2	3.838363E-1	-9.822810E-3
1.332765E-1	4.702513E-1	-9.922995E-3
1.665957E-1	5.529402E-1	-6.334886E-3
1.999148E-1	6.135222E-1	-8.601004E-3
2.332339E-1	6.349347E-1	-7.422911E-3
2.665531E-1	6.304824E-1	-9.223970E-3
2.998722E-1	6.236108E-1	-1.753072E-2
3.331913E-1	6.287389E-1	-1.698075E-2
3.665104E-1	6.394877E-1	-6.739172E-3
3.998296E-1	6.691310E-1	-6.718190E-3
4.331487E-1	7.015429E-1	-2.499969E-2
4.664678E-1	7.049028E-1	-3.305230E-2
4.997870E-1	6.965840E-1	-2.474786E-2
5.331061E-1	6.939872E-1	-2.183713E-2
5.664252E-1	6.973255E-1	-2.537768E-2
5.997444E-1	7.174944E-1	-1.570309E-2
6.330635E-1	7.489653E-1	-1.977584E-2
6.663826E-1	7.864494E-1	-1.362087E-2
6.997018E-1	8.440209E-1	-8.348631E-3
7.330209E-1	9.006242E-1	-6.482139E-3
7.663400E-1	9.492161E-1	-6.934306E-3
7.996592E-1	1.005358E0	-1.230640E-2
8.329783E-1	1.071269E0	-1.165918E-2
8.662974E-1	1.081800E0	1.889407E-2
8.996165E-1	1.082593E0	2.134859E-2
9.329357E-1	1.142750E0	2.451924E-2
9.662548E-1	1.268909E0	4.295395E-2
9.995739E-1	1.376754E0	4.925560E-2
1.032893E0	1.423667E0	3.384026E-2
1.066212E0	1.444096E0	4.145644E-2
1.099531E0	1.583163E0	3.894400E-2
1.132850E0	1.737277E0	3.903990E-2
1.166170E0	1.731491E0	4.276683E-2
1.199489E0	1.711584E0	4.842763E-2
1.232808E0	1.734774E0	3.947929E-2
1.266127E0	1.741142E0	3.395081E-2
1.299446E0	1.742866E0	3.309261E-2
1.332765E0	1.740761E0	3.404701E-2
1.366084E0	1.739903E0	3.410133E-2
1.399404E0	1.739864E0	3.400353E-2
1.432723E0	1.738023E0	3.501417E-2
1.466042E0	1.677040E0	3.654139E-2
1.499361E0	1.512808E0	3.453297E-2
1.532680E0	1.307231E0	3.898737E-2
1.565999E0	1.211363E0	4.273486E-2
1.599318E0	1.194806E0	8.453651E-2
1.632637E0	1.253981E0	9.587613E-2
1.665957E0	1.271711E0	9.573752E-2
1.699276E0	1.306092E0	8.616121E-2
1.732595E0	1.343239E0	9.297417E-2
1.765914E0	1.350385E0	9.270336E-2
1.799233E0	1.350306E0	9.377635E-2
1.832552E0	1.350249E0	9.435661E-2
1.865871E0	1.365461E0	9.328963E-2
1.899190E0	1.413560E0	8.809707E-2
1.932510E0	1.497164E0	9.717843E-2
1.965829E0	1.577106E0	1.034082E-1
1.999148E0	1.678398E0	1.127416E-1
2.032467E0	1.790229E0	1.071509E-1
2.065786E0	1.888613E0	1.054250E-1
2.099105E0	1.966928E0	1.046857E-1
2.132424E0	2.058060E0	1.174337E-1
2.165744E0	2.137681E0	1.015674E-1
2.199063E0	2.202542E0	9.807033E-2
2.232382E0	2.262020E0	1.114421E-1
2.265701E0	2.329413E0	1.049138E-1
2.299020E0	2.364473E0	8.845341E-2
2.332339E0	2.355652E0	8.202651E-2
2.365658E0	2.330423E0	8.998439E-2
2.398977E0	2.334949E0	8.985510E-2
2.432297E0	2.336543E0	9.078893E-2
2.465616E0	2.339821E0	9.092915E-2
2.498935E0	2.339864E0	9.173131E-2
2.532254E0	2.305847E0	9.131578E-2
2.565573E0	2.297133E0	9.321737E-2
2.598892E0	2.298552E0	8.964209E-2
2.632211E0	2.318918E0	9.368102E-2
2.665531E0	2.349843E0	8.916556E-2
2.698850E0	2.374204E0	9.771075E-2
2.732169E0	2.397452E0	9.310021E-2
2.765488E0	2.404692E0	9.715479E-2
2.798807E0	2.424545E0	1.108704E-1
2.832126E0	2.442199E0	1.050673E-1
2.865445E0	2.458345E0	9.958851E-2
2.898764E0	2.473968E0	9.862970E-2
2.932084E0	2.522284E0	1.008323E-1
2.965403E0	2.620648E0	9.725897E-2
2.998722E0	2.737967E0	8.684173E-2
3.032041E0	2.874406E0	8.607104E-2
3.065360E0	3.006499E0	8.267087E-2
3.098679E0	3.060284E0	9.582370E-2
3.131998E0	3.102130E0	1.215259E-1
3.165317E0	3.181519E0	1.368632E-1
3.198637E0	3.248916E0	1.230846E-1
3.231956E0	3.268571E0	1.286900E-1
3.265275E0	3.247140E0	1.254176E-1
3.298594E0	3.240618E0	1.328176E-1
3.331913E0	3.244544E0	1.329135E-1
3.365232E0	3.233886E0	1.386901E-1
3.398551E0	3.234541E0	1.406982E-1
3.431871E0	3.232873E0	1.415801E-1
3.465190E0	3.166844E0	1.462766E-1
3.498509E0	2.972273E0	1.532900E-1
3.531828E0	2.752661E0	1.592453E-1
3.565147E0	2.557604E0	1.692492E-1
3.598466E0	2.526476E0	1.599314E-1
3.631785E0	2.549375E0	1.646516E-1
3.665104E0	2.579415E0	1.561821E-1
3.698424E0	2.625007E0	1.563416E-1
3.731743E0	2.634390E0	1.618559E-1
3.765062E0	2.629898E0	1.606616E-1
3.798381E0	2.613947E0	1.721709E-1
3.831700E0	2.615680E0	1.675544E-1
3.865019E0	2.618913E0	1.692078E-1
3.898338E0	2.656719E0	1.695906E-1
3.931658E0	2.743372E0	1.484959E-1
3.964977E0	2.816093E0	1.582225E-1
3.998296E0	2.911798E0	1.604881E-1
4.031615E0	3.024278E0	1.552896E-1
4.064934E0	3.121065E0	1.607353E-1
4.098253E0	3.209845E0	1.862955E-1
4.131572E0	3.281643E0	1.907555E-1
4.164891E0	3.367726E0	2.091036E-1
4.198211E0	3.466996E0	2.077167E-1
4.231530E0	3.546998E0	2.119649E-1
4.264849E0	3.607059E0	2.090442E-1
4.298168E0	3.618072E0	2.048544E-1
4.331487E0	3.593623E0	2.130299E-1
4.364806E0	3.592554E0	2.125650E-1
4.398125E0	3.602107E0	2.085368E-1
4.431444E0	3.608662E0	2.126709E-1
4.464764E0	3.614762E0	2.324754E-1
4.498083E0	3.627919E0	2.208262E-1
4.531402E0	3.657097E0	2.083380E-1
4.564721E0	3.663501E0	2.050447E-1
4.598040E0	3.684603E0	1.975829E-1
4.631359E0	3.713808E0	2.030637E-1
4.664678E0	3.718137E0	1.931050E-1
4.697998E0	3.720913E0	1.858975E-1
4.731317E0	3.737793E0	1.817810E-1
4.764636E0	3.715821E0	2.032198E-1
4.797955E0	3.687285E0	2.068108E-1
4.831274E0	3.705063E0	2.197078E-1
4.864593E0	3.739294E0	2.045660E-1
4.897912E0	3.765301E0	2.118805E-1
4.931231E0	3.809541E0	2.117079E-1
4.964551E0	3.925282E0	2.046228E-1
4.997870E0	4.075575E0	1.946250E-1
5.031189E0	4.231029E0	1.964042E-1
5.064508E0	4.282846E0	1.994523E-1
5.097827E0	4.292118E0	2.048680E-1
5.131146E0	4.354507E0	2.047129E-1
5.164465E0	4.413113E0	2.025896E-1
5.197785E0	4.429837E0	2.103487E-1
5.231104E0	4.426841E0	2.074198E-1
5.264423E0	4.428933E0	2.005019E-1
5.297742E0	4.445131E0	1.963084E-1
5.331061E0	4.435380E0	2.018832E-1
5.364380E0	4.438349E0	2.018918E-1
5.397699E0	4.441981E0	2.013169E-1
5.431018E0	4.439192E0	2.025403E-1
5.464338E0	4.389668E0	2.026284E-1
5.497657E0	4.172284E0	2.192189E-1
5.530976E0	3.935614E0	2.270188E-1
5.564295E0	3.707370E0	2.344307E-1
5.597614E0	3.633534E0	2.368940E-1
5.630933E0	3.677792E0	2.105384E-1
5.664252E0	3.687557E0	2.355969E-1
5.697571E0	3.725932E0	2.393140E-1
5.730891E0	3.751055E0	2.485276E-1
5.764210E0	3.740564E0	2.525253E-1
5.797529E0	3.715772E0	2.651239E-1
5.830848E0	3.718478E0	2.618192E-1
5.864167E0	3.720640E0	2.622776E-1
5.897486E0	3.759599E0	2.664145E-1
5.930805E0	3.850048E0	2.512886E-1
5.964125E0	3.929439E0	2.566790E-1
5.997444E0	4.017203E0	2.716566E-1
6.030763E0	4.122090E0	2.724675E-1
6.064082E0	4.224875E0	2.658166E-1
6.097401E0	4.300224E0	2.753941E-1
6.130720E0	4.378640E0	2.937526E-1
6.164039E0	4.463203E0	2.960434E-1
6.197358E0	4.543756E0	3.100348E-1
6.230678E0	4.617370E0	3.154002E-1
6.263997E0	4.691423E0	3.118793E-1
6.297316E0	4.706266E0	3.160732E-1
6.330635E0	4.686694E0	3.075766E-1
6.363954E0	4.672819E0	3.178914E-1
6.397273E0	4.679291E0	3.123074E-1
6.430592E0	4.674789E0	3.068983E-1
6.463911E0	4.671635E0	3.087164E-1
6.497231E0	4.674255E0	3.109924E-1
6.530550E0	4.686711E0	3.076459E-1
6.563869E0	4.688348E0	3.091327E-1
6.597188E0	4.656342E0	3.253583E-1
6.630507E0	4.661981E0	3.196355E-1
6.663826E0	4.677229E0	3.114334E-1
6.697145E0	4.688636E0	3.065750E-1
6.730465E0	4.692754E0	3.195604E-1
6.763784E0	4.709252E0	3.199986E-1
6.797103E0	4.712155E0	3.188858E-1
6.830422E0	4.715134E0	3.169842E-1
6.863741E0	4.717327E0	3.175946E-1
6.897060E0	4.746392E0	3.163913E-1
6.930379E0	4.791754E0	3.154046E-1
6.963698E0	4.880708E0	3.157379E-1
6.997018E0	5.001296E0	3.064895E-1
7.030337E0	5.111567E0	2.819226E-1
7.063656E0	5.190716E0	2.711643E-1
7.096975E0	5.273966E0	2.722873E-1
7.130294E0	5.366306E0	3.018290E-1
7.163613E0	5.391592E0	3.084036E-1
7.196932E0	5.418055E0	3.285391E-1
7.230252E0	5.472177E0	3.400557E-1
7.263571E0	5.487567E0	3.239975E-1
7.296890E0	5.491940E0	3.159314E-1
7.330209E0	5.493635E0	3.157525E-1
7.363528E0	5.493823E0	3.149449E-1
7.396847E0	5.495142E0	3.149625E-1
7.430166E0	5.494227E0	3.152003E-1
7.463485E0	5.427986E0	3.168753E-1
7.496805E0	5.242839E0	3.227952E-1
7.530124E0	5.035681E0	3.246573E-1
7.563443E0	4.823953E0	3.284194E-1
7.596762E0	4.816237E0	3.529842E-1
7.630081E0	4.825070E0	3.568864E-1
7.663400E0	4.831030E0	3.583604E-1
7.696719E0	4.869232E0	3.606996E-1
7.730038E0	4.886224E0	3.631649E-1
7.763358E0	4.876170E0	3.678891E-1
7.796677E0	4.859647E0	3.752445E-1
7.829996E0	4.870761E0	3.710782E-1
7.863315E0	4.873828E0	3.708878E-1
7.896634E0	4.911612E0	3.693734E-1
7.929953E0	4.997073E0	3.633694E-1
7.963272E0	5.065892E0	3.619940E-1
7.996592E0	5.147827E0	3.723304E-1
8.029911E0	5.249162E0	3.686641E-1
8.063230E0	5.346903E0	3.696391E-1
8.096549E0	5.434964E0	3.876107E-1
8.129868E0	5.531873E0	3.935195E-1
8.163187E0	5.631601E0	3.762607E-1
8.196506E0	5.692135E0	3.917875E-1
8.229825E0	5.771167E0	3.872343E-1
8.263145E0	5.841198E0	3.739657E-1
8.296464E0	5.872074E0	3.724095E-1
8.329783E0	5.857588E0	3.746701E-1
8.363102E0	5.834806E0	3.730406E-1
8.396421E0	5.833427E0	3.713536E-1
8.429740E0	5.831410E0	3.681517E-1
8.463059E0	5.830781E0	3.668191E-1
8.496379E0	5.848118E0	3.654272E-1
8.529698E0	5.853181E0	3.527602E-1
8.563017E0	5.829116E0	3.325572E-1
8.596336E0	5.821085E0	3.277185E-1
8.629655E0	5.836137E0	3.178444E-1
8.662974E0	5.845306E0	3.145701E-1
8.696293E0	5.842046E0	3.139324E-1
8.729612E0	5.839196E0	3.176366E-1
8.762932E0	5.859503E0	3.524976E-1
8.796251E0	5.884985E0	3.673709E-1
8.829570E0	5.876216E0	3.871078E-1
8.862889E0	5.872471E0	4.000621E-1
8.896208E0	5.906989E0	4.071932E-1
8.929527E0	5.976823E0	4.260190E-1
8.962846E0	6.079458E0	4.270852E-1
8.996165E0	6.214285E0	4.055244E-1
9.029485E0	6.319232E0	3.788944E-1
9.062804E0	6.395001E0	3.667295E-1
9.096123E0	6.461039E0	3.784547E-1
9.129442E0	6.503275E0	3.932688E-1
9.162761E0	6.538038E0	4.079218E-1
9.196080E0	6.567038E0	4.149234E-1
9.229399E0	6.567123E0	4.218945E-1
9.262719E0	6.544902E0	4.278799E-1
9.296038E0	6.554149E0	4.248044E-1
9.329357E0	6.552301E0	4.248637E-1
9.362676E0	6.550568E0	4.251294E-1
9.395995E0	6.550376E0	4.247079E-1
9.429314E0	6.548425E0	4.250706E-1
9.462633E0	6.488172E0	4.259468E-1
9.495952E0	6.316088E0	4.279854E-1
9.529272E0	6.107168E0	4.226306E-1
9.562591E0	5.910417E0	4.316796E-1
9.595910E0	5.885071E0	4.386242E-1
9.629229E0	5.922150E0	4.386563E-1
9.662548E0	5.917508E0	4.384399E-1
9.695867E0	5.936309E0	4.358070E-1
9.729186E0	5.959932E0	4.315432E-1
9.762506E0	5.951930E0	4.311907E-1
9.795825E0	5.941603E0	4.335090E-1
9.829144E0	5.939297E0	4.338320E-1
9.862463E0	5.938132E0	4.348264E-1
9.895782E0	5.975260E0	4.315554E-1
9.929101E0	6.071530E0	4.206084E-1
9.962420E0	6.175432E0	4.301153E-1
9.995739E0	6.271179E0	4.516011E-1
1.002906E1	6.369609E0	4.612812E-1
1.006238E1	6.471221E0	4.747097E-1
1.009570E1	6.560103E0	4.783667E-1
1.012902E1	6.638464E0	4.950194E-1
1.016234E1	6.717257E0	4.883194E-1
1.019565E1	6.778565E0	4.872711E-1
1.022897E1	6.823164E0	4.917467E-1
1.026229E1	6.877109E0	4.881535E-1
1.029561E1	6.922393E0	4.803215E-1
1.032893E1	6.897953E0	4.761052E-1
1.036225E1	6.860378E0	4.970819E-1
1.039557E1	6.863440E0	4.930248E-1
1.042889E1	6.866208E0	4.909641E-1
1.046221E1	6.868202E0	4.893057E-1
1.049553E1	6.866808E0	4.842789E-1
1.052885E1	6.863625E0	4.817520E-1
1.056216E1	6.867073E0	4.833319E-1
1.059548E1	6.871078E0	4.842057E-1
1.062880E1	6.878063E0	4.814313E-1
1.066212E1	6.878470E0	4.824102E-1
1.069544E1	6.889898E0	4.817480E-1
1.072876E1	6.904861E0	4.913747E-1
1.076208E1	6.925464E0	4.936156E-1
1.079540E1	6.888960E0	5.029347E-1
1.082872E1	6.884399E0	5.006349E-1
1.086204E1	6.892465E0	4.924459E-1
1.089536E1	6.921202E0	5.001105E-1
1.092868E1	6.990568E0	4.956453E-1
1.096199E1	7.098097E0	4.853261E-1
1.099531E1	7.205559E0	4.732113E-1
1.102863E1	7.326399E0	4.429210E-1
1.106195E1	7.422192E0	4.326757E-1
1.109527E1	7.486748E0	4.290834E-1
1.112859E1	7.558954E0	4.331728E-1
1.116191E1	7.624809E0	4.463896E-1
1.119523E1	7.664880E0	4.353322E-1
1.122855E1	7.657664E0	4.479996E-1
1.126187E1	7.641716E0	4.467536E-1
1.129519E1	7.652410E0	4.352281E-1
1.132850E1	7.651267E0	4.333438E-1
1.136182E1	7.650682E0	4.330672E-1
1.139514E1	7.650647E0	4.314336E-1
1.142846E1	7.650681E0	4.305860E-1
1.146178E1	7.596884E0	4.283907E-1
1.149510E1	7.432972E0	4.327782E-1
1.152842E1	7.241993E0	4.447168E-1
1.156174E1	7.088843E0	4.613210E-1
1.159506E1	7.084549E0	4.934982E-1
1.162838E1	7.139189E0	4.843792E-1
1.166170E1	7.127978E0	4.856921E-1
1.169502E1	7.145074E0	4.826258E-1
1.172833E1	7.150054E0	4.817810E-1
1.176165E1	7.148204E0	4.842296E-1
1.179497E1	7.149420E0	4.845227E-1
1.182829E1	7.141780E0	4.886787E-1
1.186161E1	7.148361E0	4.894849E-1
1.189493E1	7.178268E0	4.771669E-1
1.192825E1	7.262573E0	4.734882E-1
1.196157E1	7.365109E0	4.727695E-1
1.199489E1	7.444770E0	4.790973E-1
1.202821E1	7.529479E0	4.906974E-1
1.206153E1	7.608416E0	4.868088E-1
1.209484E1	7.673760E0	4.931331E-1
1.212816E1	7.747033E0	5.066928E-1
1.216148E1	7.815841E0	4.970302E-1
1.219480E1	7.835652E0	4.846141E-1
1.222812E1	7.843839E0	4.788257E-1
1.226144E1	7.892561E0	4.804624E-1
1.229476E1	7.909661E0	4.947007E-1
1.232808E1	7.936348E0	4.881210E-1
1.236140E1	7.958809E0	4.916626E-1
1.239472E1	7.958025E0	4.890549E-1
1.242804E1	7.960652E0	4.889282E-1
1.246136E1	7.947571E0	4.790825E-1
1.249467E1	7.972254E0	4.804757E-1
1.252799E1	7.991833E0	4.677809E-1
1.256131E1	7.996742E0	4.644692E-1
1.259463E1	7.995333E0	4.684767E-1
1.262795E1	7.976555E0	4.732228E-1
1.266127E1	7.995946E0	4.565852E-1
1.269459E1	8.018898E0	4.808562E-1
1.272791E1	8.031657E0	4.914699E-1
1.276123E1	8.016639E0	5.247300E-1
1.279455E1	8.022857E0	5.363023E-1
1.282787E1	8.046763E0	5.402821E-1
1.286118E1	8.066646E0	5.494842E-1
1.289450E1	8.082245E0	5.528691E-1
1.292782E1	8.130666E0	5.620780E-1
1.296114E1	8.220602E0	5.524177E-1
1.299446E1	8.332098E0	5.453798E-1
1.302778E1	8.483693E0	5.306595E-1
1.306110E1	8.591282E0	5.302760E-1
1.309442E1	8.645086E0	5.386665E-1
1.312774E1	8.689193E0	5.451191E-1
1.316106E1	8.748326E0	5.437030E-1
1.319438E1	8.807157E0	5.540195E-1
1.322770E1	8.826616E0	5.726162E-1
1.326101E1	8.812683E0	5.814211E-1
1.329433E1	8.823180E0	5.754268E-1
1.332765E1	8.816460E0	5.828011E-1
1.336097E1	8.814435E0	5.867204E-1
1.339429E1	8.815152E0	5.886598E-1
1.342761E1	8.810243E0	5.906996E-1
1.346093E1	8.762999E0	5.882501E-1
1.349425E1	8.573775E0	5.902265E-1
1.352757E1	8.363234E0	5.771000E-1
1.356089E1	8.162370E0	5.760926E-1
1.359421E1	8.136883E0	5.920683E-1
1.362752E1	8.158146E0	5.878402E-1
1.366084E1	8.148470E0	5.857021E-1
1.369416E1	8.168365E0	5.901454E-1
1.372748E1	8.169870E0	5.949399E-1
1.376080E1	8.157913E0	5.914436E-1
1.379412E1	8.145857E0	5.930836E-1
1.382744E1	8.146498E0	6.007087E-1
1.386076E1	8.150988E0	5.988199E-1
1.389408E1	8.179739E0	5.926108E-1
1.392740E1	8.264972E0	5.974230E-1
1.396072E1	8.368910E0	6.218239E-1
1.399404E1	8.468447E0	6.365077E-1
1.402735E1	8.571034E0	6.519856E-1
1.406067E1	8.664224E0	6.522953E-1
1.409399E1	8.740459E0	6.617443E-1
1.412731E1	8.829973E0	6.596403E-1
1.416063E1	8.936966E0	6.864963E-1
1.419395E1	9.002521E0	6.894601E-1
1.422727E1	9.065824E0	7.032110E-1
1.426059E1	9.123689E0	7.238968E-1
1.429391E1	9.145020E0	7.268456E-1
1.432723E1	9.142739E0	7.128403E-1
1.436055E1	9.140126E0	7.125978E-1
1.439386E1	9.123510E0	7.246776E-1
1.442718E1	9.133962E0	7.100160E-1
1.446050E1	9.143035E0	7.081818E-1
1.449382E1	9.156057E0	7.168039E-1
1.452714E1	9.187316E0	7.043534E-1
1.456046E1	9.187929E0	7.040581E-1
1.459378E1	9.190008E0	7.080528E-1
1.462710E1	9.210160E0	7.116307E-1
1.466042E1	9.243736E0	7.107374E-1
1.469374E1	9.260008E0	7.059789E-1
1.472706E1	9.273608E0	7.060132E-1
1.476038E1	9.291693E0	7.239699E-1
1.479369E1	9.326039E0	7.288328E-1
1.482701E1	9.370093E0	7.482643E-1
1.486033E1	9.404304E0	7.618803E-1
1.489365E1	9.431322E0	7.620711E-1
1.492697E1	9.471510E0	7.664980E-1
1.496029E1	9.577906E0	7.653616E-1
1.499361E1	9.716776E0	7.543553E-1
1.502693E1	9.794241E0	7.567568E-1
1.506025E1	9.825328E0	7.536669E-1
1.509357E1	9.885322E0	7.748391E-1
1.512689E1	9.979974E0	8.026849E-1
1.516020E1	1.002108E1	8.261113E-1
1.519352E1	1.002532E1	8.312719E-1
1.522684E1	1.001581E1	8.231947E-1
1.526016E1	9.993449E0	8.128493E-1
1.529348E1	9.995491E0	8.131168E-1
1.532680E1	9.990992E0	8.153333E-1
1.536012E1	9.987314E0	8.152371E-1
1.539344E1	9.985926E0	8.153032E-1
1.542676E1	9.983967E0	8.155847E-1
1.546008E1	9.936340E0	8.114120E-1
1.549340E1	9.777943E0	7.974192E-1
1.552672E1	9.563413E0	8.067370E-1
1.556003E1	9.392423E0	7.877618E-1
1.559335E1	9.339399E0	8.142912E-1
1.562667E1	9.387214E0	7.739961E-1
1.565999E1	9.378691E0	7.901526E-1
1.569331E1	9.390368E0	7.984402E-1
1.572663E1	9.404988E0	8.094728E-1
1.575995E1	9.396298E0	8.214796E-1
1.579327E1	9.384388E0	8.146160E-1
1.582659E1	9.383545E0	8.137303E-1
1.585991E1	9.381122E0	8.126319E-1
1.589323E1	9.417383E0	8.144619E-1
1.592654E1	9.475445E0	8.060854E-1
1.595986E1	9.557825E0	8.098746E-1
1.599318E1	9.652894E0	8.394823E-1
1.602650E1	9.750957E0	8.497222E-1
1.605982E1	9.848655E0	8.617127E-1
1.609314E1	9.924731E0	8.809342E-1
1.612646E1	1.002441E1	9.058436E-1
1.615978E1	1.012574E1	9.138244E-1
1.619310E1	1.020780E1	9.116742E-1
1.622642E1	1.028482E1	9.327437E-1
1.625974E1	1.036472E1	9.367141E-1
1.629306E1	1.040813E1	9.338109E-1
1.632637E1	1.042031E1	9.254375E-1
1.635969E1	1.041014E1	9.271968E-1
1.639301E1	1.040612E1	9.305726E-1
1.642633E1	1.041117E1	9.299317E-1
1.645965E1	1.043011E1	9.240443E-1
1.649297E1	1.042008E1	9.287508E-1
1.652629E1	1.041634E1	9.362983E-1
1.655961E1	1.042303E1	9.250078E-1
1.659293E1	1.042807E1	9.167433E-1
1.662625E1	1.043871E1	9.190242E-1
1.665957E1	1.044279E1	9.167132E-1
1.669288E1	1.045517E1	9.269957E-1
1.672620E1	1.048353E1	9.242591E-1
1.675952E1	1.050772E1	9.366505E-1
1.679284E1	1.054637E1	9.331102E-1
1.682616E1	1.058365E1	9.451701E-1
1.685948E1	1.060369E1	9.667505E-1
1.689280E1	1.060313E1	9.769634E-1
1.692612E1	1.062743E1	9.920336E-1
1.695944E1	1.071827E1	9.860781E-1
1.699276E1	1.085904E1	9.771248E-1
1.702608E1	1.098591E1	9.374144E-1
1.705940E1	1.105410E1	9.337887E-1
1.709271E1	1.108967E1	9.406850E-1
1.712603E1	1.115843E1	9.669174E-1
1.715935E1	1.123556E1	9.896998E-1
1.719267E1	1.126899E1	9.943935E-1
1.722599E1	1.124659E1	9.977241E-1
1.725931E1	1.121574E1	9.830509E-1
1.729263E1	1.122539E1	9.929553E-1
1.732595E1	1.123292E1	9.899934E-1
1.735927E1	1.123722E1	9.836046E-1
1.739259E1	1.124121E1	9.831392E-1
1.742591E1	1.124226E1	9.847730E-1
1.745922E1	1.120264E1	9.786071E-1
1.749254E1	1.104264E1	9.609782E-1
1.752586E1	1.080437E1	9.554737E-1
1.755918E1	1.058080E1	9.519229E-1
1.759250E1	1.046611E1	9.798785E-1
1.762582E1	1.049092E1	9.705030E-1
1.765914E1	1.050256E1	9.639087E-1
1.769246E1	1.052426E1	9.740686E-1
1.772578E1	1.052731E1	9.776765E-1
1.775910E1	1.052411E1	9.816404E-1
1.779242E1	1.051608E1	9.839165E-1
1.782574E1	1.051115E1	9.848883E-1
1.785905E1	1.052578E1	9.800358E-1
1.789237E1	1.057159E1	9.805688E-1
1.792569E1	1.067628E1	9.827012E-1
1.795901E1	1.079144E1	9.996180E-1
1.799233E1	1.088788E1	1.016742E0
1.802565E1	1.097031E1	1.024611E0
1.805897E1	1.106174E1	1.035496E0
1.809229E1	1.113961E1	1.047861E0
1.812561E1	1.123359E1	1.061734E0
1.815893E1	1.132151E1	1.074430E0
1.819225E1	1.139012E1	1.096032E0
1.822556E1	1.147022E1	1.089347E0
1.825888E1	1.153991E1	1.082165E0
1.829220E1	1.158644E1	1.081091E0
1.832552E1	1.156997E1	1.095608E0
1.835884E1	1.156790E1	1.103625E0
1.839216E1	1.158175E1	1.097350E0
1.842548E1	1.159549E1	1.085410E0
1.845880E1	1.158243E1	1.083181E0
1.849212E1	1.158972E1	1.092582E0
1.852544E1	1.158740E1	1.106926E0
1.855876E1	1.157172E1	1.080880E0
1.859208E1	1.159552E1	1.057559E0
1.862539E1	1.162816E1	1.074729E0
1.865871E1	1.165241E1	1.078746E0
1.869203E1	1.168756E1	1.086767E0
1.872535E1	1.172836E1	1.083686E0
1.875867E1	1.174830E1	1.090063E0
1.879199E1	1.178218E1	1.097646E0
1.882531E1	1.182033E1	1.088261E0
1.885863E1	1.185190E1	1.097728E0
1.889195E1	1.188599E1	1.104619E0
1.892527E1	1.195643E1	1.100264E0
1.895859E1	1.207967E1	1.106740E0
1.899190E1	1.220689E1	1.107666E0
1.902522E1	1.225149E1	1.113550E0
1.905854E1	1.225613E1	1.103733E0
1.909186E1	1.230830E1	1.107079E0
1.912518E1	1.240565E1	1.140891E0
1.915850E1	1.247845E1	1.160939E0
1.919182E1	1.248584E1	1.178460E0
1.922514E1	1.241974E1	1.186511E0
1.925846E1	1.240229E1	1.189343E0
1.929178E1	1.240673E1	1.193223E0
1.932510E1	1.240913E1	1.196943E0
1.935842E1	1.240972E1	1.197816E0
1.939173E1	1.241041E1	1.198238E0
1.942505E1	1.241099E1	1.199002E0
1.945837E1	1.237016E1	1.194866E0
1.949169E1	1.218862E1	1.194661E0
1.952501E1	1.190714E1	1.173781E0
1.955833E1	1.163406E1	1.144628E0
1.959165E1	1.146645E1	1.150260E0
1.962497E1	1.144287E1	1.145842E0
1.965829E1	1.146297E1	1.144859E0
1.969161E1	1.149568E1	1.142171E0
1.972493E1	1.148875E1	1.143860E0
1.975824E1	1.147752E1	1.148292E0
1.979156E1	1.147679E1	1.147061E0
1.982488E1	1.146984E1	1.147700E0
1.985820E1	1.146475E1	1.148876E0
1.989152E1	1.148808E1	1.143236E0
1.992484E1	1.156148E1	1.157048E0
1.995816E1	1.169659E1	1.181361E0
1.999148E1	1.181591E1	1.202935E0
2.002480E1	1.191482E1	1.227716E0
2.005812E1	1.198040E1	1.236240E0
2.009144E1	1.205299E1	1.248384E0
2.012476E1	1.214579E1	1.254554E0
2.015807E1	1.223898E1	1.271504E0
2.019139E1	1.233389E1	1.292036E0
2.022471E1	1.242127E1	1.302566E0
2.025803E1	1.245370E1	1.314664E0
2.029135E1	1.246625E1	1.308730E0
2.032467E1	1.249993E1	1.329728E0
2.035799E1	1.251589E1	1.340487E0
2.039131E1	1.252932E1	1.334476E0
2.042463E1	1.255944E1	1.329210E0
2.045795E1	1.258847E1	1.317623E0
2.049127E1	1.260765E1	1.312629E0
2.052458E1	1.264060E1	1.303117E0
2.055790E1	1.265182E1	1.312392E0
2.059122E1	1.267272E1	1.326053E0
2.062454E1	1.273119E1	1.323632E0
2.065786E1	1.280291E1	1.320650E0
2.069118E1	1.286433E1	1.327257E0
2.072450E1	1.294355E1	1.350424E0
2.075782E1	1.301991E1	1.360088E0
2.079114E1	1.309694E1	1.354804E0
2.082446E1	1.311246E1	1.334783E0
2.085778E1	1.314692E1	1.307092E0
2.089110E1	1.314154E1	1.313931E0
2.092441E1	1.317664E1	1.317550E0
2.095773E1	1.324265E1	1.318409E0
2.099105E1	1.333807E1	1.347419E0
2.102437E1	1.341325E1	1.357341E0
2.105769E1	1.345364E1	1.363408E0
2.109101E1	1.346689E1	1.365292E0
2.112433E1	1.346595E1	1.369815E0
2.115765E1	1.345167E1	1.377505E0
2.119097E1	1.342708E1	1.371888E0
2.122429E1	1.340060E1	1.374015E0
2.125761E1	1.340385E1	1.369472E0
2.129092E1	1.341252E1	1.367182E0
2.132424E1	1.340864E1	1.367734E0
2.135756E1	1.340866E1	1.366739E0
2.139088E1	1.340854E1	1.366136E0
2.142420E1	1.340784E1	1.366247E0
2.145752E1	1.337487E1	1.360588E0
2.149084E1	1.319724E1	1.356687E0
2.152416E1	1.288869E1	1.356426E0
2.155748E1	1.263066E1	1.341649E0
2.159080E1	1.248714E1	1.315088E0
2.162412E1	1.252694E1	1.306056E0
2.165744E1	1.254332E1	1.310615E0
2.169075E1	1.251722E1	1.324937E0
2.172407E1	1.251750E1	1.321189E0
2.175739E1	1.251893E1	1.314565E0
2.179071E1	1.251006E1	1.316402E0
2.182403E1	1.249677E1	1.321562E0
2.185735E1	1.245762E1	1.315170E0
2.189067E1	1.234134E1	1.305927E0
2.192399E1	1.230018E1	1.305776E0
2.195731E1	1.234462E1	1.274824E0
2.199063E1	1.246212E1	1.297575E0
2.202395E1	1.258522E1	1.314379E0
2.205727E1	1.267982E1	1.329763E0
2.209058E1	1.276099E1	1.334158E0
2.212390E1	1.285668E1	1.346142E0
2.215722E1	1.289251E1	1.363620E0
2.219054E1	1.293888E1	1.359954E0
2.222386E1	1.306759E1	1.363198E0
2.225718E1	1.322118E1	1.400655E0
2.229050E1	1.327569E1	1.426225E0
2.232382E1	1.330695E1	1.414341E0
2.235714E1	1.335587E1	1.411935E0
2.239046E1	1.342607E1	1.407976E0
2.242378E1	1.349789E1	1.419610E0
2.245709E1	1.356801E1	1.420457E0
2.249041E1	1.363494E1	1.412870E0
2.252373E1	1.369173E1	1.402597E0
2.255705E1	1.374211E1	1.398031E0
2.259037E1	1.378602E1	1.389591E0
2.262369E1	1.383597E1	1.377281E0
2.265701E1	1.389245E1	1.373002E0
2.269033E1	1.395188E1	1.364681E0
2.272365E1	1.400797E1	1.367154E0
2.275697E1	1.403894E1	1.378736E0
2.279029E1	1.406073E1	1.391276E0
2.282361E1	1.410527E1	1.374366E0
2.285692E1	1.414297E1	1.348501E0
2.289024E1	1.416532E1	1.360384E0
2.292356E1	1.422234E1	1.371491E0
2.295688E1	1.434540E1	1.376952E0
2.299020E1	1.447496E1	1.394793E0
2.302352E1	1.452689E1	1.422099E0
2.305684E1	1.456770E1	1.428596E0
2.309016E1	1.464795E1	1.428580E0
2.312348E1	1.469508E1	1.426368E0
2.315680E1	1.470098E1	1.418398E0
2.319012E1	1.467815E1	1.425313E0
2.322343E1	1.465457E1	1.427738E0
2.325675E1	1.465294E1	1.428127E0
2.329007E1	1.465865E1	1.427070E0
2.332339E1	1.466460E1	1.425715E0
2.335671E1	1.466788E1	1.424597E0
2.339003E1	1.466960E1	1.424356E0
2.342335E1	1.467230E1	1.423490E0
2.345667E1	1.463633E1	1.420712E0
2.348999E1	1.446572E1	1.415310E0
2.352331E1	1.421546E1	1.378910E0
2.355663E1	1.390442E1	1.364403E0
2.358995E1	1.365540E1	1.383227E0
2.362326E1	1.364926E1	1.366396E0
2.365658E1	1.364302E1	1.362900E0
2.368990E1	1.366195E1	1.362348E0
2.372322E1	1.367637E1	1.366721E0
2.375654E1	1.367659E1	1.370083E0
2.378986E1	1.366542E1	1.370627E0
2.382318E1	1.366783E1	1.367180E0
2.385650E1	1.367308E1	1.367516E0
2.388982E1	1.372313E1	1.367958E0
2.392314E1	1.383176E1	1.360860E0
2.395646E1	1.394751E1	1.378240E0
2.398977E1	1.406753E1	1.407580E0
2.402309E1	1.417946E1	1.417348E0
2.405641E1	1.425823E1	1.416060E0
2.408973E1	1.432584E1	1.445863E0
2.412305E1	1.441612E1	1.458265E0
2.415637E1	1.450294E1	1.472916E0
2.418969E1	1.457807E1	1.471934E0
2.422301E1	1.465981E1	1.486715E0
2.425633E1	1.474610E1	1.484966E0
2.428965E1	1.477184E1	1.486020E0
2.432297E1	1.478698E1	1.487919E0
2.435629E1	1.479288E1	1.479093E0
2.438960E1	1.479767E1	1.473356E0
2.442292E1	1.478627E1	1.482135E0
2.445624E1	1.478214E1	1.488637E0
2.448956E1	1.477977E1	1.484398E0
2.452288E1	1.479154E1	1.477726E0
2.455620E1	1.480488E1	1.463871E0
2.458952E1	1.478699E1	1.469607E0
2.462284E1	1.474807E1	1.474781E0
2.465616E1	1.476862E1	1.477529E0
2.468948E1	1.479690E1	1.463375E0
2.472280E1	1.480580E1	1.461178E0
2.475611E1	1.480721E1	1.466730E0
2.478943E1	1.480350E1	1.471729E0
2.482275E1	1.480040E1	1.473727E0
2.485607E1	1.478623E1	1.481479E0
2.488939E1	1.478651E1	1.482137E0
2.492271E1	1.483135E1	1.487190E0
2.495603E1	1.494410E1	1.490984E0
2.498935E1	1.506122E1	1.491297E0
2.502267E1	1.518577E1	1.475707E0
2.505599E1	1.530257E1	1.470095E0
2.508931E1	1.534681E1	1.476244E0
2.512263E1	1.538611E1	1.492808E0
2.515594E1	1.545261E1	1.500673E0
2.518926E1	1.550422E1	1.501297E0
2.522258E1	1.549131E1	1.498977E0
2.525590E1	1.543050E1	1.497712E0
2.528922E1	1.543533E1	1.494346E0
2.532254E1	1.545766E1	1.481609E0
2.535586E1	1.544159E1	1.480533E0
2.538918E1	1.545009E1	1.484063E0
2.542250E1	1.544983E1	1.482767E0
2.545582E1	1.541911E1	1.473888E0
2.548914E1	1.525249E1	1.472328E0
2.552245E1	1.501644E1	1.468894E0
2.555577E1	1.475790E1	1.464893E0
2.558909E1	1.457434E1	1.476005E0
2.562241E1	1.454828E1	1.444940E0
2.565573E1	1.455439E1	1.440626E0
2.568905E1	1.457584E1	1.430604E0
2.572237E1	1.458042E1	1.425675E0
2.575569E1	1.456532E1	1.428448E0
2.578901E1	1.456353E1	1.427529E0
2.582233E1	1.455760E1	1.427075E0
2.585565E1	1.455193E1	1.428454E0
2.588897E1	1.458656E1	1.419456E0
2.592228E1	1.464492E1	1.416933E0
2.595560E1	1.473366E1	1.427915E0
2.598892E1	1.484053E1	1.448889E0
2.602224E1	1.494524E1	1.481553E0
2.605556E1	1.504079E1	1.497295E0
2.608888E1	1.511204E1	1.501205E0
2.612220E1	1.519811E1	1.506597E0
2.615552E1	1.529259E1	1.529421E0
2.618884E1	1.538172E1	1.542346E0
2.622216E1	1.546334E1	1.538651E0
2.625548E1	1.554127E1	1.548802E0
2.628879E1	1.556655E1	1.540360E0
2.632211E1	1.555014E1	1.545075E0
2.635543E1	1.553681E1	1.550490E0
2.638875E1	1.554455E1	1.543700E0
2.642207E1	1.554016E1	1.535661E0
2.645539E1	1.554432E1	1.528744E0
2.648871E1	1.555110E1	1.523262E0
2.652203E1	1.555207E1	1.527869E0
2.655535E1	1.554489E1	1.534581E0
2.658867E1	1.555625E1	1.532432E0
2.662199E1	1.557431E1	1.530840E0
2.665531E1	1.559033E1	1.546679E0
2.668862E1	1.561962E1	1.541477E0
2.672194E1	1.565063E1	1.552360E0
2.675526E1	1.568348E1	1.548156E0
2.678858E1	1.571443E1	1.550419E0
2.682190E1	1.575592E1	1.538487E0
2.685522E1	1.577113E1	1.551203E0
2.688854E1	1.579868E1	1.549633E0
2.692186E1	1.586176E1	1.559618E0
2.695518E1	1.595828E1	1.589656E0
2.698850E1	1.605497E1	1.607715E0
2.702182E1	1.612269E1	1.603202E0
2.705513E1	1.617257E1	1.592536E0
2.708845E1	1.622744E1	1.577500E0
2.712177E1	1.629507E1	1.548984E0
2.715509E1	1.636500E1	1.531996E0
2.718841E1	1.638887E1	1.514943E0
2.722173E1	1.634990E1	1.517062E0
2.725505E1	1.630212E1	1.518269E0
2.728837E1	1.629887E1	1.525808E0
2.732169E1	1.629514E1	1.529579E0
2.735501E1	1.629154E1	1.530453E0
2.738833E1	1.628989E1	1.532425E0
2.742165E1	1.628767E1	1.533106E0
2.745496E1	1.626246E1	1.535288E0
2.748828E1	1.611841E1	1.530063E0
2.752160E1	1.587903E1	1.519475E0
2.755492E1	1.561947E1	1.515751E0
2.758824E1	1.541278E1	1.524440E0
2.762156E1	1.538658E1	1.539269E0
2.765488E1	1.540860E1	1.499159E0
2.768820E1	1.542716E1	1.482407E0
2.772152E1	1.543538E1	1.482880E0
2.775484E1	1.542425E1	1.489815E0
2.778816E1	1.541846E1	1.482956E0
2.782147E1	1.541097E1	1.481386E0
2.785479E1	1.540315E1	1.482397E0
2.788811E1	1.542088E1	1.474013E0
2.792143E1	1.551575E1	1.478522E0
2.795475E1	1.566866E1	1.499497E0
2.798807E1	1.579286E1	1.527770E0
2.802139E1	1.588281E1	1.553182E0
2.805471E1	1.595954E1	1.543481E0
2.808803E1	1.604794E1	1.559614E0
2.812135E1	1.613163E1	1.580889E0
2.815467E1	1.617241E1	1.583691E0
2.818799E1	1.623072E1	1.582486E0
2.822130E1	1.632806E1	1.592531E0
2.825462E1	1.643296E1	1.601925E0
2.828794E1	1.648071E1	1.596600E0
2.832126E1	1.648180E1	1.592426E0
2.835458E1	1.647811E1	1.588762E0
2.838790E1	1.646221E1	1.585367E0
2.842122E1	1.644498E1	1.588751E0
2.845454E1	1.644464E1	1.581519E0
2.848786E1	1.644970E1	1.574030E0
2.852118E1	1.645191E1	1.577360E0
2.855450E1	1.645792E1	1.582230E0
2.858781E1	1.645309E1	1.586676E0
2.862113E1	1.642754E1	1.597598E0
2.865445E1	1.643427E1	1.594063E0
2.868777E1	1.645160E1	1.585349E0
2.872109E1	1.645279E1	1.585510E0
2.875441E1	1.645112E1	1.586536E0
2.878773E1	1.645028E1	1.587006E0
2.882105E1	1.644913E1	1.586911E0
2.885437E1	1.644867E1	1.587438E0
2.888769E1	1.644684E1	1.587963E0
2.892101E1	1.645445E1	1.587157E0
2.895433E1	1.653105E1	1.595343E0
2.898764E1	1.669428E1	1.591944E0
2.902096E1	1.683801E1	1.596253E0
2.905428E1	1.694150E1	1.600106E0
2.908760E1	1.699797E1	1.617153E0
2.912092E1	1.705816E1	1.649859E0
2.915424E1	1.711466E1	1.651118E0
2.918756E1	1.713871E1	1.639741E0
2.922088E1	1.711778E1	1.645649E0
2.925420E1	1.706194E1	1.653221E0
2.928752E1	1.705697E1	1.652729E0
2.932084E1	1.707262E1	1.643310E0
2.935415E1	1.706134E1	1.646685E0
2.938747E1	1.706068E1	1.647814E0
2.942079E1	1.706137E1	1.645636E0
2.945411E1	1.706066E1	1.645343E0
2.948743E1	1.700016E1	1.643499E0
2.952075E1	1.679003E1	1.638937E0
2.955407E1	1.655717E1	1.631534E0
2.958739E1	1.638564E1	1.637686E0
2.962071E1	1.638793E1	1.637600E0
2.965403E1	1.639138E1	1.636114E0
2.968735E1	1.640104E1	1.636238E0
2.972067E1	1.640899E1	1.635299E0
2.975398E1	1.639534E1	1.641705E0
2.978730E1	1.639134E1	1.642910E0
2.982062E1	1.638523E1	1.643680E0
2.985394E1	1.637544E1	1.642800E0
2.988726E1	1.641233E1	1.637930E0
2.992058E1	1.648702E1	1.643362E0
2.995390E1	1.657470E1	1.650867E0
2.998722E1	1.667086E1	1.681643E0
3.002054E1	1.676727E1	1.698736E0
3.005386E1	1.685883E1	1.697226E0
3.008718E1	1.693576E1	1.720316E0
3.012049E1	1.703878E1	1.744745E0
3.015381E1	1.712653E1	1.747953E0
3.018713E1	1.719576E1	1.756128E0
3.022045E1	1.727079E1	1.756157E0
3.025377E1	1.733594E1	1.754430E0
3.028709E1	1.736913E1	1.755287E0
3.032041E1	1.734062E1	1.749983E0
3.035373E1	1.732388E1	1.754300E0
3.038705E1	1.733197E1	1.756180E0
3.042037E1	1.733266E1	1.754416E0
3.045369E1	1.731387E1	1.759322E0
3.048701E1	1.731938E1	1.757094E0
3.052032E1	1.732232E1	1.752165E0
3.055364E1	1.733011E1	1.743881E0
3.058696E1	1.731633E1	1.753534E0
3.062028E1	1.731972E1	1.757475E0
3.065360E1	1.733257E1	1.755617E0
3.068692E1	1.733218E1	1.749187E0
3.072024E1	1.732361E1	1.750510E0
3.075356E1	1.732359E1	1.752311E0
3.078688E1	1.734334E1	1.746381E0
3.082020E1	1.738395E1	1.738132E0
3.085352E1	1.740914E1	1.715708E0
3.088683E1	1.741772E1	1.715932E0
3.092015E1	1.746224E1	1.703625E0
3.095347E1	1.754076E1	1.709089E0
3.098679E1	1.764870E1	1.707376E0
3.102011E1	1.775033E1	1.710844E0
3.105343E1	1.785474E1	1.712065E0
3.108675E1	1.794401E1	1.719494E0
3.112007E1	1.800235E1	1.717329E0
3.115339E1	1.806585E1	1.723464E0
3.118671E1	1.811394E1	1.714701E0
3.122003E1	1.811573E1	1.706498E0
3.125335E1	1.805207E1	1.728074E0
3.128666E1	1.805246E1	1.739936E0
3.131998E1	1.806634E1	1.729459E0
3.135330E1	1.805916E1	1.740705E0
3.138662E1	1.805507E1	1.751903E0
3.141994E1	1.805575E1	1.750197E0
3.145326E1	1.804047E1	1.751258E0
3.148658E1	1.792461E1	1.750124E0
3.151990E1	1.772140E1	1.737508E0
3.155322E1	1.752661E1	1.744796E0
3.158654E1	1.738693E1	1.753136E0
3.161986E1	1.742505E1	1.758775E0
3.165317E1	1.743189E1	1.746039E0
3.168649E1	1.743485E1	1.740248E0
3.171981E1	1.743354E1	1.747449E0
3.175313E1	1.741962E1	1.754563E0
3.178645E1	1.742500E1	1.753603E0
3.181977E1	1.742638E1	1.753623E0
3.185309E1	1.742886E1	1.753014E0
3.188641E1	1.744819E1	1.744951E0
3.191973E1	1.754362E1	1.754883E0
3.195305E1	1.769871E1	1.772515E0
3.198637E1	1.781944E1	1.796173E0
3.201969E1	1.790113E1	1.806399E0
3.205300E1	1.797534E1	1.815555E0
3.208632E1	1.805226E1	1.815843E0
3.211964E1	1.812635E1	1.823295E0
3.215296E1	1.817837E1	1.835921E0
3.218628E1	1.817626E1	1.839833E0
3.221960E1	1.820452E1	1.850562E0
3.225292E1	1.826607E1	1.862716E0
3.228624E1	1.834349E1	1.865320E0
3.231956E1	1.834927E1	1.861788E0
3.235288E1	1.832754E1	1.872333E0
3.238620E1	1.831616E1	1.876154E0
3.241951E1	1.830273E1	1.872146E0
3.245283E1	1.830843E1	1.869796E0
3.248615E1	1.830267E1	1.861792E0
3.251947E1	1.828892E1	1.852782E0
3.255279E1	1.828329E1	1.863872E0
3.258611E1	1.827940E1	1.868968E0
3.261943E1	1.826181E1	1.867872E0
3.265275E1	1.826645E1	1.864431E0
3.268607E1	1.827567E1	1.861850E0
3.271939E1	1.828349E1	1.860323E0
3.275271E1	1.827989E1	1.863060E0
3.278603E1	1.827000E1	1.867455E0
3.281934E1	1.827062E1	1.866373E0
3.285266E1	1.827061E1	1.866015E0
3.288598E1	1.827314E1	1.865379E0
3.291930E1	1.832106E1	1.871069E0
3.295262E1	1.839609E1	1.867007E0
3.298594E1	1.850156E1	1.860873E0
3.301926E1	1.862273E1	1.855294E0
3.305258E1	1.875796E1	1.857461E0
3.308590E1	1.885817E1	1.860873E0
3.311922E1	1.892704E1	1.870596E0
3.315254E1	1.896756E1	1.889097E0
3.318585E1	1.900269E1	1.876876E0
3.321917E1	1.899071E1	1.888279E0
3.325249E1	1.894309E1	1.874542E0
3.328581E1	1.894337E1	1.872091E0
3.331913E1	1.894589E1	1.867555E0
3.335245E1	1.894441E1	1.867615E0
3.338577E1	1.894231E1	1.866768E0
3.341909E1	1.894101E1	1.864517E0
3.345241E1	1.893224E1	1.869705E0
3.348573E1	1.882520E1	1.860970E0
3.351905E1	1.862755E1	1.851424E0
3.355237E1	1.837369E1	1.871108E0
3.358568E1	1.820947E1	1.867397E0
3.361900E1	1.821896E1	1.834381E0
3.365232E1	1.827230E1	1.813743E0
3.368564E1	1.830010E1	1.812021E0
3.371896E1	1.831645E1	1.822552E0
3.375228E1	1.832266E1	1.815214E0
3.378560E1	1.831345E1	1.815674E0
3.381892E1	1.830978E1	1.817337E0
3.385224E1	1.830718E1	1.824535E0
3.388556E1	1.833898E1	1.809885E0
3.391888E1	1.843292E1	1.814858E0
3.395219E1	1.856583E1	1.840179E0
3.398551E1	1.868191E1	1.877697E0
3.401883E1	1.880158E1	1.914866E0
3.405215E1	1.888080E1	1.913586E0
3.408547E1	1.894592E1	1.921912E0
3.411879E1	1.903602E1	1.946062E0
3.415211E1	1.911503E1	1.963815E0
3.418543E1	1.917138E1	1.978799E0
3.421875E1	1.926068E1	2.005976E0
3.425207E1	1.935984E1	2.026985E0
3.428539E1	1.941548E1	2.032018E0
3.431871E1	1.942980E1	2.036722E0
3.435202E1	1.943057E1	2.038623E0
3.438534E1	1.944313E1	2.035553E0
3.441866E1	1.946613E1	2.040647E0
3.445198E1	1.944580E1	2.036247E0
3.448530E1	1.944061E1	2.037481E0
3.451862E1	1.947054E1	2.050839E0
3.455194E1	1.953722E1	2.048004E0
3.458526E1	1.962825E1	2.057678E0
3.461858E1	1.970321E1	2.089988E0
3.465190E1	1.976225E1	2.104296E0
3.468522E1	1.982110E1	2.115089E0
3.471853E1	1.987943E1	2.145164E0
3.475185E1	1.996147E1	2.184298E0
3.478517E1	2.002803E1	2.202252E0
3.481849E1	2.010237E1	2.215020E0
3.485181E1	2.016744E1	2.223016E0
3.488513E1	2.020246E1	2.246854E0
3.491845E1	2.021035E1	2.242416E0
3.495177E1	2.026666E1	2.238732E0
3.498509E1	2.037653E1	2.225398E0
3.501841E1	2.044853E1	2.197439E0
3.505173E1	2.046704E1	2.175239E0
3.508505E1	2.050050E1	2.160250E0
3.511836E1	2.057717E1	2.162977E0
3.515168E1	2.065088E1	2.145999E0
3.518500E1	2.068482E1	2.125631E0
3.521832E1	2.067782E1	2.096244E0
3.525164E1	2.064259E1	2.098282E0
3.528496E1	2.064136E1	2.099679E0
3.531828E1	2.065057E1	2.093067E0
3.535160E1	2.065016E1	2.090022E0
3.538492E1	2.064925E1	2.089583E0
3.541824E1	2.064898E1	2.089656E0
3.545156E1	2.064483E1	2.088323E0
3.548487E1	2.058900E1	2.077780E0
3.551819E1	2.037060E1	2.080449E0
3.555151E1	2.005597E1	2.037847E0
3.558483E1	1.971073E1	1.990138E0
3.561815E1	1.956108E1	1.949374E0
3.565147E1	1.953078E1	1.962683E0
3.568479E1	1.954660E1	1.925407E0
3.571811E1	1.956972E1	1.928853E0
3.575143E1	1.956060E1	1.927557E0
3.578475E1	1.955067E1	1.927321E0
3.581807E1	1.954458E1	1.927306E0
3.585139E1	1.953986E1	1.926390E0
3.588470E1	1.956545E1	1.916970E0
3.591802E1	1.965391E1	1.922467E0
3.595134E1	1.977825E1	1.932832E0
3.598466E1	1.989918E1	1.964813E0
3.601798E1	1.998891E1	1.993069E0
3.605130E1	2.008417E1	2.001615E0
3.608462E1	2.016382E1	2.008219E0
3.611794E1	2.024087E1	2.037246E0
3.615126E1	2.032890E1	2.049100E0
3.618458E1	2.041610E1	2.071131E0
3.621790E1	2.049608E1	2.073410E0
3.625122E1	2.057775E1	2.086707E0
3.628453E1	2.064505E1	2.092256E0
3.631785E1	2.065682E1	2.087116E0
3.635117E1	2.060920E1	2.080670E0
3.638449E1	2.059576E1	2.081925E0
3.641781E1	2.063131E1	2.099481E0
3.645113E1	2.067616E1	2.080312E0
3.648445E1	2.069086E1	2.080016E0
3.651777E1	2.069517E1	2.079290E0
3.655109E1	2.068510E1	2.074487E0
3.658441E1	2.066332E1	2.052403E0
3.661773E1	2.066036E1	2.044466E0
3.665104E1	2.066878E1	2.033080E0
3.668436E1	2.066763E1	2.021157E0
3.671768E1	2.066535E1	2.024501E0
3.675100E1	2.064673E1	2.032886E0
3.678432E1	2.064982E1	2.026179E0
3.681764E1	2.068344E1	2.027381E0
3.685096E1	2.070879E1	2.031520E0
3.688428E1	2.072702E1	2.032312E0
3.691760E1	2.075359E1	2.044462E0
3.695092E1	2.087885E1	2.054300E0
3.698424E1	2.102232E1	2.072054E0
3.701756E1	2.104411E1	2.064177E0
3.705087E1	2.105252E1	2.053515E0
3.708419E1	2.110903E1	2.043988E0
3.711751E1	2.120251E1	2.031567E0
3.715083E1	2.128204E1	1.980760E0
3.718415E1	2.131323E1	1.968735E0
3.721747E1	2.128332E1	1.965387E0
3.725079E1	2.124785E1	1.976651E0
3.728411E1	2.124950E1	1.975898E0
3.731743E1	2.126185E1	1.973601E0
3.735075E1	2.125306E1	1.976755E0
3.738407E1	2.125599E1	1.976337E0
3.741738E1	2.125819E1	1.975287E0
3.745070E1	2.124519E1	1.980871E0
3.748402E1	2.113505E1	1.979553E0
3.751734E1	2.084468E1	1.971726E0
3.755066E1	2.053459E1	1.958478E0
3.758398E1	2.026661E1	1.962892E0
3.761730E1	2.020536E1	1.959285E0
3.765062E1	2.021114E1	1.948865E0
3.768394E1	2.023824E1	1.972120E0
3.771726E1	2.028171E1	1.960986E0
3.775058E1	2.027042E1	1.968343E0
3.778390E1	2.025793E1	1.976519E0
3.781721E1	2.024770E1	1.977775E0
3.785053E1	2.025140E1	1.976797E0
3.788385E1	2.027318E1	1.972175E0
3.791717E1	2.034672E1	1.965474E0
3.795049E1	2.046384E1	1.986724E0
3.798381E1	2.057700E1	2.019603E0
3.801713E1	2.067040E1	2.022647E0
3.805045E1	2.076243E1	2.035366E0
3.808377E1	2.085466E1	2.054959E0
3.811709E1	2.093803E1	2.069686E0
3.815041E1	2.101703E1	2.092572E0
3.818372E1	2.110687E1	2.090816E0
3.821704E1	2.116026E1	2.089864E0
3.825036E1	2.119839E1	2.091810E0
3.828368E1	2.125258E1	2.092278E0
3.831700E1	2.126368E1	2.090766E0
3.835032E1	2.122522E1	2.095938E0
3.838364E1	2.121669E1	2.095877E0
3.841696E1	2.121012E1	2.094260E0
3.845028E1	2.120931E1	2.085061E0
3.848360E1	2.120713E1	2.089034E0
3.851692E1	2.120305E1	2.111458E0
3.855024E1	2.121847E1	2.101045E0
3.858355E1	2.125636E1	2.103928E0
3.861687E1	2.130119E1	2.114936E0
3.865019E1	2.133384E1	2.119746E0
3.868351E1	2.136684E1	2.137040E0
3.871683E1	2.137585E1	2.143938E0
3.875015E1	2.136423E1	2.149330E0
3.878347E1	2.135902E1	2.147674E0
3.881679E1	2.136236E1	2.144709E0
3.885011E1	2.137765E1	2.139994E0
3.888343E1	2.138937E1	2.143814E0
3.891675E1	2.142033E1	2.152542E0
3.895006E1	2.150146E1	2.145644E0
3.898338E1	2.158793E1	2.155417E0
3.901670E1	2.170215E1	2.168235E0
3.905002E1	2.180740E1	2.195553E0
3.908334E1	2.188420E1	2.192479E0
3.911666E1	2.193753E1	2.190253E0
3.914998E1	2.200549E1	2.196526E0
3.918330E1	2.205333E1	2.194437E0
3.921662E1	2.204287E1	2.174675E0
3.924994E1	2.199331E1	2.182156E0
3.928326E1	2.198863E1	2.188272E0
3.931658E1	2.199316E1	2.187495E0
3.934989E1	2.198863E1	2.189650E0
3.938321E1	2.198729E1	2.192001E0
3.941653E1	2.198598E1	2.192308E0
3.944985E1	2.197604E1	2.194448E0
3.948317E1	2.188399E1	2.185673E0
3.951649E1	2.165552E1	2.144964E0
3.954981E1	2.133556E1	2.107876E0
3.958313E1	2.108025E1	2.080560E0
3.961645E1	2.105840E1	2.030445E0
3.964977E1	2.107416E1	2.042949E0
3.968309E1	2.110366E1	2.068417E0
3.971640E1	2.113586E1	2.082179E0
3.974972E1	2.114923E1	2.079677E0
3.978304E1	2.112434E1	2.095033E0
3.981636E1	2.112069E1	2.084250E0
3.984968E1	2.109218E1	2.084776E0
3.988300E1	2.110542E1	2.082884E0
3.991632E1	2.110828E1	2.072852E0
3.994964E1	2.114987E1	2.078924E0
3.998296E1	2.124928E1	2.096916E0
4.001628E1	2.137278E1	2.120883E0
4.004960E1	2.145306E1	2.125293E0
4.008292E1	2.150034E1	2.144464E0
4.011623E1	2.157815E1	2.184150E0
4.014955E1	2.166527E1	2.192734E0
4.018287E1	2.175233E1	2.205331E0
4.021619E1	2.182540E1	2.205796E0
4.024951E1	2.191439E1	2.227350E0
4.028283E1	2.196922E1	2.246791E0
4.031615E1	2.197959E1	2.246906E0
4.034947E1	2.193380E1	2.232943E0
4.038279E1	2.191103E1	2.232061E0
4.041611E1	2.192783E1	2.242675E0
4.044943E1	2.193102E1	2.246335E0
4.048274E1	2.194243E1	2.243593E0
4.051606E1	2.195226E1	2.258383E0
4.054938E1	2.194585E1	2.255161E0
4.058270E1	2.194187E1	2.254020E0
4.061602E1	2.196119E1	2.258646E0
4.064934E1	2.197559E1	2.268622E0
4.068266E1	2.198068E1	2.261490E0
4.071598E1	2.200747E1	2.256936E0
4.074930E1	2.205708E1	2.240161E0
4.078262E1	2.211253E1	2.241486E0
4.081594E1	2.216039E1	2.248582E0
4.084926E1	2.217991E1	2.269865E0
4.088257E1	2.219807E1	2.290051E0
4.091589E1	2.222497E1	2.300491E0
4.094921E1	2.231704E1	2.323284E0
4.098253E1	2.245565E1	2.362936E0
4.101585E1	2.254970E1	2.372350E0
4.104917E1	2.257427E1	2.375143E0
4.108249E1	2.258925E1	2.370232E0
4.111581E1	2.269219E1	2.395297E0
4.114913E1	2.282274E1	2.404787E0
4.118245E1	2.289856E1	2.400337E0
4.121577E1	2.290900E1	2.404519E0
4.124908E1	2.285097E1	2.424342E0
4.128240E1	2.285097E1	2.417172E0
4.131572E1	2.287617E1	2.395481E0
4.134904E1	2.286287E1	2.410126E0
4.138236E1	2.286526E1	2.414981E0
4.141568E1	2.286576E1	2.413304E0
4.144900E1	2.285779E1	2.413111E0
4.148232E1	2.274529E1	2.414146E0
4.151564E1	2.249749E1	2.372277E0
4.154896E1	2.222052E1	2.318145E0
4.158228E1	2.197598E1	2.304437E0
4.161560E1	2.192481E1	2.285574E0
4.164891E1	2.192098E1	2.295836E0
4.168223E1	2.194202E1	2.289655E0
4.171555E1	2.195128E1	2.293729E0
4.174887E1	2.194528E1	2.296640E0
4.178219E1	2.193335E1	2.302051E0
4.181551E1	2.192946E1	2.303514E0
4.184883E1	2.192058E1	2.305014E0
4.188215E1	2.194679E1	2.301607E0
4.191547E1	2.203286E1	2.305579E0
4.194879E1	2.214299E1	2.313630E0
4.198211E1	2.225727E1	2.351401E0
4.201542E1	2.236035E1	2.368791E0
4.204874E1	2.244045E1	2.363141E0
4.208206E1	2.251539E1	2.396145E0
4.211538E1	2.259508E1	2.417143E0
4.214870E1	2.267769E1	2.431338E0
4.218202E1	2.275898E1	2.430782E0
4.221534E1	2.282457E1	2.440122E0
4.224866E1	2.288681E1	2.448381E0
4.228198E1	2.291917E1	2.463608E0
4.231530E1	2.294140E1	2.469496E0
4.234862E1	2.293236E1	2.483185E0
4.238194E1	2.295813E1	2.490917E0
4.241525E1	2.296586E1	2.460002E0
4.244857E1	2.297384E1	2.436486E0
4.248189E1	2.296927E1	2.461098E0
4.251521E1	2.297165E1	2.469925E0
4.254853E1	2.298180E1	2.469035E0
4.258185E1	2.298159E1	2.469981E0
4.261517E1	2.298069E1	2.471609E0
4.264849E1	2.298100E1	2.471280E0
4.268181E1	2.299105E1	2.470363E0
4.271513E1	2.299656E1	2.477247E0
4.274845E1	2.300539E1	2.494763E0
4.278176E1	2.301362E1	2.489091E0
4.281508E1	2.301871E1	2.486230E0
4.284840E1	2.302291E1	2.483483E0
4.288172E1	2.302698E1	2.487150E0
4.291504E1	2.307595E1	2.497175E0
4.294836E1	2.320064E1	2.519224E0
4.298168E1	2.332602E1	2.543226E0
4.301500E1	2.340308E1	2.575074E0
4.304832E1	2.342303E1	2.572224E0
4.308164E1	2.344869E1	2.583165E0
4.311496E1	2.355741E1	2.594647E0
4.314828E1	2.368022E1	2.577243E0
4.318159E1	2.372551E1	2.540162E0
4.321491E1	2.369427E1	2.532348E0
4.324823E1	2.365718E1	2.538110E0
4.328155E1	2.365002E1	2.529436E0
4.331487E1	2.365911E1	2.517806E0
4.334819E1	2.365010E1	2.524936E0
4.338151E1	2.364717E1	2.526894E0
4.341483E1	2.364553E1	2.526378E0
4.344815E1	2.363467E1	2.530149E0
4.348147E1	2.353514E1	2.518053E0
4.351479E1	2.325217E1	2.486994E0
4.354810E1	2.293326E1	2.450771E0
4.358142E1	2.264001E1	2.452541E0
4.361474E1	2.253851E1	2.431530E0
4.364806E1	2.256182E1	2.419688E0
4.368138E1	2.258436E1	2.414046E0
4.371470E1	2.259517E1	2.416269E0
4.374802E1	2.259401E1	2.415919E0
4.378134E1	2.258932E1	2.417706E0
4.381466E1	2.257382E1	2.425217E0
4.384798E1	2.257255E1	2.424318E0
4.388130E1	2.258896E1	2.415389E0
4.391462E1	2.267242E1	2.421431E0
4.394793E1	2.279900E1	2.423619E0
4.398125E1	2.290409E1	2.449968E0
4.401457E1	2.299215E1	2.461219E0
4.404789E1	2.306332E1	2.470762E0
4.408121E1	2.313040E1	2.478586E0
4.411453E1	2.318486E1	2.480987E0
4.414785E1	2.322944E1	2.481198E0
4.418117E1	2.324140E1	2.468252E0
4.421449E1	2.324144E1	2.476212E0
4.424781E1	2.325037E1	2.487331E0
4.428113E1	2.330053E1	2.479272E0
4.431444E1	2.328812E1	2.474573E0
4.434776E1	2.327453E1	2.467543E0
4.438108E1	2.326841E1	2.467431E0
4.441440E1	2.326152E1	2.470520E0
4.444772E1	2.323221E1	2.475903E0
4.448104E1	2.323823E1	2.473154E0
4.451436E1	2.324329E1	2.472098E0
4.454768E1	2.324563E1	2.472153E0
4.458100E1	2.326565E1	2.468338E0
4.461432E1	2.326897E1	2.467846E0
4.464764E1	2.326473E1	2.470190E0
4.468096E1	2.329003E1	2.484804E0
4.471427E1	2.331703E1	2.487153E0
4.474759E1	2.334386E1	2.495519E0
4.478091E1	2.337867E1	2.479541E0
4.481423E1	2.340061E1	2.483937E0
4.484755E1	2.339810E1	2.491948E0
4.488087E1	2.340180E1	2.490577E0
4.491419E1	2.342944E1	2.492262E0
4.494751E1	2.352620E1	2.513538E0
4.498083E1	2.366631E1	2.528478E0
4.501415E1	2.376422E1	2.549952E0
4.504747E1	2.383434E1	2.574686E0
4.508078E1	2.388712E1	2.573042E0
4.511410E1	2.396150E1	2.581943E0
4.514742E1	2.402790E1	2.569051E0
4.518074E1	2.404167E1	2.549055E0
4.521406E1	2.404701E1	2.539100E0
4.524738E1	2.402844E1	2.547306E0
4.528070E1	2.403049E1	2.531864E0
4.531402E1	2.402912E1	2.525816E0
4.534734E1	2.403335E1	2.526394E0
4.538066E1	2.402886E1	2.528453E0
4.541398E1	2.402947E1	2.527789E0
4.544730E1	2.402186E1	2.527143E0
4.548061E1	2.392031E1	2.516585E0
4.551393E1	2.365577E1	2.507392E0
4.554725E1	2.338385E1	2.477895E0
4.558057E1	2.315352E1	2.476563E0
4.561389E1	2.313495E1	2.470352E0
4.564721E1	2.314657E1	2.464720E0
4.568053E1	2.312135E1	2.487095E0
4.571385E1	2.312379E1	2.483053E0
4.574717E1	2.312927E1	2.475432E0
4.578049E1	2.313378E1	2.474146E0
4.581381E1	2.313122E1	2.475174E0
4.584712E1	2.312480E1	2.480508E0
4.588044E1	2.314039E1	2.473715E0
4.591376E1	2.320230E1	2.468194E0
4.594708E1	2.330610E1	2.472202E0
4.598040E1	2.339072E1	2.494809E0
4.601372E1	2.349858E1	2.500348E0
4.604704E1	2.358169E1	2.514061E0
4.608036E1	2.364794E1	2.525304E0
4.611368E1	2.372173E1	2.535912E0
4.614700E1	2.380815E1	2.555773E0
4.618032E1	2.388885E1	2.581041E0
4.621364E1	2.397300E1	2.584858E0
4.624695E1	2.404410E1	2.585268E0
4.628027E1	2.409082E1	2.584757E0
4.631359E1	2.407116E1	2.586603E0
4.634691E1	2.402971E1	2.583125E0
4.638023E1	2.403284E1	2.589194E0
4.641355E1	2.403773E1	2.585222E0
4.644687E1	2.402088E1	2.587549E0
4.648019E1	2.401280E1	2.586798E0
4.651351E1	2.402584E1	2.585794E0
4.654683E1	2.399526E1	2.586263E0
4.658015E1	2.399303E1	2.581455E0
4.661346E1	2.399100E1	2.574539E0
4.664678E1	2.398775E1	2.575443E0
4.668010E1	2.399218E1	2.580807E0
4.671342E1	2.398828E1	2.581081E0
4.674674E1	2.400134E1	2.590800E0
4.678006E1	2.401513E1	2.589594E0
4.681338E1	2.400801E1	2.586361E0
4.684670E1	2.401317E1	2.585029E0
4.688002E1	2.402535E1	2.588041E0
4.691334E1	2.406225E1	2.597298E0
4.694666E1	2.414182E1	2.597101E0
4.697998E1	2.426432E1	2.616887E0
4.701329E1	2.436235E1	2.651012E0
4.704661E1	2.440411E1	2.660434E0
4.707993E1	2.446071E1	2.655106E0
4.711325E1	2.455893E1	2.644293E0
4.714657E1	2.462516E1	2.615258E0
4.717989E1	2.463426E1	2.601734E0
4.721321E1	2.459339E1	2.601108E0
4.724653E1	2.453643E1	2.593396E0
4.727985E1	2.453300E1	2.582085E0
4.731317E1	2.454637E1	2.579874E0
4.734649E1	2.453299E1	2.585040E0
4.737980E1	2.453459E1	2.583399E0
4.741312E1	2.453212E1	2.583137E0
4.744644E1	2.451912E1	2.585038E0
4.747976E1	2.442222E1	2.576251E0
4.751308E1	2.420201E1	2.573266E0
4.754640E1	2.395848E1	2.581443E0
4.757972E1	2.376234E1	2.607278E0
4.761304E1	2.376786E1	2.587514E0
4.764636E1	2.379094E1	2.568050E0
4.767968E1	2.376054E1	2.582451E0
4.771300E1	2.374832E1	2.587662E0
4.774632E1	2.376622E1	2.574728E0
4.777963E1	2.375554E1	2.586207E0
4.781295E1	2.375118E1	2.586720E0
4.784627E1	2.373891E1	2.590078E0
4.787959E1	2.375493E1	2.584105E0
4.791291E1	2.381934E1	2.576088E0
4.794623E1	2.392340E1	2.582858E0
4.797955E1	2.401056E1	2.615958E0
4.801287E1	2.408734E1	2.625921E0
4.804619E1	2.413328E1	2.624617E0
4.807951E1	2.413813E1	2.625256E0
4.811283E1	2.413708E1	2.627112E0
4.814614E1	2.416880E1	2.636022E0
4.817946E1	2.421735E1	2.628290E0
4.821278E1	2.425177E1	2.646165E0
4.824610E1	2.425837E1	2.645338E0
4.827942E1	2.428067E1	2.645090E0
4.831274E1	2.426965E1	2.633857E0
4.834606E1	2.426395E1	2.635587E0
4.837938E1	2.425266E1	2.641103E0
4.841270E1	2.424943E1	2.641635E0
4.844602E1	2.423455E1	2.628137E0
4.847934E1	2.424850E1	2.617322E0
4.851266E1	2.423565E1	2.631381E0
4.854597E1	2.423831E1	2.634994E0
4.857929E1	2.423819E1	2.638035E0
4.861261E1	2.424722E1	2.640459E0
4.864593E1	2.425610E1	2.637364E0
4.867925E1	2.425863E1	2.634885E0
4.871257E1	2.424631E1	2.638542E0
4.874589E1	2.424893E1	2.636368E0
4.877921E1	2.425233E1	2.635850E0
4.881253E1	2.425250E1	2.637896E0
4.884585E1	2.424904E1	2.643938E0
4.887917E1	2.425272E1	2.643752E0
4.891248E1	2.429561E1	2.651112E0
4.894580E1	2.441568E1	2.668107E0
4.897912E1	2.454747E1	2.697436E0
4.901244E1	2.464194E1	2.738132E0
4.904576E1	2.469106E1	2.762499E0
4.907908E1	2.474976E1	2.762811E0
4.911240E1	2.481239E1	2.750748E0
4.914572E1	2.488275E1	2.735913E0
4.917904E1	2.492571E1	2.729759E0
4.921236E1	2.492018E1	2.734439E0
4.924568E1	2.486615E1	2.740799E0
4.927900E1	2.486092E1	2.737850E0
4.931231E1	2.486399E1	2.735623E0
4.934563E1	2.486304E1	2.739031E0
4.937895E1	2.486192E1	2.742133E0
4.941227E1	2.486135E1	2.743385E0
4.944559E1	2.484928E1	2.745666E0
4.947891E1	2.475649E1	2.738325E0
4.951223E1	2.453674E1	2.749009E0
4.954555E1	2.428438E1	2.768468E0
4.957887E1	2.411867E1	2.767006E0
4.961219E1	2.414427E1	2.763432E0
4.964551E1	2.417866E1	2.758783E0
4.967882E1	2.415934E1	2.746799E0
4.971214E1	2.414229E1	2.758146E0
4.974546E1	2.413333E1	2.757003E0
4.977878E1	2.413364E1	2.756084E0
4.981210E1	2.413032E1	2.749670E0
4.984542E1	2.412857E1	2.749844E0
4.987874E1	2.414536E1	2.739956E0
4.991206E1	2.423023E1	2.734738E0
4.994538E1	2.432054E1	2.718654E0
4.997870E1	2.441352E1	2.734645E0
5.001202E1	2.449631E1	2.740721E0
5.004534E1	2.455319E1	2.752272E0
5.007865E1	2.459105E1	2.744476E0
5.011197E1	2.462186E1	2.761690E0
5.014529E1	2.465989E1	2.752954E0
5.017861E1	2.470214E1	2.755261E0
5.021193E1	2.475020E1	2.761879E0
5.024525E1	2.481177E1	2.774702E0
5.027857E1	2.486123E1	2.773146E0
5.031189E1	2.486186E1	2.763985E0
5.034521E1	2.484396E1	2.759972E0
5.037853E1	2.484952E1	2.755515E0
5.041185E1	2.483943E1	2.756011E0
5.044516E1	2.480734E1	2.766412E0
5.047848E1	2.480650E1	2.760740E0
5.051180E1	2.481463E1	2.747033E0
5.054512E1	2.480244E1	2.753223E0
5.057844E1	2.480060E1	2.756499E0
5.061176E1	2.479013E1	2.756424E0
5.064508E1	2.478156E1	2.756136E0
5.067840E1	2.479264E1	2.751840E0
5.071172E1	2.480737E1	2.747311E0
5.074504E1	2.482006E1	2.746814E0
5.077836E1	2.481496E1	2.748077E0
5.081168E1	2.481173E1	2.747905E0
5.084499E1	2.481220E1	2.746266E0
5.087831E1	2.481638E1	2.744494E0
5.091163E1	2.484185E1	2.755419E0
5.094495E1	2.490533E1	2.753789E0
5.097827E1	2.500396E1	2.757570E0
5.101159E1	2.511437E1	2.757037E0
5.104491E1	2.520145E1	2.748884E0
5.107823E1	2.528346E1	2.752101E0
5.111155E1	2.538504E1	2.757128E0
5.114487E1	2.546857E1	2.754726E0
5.117819E1	2.551036E1	2.767318E0
5.121151E1	2.553350E1	2.785036E0
5.124482E1	2.553281E1	2.776396E0
5.127814E1	2.550842E1	2.782093E0
5.131146E1	2.552448E1	2.793656E0
5.134478E1	2.551616E1	2.799973E0
5.137810E1	2.551914E1	2.800155E0
5.141142E1	2.551965E1	2.801284E0
5.144474E1	2.550849E1	2.804841E0
5.147806E1	2.541899E1	2.798455E0
5.151138E1	2.523392E1	2.802037E0
5.154470E1	2.505613E1	2.793877E0
5.157802E1	2.487144E1	2.805091E0
5.161133E1	2.486621E1	2.827587E0
5.164465E1	2.488412E1	2.811806E0
5.167797E1	2.489121E1	2.804292E0
5.171129E1	2.487637E1	2.798832E0
5.174461E1	2.486787E1	2.800083E0
5.177793E1	2.485535E1	2.805323E0
5.181125E1	2.483511E1	2.813367E0
5.184457E1	2.483295E1	2.813613E0
5.187789E1	2.485326E1	2.801862E0
5.191121E1	2.494719E1	2.806785E0
5.194453E1	2.508598E1	2.790664E0
5.197785E1	2.519412E1	2.790446E0
5.201116E1	2.527212E1	2.821954E0
5.204448E1	2.532517E1	2.842948E0
5.207780E1	2.532933E1	2.859880E0
5.211112E1	2.533707E1	2.852086E0
5.214444E1	2.537497E1	2.832740E0
5.217776E1	2.541932E1	2.851952E0
5.221108E1	2.547557E1	2.872024E0
5.224440E1	2.555652E1	2.896709E0
5.227772E1	2.563124E1	2.891917E0
5.231104E1	2.564279E1	2.892365E0
5.234436E1	2.561415E1	2.910025E0
5.237767E1	2.561033E1	2.913669E0
5.241099E1	2.561758E1	2.912079E0
5.244431E1	2.560553E1	2.915768E0
5.247763E1	2.561088E1	2.915542E0
5.251095E1	2.561349E1	2.915814E0
5.254427E1	2.558803E1	2.918774E0
5.257759E1	2.558389E1	2.921097E0
5.261091E1	2.558620E1	2.911359E0
5.264423E1	2.558427E1	2.912568E0
5.267755E1	2.558476E1	2.918729E0
5.271087E1	2.556495E1	2.932137E0
5.274419E1	2.555888E1	2.931418E0
5.277750E1	2.557960E1	2.925598E0
5.281082E1	2.558378E1	2.915232E0
5.284414E1	2.558010E1	2.917372E0
5.287746E1	2.557246E1	2.919823E0
5.291078E1	2.559976E1	2.911668E0
5.294410E1	2.567625E1	2.921772E0
5.297742E1	2.578435E1	2.924142E0
5.301074E1	2.587961E1	2.921727E0
5.304406E1	2.595524E1	2.907407E0
5.307738E1	2.604928E1	2.909529E0
5.311070E1	2.615942E1	2.915948E0
5.314401E1	2.623407E1	2.921621E0
5.317733E1	2.627939E1	2.950237E0
5.321065E1	2.628753E1	2.967490E0
5.324397E1	2.625846E1	2.957211E0
5.327729E1	2.624881E1	2.960828E0
5.331061E1	2.624949E1	2.963587E0
5.334393E1	2.624465E1	2.965818E0
5.337725E1	2.624493E1	2.965912E0
5.341057E1	2.624305E1	2.967029E0
5.344389E1	2.623356E1	2.970937E0
5.347721E1	2.615512E1	2.957973E0
5.351053E1	2.596261E1	2.946192E0
5.354384E1	2.569035E1	2.955870E0
5.357716E1	2.547479E1	2.967831E0
5.361048E1	2.543859E1	2.991102E0
5.364380E1	2.548229E1	2.960506E0
5.367712E1	2.546298E1	2.965213E0
5.371044E1	2.546326E1	2.966465E0
5.374376E1	2.546301E1	2.966115E0
5.377708E1	2.546212E1	2.966983E0
5.381040E1	2.546165E1	2.966305E0
5.384372E1	2.546109E1	2.966508E0
5.387704E1	2.547740E1	2.953391E0
5.391035E1	2.555148E1	2.956345E0
5.394367E1	2.565415E1	2.968620E0
5.397699E1	2.574995E1	2.985038E0
5.401031E1	2.584332E1	2.979352E0
5.404363E1	2.588864E1	2.979621E0
5.407695E1	2.590261E1	2.979288E0
5.411027E1	2.590296E1	2.981321E0
5.414359E1	2.594726E1	3.008548E0
5.417691E1	2.601539E1	3.014955E0
5.421023E1	2.608321E1	3.008700E0
5.424355E1	2.613807E1	3.014171E0
5.427687E1	2.617214E1	3.027066E0
5.431018E1	2.617726E1	3.024618E0
5.434350E1	2.617229E1	3.025828E0
5.437682E1	2.617514E1	3.025186E0
5.441014E1	2.616771E1	3.023021E0
5.444346E1	2.615434E1	3.007372E0
5.447678E1	2.614342E1	3.013597E0
5.451010E1	2.613143E1	3.016387E0
5.454342E1	2.613088E1	3.017652E0
5.457674E1	2.613204E1	3.018019E0
5.461006E1	2.612228E1	3.021749E0
5.464338E1	2.610776E1	3.041732E0
5.467669E1	2.611363E1	3.035910E0
5.471001E1	2.613066E1	3.016692E0
5.474333E1	2.612111E1	3.028805E0
5.477665E1	2.610377E1	3.040128E0
5.480997E1	2.611791E1	3.021573E0
5.484329E1	2.612236E1	3.008467E0
5.487661E1	2.612369E1	3.012115E0
5.490993E1	2.614656E1	3.012010E0
5.494325E1	2.621583E1	3.025902E0
5.497657E1	2.633262E1	3.025409E0
5.500989E1	2.644730E1	3.029198E0
5.504321E1	2.653290E1	3.022052E0
5.507652E1	2.660851E1	3.025324E0
5.510984E1	2.667881E1	3.024756E0
5.514316E1	2.672943E1	3.037214E0
5.517648E1	2.677581E1	3.065661E0
5.520980E1	2.680260E1	3.078216E0
5.524312E1	2.679790E1	3.071025E0
5.527644E1	2.678783E1	3.066112E0
5.530976E1	2.679873E1	3.066628E0
5.534308E1	2.678830E1	3.074387E0
5.537640E1	2.679070E1	3.075841E0
5.540972E1	2.679052E1	3.076586E0
5.544303E1	2.678410E1	3.079892E0
5.547635E1	2.669513E1	3.071803E0
5.550967E1	2.645612E1	3.078442E0
5.554299E1	2.618527E1	3.074104E0
5.557631E1	2.594503E1	3.089946E0
5.560963E1	2.588781E1	3.095857E0
5.564295E1	2.588606E1	3.084123E0
5.567627E1	2.589591E1	3.082121E0
5.570959E1	2.589967E1	3.083257E0
5.574291E1	2.590200E1	3.082729E0
5.577623E1	2.590288E1	3.081889E0
5.580955E1	2.589802E1	3.083887E0
5.584286E1	2.588515E1	3.092706E0
5.587618E1	2.590591E1	3.088563E0
5.590950E1	2.598164E1	3.072280E0
5.594282E1	2.606557E1	3.079020E0
5.597614E1	2.614291E1	3.086830E0
5.600946E1	2.622619E1	3.102520E0
5.604278E1	2.630279E1	3.100139E0
5.607610E1	2.636419E1	3.110224E0
5.610942E1	2.641985E1	3.124777E0
5.614274E1	2.644689E1	3.127868E0
5.617606E1	2.646495E1	3.125597E0
5.620937E1	2.647043E1	3.130858E0
5.624269E1	2.648269E1	3.130442E0
5.627601E1	2.651898E1	3.134213E0
5.630933E1	2.652821E1	3.124920E0
5.634265E1	2.651783E1	3.131380E0
5.637597E1	2.648965E1	3.137794E0
5.640929E1	2.649432E1	3.136349E0
5.644261E1	2.649701E1	3.136161E0
5.647593E1	2.647752E1	3.121268E0
5.650925E1	2.646634E1	3.127539E0
5.654257E1	2.646577E1	3.128332E0
5.657589E1	2.646530E1	3.129694E0
5.660920E1	2.645348E1	3.127757E0
5.664252E1	2.646378E1	3.127251E0
5.667584E1	2.647397E1	3.124094E0
5.670916E1	2.648386E1	3.121310E0
5.674248E1	2.647709E1	3.123757E0
5.677580E1	2.647078E1	3.126404E0
5.680912E1	2.647035E1	3.126651E0
5.684244E1	2.647121E1	3.125669E0
5.687576E1	2.647222E1	3.123849E0
5.690908E1	2.649644E1	3.123049E0
5.694240E1	2.655533E1	3.126288E0
5.697571E1	2.657132E1	3.117339E0
5.700903E1	2.659089E1	3.116722E0
5.704235E1	2.674704E1	3.133739E0
5.707567E1	2.696441E1	3.147597E0
5.710899E1	2.702023E1	3.157092E0
5.714231E1	2.696537E1	3.181611E0
5.717563E1	2.700261E1	3.198176E0
5.720895E1	2.707007E1	3.191532E0
5.724227E1	2.708437E1	3.188349E0
5.727559E1	2.706491E1	3.198047E0
5.730891E1	2.706965E1	3.194214E0
5.734223E1	2.707022E1	3.190959E0
5.737554E1	2.707006E1	3.192552E0
5.740886E1	2.707041E1	3.192511E0
5.744218E1	2.706587E1	3.190028E0
5.747550E1	2.696987E1	3.182303E0
5.750882E1	2.678848E1	3.192931E0
5.754214E1	2.656129E1	3.197132E0
5.757546E1	2.637137E1	3.188618E0
5.760878E1	2.632115E1	3.191521E0
5.764210E1	2.634594E1	3.194428E0
5.767542E1	2.632973E1	3.203962E0
5.770874E1	2.633617E1	3.200015E0
5.774205E1	2.634049E1	3.197786E0
5.777537E1	2.634161E1	3.195716E0
5.780869E1	2.634369E1	3.192898E0
5.784201E1	2.634778E1	3.184945E0
5.787533E1	2.635462E1	3.184721E0
5.790865E1	2.641617E1	3.166426E0
5.794197E1	2.653168E1	3.168321E0
5.797529E1	2.663990E1	3.194836E0
5.800861E1	2.673580E1	3.220958E0
5.804193E1	2.680549E1	3.232401E0
5.807525E1	2.685175E1	3.237182E0
5.810857E1	2.688569E1	3.243622E0
5.814188E1	2.689080E1	3.242440E0
5.817520E1	2.687116E1	3.228610E0
5.820852E1	2.686005E1	3.236070E0
5.824184E1	2.689015E1	3.245093E0
5.827516E1	2.692080E1	3.239944E0
5.830848E1	2.694339E1	3.251551E0
5.834180E1	2.694046E1	3.250618E0
5.837512E1	2.694079E1	3.245327E0
5.840844E1	2.694425E1	3.244792E0
5.844176E1	2.693371E1	3.247572E0
5.847508E1	2.693516E1	3.247916E0
5.850839E1	2.693962E1	3.245390E0
5.854171E1	2.693458E1	3.246419E0
5.857503E1	2.692041E1	3.233266E0
5.860835E1	2.690444E1	3.239231E0
5.864167E1	2.690059E1	3.229713E0
5.867499E1	2.690319E1	3.231675E0
5.870831E1	2.691233E1	3.234785E0
5.874163E1	2.691102E1	3.236664E0
5.877495E1	2.690999E1	3.237345E0
5.880827E1	2.690880E1	3.235164E0
5.884159E1	2.689932E1	3.241571E0
5.887491E1	2.686554E1	3.252064E0
5.890822E1	2.685559E1	3.266275E0
5.894154E1	2.690875E1	3.263041E0
5.897486E1	2.701053E1	3.260750E0
5.900818E1	2.716213E1	3.252028E0
5.904150E1	2.727813E1	3.233942E0
5.907482E1	2.730873E1	3.209002E0
5.910814E1	2.737028E1	3.229138E0
5.914146E1	2.745243E1	3.266695E0
5.917478E1	2.751531E1	3.289899E0
5.920810E1	2.752904E1	3.303744E0
5.924142E1	2.759653E1	3.297770E0
5.927473E1	2.762523E1	3.252786E0
5.930805E1	2.762318E1	3.262606E0
5.934137E1	2.762180E1	3.270890E0
5.937469E1	2.762275E1	3.251225E0
5.940801E1	2.762381E1	3.248589E0
5.944133E1	2.761984E1	3.257038E0
5.947465E1	2.755510E1	3.248755E0
5.950797E1	2.737937E1	3.238907E0
5.954129E1	2.718886E1	3.231246E0
5.957461E1	2.699805E1	3.259443E0
5.960793E1	2.696090E1	3.248128E0
5.964125E1	2.695794E1	3.237823E0
5.967456E1	2.694044E1	3.277659E0
5.970788E1	2.694133E1	3.291100E0
5.974120E1	2.694283E1	3.278078E0
5.977452E1	2.693646E1	3.292816E0
5.980784E1	2.694110E1	3.300922E0
5.984116E1	2.692953E1	3.276615E0
5.987448E1	2.693492E1	3.295457E0
5.990780E1	2.698530E1	3.286179E0
5.994112E1	2.706765E1	3.295676E0
5.997444E1	2.716021E1	3.309469E0
6.000776E1	2.724560E1	3.321575E0
6.004107E1	2.733488E1	3.340268E0
6.007439E1	2.740469E1	3.341164E0
6.010771E1	2.747338E1	3.346481E0
6.014103E1	2.754082E1	3.364124E0
6.017435E1	2.761262E1	3.367471E0
6.020767E1	2.766561E1	3.367495E0
6.024099E1	2.769622E1	3.351222E0
6.027431E1	2.769316E1	3.351659E0
6.030763E1	2.767069E1	3.359976E0
6.034095E1	2.766513E1	3.359985E0
6.037427E1	2.767774E1	3.352908E0
6.040759E1	2.766677E1	3.355176E0
6.044090E1	2.766040E1	3.355481E0
6.047422E1	2.765953E1	3.356422E0
6.050754E1	2.766155E1	3.356149E0
6.054086E1	2.766388E1	3.355904E0
6.057418E1	2.766623E1	3.355879E0
6.060750E1	2.766630E1	3.355271E0
6.064082E1	2.766849E1	3.354979E0
6.067414E1	2.767180E1	3.347850E0
6.070746E1	2.766907E1	3.328436E0
6.074078E1	2.766849E1	3.339329E0
6.077410E1	2.763375E1	3.356838E0
6.080741E1	2.766468E1	3.360214E0
6.084073E1	2.767521E1	3.341438E0
6.087405E1	2.767088E1	3.351397E0
6.090737E1	2.767945E1	3.352992E0
6.094069E1	2.772639E1	3.346993E0
6.097401E1	2.782059E1	3.358979E0
6.100733E1	2.791498E1	3.353740E0
6.104065E1	2.798748E1	3.357654E0
6.107397E1	2.806999E1	3.343244E0
6.110729E1	2.813262E1	3.343494E0
6.114061E1	2.812853E1	3.345406E0
6.117393E1	2.815983E1	3.355317E0
6.120724E1	2.826661E1	3.377261E0
