	mass A		
t	x	y	
0.000000E0	3.231394E-1	-6.314530E-2
3.331912E-2	3.316021E-1	-6.188032E-2
6.663824E-2	3.708782E-1	-5.762526E-2
9.995735E-2	5.195301E-1	-5.302442E-2
1.332765E-1	7.857800E-1	-4.916583E-2
1.665956E-1	1.066900E0	-1.171764E-2
1.999147E-1	1.358038E0	-8.799564E-3
2.332338E-1	1.598968E0	-1.939343E-2
2.665529E-1	1.706959E0	-4.319112E-2
2.998721E-1	1.764459E0	-7.187396E-2
3.331912E-1	1.815932E0	-6.935973E-2
3.665103E-1	1.991968E0	-1.682281E-2
3.998294E-1	2.271788E0	8.567019E-2
4.331485E-1	2.485536E0	1.319737E-1
4.664677E-1	2.369054E0	1.395846E-1
4.997868E-1	2.105490E0	1.546548E-1
5.331059E-1	1.895866E0	1.798569E-1
5.664250E-1	1.838531E0	1.834351E-1
5.997441E-1	1.938749E0	1.543634E-1
6.330632E-1	2.116473E0	1.690507E-1
6.663824E-1	2.334218E0	2.112994E-1
6.997015E-1	2.563939E0	2.214182E-1
7.330206E-1	2.766423E0	1.894545E-1
7.663397E-1	2.988422E0	1.686854E-1
7.996588E-1	3.168014E0	1.608678E-1
8.329780E-1	3.300818E0	1.313168E-1
8.662971E-1	3.480309E0	1.479570E-1
8.996162E-1	3.725847E0	2.344343E-1
9.329353E-1	3.846089E0	2.608197E-1
9.662544E-1	3.676467E0	2.785358E-1
9.995735E-1	3.356752E0	2.818551E-1
1.032893E0	3.020956E0	2.861204E-1
1.066212E0	2.807345E0	2.956459E-1
1.099531E0	2.801407E0	2.840923E-1
1.132850E0	2.957267E0	2.712197E-1
1.166169E0	3.250516E0	2.635397E-1
1.199488E0	3.516409E0	2.769020E-1
1.232807E0	3.723316E0	3.061740E-1
1.266126E0	3.827541E0	3.122180E-1
1.299446E0	3.948130E0	3.104151E-1
1.332765E0	4.056234E0	3.051247E-1
1.366084E0	4.269874E0	3.157694E-1
1.399403E0	4.607914E0	3.700753E-1
1.432722E0	4.891131E0	3.791918E-1
1.466041E0	4.774607E0	3.732524E-1
1.499360E0	4.530199E0	3.392170E-1
1.532679E0	4.217142E0	3.798686E-1
1.565999E0	4.024916E0	4.015199E-1
1.599318E0	4.118760E0	3.525524E-1
1.632637E0	4.304986E0	3.337544E-1
1.665956E0	4.560085E0	3.789705E-1
1.699275E0	4.803436E0	4.175365E-1
1.732594E0	5.009999E0	4.315103E-1
1.765913E0	5.206304E0	4.025398E-1
1.799232E0	5.209814E0	3.778876E-1
1.832551E0	5.185235E0	3.701618E-1
1.865871E0	5.164204E0	4.092431E-1
1.899190E0	5.172858E0	4.237232E-1
1.932509E0	5.176930E0	4.203042E-1
1.965828E0	5.160519E0	4.195177E-1
1.999147E0	5.069289E0	3.858615E-1
2.032466E0	4.836359E0	3.721618E-1
2.065785E0	4.674985E0	3.694599E-1
2.099104E0	4.736277E0	3.768324E-1
2.132424E0	4.938222E0	3.772210E-1
2.165743E0	5.173616E0	3.803622E-1
2.199062E0	5.456901E0	3.955971E-1
2.232381E0	5.703009E0	3.776738E-1
2.265700E0	5.805981E0	3.393467E-1
2.299019E0	5.869103E0	3.106990E-1
2.332338E0	5.929952E0	3.054706E-1
2.365657E0	6.159425E0	3.134143E-1
2.398977E0	6.478527E0	3.341470E-1
2.432296E0	6.672963E0	3.258892E-1
2.465615E0	6.581679E0	3.386416E-1
2.498934E0	6.381714E0	3.192316E-1
2.532253E0	6.074847E0	3.230823E-1
2.565572E0	5.884789E0	3.467704E-1
2.598891E0	5.906382E0	3.639527E-1
2.632210E0	6.049941E0	3.780421E-1
2.665529E0	6.235951E0	3.803285E-1
2.698849E0	6.456819E0	3.744382E-1
2.732168E0	6.597523E0	3.740567E-1
2.765487E0	6.612420E0	3.810861E-1
2.798806E0	6.647547E0	4.067071E-1
2.832125E0	6.729020E0	4.026401E-1
2.865444E0	6.955469E0	3.638364E-1
2.898763E0	7.314466E0	3.683940E-1
2.932082E0	7.593359E0	3.832067E-1
2.965402E0	7.513720E0	3.960558E-1
2.998721E0	7.261515E0	3.931479E-1
3.032040E0	6.979711E0	4.111186E-1
3.065359E0	6.804835E0	4.501706E-1
3.098678E0	6.861140E0	3.915446E-1
3.131997E0	7.042455E0	3.634320E-1
3.165316E0	7.291091E0	3.698014E-1
3.198635E0	7.521554E0	4.282413E-1
3.231954E0	7.714119E0	4.455618E-1
3.265274E0	7.919182E0	4.664533E-1
3.298593E0	8.087381E0	4.735460E-1
3.331912E0	8.168135E0	4.655426E-1
3.365231E0	8.167133E0	4.706377E-1
3.398550E0	8.139120E0	4.777249E-1
3.431869E0	8.154820E0	4.750574E-1
3.465188E0	8.134256E0	4.902350E-1
3.498507E0	8.122889E0	5.016402E-1
3.531827E0	7.929264E0	4.964964E-1
3.565146E0	7.651218E0	5.261608E-1
3.598465E0	7.613246E0	5.185660E-1
3.631784E0	7.796566E0	5.109273E-1
3.665103E0	8.050696E0	5.288242E-1
3.698422E0	8.339171E0	5.643587E-1
3.731741E0	8.674653E0	5.539196E-1
3.765060E0	8.980896E0	5.319499E-1
3.798379E0	9.254166E0	5.326719E-1
3.831699E0	9.450239E0	5.448900E-1
3.865018E0	9.588908E0	5.449482E-1
3.898337E0	9.733974E0	5.923600E-1
3.931656E0	9.776851E0	6.146288E-1
3.964975E0	9.638930E0	5.955158E-1
3.998294E0	9.399125E0	5.945483E-1
4.031613E0	9.124148E0	6.079854E-1
4.064932E0	8.939723E0	6.316683E-1
4.098252E0	8.956880E0	6.187883E-1
4.131571E0	9.094347E0	6.051672E-1
4.164890E0	9.304756E0	6.249626E-1
4.198209E0	9.458212E0	6.484995E-1
4.231528E0	9.471332E0	6.288546E-1
4.264847E0	9.434685E0	6.084000E-1
4.298166E0	9.455724E0	6.123952E-1
4.331485E0	9.456250E0	6.079392E-1
4.364804E0	9.498662E0	5.967281E-1
4.398124E0	9.539008E0	6.069331E-1
4.431443E0	9.505711E0	6.231403E-1
4.464762E0	9.509688E0	6.241562E-1
4.498081E0	9.475073E0	6.045491E-1
4.531400E0	9.412982E0	5.674748E-1
4.564719E0	9.409271E0	5.660563E-1
4.598038E0	9.531937E0	5.704040E-1
4.631357E0	9.728709E0	6.057562E-1
4.664677E0	9.991294E0	6.432249E-1
4.697996E0	1.031537E1	6.400277E-1
4.731315E0	1.058691E1	6.345201E-1
4.764634E0	1.082776E1	6.444300E-1
4.797953E0	1.100197E1	6.519001E-1
4.831272E0	1.112363E1	6.515295E-1
4.864591E0	1.129472E1	6.471557E-1
4.897910E0	1.152226E1	6.492286E-1
4.931229E0	1.158510E1	6.557368E-1
4.964549E0	1.151117E1	6.623758E-1
4.997868E0	1.147705E1	6.576445E-1
5.031187E0	1.143886E1	6.556431E-1
5.064506E0	1.128542E1	6.634725E-1
5.097825E0	1.100828E1	6.811123E-1
5.131144E0	1.072034E1	7.189686E-1
5.164463E0	1.052518E1	7.059195E-1
5.197782E0	1.055058E1	7.037508E-1
5.231102E0	1.060925E1	6.609444E-1
5.264421E0	1.068494E1	5.936727E-1
5.297740E0	1.072187E1	5.426554E-1
5.331059E0	1.077462E1	5.078742E-1
5.364378E0	1.097336E1	4.902650E-1
5.397697E0	1.125384E1	5.208696E-1
5.431016E0	1.143664E1	5.933715E-1
5.464335E0	1.137382E1	6.369674E-1
5.497654E0	1.118246E1	6.153269E-1
5.530974E0	1.097205E1	5.939402E-1
5.564293E0	1.089535E1	6.327919E-1
5.597612E0	1.096185E1	6.205902E-1
5.630931E0	1.112582E1	6.006654E-1
5.664250E0	1.139605E1	6.208902E-1
5.697569E0	1.166184E1	6.673694E-1
5.730888E0	1.184854E1	6.836864E-1
5.764207E0	1.203803E1	6.639479E-1
5.797527E0	1.213207E1	6.485276E-1
5.830846E0	1.221975E1	6.491440E-1
5.864165E0	1.240202E1	6.603761E-1
5.897484E0	1.272848E1	6.897226E-1
5.930803E0	1.292158E1	6.951438E-1
5.964122E0	1.287427E1	6.640932E-1
5.997441E0	1.278202E1	6.537925E-1
6.030760E0	1.277767E1	6.525262E-1
6.064079E0	1.270229E1	6.575050E-1
6.097399E0	1.249179E1	6.763870E-1
6.130718E0	1.227849E1	7.152230E-1
6.164037E0	1.215582E1	7.420613E-1
6.197356E0	1.224295E1	7.077986E-1
6.230675E0	1.227825E1	6.847459E-1
6.263994E0	1.240595E1	5.917633E-1
6.297313E0	1.244963E1	5.298833E-1
6.330632E0	1.250136E1	4.836337E-1
6.363952E0	1.269806E1	5.095101E-1
6.397271E0	1.293861E1	5.639657E-1
6.430590E0	1.311120E1	6.028520E-1
6.463909E0	1.304966E1	6.175313E-1
6.497228E0	1.290754E1	5.990424E-1
6.530547E0	1.273830E1	5.961793E-1
6.563866E0	1.266635E1	6.014189E-1
6.597185E0	1.270960E1	5.665781E-1
6.630505E0	1.286730E1	5.358063E-1
6.663824E0	1.313505E1	5.535746E-1
6.697143E0	1.339867E1	5.905292E-1
6.730462E0	1.360252E1	6.136142E-1
6.763781E0	1.373279E1	6.017066E-1
6.797100E0	1.380311E1	6.051935E-1
6.830419E0	1.379872E1	6.037834E-1
6.863738E0	1.382167E1	5.924165E-1
6.897057E0	1.403255E1	5.943341E-1
6.930377E0	1.421223E1	5.925702E-1
6.963696E0	1.417201E1	5.823947E-1
6.997015E0	1.398733E1	6.028926E-1
7.030334E0	1.384419E1	6.103607E-1
7.063653E0	1.385261E1	6.284622E-1
7.096972E0	1.396120E1	6.437916E-1
7.130291E0	1.420171E1	6.397986E-1
7.163610E0	1.444876E1	6.616623E-1
7.196930E0	1.475757E1	6.993450E-1
7.230249E0	1.505700E1	7.113585E-1
7.263568E0	1.539601E1	7.440484E-1
7.296887E0	1.572295E1	7.670371E-1
7.330206E0	1.597490E1	7.524036E-1
7.363525E0	1.609701E1	7.623439E-1
7.396844E0	1.617958E1	7.992253E-1
7.430163E0	1.617938E1	8.086883E-1
7.463482E0	1.604071E1	7.911853E-1
7.496802E0	1.572060E1	7.878547E-1
7.530121E0	1.537752E1	7.727564E-1
7.563440E0	1.512894E1	8.254786E-1
7.596759E0	1.511521E1	8.196054E-1
7.630078E0	1.525027E1	8.155209E-1
7.663397E0	1.555800E1	8.426363E-1
7.696716E0	1.588802E1	8.897377E-1
7.730035E0	1.625889E1	9.110939E-1
7.763355E0	1.664639E1	9.181848E-1
7.796674E0	1.702216E1	9.280722E-1
7.829993E0	1.722821E1	9.438104E-1
7.863312E0	1.729620E1	9.414344E-1
7.896631E0	1.732622E1	9.811216E-1
7.929950E0	1.733500E1	9.803125E-1
7.963269E0	1.722512E1	9.800729E-1
7.996588E0	1.691686E1	9.829366E-1
8.029907E0	1.651386E1	9.972291E-1
8.063227E0	1.622346E1	9.928457E-1
8.096546E0	1.617347E1	9.827799E-1
8.129865E0	1.631786E1	9.649531E-1
8.163184E0	1.657627E1	1.000938E0
8.196503E0	1.692895E1	1.024681E0
8.229822E0	1.730512E1	1.019107E0
8.263141E0	1.757463E1	9.882537E-1
8.296460E0	1.759895E1	9.706740E-1
8.329780E0	1.750256E1	9.619785E-1
8.363099E0	1.756104E1	9.686526E-1
8.396418E0	1.767027E1	1.001844E0
8.429737E0	1.774603E1	9.909710E-1
8.463056E0	1.763373E1	9.813326E-1
8.496375E0	1.741363E1	9.817974E-1
8.529694E0	1.719283E1	9.906490E-1
8.563013E0	1.709962E1	9.901882E-1
8.596332E0	1.713996E1	9.946685E-1
8.629652E0	1.735306E1	9.775591E-1
8.662971E0	1.762694E1	9.932729E-1
8.696290E0	1.797276E1	1.015959E0
8.729609E0	1.828551E1	1.052200E0
8.762928E0	1.862294E1	1.084769E0
8.796247E0	1.888480E1	1.119267E0
8.829566E0	1.904050E1	1.112360E0
8.862885E0	1.915345E1	1.104868E0
8.896205E0	1.932564E1	1.094071E0
8.929524E0	1.942942E1	1.101968E0
8.962843E0	1.936500E1	1.111054E0
8.996162E0	1.919039E1	1.097660E0
9.029481E0	1.895454E1	1.095874E0
9.062800E0	1.878817E1	1.128424E0
9.096119E0	1.879013E1	1.100845E0
9.129438E0	1.895812E1	1.095304E0
9.162757E0	1.917124E1	1.134205E0
9.196077E0	1.925390E1	1.189468E0
9.229396E0	1.922979E1	1.171298E0
9.262715E0	1.929590E1	1.151682E0
9.296034E0	1.932696E1	1.154780E0
9.329353E0	1.939673E1	1.136166E0
9.362672E0	1.945663E1	1.095428E0
9.395991E0	1.967549E1	1.086711E0
9.429310E0	1.990182E1	1.095040E0
9.462630E0	1.993598E1	1.116807E0
9.495949E0	1.980246E1	1.113545E0
9.529268E0	1.960644E1	1.100897E0
9.562587E0	1.950797E1	1.089873E0
9.595906E0	1.955893E1	1.076046E0
9.629225E0	1.969376E1	1.088124E0
9.662544E0	1.993726E1	1.122782E0
9.695863E0	2.020012E1	1.173504E0
9.729182E0	2.044351E1	1.161899E0
9.762502E0	2.064081E1	1.147464E0
9.795821E0	2.075047E1	1.150072E0
9.829140E0	2.080876E1	1.158517E0
9.862459E0	2.098501E1	1.161798E0
9.895778E0	2.132764E1	1.180103E0
9.929097E0	2.154980E1	1.208393E0
9.962416E0	2.144890E1	1.211324E0
9.995735E0	2.120338E1	1.159868E0
1.002905E1	2.076600E1	1.123483E0
1.006237E1	2.043522E1	1.186129E0
1.009569E1	2.029049E1	1.237209E0
1.012901E1	2.039519E1	1.248685E0
1.016233E1	2.067357E1	1.257365E0
1.019565E1	2.100148E1	1.260621E0
1.022897E1	2.137311E1	1.261884E0
1.026229E1	2.173386E1	1.300270E0
1.029561E1	2.208661E1	1.340629E0
1.032893E1	2.227551E1	1.413719E0
1.036225E1	2.242498E1	1.439843E0
1.039556E1	2.262883E1	1.482574E0
1.042888E1	2.278606E1	1.442330E0
1.046220E1	2.271109E1	1.414141E0
1.049552E1	2.247218E1	1.412784E0
1.052884E1	2.221321E1	1.414642E0
1.056216E1	2.204387E1	1.419630E0
1.059548E1	2.209656E1	1.376580E0
1.062880E1	2.227367E1	1.372637E0
1.066212E1	2.256301E1	1.468208E0
1.069544E1	2.283666E1	1.545550E0
1.072876E1	2.309459E1	1.542010E0
1.076208E1	2.333963E1	1.521076E0
1.079539E1	2.350817E1	1.520174E0
1.082871E1	2.363267E1	1.527152E0
1.086203E1	2.373645E1	1.549397E0
1.089535E1	2.380149E1	1.573086E0
1.092867E1	2.378497E1	1.587195E0
1.096199E1	2.373467E1	1.588551E0
1.099531E1	2.365882E1	1.587091E0
1.102863E1	2.332216E1	1.586893E0
1.106195E1	2.297422E1	1.588166E0
1.109527E1	2.286445E1	1.580168E0
1.112859E1	2.302021E1	1.540212E0
1.116190E1	2.330519E1	1.536207E0
1.119522E1	2.363355E1	1.585874E0
1.122854E1	2.393691E1	1.640497E0
1.126186E1	2.422718E1	1.652070E0
1.129518E1	2.450069E1	1.675687E0
1.132850E1	2.467647E1	1.704754E0
1.136182E1	2.488668E1	1.742581E0
1.139514E1	2.516764E1	1.750153E0
1.142846E1	2.532183E1	1.724924E0
1.146178E1	2.520453E1	1.708666E0
1.149510E1	2.492026E1	1.701374E0
1.152841E1	2.457629E1	1.684725E0
1.156173E1	2.432455E1	1.667768E0
1.159505E1	2.432837E1	1.676347E0
1.162837E1	2.438221E1	1.661613E0
1.166169E1	2.453643E1	1.690009E0
1.169501E1	2.478231E1	1.702034E0
1.172833E1	2.511103E1	1.690915E0
1.176165E1	2.541599E1	1.664173E0
1.179497E1	2.563036E1	1.643779E0
1.182829E1	2.572040E1	1.661560E0
1.186161E1	2.583547E1	1.688423E0
1.189493E1	2.606076E1	1.753535E0
1.192824E1	2.628342E1	1.804679E0
1.196156E1	2.626129E1	1.814209E0
1.199488E1	2.605533E1	1.797586E0
1.202820E1	2.578644E1	1.809069E0
1.206152E1	2.556512E1	1.857009E0
1.209484E1	2.551462E1	1.820958E0
1.212816E1	2.565588E1	1.793832E0
1.216148E1	2.592677E1	1.819488E0
1.219480E1	2.620587E1	1.873564E0
1.222812E1	2.644299E1	1.911161E0
1.226144E1	2.667005E1	1.923758E0
1.229475E1	2.687404E1	1.933122E0
1.232807E1	2.698909E1	1.923947E0
1.236139E1	2.713146E1	1.922585E0
1.239471E1	2.742005E1	1.931425E0
1.242803E1	2.766925E1	1.962254E0
1.246135E1	2.760838E1	1.963764E0
1.249467E1	2.735927E1	1.940745E0
1.252799E1	2.709972E1	1.927005E0
1.256131E1	2.693619E1	1.943781E0
1.259463E1	2.693372E1	1.935786E0
1.262795E1	2.703774E1	1.897783E0
1.266126E1	2.727938E1	1.867417E0
1.269458E1	2.764303E1	1.860463E0
1.272790E1	2.795322E1	1.880507E0
1.276122E1	2.816094E1	1.865971E0
1.279454E1	2.825270E1	1.887461E0
1.282786E1	2.830532E1	1.913843E0
1.286118E1	2.844361E1	1.967109E0
1.289450E1	2.875286E1	2.016767E0
1.292782E1	2.900477E1	2.070039E0
1.296114E1	2.890823E1	2.051410E0
1.299446E1	2.861633E1	2.023899E0
1.302778E1	2.828668E1	2.015026E0
1.306109E1	2.800998E1	2.071180E0
1.309441E1	2.793619E1	2.053829E0
1.312773E1	2.804937E1	1.986399E0
1.316105E1	2.830551E1	1.975571E0
1.319437E1	2.857860E1	2.027054E0
1.322769E1	2.879881E1	2.040582E0
1.326101E1	2.899698E1	2.047547E0
1.329433E1	2.909790E1	2.026452E0
1.332765E1	2.916594E1	2.030535E0
1.336097E1	2.932501E1	2.044282E0
1.339429E1	2.956640E1	2.064378E0
1.342760E1	2.960832E1	2.073648E0
1.346092E1	2.947281E1	2.037169E0
1.349424E1	2.921952E1	2.069440E0
1.352756E1	2.886735E1	2.092380E0
1.356088E1	2.859346E1	2.103034E0
1.359420E1	2.858131E1	2.041679E0
1.362752E1	2.877926E1	1.991431E0
1.366084E1	2.907989E1	2.005874E0
1.369416E1	2.940153E1	2.078047E0
1.372748E1	2.963145E1	2.131963E0
1.376080E1	2.980993E1	2.125970E0
1.379411E1	2.995918E1	2.108030E0
1.382743E1	3.003385E1	2.084807E0
1.386075E1	3.016971E1	2.114064E0
1.389407E1	3.045724E1	2.147141E0
1.392739E1	3.073102E1	2.151295E0
1.396071E1	3.069078E1	2.124787E0
1.399403E1	3.046298E1	2.121504E0
1.402735E1	3.024063E1	2.121950E0
1.406067E1	3.010340E1	2.148736E0
1.409399E1	3.010441E1	2.127182E0
1.412731E1	3.020845E1	2.104905E0
1.416063E1	3.036617E1	2.125555E0
1.419394E1	3.038211E1	2.175585E0
1.422726E1	3.036019E1	2.144522E0
1.426058E1	3.045111E1	2.142166E0
1.429390E1	3.046565E1	2.136544E0
1.432722E1	3.047095E1	2.096725E0
1.436054E1	3.050484E1	2.064816E0
1.439386E1	3.064316E1	2.030265E0
1.442718E1	3.085599E1	2.049197E0
1.446050E1	3.099304E1	2.077337E0
1.449382E1	3.094580E1	2.094530E0
1.452714E1	3.089199E1	2.082542E0
1.456045E1	3.083338E1	2.093439E0
1.459377E1	3.087954E1	2.085428E0
1.462709E1	3.100021E1	2.036782E0
1.466041E1	3.120685E1	2.041173E0
1.469373E1	3.145392E1	2.072705E0
1.472705E1	3.165102E1	2.095747E0
1.476037E1	3.177010E1	2.096699E0
1.479369E1	3.180898E1	2.078865E0
1.482701E1	3.180769E1	2.052011E0
1.486033E1	3.194322E1	2.047661E0
1.489365E1	3.228120E1	2.095667E0
1.492696E1	3.263582E1	2.125755E0
1.496028E1	3.274146E1	2.106200E0
1.499360E1	3.270825E1	2.063294E0
1.502692E1	3.263336E1	2.091014E0
1.506024E1	3.251601E1	2.089463E0
1.509356E1	3.227873E1	2.118596E0
1.512688E1	3.198716E1	2.130689E0
1.516020E1	3.168033E1	2.115846E0
1.519352E1	3.158714E1	2.101565E0
1.522684E1	3.160294E1	2.075311E0
1.526016E1	3.166937E1	2.029755E0
1.529348E1	3.172563E1	2.032031E0
1.532679E1	3.178051E1	2.059741E0
1.536011E1	3.193989E1	2.071625E0
1.539343E1	3.223658E1	2.085889E0
1.542675E1	3.259956E1	2.098043E0
1.546007E1	3.266627E1	2.118586E0
1.549339E1	3.245012E1	2.126743E0
1.552671E1	3.222111E1	2.134847E0
1.556003E1	3.209331E1	2.172217E0
1.559335E1	3.214743E1	2.160927E0
1.562667E1	3.230666E1	2.099477E0
1.565999E1	3.256651E1	2.089715E0
1.569330E1	3.283291E1	2.133933E0
1.572662E1	3.303658E1	2.156188E0
1.575994E1	3.316796E1	2.136754E0
1.579326E1	3.328082E1	2.098837E0
1.582658E1	3.330474E1	2.085388E0
1.585990E1	3.347409E1	2.072573E0
1.589322E1	3.379015E1	2.102510E0
1.592654E1	3.402636E1	2.137129E0
1.595986E1	3.397235E1	2.137768E0
1.599318E1	3.371777E1	2.120878E0
1.602650E1	3.344841E1	2.092409E0
1.605981E1	3.324548E1	2.143801E0
1.609313E1	3.320342E1	2.157030E0
1.612645E1	3.331148E1	2.097465E0
1.615977E1	3.353835E1	2.089432E0
1.619309E1	3.381640E1	2.103589E0
1.622641E1	3.402357E1	2.109509E0
1.625973E1	3.414392E1	2.087323E0
1.629305E1	3.415672E1	2.052962E0
1.632637E1	3.414643E1	2.036639E0
1.635969E1	3.430521E1	2.047042E0
1.639301E1	3.462505E1	2.089814E0
1.642633E1	3.489571E1	2.096030E0
1.645964E1	3.496599E1	2.083818E0
1.649296E1	3.491797E1	2.066920E0
1.652628E1	3.493824E1	2.074943E0
1.655960E1	3.486917E1	2.087602E0
1.659292E1	3.467514E1	2.140226E0
1.662624E1	3.448057E1	2.142320E0
1.665956E1	3.426246E1	2.127869E0
1.669288E1	3.418303E1	2.129618E0
1.672620E1	3.420100E1	2.085588E0
1.675952E1	3.420785E1	2.074014E0
1.679284E1	3.423125E1	2.085630E0
1.682615E1	3.424437E1	2.078234E0
1.685947E1	3.441204E1	2.069414E0
1.689279E1	3.475266E1	2.074269E0
1.692611E1	3.510240E1	2.072258E0
1.695943E1	3.513275E1	2.098716E0
1.699275E1	3.490757E1	2.136653E0
1.702607E1	3.464005E1	2.152436E0
1.705939E1	3.451105E1	2.163334E0
1.709271E1	3.455305E1	2.128320E0
1.712603E1	3.468362E1	2.075666E0
1.715935E1	3.490914E1	2.073116E0
1.719266E1	3.519551E1	2.067006E0
1.722598E1	3.536774E1	2.073223E0
1.725930E1	3.538240E1	2.068524E0
1.729262E1	3.534838E1	2.085170E0
1.732594E1	3.534536E1	2.091921E0
1.735926E1	3.548113E1	2.079914E0
1.739258E1	3.572806E1	2.133200E0
1.742590E1	3.590558E1	2.125561E0
1.745922E1	3.583080E1	2.105065E0
1.749254E1	3.567703E1	2.086642E0
1.752586E1	3.554372E1	2.069108E0
1.755918E1	3.553063E1	2.039533E0
1.759249E1	3.563073E1	2.011317E0
1.762581E1	3.583598E1	2.042129E0
1.765913E1	3.606400E1	2.081884E0
1.769245E1	3.629715E1	2.043673E0
1.772577E1	3.653050E1	2.007213E0
1.775909E1	3.665974E1	2.030321E0
1.779241E1	3.666901E1	2.022701E0
1.782573E1	3.667815E1	2.008914E0
1.785905E1	3.685921E1	2.004156E0
1.789237E1	3.722870E1	2.033077E0
1.792569E1	3.756755E1	2.009580E0
1.795900E1	3.757150E1	1.996823E0
1.799232E1	3.751413E1	1.999283E0
1.802564E1	3.747402E1	2.019383E0
1.805896E1	3.738173E1	2.032421E0
1.809228E1	3.713437E1	2.035244E0
1.812560E1	3.683188E1	2.049639E0
1.815892E1	3.652222E1	2.049310E0
1.819224E1	3.645378E1	2.043230E0
1.822556E1	3.649520E1	2.035404E0
1.825888E1	3.658135E1	2.006515E0
1.829220E1	3.667876E1	1.961611E0
1.832551E1	3.671407E1	1.931314E0
1.835883E1	3.689051E1	1.908896E0
1.839215E1	3.720703E1	1.928331E0
1.842547E1	3.753282E1	1.935126E0
1.845879E1	3.754935E1	1.941107E0
1.849211E1	3.734191E1	1.967622E0
1.852543E1	3.714358E1	1.965070E0
1.855875E1	3.696477E1	2.022211E0
1.859207E1	3.696322E1	2.012267E0
1.862539E1	3.706366E1	1.984427E0
1.865871E1	3.729670E1	1.986922E0
1.869203E1	3.754978E1	1.992063E0
1.872534E1	3.771738E1	1.951891E0
1.875866E1	3.772719E1	1.924449E0
1.879198E1	3.768403E1	1.915893E0
1.882530E1	3.766749E1	1.925030E0
1.885862E1	3.767359E1	1.918162E0
1.889194E1	3.780528E1	1.907852E0
1.892526E1	3.804316E1	1.984758E0
1.895858E1	3.819890E1	1.995048E0
1.899190E1	3.810154E1	1.989873E0
1.902522E1	3.800635E1	1.967307E0
1.905854E1	3.793844E1	1.992273E0
1.909185E1	3.796349E1	2.015724E0
1.912517E1	3.809011E1	1.991906E0
1.915849E1	3.830088E1	1.903908E0
1.919181E1	3.851665E1	1.893111E0
1.922513E1	3.862287E1	1.928262E0
1.925845E1	3.867252E1	1.941626E0
1.929177E1	3.870898E1	1.932529E0
1.932509E1	3.872291E1	1.913144E0
1.935841E1	3.890397E1	1.895089E0
1.939173E1	3.925570E1	1.939715E0
1.942505E1	3.960599E1	1.910883E0
1.945836E1	3.960740E1	1.881088E0
1.949168E1	3.939318E1	1.886178E0
1.952500E1	3.916937E1	1.887462E0
1.955832E1	3.898864E1	1.930643E0
1.959164E1	3.898202E1	1.952126E0
1.962496E1	3.903830E1	1.961630E0
1.965828E1	3.909984E1	1.925903E0
1.969160E1	3.921575E1	1.900718E0
1.972492E1	3.931100E1	1.878513E0
1.975824E1	3.934049E1	1.838160E0
1.979156E1	3.927973E1	1.814891E0
1.982488E1	3.927799E1	1.813534E0
1.985819E1	3.948948E1	1.823360E0
1.989151E1	3.987311E1	1.875726E0
1.992483E1	4.024699E1	1.898466E0
1.995815E1	4.026366E1	1.876564E0
1.999147E1	4.005181E1	1.862467E0
2.002479E1	3.981567E1	1.900850E0
2.005811E1	3.966088E1	1.956053E0
2.009143E1	3.963262E1	1.993397E0
2.012475E1	3.972394E1	1.905221E0
2.015807E1	3.990491E1	1.921790E0
2.019139E1	4.012222E1	1.935188E0
2.022470E1	4.026505E1	1.907466E0
2.025802E1	4.032113E1	1.871775E0
2.029134E1	4.028182E1	1.846062E0
2.032466E1	4.026719E1	1.845766E0
2.035798E1	4.043545E1	1.831114E0
2.039130E1	4.077673E1	1.803685E0
2.042462E1	4.098532E1	1.775478E0
2.045794E1	4.087048E1	1.753875E0
2.049126E1	4.060128E1	1.795697E0
2.052458E1	4.034019E1	1.838422E0
2.055790E1	4.009817E1	1.886138E0
2.059122E1	4.002595E1	1.902468E0
2.062453E1	4.013564E1	1.854343E0
2.065785E1	4.037256E1	1.832105E0
2.069117E1	4.067727E1	1.879489E0
2.072449E1	4.082181E1	1.862399E0
2.075781E1	4.085901E1	1.840467E0
2.079113E1	4.080573E1	1.792060E0
2.082445E1	4.076712E1	1.749091E0
2.085777E1	4.095524E1	1.767335E0
2.089109E1	4.128366E1	1.761611E0
2.092441E1	4.154520E1	1.744524E0
2.095773E1	4.152847E1	1.766224E0
2.099104E1	4.132049E1	1.788340E0
2.102436E1	4.107177E1	1.851280E0
2.105768E1	4.087748E1	1.861053E0
2.109100E1	4.082427E1	1.894332E0
2.112432E1	4.081664E1	1.844868E0
2.115764E1	4.082991E1	1.860268E0
2.119096E1	4.082637E1	1.864290E0
2.122428E1	4.083674E1	1.874691E0
2.125760E1	4.087920E1	1.847460E0
2.129092E1	4.094487E1	1.850338E0
2.132424E1	4.093061E1	1.874489E0
2.135755E1	4.098568E1	1.859676E0
2.139087E1	4.100108E1	1.792061E0
2.142419E1	4.113373E1	1.788070E0
2.145751E1	4.126023E1	1.782246E0
2.149083E1	4.119993E1	1.826670E0
2.152415E1	4.107605E1	1.881532E0
2.155747E1	4.102708E1	1.917019E0
2.159079E1	4.103655E1	1.865853E0
2.162411E1	4.114505E1	1.816520E0
2.165743E1	4.131691E1	1.812866E0
2.169075E1	4.144854E1	1.832891E0
2.172407E1	4.153053E1	1.785984E0
2.175738E1	4.151140E1	1.759835E0
2.179070E1	4.146657E1	1.710478E0
2.182402E1	4.147088E1	1.701757E0
2.185734E1	4.166398E1	1.715260E0
2.189066E1	4.203313E1	1.702624E0
2.192398E1	4.235717E1	1.689037E0
2.195730E1	4.230208E1	1.702922E0
2.199062E1	4.207718E1	1.741683E0
2.202394E1	4.174528E1	1.793370E0
2.205726E1	4.147710E1	1.830205E0
2.209058E1	4.136948E1	1.868911E0
2.212389E1	4.145271E1	1.922056E0
2.215721E1	4.162028E1	1.942356E0
2.219053E1	4.185326E1	1.947673E0
2.222385E1	4.202528E1	1.916892E0
2.225717E1	4.208769E1	1.856774E0
2.229049E1	4.207474E1	1.804058E0
2.232381E1	4.204003E1	1.744499E0
2.235713E1	4.217953E1	1.756455E0
2.239045E1	4.250876E1	1.784091E0
2.242377E1	4.286486E1	1.765224E0
2.245709E1	4.296943E1	1.795877E0
2.249040E1	4.278497E1	1.872531E0
2.252372E1	4.259488E1	1.895553E0
2.255704E1	4.246556E1	1.945944E0
2.259036E1	4.241680E1	1.917006E0
2.262368E1	4.249218E1	1.880346E0
2.265700E1	4.272782E1	1.867423E0
2.269032E1	4.291498E1	1.860451E0
2.272364E1	4.301337E1	1.858762E0
2.275696E1	4.307019E1	1.870905E0
2.279028E1	4.310630E1	1.863722E0
2.282360E1	4.311459E1	1.820818E0
2.285692E1	4.323744E1	1.756851E0
2.289023E1	4.355861E1	1.733157E0
2.292355E1	4.379230E1	1.704216E0
2.295687E1	4.380121E1	1.702844E0
2.299019E1	4.362158E1	1.757611E0
2.302351E1	4.337365E1	1.828382E0
2.305683E1	4.323031E1	1.882868E0
2.309015E1	4.322721E1	1.865930E0
2.312347E1	4.324283E1	1.780840E0
2.315679E1	4.342503E1	1.741266E0
2.319011E1	4.358888E1	1.728227E0
2.322343E1	4.368694E1	1.669262E0
2.325674E1	4.374202E1	1.605490E0
2.329006E1	4.374020E1	1.562853E0
2.332338E1	4.372853E1	1.518477E0
2.335670E1	4.390684E1	1.476326E0
2.339002E1	4.421984E1	1.496273E0
2.342334E1	4.440503E1	1.542960E0
2.345666E1	4.440636E1	1.570637E0
2.348998E1	4.421202E1	1.603694E0
2.352330E1	4.400389E1	1.630550E0
2.355662E1	4.382534E1	1.690411E0
2.358994E1	4.378470E1	1.693910E0
2.362325E1	4.384134E1	1.701068E0
2.365657E1	4.404879E1	1.701042E0
2.368989E1	4.428506E1	1.637337E0
2.372321E1	4.450006E1	1.561480E0
2.375653E1	4.456241E1	1.481113E0
2.378985E1	4.449157E1	1.439213E0
2.382317E1	4.444669E1	1.382006E0
2.385649E1	4.461067E1	1.377893E0
2.388981E1	4.498398E1	1.434253E0
2.392313E1	4.538944E1	1.430934E0
2.395645E1	4.539895E1	1.475112E0
2.398977E1	4.516319E1	1.505462E0
2.402308E1	4.487821E1	1.546924E0
2.405640E1	4.464785E1	1.593704E0
2.408972E1	4.455497E1	1.621056E0
2.412304E1	4.460951E1	1.595236E0
2.415636E1	4.481421E1	1.584183E0
2.418968E1	4.498205E1	1.547896E0
2.422300E1	4.507874E1	1.494086E0
2.425632E1	4.511868E1	1.372648E0
2.428964E1	4.508334E1	1.333324E0
2.432296E1	4.505707E1	1.282896E0
2.435628E1	4.522281E1	1.298529E0
2.438959E1	4.556715E1	1.309833E0
2.442291E1	4.591583E1	1.326922E0
2.445623E1	4.598207E1	1.321835E0
2.448955E1	4.588764E1	1.306610E0
2.452287E1	4.586769E1	1.334379E0
2.455619E1	4.591006E1	1.368275E0
2.458951E1	4.584576E1	1.409160E0
2.462283E1	4.566838E1	1.487915E0
2.465615E1	4.542725E1	1.534267E0
2.468947E1	4.523157E1	1.513537E0
2.472279E1	4.514276E1	1.447060E0
2.475610E1	4.515489E1	1.382020E0
2.478942E1	4.521926E1	1.331337E0
2.482274E1	4.527248E1	1.313721E0
2.485606E1	4.542248E1	1.307620E0
2.488938E1	4.572556E1	1.256344E0
2.492270E1	4.619458E1	1.227684E0
2.495602E1	4.626740E1	1.275053E0
2.498934E1	4.606130E1	1.316839E0
2.502266E1	4.582138E1	1.398322E0
2.505598E1	4.560627E1	1.453390E0
2.508930E1	4.553345E1	1.537139E0
2.512262E1	4.555451E1	1.499641E0
2.515593E1	4.569331E1	1.485691E0
2.518925E1	4.581791E1	1.451140E0
2.522257E1	4.592773E1	1.379641E0
2.525589E1	4.593163E1	1.307831E0
2.528921E1	4.585001E1	1.274510E0
2.532253E1	4.582788E1	1.214432E0
2.535585E1	4.592252E1	1.221508E0
2.538917E1	4.618973E1	1.268062E0
2.542249E1	4.649296E1	1.325157E0
2.545581E1	4.664606E1	1.371406E0
2.548913E1	4.654698E1	1.401040E0
2.552244E1	4.643844E1	1.370847E0
2.555576E1	4.635835E1	1.380329E0
2.558908E1	4.633175E1	1.356758E0
2.562240E1	4.640568E1	1.369760E0
2.565572E1	4.655825E1	1.348541E0
2.568904E1	4.669749E1	1.355727E0
2.572236E1	4.679270E1	1.319535E0
2.575568E1	4.686249E1	1.214743E0
2.578900E1	4.683099E1	1.152967E0
2.582232E1	4.682038E1	1.145699E0
2.585564E1	4.700305E1	1.132871E0
2.588895E1	4.734451E1	1.204035E0
2.592227E1	4.769075E1	1.207928E0
2.595559E1	4.766900E1	1.225499E0
2.598891E1	4.741472E1	1.215202E0
2.602223E1	4.708888E1	1.258705E0
2.605555E1	4.684987E1	1.325744E0
2.608887E1	4.679236E1	1.390383E0
2.612219E1	4.690256E1	1.374642E0
2.615551E1	4.710460E1	1.323688E0
2.618883E1	4.729669E1	1.319608E0
2.622215E1	4.745598E1	1.260494E0
2.625547E1	4.748672E1	1.200858E0
2.628878E1	4.745561E1	1.168960E0
2.632210E1	4.744424E1	1.127650E0
2.635542E1	4.759357E1	1.124246E0
2.638874E1	4.790955E1	1.166360E0
2.642206E1	4.821600E1	1.187720E0
2.645538E1	4.824026E1	1.229528E0
2.648870E1	4.806689E1	1.275647E0
2.652202E1	4.786716E1	1.272799E0
2.655534E1	4.769644E1	1.309715E0
2.658866E1	4.763748E1	1.321923E0
2.662198E1	4.771210E1	1.266137E0
2.665529E1	4.792106E1	1.256357E0
2.668861E1	4.813324E1	1.254163E0
2.672193E1	4.831409E1	1.195243E0
2.675525E1	4.842413E1	1.142971E0
2.678857E1	4.848726E1	1.071956E0
2.682189E1	4.849023E1	1.027748E0
2.685521E1	4.862064E1	1.039261E0
2.688853E1	4.890427E1	1.086088E0
2.692185E1	4.908201E1	1.138851E0
2.695517E1	4.903590E1	1.143645E0
2.698849E1	4.886180E1	1.156111E0
2.702180E1	4.869868E1	1.167594E0
2.705512E1	4.867102E1	1.201395E0
2.708844E1	4.862742E1	1.201766E0
2.712176E1	4.851415E1	1.209823E0
2.715508E1	4.847262E1	1.197806E0
2.718840E1	4.851219E1	1.145568E0
2.722172E1	4.858792E1	1.087862E0
2.725504E1	4.864623E1	1.051687E0
2.728836E1	4.869981E1	1.035224E0
2.732168E1	4.874353E1	1.028488E0
2.735500E1	4.886637E1	1.000236E0
2.738832E1	4.913859E1	1.032804E0
2.742163E1	4.944858E1	1.093870E0
2.745495E1	4.950925E1	1.115089E0
2.748827E1	4.939436E1	1.152349E0
2.752159E1	4.925611E1	1.151983E0
2.755491E1	4.916863E1	1.173498E0
2.758823E1	4.916604E1	1.161349E0
2.762155E1	4.927188E1	1.097773E0
2.765487E1	4.951415E1	1.057518E0
2.768819E1	4.979927E1	1.053733E0
2.772151E1	5.007077E1	1.029749E0
2.775483E1	5.027285E1	9.976695E-1
2.778814E1	5.038828E1	9.229904E-1
2.782146E1	5.033587E1	9.222684E-1
2.785478E1	5.040126E1	9.277735E-1
2.788810E1	5.065331E1	9.943332E-1
2.792142E1	5.087686E1	1.007386E0
2.795474E1	5.089242E1	9.648916E-1
2.798806E1	5.070113E1	9.421960E-1
2.802138E1	5.045719E1	9.295026E-1
2.805470E1	5.025127E1	9.696437E-1
2.808802E1	5.017954E1	9.540250E-1
2.812134E1	5.031882E1	8.857932E-1
2.815465E1	5.060434E1	8.689507E-1
2.818797E1	5.089392E1	8.763585E-1
2.822129E1	5.110722E1	8.576979E-1
2.825461E1	5.128635E1	7.907590E-1
2.828793E1	5.144590E1	7.121191E-1
2.832125E1	5.151990E1	6.436019E-1
2.835457E1	5.161883E1	6.508710E-1
2.838789E1	5.186387E1	7.156337E-1
2.842121E1	5.205293E1	7.391136E-1
2.845453E1	5.202783E1	7.644643E-1
2.848785E1	5.187120E1	7.551464E-1
2.852117E1	5.169530E1	7.610208E-1
2.855448E1	5.155152E1	7.344408E-1
2.858780E1	5.155503E1	6.766647E-1
2.862112E1	5.167321E1	6.208011E-1
2.865444E1	5.191863E1	6.233778E-1
2.868776E1	5.215497E1	6.159908E-1
2.872108E1	5.229698E1	6.102780E-1
2.875440E1	5.241874E1	6.123850E-1
2.878772E1	5.250590E1	5.505730E-1
2.882104E1	5.253041E1	5.076600E-1
2.885436E1	5.270968E1	4.400304E-1
2.888768E1	5.305277E1	4.231631E-1
2.892099E1	5.330397E1	4.378303E-1
2.895431E1	5.326610E1	4.340042E-1
2.898763E1	5.310534E1	4.387911E-1
2.902095E1	5.295024E1	4.677847E-1
2.905427E1	5.283431E1	4.774505E-1
2.908759E1	5.278643E1	4.259336E-1
2.912091E1	5.290615E1	3.841474E-1
2.915423E1	5.315448E1	3.353896E-1
2.918755E1	5.342644E1	3.425241E-1
2.922087E1	5.364514E1	3.180462E-1
2.925419E1	5.380203E1	2.654008E-1
2.928750E1	5.383578E1	1.917882E-1
2.932082E1	5.379844E1	1.912674E-1
2.935414E1	5.391852E1	2.011721E-1
2.938746E1	5.421117E1	2.148119E-1
2.942078E1	5.445720E1	2.550203E-1
2.945410E1	5.447257E1	2.354256E-1
2.948742E1	5.442283E1	2.049371E-1
2.952074E1	5.441398E1	2.138840E-1
2.955406E1	5.430645E1	2.276326E-1
2.958738E1	5.410138E1	3.001204E-1
2.962070E1	5.388422E1	3.203092E-1
2.965402E1	5.372052E1	3.071992E-1
2.968733E1	5.375324E1	2.688790E-1
2.972065E1	5.387378E1	2.047673E-1
2.975397E1	5.396901E1	2.125003E-1
2.978729E1	5.406610E1	2.071301E-1
2.982061E1	5.408907E1	1.828624E-1
2.985393E1	5.420599E1	1.860993E-1
2.988725E1	5.448617E1	2.024238E-1
2.992057E1	5.487501E1	1.641322E-1
2.995389E1	5.505024E1	2.374027E-1
2.998721E1	5.496348E1	2.652822E-1
3.002053E1	5.480542E1	2.757285E-1
3.005384E1	5.468710E1	3.181052E-1
3.008716E1	5.469259E1	3.301590E-1
3.012048E1	5.479065E1	2.474377E-1
3.015380E1	5.496425E1	2.199419E-1
3.018712E1	5.523714E1	2.259280E-1
3.022044E1	5.544896E1	2.649466E-1
3.025376E1	5.555686E1	2.624872E-1
3.028708E1	5.559742E1	2.022008E-1
3.032040E1	5.557788E1	2.122237E-1
3.035372E1	5.562198E1	2.417242E-1
3.038704E1	5.580668E1	2.222713E-1
3.042035E1	5.603436E1	1.938119E-1
3.045367E1	5.612037E1	1.683421E-1
3.048699E1	5.600161E1	1.614610E-1
3.052031E1	5.588622E1	1.703528E-1
3.055363E1	5.581022E1	1.911477E-1
3.058695E1	5.581780E1	1.521379E-1
3.062027E1	5.594184E1	1.200701E-1
3.065359E1	5.617953E1	1.199718E-1
3.068691E1	5.647211E1	1.328095E-1
3.072023E1	5.667166E1	1.228884E-1
3.075355E1	5.685299E1	8.293466E-2
3.078687E1	5.689545E1	9.764276E-2
3.082018E1	5.689636E1	9.161963E-2
3.085350E1	5.699863E1	6.715249E-2
3.088682E1	5.736116E1	3.002199E-2
3.092014E1	5.766870E1	-2.182615E-2
3.095346E1	5.766178E1	-4.320984E-2
3.098678E1	5.761242E1	-3.843387E-2
3.102010E1	5.760084E1	-3.280692E-3
3.105342E1	5.745324E1	-2.674176E-3
3.108674E1	5.721534E1	8.190230E-2
3.112006E1	5.698165E1	1.228460E-1
3.115338E1	5.678410E1	1.342787E-1
3.118669E1	5.677118E1	1.482579E-1
3.122001E1	5.683111E1	6.828937E-2
3.125333E1	5.694180E1	3.057859E-2
3.128665E1	5.705742E1	-4.605576E-3
3.131997E1	5.711371E1	-1.410412E-2
3.135329E1	5.718344E1	-1.738832E-2
3.138661E1	5.741120E1	2.315963E-2
3.141993E1	5.772285E1	9.288676E-2
3.145325E1	5.787888E1	1.369275E-1
3.148657E1	5.776742E1	1.680173E-1
3.151989E1	5.764977E1	1.666672E-1
3.155320E1	5.755972E1	1.536686E-1
3.158652E1	5.756300E1	1.385737E-1
3.161984E1	5.765946E1	6.393550E-2
3.165316E1	5.785630E1	3.486315E-2
3.168648E1	5.804829E1	6.806199E-2
3.171980E1	5.820309E1	5.110929E-2
3.175312E1	5.825992E1	5.235346E-3
3.178644E1	5.821865E1	-4.357302E-2
3.181976E1	5.812655E1	-7.016971E-2
3.185308E1	5.812443E1	-8.549240E-2
3.188640E1	5.822383E1	-6.862938E-2
3.191972E1	5.854709E1	-1.936484E-2
3.195303E1	5.882439E1	8.867968E-3
3.198635E1	5.886551E1	6.596430E-2
3.201967E1	5.883441E1	3.968381E-2
3.205299E1	5.879749E1	6.196803E-2
3.208631E1	5.882696E1	2.782271E-3
3.211963E1	5.893979E1	-5.207162E-2
3.215295E1	5.911275E1	-6.021015E-2
3.218627E1	5.932202E1	-3.461133E-2
3.221959E1	5.947543E1	-5.234810E-2
3.225291E1	5.954025E1	-7.432259E-2
3.228623E1	5.953712E1	-6.804348E-2
3.231954E1	5.950056E1	-6.506830E-2
3.235286E1	5.962435E1	-7.474439E-3
3.238618E1	5.990903E1	1.481054E-3
3.241950E1	6.024693E1	-5.655532E-2
3.245282E1	6.031853E1	-7.499103E-2
3.248614E1	6.019645E1	-2.608284E-2
3.251946E1	6.002785E1	4.824428E-3
3.255278E1	5.987841E1	-7.645184E-3
3.258610E1	5.980623E1	-2.708942E-2
3.261942E1	5.990379E1	-7.210090E-3
3.265274E1	6.007556E1	-5.864977E-3
3.268605E1	6.023454E1	-9.518259E-3
3.271937E1	6.037149E1	-6.081013E-2
3.275269E1	6.041763E1	-6.104554E-2
3.278601E1	6.040368E1	-4.271578E-2
3.281933E1	6.042549E1	-1.297897E-2
3.285265E1	6.059607E1	3.089062E-2
3.288597E1	6.092088E1	5.017797E-2
3.291929E1	6.130484E1	4.606480E-2
3.295261E1	6.146341E1	7.759270E-2
3.298593E1	6.144006E1	1.176541E-1
3.301925E1	6.134988E1	1.143916E-1
3.305257E1	6.129697E1	1.291913E-1
3.308588E1	6.130596E1	1.091555E-1
3.311920E1	6.141434E1	5.022582E-2
3.315252E1	6.167602E1	9.047301E-2
3.318584E1	6.191887E1	9.481084E-2
3.321916E1	6.208969E1	1.004640E-1
3.325248E1	6.223181E1	1.183674E-1
3.328580E1	6.230876E1	1.144637E-1
3.331912E1	6.235649E1	1.351839E-1
3.335244E1	6.245786E1	1.554777E-1
3.338576E1	6.278320E1	1.534960E-1
3.341908E1	6.320851E1	1.051647E-1
3.345239E1	6.337506E1	1.154571E-1
3.348571E1	6.336366E1	1.014202E-1
3.351903E1	6.335298E1	1.442832E-1
3.355235E1	6.341912E1	1.852566E-1
3.358567E1	6.349701E1	2.244697E-1
3.361899E1	6.356152E1	1.979173E-1
3.365231E1	6.355103E1	1.740765E-1
3.368563E1	6.363190E1	1.547740E-1
3.371895E1	6.378618E1	1.591572E-1
3.375227E1	6.391083E1	1.382578E-1
