	mass A		
t	x	y	
0.000000E0	2.080638E-1	-2.068898E-2
3.331913E-2	5.501349E-1	-2.656951E-2
6.663826E-2	8.757686E-1	-3.357974E-2
9.995739E-2	1.157006E0	-2.643607E-2
1.332765E-1	1.381807E0	-7.309741E-3
1.665956E-1	1.536948E0	-3.448456E-2
1.999148E-1	1.572588E0	-9.525341E-2
2.332339E-1	1.583702E0	-1.400525E-1
2.665530E-1	1.761970E0	-1.250447E-1
2.998722E-1	2.141143E0	-3.414170E-2
3.331913E-1	2.448825E0	3.591070E-2
3.665104E-1	2.371873E0	4.133476E-2
3.998295E-1	2.129934E0	4.369177E-2
4.331487E-1	1.900176E0	3.656127E-2
4.664678E-1	1.715306E0	3.525454E-2
4.997869E-1	1.722042E0	3.494285E-2
5.331061E-1	1.799257E0	4.453378E-2
5.664252E-1	1.916300E0	3.555528E-2
5.997443E-1	2.096533E0	7.919818E-3
6.330635E-1	2.286156E0	-1.330264E-2
6.663826E-1	2.425698E0	-6.189482E-2
6.997017E-1	2.511269E0	-9.648579E-2
7.330208E-1	2.574961E0	-8.893000E-2
7.663400E-1	2.751088E0	-5.211711E-2
7.996591E-1	3.107039E0	2.392640E-2
8.329782E-1	3.511291E0	8.910922E-2
8.662974E-1	3.461184E0	8.785023E-2
8.996165E-1	3.257955E0	8.698971E-2
9.329356E-1	3.020030E0	9.153135E-2
9.662547E-1	2.895034E0	1.081317E-1
9.995739E-1	2.974938E0	8.427090E-2
1.032893E0	3.149580E0	7.431366E-2
1.066212E0	3.347060E0	3.310337E-2
1.099531E0	3.565554E0	2.786358E-2
1.132850E0	3.744640E0	-3.544992E-3
1.166170E0	3.869405E0	-4.376816E-2
1.199489E0	3.923716E0	-7.766746E-2
1.232808E0	3.953653E0	-7.853648E-2
1.266127E0	4.129741E0	-5.699534E-2
1.299446E0	4.492478E0	3.157319E-2
1.332765E0	4.885615E0	1.031318E-1
1.366084E0	4.843359E0	1.027380E-1
1.399403E0	4.620156E0	9.331543E-2
1.432723E0	4.375248E0	8.078255E-2
1.466042E0	4.181889E0	9.041850E-2
1.499361E0	4.200980E0	8.143135E-2
1.532680E0	4.313683E0	5.829634E-2
1.565999E0	4.449303E0	3.497540E-2
1.599318E0	4.614915E0	3.854917E-2
1.632637E0	4.725255E0	3.909289E-2
1.665956E0	4.753490E0	1.233797E-4
1.699276E0	4.787103E0	-2.173594E-2
1.732595E0	4.836268E0	-2.134639E-2
1.765914E0	5.050629E0	-3.333180E-2
1.799233E0	5.438524E0	4.062085E-3
1.832552E0	5.817424E0	4.142057E-2
1.865871E0	5.754691E0	5.619921E-2
1.899190E0	5.480825E0	7.900175E-2
1.932509E0	5.210402E0	9.917174E-2
1.965829E0	4.996682E0	1.228451E-1
1.999148E0	5.013540E0	7.845166E-2
2.032467E0	5.092150E0	5.202406E-2
2.065786E0	5.233578E0	7.805464E-2
2.099105E0	5.358983E0	8.169186E-2
2.132424E0	5.390603E0	5.254687E-2
2.165743E0	5.358582E0	3.228731E-2
2.199063E0	5.342041E0	3.860487E-2
2.232382E0	5.393744E0	5.912884E-2
2.265701E0	5.572874E0	4.911561E-2
2.299020E0	5.843931E0	7.295286E-2
2.332339E0	5.945975E0	9.319964E-2
2.365658E0	5.887067E0	1.018239E-1
2.398977E0	5.794694E0	8.054040E-2
2.432296E0	5.663832E0	5.694552E-2
2.465616E0	5.588945E0	7.858803E-2
2.498935E0	5.655309E0	1.202737E-1
2.532254E0	5.884431E0	1.248145E-1
2.565573E0	6.100728E0	1.125415E-1
2.598892E0	6.349220E0	7.819793E-2
2.632211E0	6.492184E0	4.723984E-2
2.665530E0	6.573024E0	3.350889E-4
2.698849E0	6.603661E0	-4.363043E-2
2.732169E0	6.624086E0	-7.767112E-2
2.765488E0	6.829248E0	-2.706390E-2
2.798807E0	7.138178E0	4.031015E-2
2.832126E0	7.387049E0	1.162721E-1
2.865445E0	7.300792E0	8.932851E-2
2.898764E0	7.050177E0	8.423408E-2
2.932083E0	6.794846E0	8.823923E-2
2.965402E0	6.611704E0	1.098337E-1
2.998722E0	6.647684E0	9.341780E-2
3.032041E0	6.817651E0	9.539057E-2
3.065360E0	7.042194E0	8.347317E-2
3.098679E0	7.280378E0	8.128300E-2
3.131998E0	7.485522E0	7.399563E-2
3.165317E0	7.623539E0	3.103235E-2
3.198636E0	7.704715E0	-1.458963E-2
3.231956E0	7.759845E0	-2.403286E-2
3.265275E0	7.944424E0	1.682776E-2
3.298594E0	8.228996E0	9.965817E-2
3.331913E0	8.473373E0	1.466288E-1
3.365232E0	8.419135E0	1.401829E-1
3.398551E0	8.210588E0	1.044939E-1
3.431870E0	8.017396E0	8.931031E-2
3.465189E0	7.938097E0	9.478663E-2
3.498509E0	7.958572E0	1.013275E-1
3.531828E0	7.939621E0	1.152851E-1
3.565147E0	7.880010E0	9.527342E-2
3.598466E0	7.899502E0	4.986750E-2
3.631785E0	8.045294E0	-2.200678E-2
3.665104E0	8.157134E0	-2.306552E-2
3.698423E0	8.283285E0	-1.118665E-2
3.731742E0	8.385521E0	4.395147E-3
3.765062E0	8.496602E0	3.403017E-2
3.798381E0	8.683794E0	9.194278E-2
3.831700E0	8.899642E0	1.564453E-1
3.865019E0	8.917496E0	2.042852E-1
3.898338E0	8.790309E0	1.675404E-1
3.931657E0	8.607650E0	1.469699E-1
3.964976E0	8.477276E0	1.771173E-1
3.998295E0	8.552045E0	1.511807E-1
4.031615E0	8.688492E0	1.442585E-1
4.064934E0	8.901799E0	1.664704E-1
4.098253E0	9.103970E0	1.941017E-1
4.131572E0	9.317020E0	1.858018E-1
4.164891E0	9.497484E0	1.476145E-1
4.198210E0	9.630815E0	9.423497E-2
4.231529E0	9.686540E0	8.293027E-2
4.264849E0	9.840867E0	1.211342E-1
4.298168E0	1.004653E1	1.963622E-1
4.331487E0	1.013269E1	1.972734E-1
4.364806E0	1.003066E1	1.482105E-1
4.398125E0	9.737606E0	1.392879E-1
4.431444E0	9.413661E0	1.473307E-1
4.464763E0	9.170275E0	1.501499E-1
4.498082E0	9.119550E0	1.041961E-1
4.531402E0	9.285151E0	4.609194E-2
4.564721E0	9.546724E0	6.478735E-2
4.598040E0	9.808317E0	1.535686E-1
4.631359E0	1.002924E1	1.945402E-1
4.664678E0	1.020666E1	1.657288E-1
4.697997E0	1.037000E1	1.038853E-1
4.731316E0	1.046817E1	8.535660E-2
4.764635E0	1.061643E1	1.037622E-1
4.797955E0	1.087656E1	1.982353E-1
4.831274E0	1.114692E1	2.589778E-1
4.864593E0	1.109775E1	2.329800E-1
4.897912E0	1.085287E1	1.990134E-1
4.931231E0	1.058238E1	1.821593E-1
4.964550E0	1.035382E1	1.942018E-1
4.997869E0	1.037241E1	1.594964E-1
5.031189E0	1.053260E1	1.379318E-1
5.064508E0	1.076957E1	1.463803E-1
5.097827E0	1.103692E1	1.631911E-1
5.131146E0	1.126984E1	2.067271E-1
5.164465E0	1.148574E1	2.291938E-1
5.197784E0	1.163585E1	2.130637E-1
5.231103E0	1.171739E1	1.536343E-1
5.264422E0	1.177398E1	1.403879E-1
5.297742E0	1.195651E1	1.970635E-1
5.331061E0	1.220289E1	2.647164E-1
5.364380E0	1.223522E1	2.775154E-1
5.397699E0	1.204936E1	2.318646E-1
5.431018E0	1.178803E1	2.252045E-1
5.464337E0	1.155124E1	2.249252E-1
5.497656E0	1.151686E1	2.011333E-1
5.530975E0	1.164031E1	1.886296E-1
5.564295E0	1.184566E1	2.347366E-1
5.597614E0	1.209194E1	2.668646E-1
5.630933E0	1.233917E1	2.725634E-1
5.664252E0	1.252595E1	2.374494E-1
5.697571E0	1.272781E1	1.879915E-1
5.730890E0	1.280183E1	1.670906E-1
5.764209E0	1.296911E1	1.967562E-1
5.797528E0	1.323365E1	2.946782E-1
5.830848E0	1.342207E1	3.400212E-1
5.864167E0	1.332808E1	3.125293E-1
5.897486E0	1.303988E1	2.919288E-1
5.930805E0	1.271954E1	2.645156E-1
5.964124E0	1.243595E1	2.512335E-1
5.997443E0	1.234694E1	2.293214E-1
6.030762E0	1.241242E1	2.447175E-1
6.064082E0	1.251024E1	2.891852E-1
6.097401E0	1.250424E1	3.016546E-1
6.130720E0	1.258083E1	3.100760E-1
6.164039E0	1.264965E1	3.054387E-1
6.197358E0	1.273955E1	3.130887E-1
6.230677E0	1.289352E1	3.021625E-1
6.263996E0	1.300918E1	2.784607E-1
6.297315E0	1.314735E1	2.665424E-1
6.330635E0	1.333904E1	2.938341E-1
6.363954E0	1.337231E1	3.126227E-1
6.397273E0	1.320973E1	3.173167E-1
6.430592E0	1.300207E1	3.163257E-1
6.463911E0	1.288801E1	3.119545E-1
6.497230E0	1.295856E1	2.958703E-1
6.530549E0	1.307990E1	3.029975E-1
6.563868E0	1.328180E1	3.281521E-1
6.597188E0	1.352225E1	3.474496E-1
6.630507E0	1.377187E1	3.561127E-1
6.663826E0	1.397336E1	3.160287E-1
6.697145E0	1.414154E1	2.923484E-1
6.730464E0	1.423272E1	2.971546E-1
6.763783E0	1.435212E1	3.251161E-1
6.797102E0	1.457568E1	4.050936E-1
6.830421E0	1.476301E1	4.187798E-1
6.863741E0	1.469735E1	3.815378E-1
6.897060E0	1.444841E1	3.601367E-1
6.930379E0	1.412318E1	3.428132E-1
6.963698E0	1.380558E1	3.783101E-1
6.997017E0	1.366623E1	3.782744E-1
7.030336E0	1.376899E1	3.747089E-1
7.063655E0	1.405087E1	3.809857E-1
7.096975E0	1.440747E1	3.982897E-1
7.130294E0	1.472698E1	4.581323E-1
7.163613E0	1.500033E1	5.329588E-1
7.196932E0	1.527845E1	6.016356E-1
7.230251E0	1.546801E1	6.605091E-1
7.263570E0	1.562595E1	6.878650E-1
7.296889E0	1.578233E1	6.675245E-1
7.330208E0	1.586952E1	5.963164E-1
7.363528E0	1.574131E1	5.806834E-1
7.396847E0	1.541834E1	5.512960E-1
7.430166E0	1.505301E1	5.375930E-1
7.463485E0	1.474646E1	5.289379E-1
7.496804E0	1.468931E1	5.232487E-1
7.530123E0	1.486388E1	5.222556E-1
7.563442E0	1.516849E1	5.876664E-1
7.596761E0	1.553296E1	6.554546E-1
7.630081E0	1.583349E1	7.430863E-1
7.663400E0	1.608849E1	8.101380E-1
7.696719E0	1.632206E1	8.634289E-1
7.730038E0	1.648508E1	9.002579E-1
7.763357E0	1.665870E1	9.245340E-1
7.796676E0	1.687090E1	9.246834E-1
7.829995E0	1.698192E1	8.880349E-1
7.863314E0	1.694990E1	8.697221E-1
7.896634E0	1.691261E1	8.871057E-1
7.929953E0	1.684680E1	8.809537E-1
7.963272E0	1.670210E1	8.681898E-1
7.996591E0	1.641488E1	8.305677E-1
8.029910E0	1.609991E1	8.115958E-1
8.063229E0	1.585751E1	8.054942E-1
8.096548E0	1.590942E1	7.989795E-1
8.129868E0	1.608117E1	7.966783E-1
8.163187E0	1.623362E1	8.171542E-1
8.196506E0	1.645040E1	8.570069E-1
8.229825E0	1.661118E1	9.240512E-1
8.263144E0	1.678726E1	9.763563E-1
8.296463E0	1.709247E1	1.013471E0
8.329782E0	1.731976E1	1.034129E0
8.363101E0	1.725026E1	1.010607E0
8.396421E0	1.695970E1	9.750945E-1
8.429740E0	1.667832E1	9.358486E-1
8.463059E0	1.642000E1	9.221722E-1
8.496378E0	1.636995E1	9.014481E-1
8.529697E0	1.650344E1	8.526377E-1
8.563016E0	1.676329E1	8.945037E-1
8.596335E0	1.703642E1	9.690040E-1
8.629654E0	1.726346E1	1.011798E0
8.662974E0	1.745108E1	1.017606E0
8.696293E0	1.757489E1	1.032860E0
8.729612E0	1.764336E1	1.073079E0
8.762931E0	1.776674E1	1.095505E0
8.796250E0	1.800716E1	1.134772E0
8.829569E0	1.817676E1	1.168514E0
8.862888E0	1.809398E1	1.156794E0
8.896207E0	1.809685E1	1.152945E0
8.929527E0	1.815632E1	1.160567E0
8.962846E0	1.812573E1	1.110412E0
8.996165E0	1.787874E1	1.074308E0
9.029484E0	1.762797E1	1.032184E0
9.062803E0	1.736745E1	9.910503E-1
9.096122E0	1.732160E1	9.656596E-1
9.129441E0	1.742752E1	9.357557E-1
9.162761E0	1.752043E1	9.388266E-1
9.196080E0	1.762531E1	9.597900E-1
9.229399E0	1.770304E1	1.002193E0
9.262718E0	1.777074E1	1.027749E0
9.296037E0	1.793495E1	1.069578E0
9.329356E0	1.811092E1	1.128774E0
9.362675E0	1.814943E1	1.187431E0
9.395994E0	1.803904E1	1.175363E0
9.429314E0	1.785943E1	1.139888E0
9.462633E0	1.773213E1	1.117666E0
9.495952E0	1.775358E1	1.134535E0
9.529271E0	1.787220E1	1.133321E0
9.562590E0	1.810020E1	1.176323E0
9.595909E0	1.839886E1	1.228563E0
9.629228E0	1.860418E1	1.300215E0
9.662547E0	1.876023E1	1.315323E0
9.695867E0	1.886085E1	1.315440E0
9.729186E0	1.888036E1	1.319425E0
9.762505E0	1.887740E1	1.320694E0
9.795824E0	1.900449E1	1.345633E0
9.829143E0	1.927589E1	1.416662E0
9.862462E0	1.948305E1	1.451202E0
9.895781E0	1.933252E1	1.413700E0
9.929100E0	1.900928E1	1.365484E0
9.962420E0	1.875351E1	1.372477E0
9.995739E0	1.867601E1	1.340682E0
1.002906E1	1.879394E1	1.335227E0
1.006238E1	1.899848E1	1.405389E0
1.009570E1	1.925596E1	1.517147E0
1.012902E1	1.959397E1	1.636824E0
1.016233E1	1.996397E1	1.784641E0
1.019565E1	2.030977E1	1.925927E0
1.022897E1	2.052942E1	2.012506E0
1.026229E1	2.066841E1	2.019240E0
1.029561E1	2.084413E1	1.990204E0
1.032893E1	2.096322E1	1.943506E0
1.036225E1	2.091580E1	1.942638E0
1.039557E1	2.064132E1	1.908778E0
1.042889E1	2.024629E1	1.873518E0
1.046221E1	1.987086E1	1.836698E0
1.049553E1	1.957771E1	1.806589E0
1.052884E1	1.960091E1	1.761050E0
1.056216E1	1.978068E1	1.779711E0
1.059548E1	1.996718E1	1.894957E0
1.062880E1	2.026313E1	2.010402E0
1.066212E1	2.054594E1	2.080542E0
1.069544E1	2.077974E1	2.140046E0
1.072876E1	2.093970E1	2.193029E0
1.076208E1	2.110528E1	2.226461E0
1.079540E1	2.141055E1	2.250608E0
1.082872E1	2.168765E1	2.232903E0
1.086204E1	2.163737E1	2.203335E0
1.089536E1	2.137035E1	2.164453E0
1.092867E1	2.101602E1	2.151229E0
1.096199E1	2.070696E1	2.133766E0
1.099531E1	2.059965E1	2.086502E0
1.102863E1	2.070051E1	2.031291E0
1.106195E1	2.091484E1	2.056370E0
1.109527E1	2.116812E1	2.118298E0
1.112859E1	2.137359E1	2.190753E0
1.116191E1	2.157717E1	2.214709E0
1.119523E1	2.175984E1	2.210994E0
1.122855E1	2.184778E1	2.214895E0
1.126187E1	2.199257E1	2.235002E0
1.129518E1	2.221900E1	2.283532E0
1.132850E1	2.239080E1	2.298295E0
1.136182E1	2.239549E1	2.293728E0
1.139514E1	2.237052E1	2.282363E0
1.142846E1	2.237282E1	2.287743E0
1.146178E1	2.231738E1	2.292872E0
1.149510E1	2.209587E1	2.282785E0
1.152842E1	2.184829E1	2.272750E0
1.156174E1	2.162042E1	2.283506E0
1.159506E1	2.157089E1	2.300525E0
1.162838E1	2.160323E1	2.292516E0
1.166170E1	2.166394E1	2.247141E0
1.169501E1	2.173616E1	2.233895E0
1.172833E1	2.179141E1	2.226661E0
1.176165E1	2.191896E1	2.244710E0
1.179497E1	2.215379E1	2.266514E0
1.182829E1	2.246952E1	2.304827E0
1.186161E1	2.255051E1	2.347894E0
1.189493E1	2.230291E1	2.363260E0
1.192825E1	2.202260E1	2.361359E0
1.196157E1	2.178976E1	2.362817E0
1.199489E1	2.170902E1	2.357555E0
1.202821E1	2.179454E1	2.316784E0
1.206152E1	2.202642E1	2.332505E0
1.209484E1	2.228691E1	2.403113E0
1.212816E1	2.249022E1	2.443709E0
1.216148E1	2.260694E1	2.471412E0
1.219480E1	2.269353E1	2.471971E0
1.222812E1	2.273925E1	2.492195E0
1.226144E1	2.285719E1	2.526973E0
1.229476E1	2.307451E1	2.580934E0
1.232808E1	2.340235E1	2.616770E0
1.236140E1	2.343792E1	2.638206E0
1.239472E1	2.322563E1	2.630701E0
1.242804E1	2.297344E1	2.626623E0
1.246135E1	2.275480E1	2.626724E0
1.249467E1	2.272879E1	2.625709E0
1.252799E1	2.282251E1	2.564077E0
1.256131E1	2.301971E1	2.598350E0
1.259463E1	2.326284E1	2.659627E0
1.262795E1	2.344352E1	2.727081E0
1.266127E1	2.356413E1	2.734988E0
1.269459E1	2.360785E1	2.739416E0
1.272791E1	2.360255E1	2.738868E0
1.276123E1	2.372439E1	2.784306E0
1.279455E1	2.402584E1	2.817948E0
1.282786E1	2.435535E1	2.865056E0
1.286118E1	2.437106E1	2.868582E0
1.289450E1	2.410906E1	2.866290E0
1.292782E1	2.385220E1	2.805560E0
1.296114E1	2.357736E1	2.786321E0
1.299446E1	2.346108E1	2.785071E0
1.302778E1	2.345198E1	2.755183E0
1.306110E1	2.348805E1	2.774153E0
1.309442E1	2.348408E1	2.774248E0
1.312774E1	2.356189E1	2.777761E0
1.316106E1	2.357447E1	2.787153E0
1.319438E1	2.356561E1	2.766194E0
1.322769E1	2.359242E1	2.724617E0
1.326101E1	2.360172E1	2.688633E0
1.329433E1	2.357152E1	2.681125E0
1.332765E1	2.365990E1	2.698293E0
1.336097E1	2.379487E1	2.728815E0
1.339429E1	2.380374E1	2.765625E0
1.342761E1	2.367882E1	2.797961E0
1.346093E1	2.361007E1	2.808232E0
1.349425E1	2.367212E1	2.797374E0
1.352757E1	2.381813E1	2.764003E0
1.356089E1	2.405497E1	2.799736E0
1.359420E1	2.431717E1	2.840943E0
1.362752E1	2.452381E1	2.907252E0
1.366084E1	2.467286E1	2.909239E0
1.369416E1	2.475297E1	2.893677E0
1.372748E1	2.475721E1	2.904347E0
1.376080E1	2.489295E1	2.930241E0
1.379412E1	2.521628E1	2.989296E0
1.382744E1	2.555300E1	3.063584E0
1.386076E1	2.556194E1	3.077471E0
1.389408E1	2.548871E1	3.045283E0
1.392740E1	2.551306E1	3.018404E0
1.396072E1	2.550749E1	3.026629E0
1.399403E1	2.548789E1	3.029867E0
1.402735E1	2.521257E1	3.011323E0
1.406067E1	2.471124E1	2.963032E0
1.409399E1	2.440188E1	2.918467E0
1.412731E1	2.447776E1	2.914337E0
1.416063E1	2.463778E1	2.874995E0
1.419395E1	2.473386E1	2.868153E0
1.422727E1	2.477828E1	2.892737E0
1.426059E1	2.488896E1	2.927913E0
1.429391E1	2.513756E1	2.966734E0
1.432723E1	2.548023E1	3.012727E0
1.436054E1	2.555843E1	3.027612E0
1.439386E1	2.532625E1	3.014704E0
1.442718E1	2.506040E1	2.972237E0
1.446050E1	2.479318E1	2.989905E0
1.449382E1	2.474160E1	2.981550E0
1.452714E1	2.484540E1	2.923122E0
1.456046E1	2.507527E1	2.907581E0
1.459378E1	2.533691E1	2.956846E0
1.462710E1	2.548836E1	3.009738E0
1.466042E1	2.552544E1	3.017913E0
1.469374E1	2.549822E1	3.014370E0
1.472706E1	2.548113E1	2.994860E0
1.476037E1	2.547876E1	3.010482E0
1.479369E1	2.557446E1	3.023839E0
1.482701E1	2.575622E1	3.068774E0
1.486033E1	2.586297E1	3.083752E0
1.489365E1	2.573307E1	3.068878E0
1.492697E1	2.564564E1	3.058906E0
1.496029E1	2.566680E1	3.065064E0
1.499361E1	2.575812E1	3.033908E0
1.502693E1	2.591759E1	3.048970E0
1.506025E1	2.612036E1	3.105705E0
1.509357E1	2.638407E1	3.145040E0
1.512688E1	2.658158E1	3.169872E0
1.516020E1	2.668658E1	3.176104E0
1.519352E1	2.668278E1	3.188110E0
1.522684E1	2.667100E1	3.191157E0
1.526016E1	2.680933E1	3.233527E0
1.529348E1	2.713157E1	3.284796E0
1.532680E1	2.745747E1	3.301238E0
1.536012E1	2.748351E1	3.315965E0
1.539344E1	2.734442E1	3.322937E0
1.542676E1	2.717397E1	3.318894E0
1.546008E1	2.704656E1	3.320787E0
1.549340E1	2.704249E1	3.294537E0
1.552671E1	2.713245E1	3.235352E0
1.556003E1	2.722817E1	3.274175E0
1.559335E1	2.722500E1	3.282758E0
1.562667E1	2.721682E1	3.287141E0
1.565999E1	2.727177E1	3.287686E0
1.569331E1	2.733227E1	3.284430E0
1.572663E1	2.731909E1	3.311345E0
1.575995E1	2.735013E1	3.291698E0
1.579327E1	2.740217E1	3.245790E0
1.582659E1	2.761039E1	3.245084E0
1.585991E1	2.772434E1	3.285653E0
1.589322E1	2.761987E1	3.325540E0
1.592654E1	2.747486E1	3.335731E0
1.595986E1	2.739533E1	3.328867E0
1.599318E1	2.741697E1	3.285836E0
1.602650E1	2.753268E1	3.280477E0
1.605982E1	2.775647E1	3.341896E0
1.609314E1	2.799791E1	3.394553E0
1.612646E1	2.815121E1	3.415548E0
1.615978E1	2.824670E1	3.402387E0
1.619310E1	2.829528E1	3.365650E0
1.622642E1	2.830572E1	3.369003E0
1.625974E1	2.844203E1	3.373502E0
1.629305E1	2.875982E1	3.421743E0
1.632637E1	2.915705E1	3.442703E0
1.635969E1	2.917832E1	3.469736E0
1.639301E1	2.900732E1	3.452688E0
1.642633E1	2.880095E1	3.415928E0
1.645965E1	2.865100E1	3.413302E0
1.649297E1	2.870162E1	3.411759E0
1.652629E1	2.880948E1	3.457824E0
1.655961E1	2.892985E1	3.496035E0
1.659293E1	2.904163E1	3.507664E0
1.662625E1	2.920719E1	3.494530E0
1.665956E1	2.932069E1	3.468556E0
1.669288E1	2.932813E1	3.430546E0
1.672620E1	2.930370E1	3.428006E0
1.675952E1	2.946115E1	3.470310E0
1.679284E1	2.976206E1	3.534387E0
1.682616E1	2.994330E1	3.574478E0
1.685948E1	2.993856E1	3.573473E0
1.689280E1	2.979088E1	3.544853E0
1.692612E1	2.961997E1	3.506976E0
1.695944E1	2.954469E1	3.505814E0
1.699276E1	2.957811E1	3.455371E0
1.702607E1	2.973188E1	3.406174E0
1.705939E1	2.994131E1	3.470036E0
1.709271E1	3.013736E1	3.547102E0
1.712603E1	3.021725E1	3.557624E0
1.715935E1	3.019990E1	3.582371E0
1.719267E1	3.020245E1	3.587373E0
1.722599E1	3.022166E1	3.563076E0
1.725931E1	3.036861E1	3.567769E0
1.729263E1	3.071821E1	3.604211E0
1.732595E1	3.107110E1	3.661109E0
1.735927E1	3.108256E1	3.664934E0
1.739259E1	3.083963E1	3.632873E0
1.742590E1	3.056539E1	3.622342E0
1.745922E1	3.033760E1	3.608568E0
1.749254E1	3.022720E1	3.571377E0
1.752586E1	3.029046E1	3.528602E0
1.755918E1	3.048795E1	3.526446E0
1.759250E1	3.070838E1	3.575659E0
1.762582E1	3.085515E1	3.615176E0
1.765914E1	3.094034E1	3.584821E0
1.769246E1	3.092662E1	3.571967E0
1.772578E1	3.091103E1	3.575653E0
1.775910E1	3.108012E1	3.603005E0
1.779241E1	3.135918E1	3.669325E0
1.782573E1	3.157578E1	3.718749E0
1.785905E1	3.157664E1	3.738640E0
1.789237E1	3.140145E1	3.699313E0
1.792569E1	3.114351E1	3.664141E0
1.795901E1	3.091785E1	3.643615E0
1.799233E1	3.081479E1	3.657247E0
1.802565E1	3.084021E1	3.624361E0
1.805897E1	3.093300E1	3.631129E0
1.809229E1	3.113276E1	3.668565E0
1.812561E1	3.141041E1	3.718655E0
1.815893E1	3.164284E1	3.739498E0
1.819224E1	3.176081E1	3.769714E0
1.822556E1	3.176683E1	3.790295E0
1.825888E1	3.186633E1	3.827985E0
1.829220E1	3.208260E1	3.861438E0
1.832552E1	3.237694E1	3.877213E0
1.835884E1	3.239883E1	3.913641E0
1.839216E1	3.216243E1	3.859464E0
1.842548E1	3.186858E1	3.838853E0
1.845880E1	3.164920E1	3.827661E0
1.849212E1	3.158663E1	3.818882E0
1.852544E1	3.165615E1	3.800141E0
1.855875E1	3.183555E1	3.829372E0
1.859207E1	3.201899E1	3.885343E0
1.862539E1	3.218288E1	3.898948E0
1.865871E1	3.220921E1	3.893163E0
1.869203E1	3.220757E1	3.903697E0
1.872535E1	3.220219E1	3.936898E0
1.875867E1	3.234741E1	3.985431E0
1.879199E1	3.259595E1	4.018224E0
1.882531E1	3.291179E1	4.044045E0
1.885863E1	3.301624E1	4.074145E0
1.889195E1	3.294868E1	4.072971E0
1.892527E1	3.296390E1	4.062848E0
1.895858E1	3.294284E1	4.069346E0
1.899190E1	3.275013E1	4.053690E0
1.902522E1	3.246824E1	4.046545E0
1.905854E1	3.221889E1	4.009066E0
1.909186E1	3.214003E1	4.000763E0
1.912518E1	3.215790E1	3.943810E0
1.915850E1	3.219007E1	3.946054E0
1.919182E1	3.224216E1	3.953832E0
1.922514E1	3.225934E1	3.961296E0
1.925846E1	3.236931E1	3.983385E0
1.929178E1	3.255821E1	4.028011E0
1.932509E1	3.279187E1	4.075915E0
1.935841E1	3.287766E1	4.122585E0
1.939173E1	3.273278E1	4.126047E0
1.942505E1	3.252884E1	4.082151E0
1.945837E1	3.233818E1	4.091399E0
1.949169E1	3.230948E1	4.079145E0
1.952501E1	3.239598E1	4.027270E0
1.955833E1	3.256087E1	4.078367E0
1.959165E1	3.267547E1	4.131629E0
1.962497E1	3.269618E1	4.131750E0
1.965829E1	3.267978E1	4.134997E0
1.969161E1	3.268559E1	4.139507E0
1.972492E1	3.265162E1	4.128820E0
1.975824E1	3.273671E1	4.141663E0
1.979156E1	3.301733E1	4.169416E0
1.982488E1	3.335402E1	4.210218E0
1.985820E1	3.345331E1	4.239834E0
1.989152E1	3.324688E1	4.230768E0
1.992484E1	3.296678E1	4.226594E0
1.995816E1	3.267881E1	4.216857E0
1.999148E1	3.255309E1	4.178358E0
2.002480E1	3.259036E1	4.092083E0
2.005812E1	3.280179E1	4.123170E0
2.009143E1	3.303877E1	4.192320E0
2.012475E1	3.323587E1	4.284710E0
2.015807E1	3.333962E1	4.335124E0
2.019139E1	3.337085E1	4.332302E0
2.022471E1	3.335014E1	4.344598E0
2.025803E1	3.346745E1	4.342909E0
2.029135E1	3.374448E1	4.356109E0
2.032467E1	3.410724E1	4.362032E0
2.035799E1	3.416178E1	4.386527E0
2.039131E1	3.396140E1	4.345956E0
2.042463E1	3.361450E1	4.351645E0
2.045795E1	3.331399E1	4.335419E0
2.049126E1	3.318508E1	4.316265E0
2.052458E1	3.323490E1	4.296974E0
2.055790E1	3.340806E1	4.345793E0
2.059122E1	3.355361E1	4.409745E0
2.062454E1	3.359256E1	4.436082E0
2.065786E1	3.351998E1	4.447086E0
2.069118E1	3.352349E1	4.448583E0
2.072450E1	3.358729E1	4.490098E0
2.075782E1	3.377390E1	4.523829E0
2.079114E1	3.411635E1	4.548250E0
2.082446E1	3.448481E1	4.542665E0
2.085777E1	3.460800E1	4.563043E0
2.089109E1	3.437042E1	4.560245E0
2.092441E1	3.402700E1	4.554282E0
2.095773E1	3.368172E1	4.518498E0
2.099105E1	3.351555E1	4.486423E0
2.102437E1	3.356765E1	4.457388E0
2.105769E1	3.374312E1	4.489771E0
2.109101E1	3.395123E1	4.575033E0
2.112433E1	3.411055E1	4.666504E0
2.115765E1	3.417984E1	4.689650E0
2.119097E1	3.418044E1	4.707770E0
2.122429E1	3.415469E1	4.704150E0
2.125760E1	3.430287E1	4.726228E0
2.129092E1	3.462080E1	4.732980E0
2.132424E1	3.495882E1	4.727743E0
2.135756E1	3.506265E1	4.737892E0
2.139088E1	3.490488E1	4.743956E0
2.142420E1	3.463488E1	4.741750E0
2.145752E1	3.434628E1	4.738702E0
2.149084E1	3.418962E1	4.734167E0
2.152416E1	3.419474E1	4.685108E0
2.155748E1	3.435244E1	4.682795E0
2.159080E1	3.455481E1	4.735425E0
2.162411E1	3.468566E1	4.781162E0
2.165743E1	3.473125E1	4.827709E0
2.169075E1	3.470053E1	4.847171E0
2.172407E1	3.467625E1	4.888607E0
2.175739E1	3.479420E1	4.890756E0
2.179071E1	3.510827E1	4.892557E0
2.182403E1	3.544207E1	4.907133E0
2.185735E1	3.552408E1	4.958946E0
2.189067E1	3.540519E1	4.954111E0
2.192399E1	3.512910E1	4.951063E0
2.195731E1	3.488088E1	4.954697E0
2.199063E1	3.479276E1	4.961901E0
2.202394E1	3.489115E1	4.949571E0
2.205726E1	3.501278E1	4.992858E0
2.209058E1	3.514143E1	5.013054E0
2.212390E1	3.522800E1	5.060728E0
2.215722E1	3.521125E1	5.111991E0
2.219054E1	3.515176E1	5.125604E0
2.222386E1	3.513195E1	5.097584E0
2.225718E1	3.529666E1	5.095008E0
2.229050E1	3.566183E1	5.102188E0
2.232382E1	3.603978E1	5.079626E0
2.235714E1	3.604667E1	5.118246E0
2.239045E1	3.585105E1	5.116041E0
2.242377E1	3.552464E1	5.130223E0
2.245709E1	3.519167E1	5.150756E0
2.249041E1	3.504989E1	5.154766E0
2.252373E1	3.512200E1	5.108423E0
2.255705E1	3.524285E1	5.137591E0
2.259037E1	3.538927E1	5.185566E0
2.262369E1	3.549501E1	5.222199E0
2.265701E1	3.545342E1	5.243881E0
2.269033E1	3.535097E1	5.208502E0
2.272365E1	3.537326E1	5.238601E0
2.275697E1	3.553977E1	5.282249E0
2.279028E1	3.588504E1	5.245752E0
2.282360E1	3.632634E1	5.239335E0
2.285692E1	3.631159E1	5.300522E0
2.289024E1	3.610160E1	5.319389E0
2.292356E1	3.574241E1	5.261943E0
2.295688E1	3.540546E1	5.238484E0
2.299020E1	3.527559E1	5.233235E0
2.302352E1	3.536321E1	5.126547E0
2.305684E1	3.552980E1	5.200055E0
2.309016E1	3.568488E1	5.329985E0
2.312348E1	3.578676E1	5.370080E0
2.315679E1	3.578819E1	5.394239E0
2.319011E1	3.573545E1	5.350912E0
2.322343E1	3.566802E1	5.341694E0
2.325675E1	3.583902E1	5.345817E0
2.329007E1	3.612874E1	5.313333E0
2.332339E1	3.642761E1	5.324017E0
2.335671E1	3.646323E1	5.368717E0
2.339003E1	3.621040E1	5.405071E0
2.342335E1	3.590087E1	5.347145E0
2.345667E1	3.553885E1	5.303237E0
2.348999E1	3.532652E1	5.311990E0
2.352331E1	3.539408E1	5.240471E0
2.355662E1	3.550345E1	5.254885E0
2.358994E1	3.565336E1	5.364269E0
2.362326E1	3.577871E1	5.357261E0
2.365658E1	3.581917E1	5.306700E0
2.368990E1	3.580159E1	5.282295E0
2.372322E1	3.577141E1	5.288176E0
2.375654E1	3.583997E1	5.278014E0
2.378986E1	3.612038E1	5.302631E0
2.382318E1	3.643333E1	5.365386E0
2.385650E1	3.651290E1	5.378619E0
2.388982E1	3.637212E1	5.430831E0
2.392313E1	3.616543E1	5.447051E0
2.395645E1	3.593044E1	5.469350E0
2.398977E1	3.588016E1	5.435751E0
2.402309E1	3.596361E1	5.390151E0
2.405641E1	3.609223E1	5.450536E0
2.408973E1	3.625207E1	5.478140E0
2.412305E1	3.637870E1	5.493305E0
2.415637E1	3.641297E1	5.446617E0
2.418969E1	3.633145E1	5.464577E0
2.422301E1	3.628104E1	5.451398E0
2.425633E1	3.639203E1	5.458846E0
2.428965E1	3.666619E1	5.499245E0
2.432296E1	3.697911E1	5.568762E0
2.435628E1	3.701596E1	5.607716E0
2.438960E1	3.679196E1	5.606391E0
2.442292E1	3.648895E1	5.606479E0
2.445624E1	3.617152E1	5.588472E0
2.448956E1	3.598521E1	5.568725E0
2.452288E1	3.600736E1	5.569662E0
2.455620E1	3.611063E1	5.609135E0
2.458952E1	3.633082E1	5.605807E0
2.462284E1	3.649777E1	5.617995E0
2.465616E1	3.656931E1	5.626957E0
2.468947E1	3.656068E1	5.627826E0
2.472279E1	3.651053E1	5.612813E0
2.475611E1	3.660109E1	5.641686E0
2.478943E1	3.689667E1	5.678138E0
2.482275E1	3.719904E1	5.736241E0
2.485607E1	3.724395E1	5.771293E0
2.488939E1	3.702126E1	5.759163E0
2.492271E1	3.671478E1	5.732968E0
2.495603E1	3.642900E1	5.725468E0
2.498935E1	3.629339E1	5.703755E0
2.502267E1	3.633191E1	5.718032E0
2.505599E1	3.640499E1	5.734154E0
2.508930E1	3.655916E1	5.750992E0
2.512262E1	3.667136E1	5.742689E0
2.515594E1	3.667733E1	5.754477E0
2.518926E1	3.660284E1	5.780501E0
2.522258E1	3.654225E1	5.786969E0
2.525590E1	3.667611E1	5.819622E0
2.528922E1	3.694767E1	5.898122E0
2.532254E1	3.730228E1	5.899306E0
2.535586E1	3.737286E1	5.940560E0
2.538918E1	3.717881E1	5.934114E0
2.542250E1	3.688685E1	5.907444E0
2.545581E1	3.661230E1	5.892132E0
2.548913E1	3.646503E1	5.863389E0
2.552245E1	3.654393E1	5.842192E0
2.555577E1	3.669094E1	5.883660E0
2.558909E1	3.680609E1	5.945697E0
2.562241E1	3.688122E1	6.000436E0
2.565573E1	3.684999E1	5.987369E0
2.568905E1	3.678431E1	5.982989E0
2.572237E1	3.677815E1	5.992939E0
2.575569E1	3.692646E1	6.020595E0
2.578901E1	3.721217E1	6.056103E0
2.582233E1	3.755246E1	6.070481E0
2.585564E1	3.766437E1	6.102156E0
2.588896E1	3.753148E1	6.154640E0
2.592228E1	3.731230E1	6.147717E0
2.595560E1	3.703536E1	6.180879E0
2.598892E1	3.691052E1	6.137132E0
2.602224E1	3.696094E1	6.097751E0
2.605556E1	3.705871E1	6.128192E0
2.608888E1	3.712831E1	6.174955E0
2.612220E1	3.718352E1	6.191224E0
2.615552E1	3.713687E1	6.169837E0
2.618884E1	3.706436E1	6.162272E0
2.622215E1	3.704349E1	6.183088E0
2.625547E1	3.717113E1	6.207563E0
2.628879E1	3.747852E1	6.268191E0
2.632211E1	3.788141E1	6.302854E0
2.635543E1	3.794977E1	6.338927E0
2.638875E1	3.774805E1	6.349557E0
2.642207E1	3.748758E1	6.302557E0
2.645539E1	3.722808E1	6.256941E0
2.648871E1	3.711558E1	6.247578E0
2.652203E1	3.720849E1	6.218653E0
2.655535E1	3.734500E1	6.275688E0
2.658867E1	3.745675E1	6.339242E0
2.662198E1	3.750701E1	6.386182E0
2.665530E1	3.744544E1	6.385345E0
2.668862E1	3.736797E1	6.383134E0
2.672194E1	3.735312E1	6.368518E0
2.675526E1	3.749824E1	6.403691E0
2.678858E1	3.781002E1	6.457079E0
2.682190E1	3.815883E1	6.451703E0
2.685522E1	3.820645E1	6.462624E0
2.688854E1	3.802688E1	6.454311E0
2.692186E1	3.773007E1	6.443330E0
2.695518E1	3.745169E1	6.461596E0
2.698849E1	3.732841E1	6.446711E0
2.702181E1	3.738835E1	6.405503E0
2.705513E1	3.751419E1	6.435091E0
2.708845E1	3.761243E1	6.515651E0
2.712177E1	3.766961E1	6.553082E0
2.715509E1	3.762307E1	6.540744E0
2.718841E1	3.753969E1	6.532829E0
2.722173E1	3.750053E1	6.525685E0
2.725505E1	3.762611E1	6.534550E0
2.728837E1	3.792418E1	6.579105E0
2.732169E1	3.827869E1	6.563547E0
2.735501E1	3.838058E1	6.582483E0
2.738832E1	3.822966E1	6.600431E0
2.742164E1	3.798849E1	6.622565E0
2.745496E1	3.780733E1	6.630978E0
2.748828E1	3.778611E1	6.590311E0
2.752160E1	3.788871E1	6.543496E0
2.755492E1	3.804038E1	6.649509E0
2.758824E1	3.816745E1	6.763710E0
2.762156E1	3.815912E1	6.834652E0
2.765488E1	3.803565E1	6.835757E0
2.768820E1	3.794503E1	6.801985E0
2.772152E1	3.792471E1	6.782867E0
2.775483E1	3.808945E1	6.790733E0
2.778815E1	3.844171E1	6.862530E0
2.782147E1	3.878799E1	6.882309E0
2.785479E1	3.881243E1	6.907263E0
2.788811E1	3.866335E1	6.931060E0
2.792143E1	3.837408E1	6.933558E0
2.795475E1	3.812949E1	6.847328E0
2.798807E1	3.807053E1	6.827965E0
2.802139E1	3.812122E1	6.807268E0
2.805471E1	3.823906E1	6.832682E0
2.808803E1	3.834435E1	6.935962E0
2.812135E1	3.827245E1	7.017880E0
2.815466E1	3.817045E1	6.985724E0
2.818798E1	3.810997E1	6.956265E0
2.822130E1	3.810525E1	6.969540E0
2.825462E1	3.826198E1	6.982416E0
2.828794E1	3.856549E1	6.995942E0
2.832126E1	3.885625E1	7.013059E0
2.835458E1	3.894223E1	6.999348E0
2.838790E1	3.880371E1	6.994733E0
2.842122E1	3.853931E1	7.052076E0
2.845454E1	3.835299E1	7.041428E0
2.848786E1	3.830103E1	7.000162E0
2.852117E1	3.840153E1	6.935827E0
2.855449E1	3.856960E1	7.011415E0
2.858781E1	3.867453E1	7.089229E0
2.862113E1	3.864558E1	7.198106E0
2.865445E1	3.857214E1	7.191850E0
2.868777E1	3.849949E1	7.146148E0
2.872109E1	3.848564E1	7.164356E0
2.875441E1	3.865461E1	7.209552E0
2.878773E1	3.895265E1	7.224889E0
2.882105E1	3.927694E1	7.234587E0
2.885437E1	3.939100E1	7.273776E0
2.888768E1	3.929707E1	7.275990E0
2.892100E1	3.909252E1	7.278900E0
2.895432E1	3.891805E1	7.287735E0
2.898764E1	3.885324E1	7.282151E0
2.902096E1	3.892457E1	7.201639E0
2.905428E1	3.902416E1	7.303266E0
2.908760E1	3.908322E1	7.397027E0
2.912092E1	3.905481E1	7.443679E0
2.915424E1	3.897985E1	7.474664E0
2.918756E1	3.890932E1	7.452317E0
2.922088E1	3.888753E1	7.426281E0
2.925420E1	3.902866E1	7.478515E0
2.928751E1	3.931211E1	7.536099E0
2.932083E1	3.960531E1	7.567998E0
2.935415E1	3.972802E1	7.608674E0
2.938747E1	3.954145E1	7.620305E0
2.942079E1	3.931480E1	7.559007E0
2.945411E1	3.910500E1	7.513247E0
2.948743E1	3.903811E1	7.491180E0
2.952075E1	3.907821E1	7.427651E0
2.955407E1	3.917559E1	7.488700E0
2.958739E1	3.924743E1	7.606605E0
2.962071E1	3.924629E1	7.667811E0
2.965402E1	3.920846E1	7.665174E0
2.968734E1	3.915118E1	7.657339E0
2.972066E1	3.912288E1	7.646441E0
2.975398E1	3.921728E1	7.668265E0
2.978730E1	3.948702E1	7.724375E0
2.982062E1	3.985172E1	7.739397E0
2.985394E1	4.001865E1	7.772480E0
2.988726E1	3.992786E1	7.806183E0
2.992058E1	3.975735E1	7.797805E0
2.995390E1	3.954272E1	7.780968E0
2.998722E1	3.942467E1	7.738229E0
3.002054E1	3.948799E1	7.648984E0
3.005385E1	3.959805E1	7.683810E0
3.008717E1	3.969117E1	7.788232E0
3.012049E1	3.970409E1	7.879212E0
3.015381E1	3.962209E1	7.869859E0
3.018713E1	3.953633E1	7.873268E0
3.022045E1	3.951663E1	7.894394E0
3.025377E1	3.968725E1	7.924881E0
3.028709E1	3.999261E1	7.980081E0
3.032041E1	4.034249E1	8.002349E0
3.035373E1	4.035986E1	8.035538E0
3.038705E1	4.014580E1	7.996030E0
3.042036E1	3.984026E1	7.988915E0
3.045368E1	3.957342E1	7.986122E0
3.048700E1	3.944071E1	7.893566E0
3.052032E1	3.949966E1	7.781810E0
3.055364E1	3.965335E1	7.825102E0
3.058696E1	3.976729E1	7.941480E0
3.062028E1	3.979501E1	8.062463E0
3.065360E1	3.975248E1	8.104995E0
3.068692E1	3.965756E1	8.102780E0
3.072024E1	3.962790E1	8.110587E0
3.075356E1	3.977061E1	8.131129E0
3.078688E1	4.005970E1	8.155716E0
3.082019E1	4.041674E1	8.175416E0
3.085351E1	4.060477E1	8.238515E0
3.088683E1	4.052595E1	8.264626E0
3.092015E1	4.036565E1	8.298918E0
3.095347E1	4.020052E1	8.260885E0
3.098679E1	4.012907E1	8.209538E0
3.102011E1	4.020183E1	8.122506E0
3.105343E1	4.027458E1	8.202209E0
3.108675E1	4.026134E1	8.308009E0
3.112007E1	4.019371E1	8.374132E0
3.115339E1	4.011093E1	8.377027E0
3.118670E1	4.004895E1	8.354378E0
3.122002E1	4.003836E1	8.363004E0
3.125334E1	4.014119E1	8.414125E0
3.128666E1	4.038898E1	8.453208E0
3.131998E1	4.070819E1	8.485260E0
3.135330E1	4.085051E1	8.550970E0
3.138662E1	4.070135E1	8.546314E0
3.141994E1	4.047728E1	8.500030E0
3.145326E1	4.026282E1	8.431643E0
3.148658E1	4.016877E1	8.366284E0
3.151990E1	4.022399E1	8.277108E0
3.155322E1	4.032739E1	8.360468E0
3.158653E1	4.042910E1	8.463208E0
3.161985E1	4.040296E1	8.553671E0
3.165317E1	4.033320E1	8.577310E0
3.168649E1	4.029373E1	8.586516E0
3.171981E1	4.028843E1	8.577074E0
3.175313E1	4.040322E1	8.636222E0
3.178645E1	4.068198E1	8.701297E0
3.181977E1	4.095790E1	8.680748E0
3.185309E1	4.103255E1	8.700411E0
3.188641E1	4.089747E1	8.696971E0
3.191973E1	4.064346E1	8.702672E0
3.195304E1	4.042932E1	8.691640E0
3.198636E1	4.033545E1	8.639872E0
3.201968E1	4.040497E1	8.533057E0
3.205300E1	4.052308E1	8.579127E0
3.208632E1	4.060204E1	8.690425E0
3.211964E1	4.057804E1	8.812502E0
3.215296E1	4.048641E1	8.835856E0
3.218628E1	4.043067E1	8.827942E0
3.221960E1	4.048510E1	8.783829E0
3.225292E1	4.068073E1	8.725027E0
3.228624E1	4.103517E1	8.684881E0
3.231956E1	4.144559E1	8.706428E0
3.235287E1	4.156650E1	8.763139E0
3.238619E1	4.142161E1	8.772942E0
3.241951E1	4.120094E1	8.765313E0
3.245283E1	4.104247E1	8.705928E0
3.248615E1	4.100068E1	8.668995E0
3.251947E1	4.108989E1	8.581657E0
3.255279E1	4.129119E1	8.627609E0
3.258611E1	4.151450E1	8.682913E0
3.261943E1	4.165439E1	8.661685E0
3.265275E1	4.169580E1	8.614275E0
3.268607E1	4.169342E1	8.551939E0
3.271938E1	4.165512E1	8.507513E0
3.275270E1	4.177801E1	8.537786E0
3.278602E1	4.209574E1	8.644225E0
3.281934E1	4.245288E1	8.747504E0
3.285266E1	4.255991E1	8.803101E0
3.288598E1	4.242683E1	8.803206E0
3.291930E1	4.226100E1	8.760527E0
3.295262E1	4.211041E1	8.711818E0
3.298594E1	4.206216E1	8.696657E0
3.301926E1	4.212277E1	8.608822E0
3.305258E1	4.230224E1	8.617670E0
3.308590E1	4.247562E1	8.663059E0
3.311921E1	4.254984E1	8.657092E0
3.315253E1	4.250199E1	8.636382E0
3.318585E1	4.242782E1	8.581551E0
3.321917E1	4.239927E1	8.545899E0
3.325249E1	4.249917E1	8.553576E0
3.328581E1	4.279040E1	8.628534E0
3.331913E1	4.320554E1	8.749645E0
3.335245E1	4.344419E1	8.826543E0
3.338577E1	4.331755E1	8.821885E0
3.341909E1	4.315494E1	8.795685E0
3.345241E1	4.303958E1	8.746168E0
3.348572E1	4.299518E1	8.741140E0
3.351904E1	4.303417E1	8.639371E0
3.355236E1	4.311015E1	8.641602E0
3.358568E1	4.317698E1	8.697417E0
3.361900E1	4.322638E1	8.698825E0
3.365232E1	4.324202E1	8.651250E0
3.368564E1	4.322574E1	8.590004E0
3.371896E1	4.321036E1	8.503963E0
3.375228E1	4.333464E1	8.532701E0
3.378560E1	4.361702E1	8.611439E0
3.381892E1	4.390692E1	8.662752E0
3.385224E1	4.396719E1	8.687481E0
3.388555E1	4.384740E1	8.691034E0
3.391887E1	4.371924E1	8.683516E0
3.395219E1	4.360557E1	8.703745E0
3.398551E1	4.364111E1	8.672000E0
3.401883E1	4.371482E1	8.560954E0
3.405215E1	4.390438E1	8.551281E0
3.408547E1	4.407597E1	8.599484E0
3.411879E1	4.417342E1	8.601209E0
3.415211E1	4.421997E1	8.579641E0
3.418543E1	4.420095E1	8.545822E0
3.421875E1	4.417228E1	8.540471E0
3.425206E1	4.422898E1	8.576512E0
3.428538E1	4.447571E1	8.636899E0
3.431870E1	4.481201E1	8.726702E0
3.435202E1	4.497307E1	8.801023E0
3.438534E1	4.484629E1	8.832985E0
3.441866E1	4.469833E1	8.811118E0
3.445198E1	4.458041E1	8.795402E0
3.448530E1	4.457122E1	8.767219E0
3.451862E1	4.458763E1	8.687952E0
3.455194E1	4.472090E1	8.723646E0
3.458526E1	4.488537E1	8.773744E0
3.461858E1	4.504914E1	8.805978E0
3.465189E1	4.515063E1	8.819214E0
3.468521E1	4.521196E1	8.799614E0
3.471853E1	4.523279E1	8.774029E0
3.475185E1	4.530420E1	8.760718E0
3.478517E1	4.557723E1	8.815404E0
3.481849E1	4.591393E1	8.876061E0
3.485181E1	4.604809E1	8.936079E0
3.488513E1	4.594162E1	8.949169E0
3.491845E1	4.579663E1	8.963956E0
3.495177E1	4.568802E1	8.992170E0
3.498509E1	4.567336E1	8.987890E0
3.501840E1	4.573817E1	8.870665E0
3.505172E1	4.591380E1	8.904623E0
3.508504E1	4.611848E1	9.006493E0
3.511836E1	4.630683E1	9.050370E0
3.515168E1	4.643138E1	9.078620E0
3.518500E1	4.651177E1	9.070730E0
3.521832E1	4.651495E1	9.082596E0
3.525164E1	4.656900E1	9.095005E0
3.528496E1	4.681608E1	9.187122E0
3.531828E1	4.720800E1	9.318027E0
3.535160E1	4.738169E1	9.369257E0
3.538492E1	4.721047E1	9.330122E0
3.541823E1	4.701116E1	9.291169E0
3.545155E1	4.684868E1	9.271966E0
3.548487E1	4.677615E1	9.270299E0
3.551819E1	4.681841E1	9.173970E0
3.555151E1	4.699881E1	9.175352E0
3.558483E1	4.723369E1	9.235717E0
3.561815E1	4.742480E1	9.306049E0
3.565147E1	4.757701E1	9.324171E0
3.568479E1	4.766551E1	9.333304E0
3.571811E1	4.769897E1	9.349707E0
3.575143E1	4.778150E1	9.379995E0
3.578474E1	4.802998E1	9.460452E0
3.581806E1	4.838193E1	9.545684E0
3.585138E1	4.855184E1	9.606045E0
3.588470E1	4.840957E1	9.604930E0
3.591802E1	4.822341E1	9.571000E0
3.595134E1	4.806700E1	9.544482E0
3.598466E1	4.799047E1	9.487154E0
3.601798E1	4.804416E1	9.362986E0
3.605130E1	4.823132E1	9.374666E0
3.608462E1	4.843975E1	9.469885E0
3.611794E1	4.860368E1	9.509822E0
3.615126E1	4.870524E1	9.536002E0
3.618457E1	4.878683E1	9.518682E0
3.621789E1	4.884217E1	9.486561E0
3.625121E1	4.894681E1	9.479354E0
3.628453E1	4.925444E1	9.549910E0
3.631785E1	4.961601E1	9.640289E0
3.635117E1	4.968871E1	9.719796E0
3.638449E1	4.956481E1	9.696041E0
3.641781E1	4.942396E1	9.650420E0
3.645113E1	4.932481E1	9.644309E0
3.648445E1	4.931651E1	9.662889E0
3.651777E1	4.941450E1	9.549411E0
3.655108E1	4.963276E1	9.565645E0
3.658440E1	4.986866E1	9.659374E0
3.661772E1	5.005183E1	9.716901E0
3.665104E1	5.018479E1	9.752210E0
3.668436E1	5.025484E1	9.724676E0
3.671768E1	5.026134E1	9.670626E0
3.675100E1	5.037192E1	9.662407E0
3.678432E1	5.066693E1	9.735252E0
3.681764E1	5.105088E1	9.854802E0
3.685096E1	5.122325E1	9.911519E0
3.688428E1	5.111929E1	9.912974E0
3.691760E1	5.099809E1	9.898496E0
3.695091E1	5.091446E1	9.907006E0
3.698423E1	5.089879E1	9.922571E0
3.701755E1	5.096442E1	9.851911E0
3.705087E1	5.115363E1	9.889060E0
3.708419E1	5.136720E1	9.973564E0
3.711751E1	5.155917E1	1.002862E1
3.715083E1	5.169344E1	1.003991E1
3.718415E1	5.177890E1	1.002829E1
3.721747E1	5.179901E1	1.003377E1
3.725079E1	5.188270E1	1.002939E1
3.728411E1	5.212704E1	1.010357E1
3.731742E1	5.244488E1	1.020118E1
3.735074E1	5.257882E1	1.025176E1
3.738406E1	5.245803E1	1.021368E1
3.741738E1	5.228217E1	1.016634E1
3.745070E1	5.214344E1	1.013912E1
3.748402E1	5.209402E1	1.014569E1
3.751734E1	5.214838E1	1.004185E1
3.755066E1	5.233438E1	1.008559E1
3.758398E1	5.257984E1	1.018519E1
3.761730E1	5.277483E1	1.025313E1
3.765062E1	5.291857E1	1.025810E1
3.768394E1	5.299117E1	1.024664E1
3.771725E1	5.300699E1	1.023748E1
3.775057E1	5.310072E1	1.025476E1
3.778389E1	5.337297E1	1.034505E1
3.781721E1	5.366203E1	1.044081E1
3.785053E1	5.377318E1	1.044737E1
3.788385E1	5.364286E1	1.039941E1
3.791717E1	5.346584E1	1.033776E1
3.795049E1	5.331019E1	1.031126E1
3.798381E1	5.326649E1	1.030064E1
3.801713E1	5.330330E1	1.019399E1
3.805045E1	5.350864E1	1.024094E1
3.808376E1	5.374445E1	1.035450E1
3.811708E1	5.391161E1	1.041782E1
3.815040E1	5.401689E1	1.043883E1
3.818372E1	5.406661E1	1.045844E1
3.821704E1	5.407769E1	1.048335E1
3.825036E1	5.416917E1	1.053229E1
3.828368E1	5.443348E1	1.060284E1
3.831700E1	5.484334E1	1.068345E1
3.835032E1	5.501260E1	1.071745E1
3.838364E1	5.482686E1	1.067549E1
3.841696E1	5.458689E1	1.061611E1
3.845028E1	5.435782E1	1.058380E1
3.848359E1	5.426848E1	1.059559E1
3.851691E1	5.428010E1	1.049713E1
3.855023E1	5.444761E1	1.048954E1
3.858355E1	5.469475E1	1.053784E1
3.861687E1	5.492377E1	1.059570E1
3.865019E1	5.508608E1	1.065482E1
3.868351E1	5.520000E1	1.068023E1
3.871683E1	5.528145E1	1.071078E1
3.875015E1	5.537240E1	1.075387E1
3.878347E1	5.559926E1	1.082097E1
3.881679E1	5.588644E1	1.089209E1
3.885010E1	5.600195E1	1.092447E1
3.888342E1	5.587011E1	1.087962E1
3.891674E1	5.570125E1	1.080538E1
3.895006E1	5.554777E1	1.076610E1
3.898338E1	5.546954E1	1.075026E1
3.901670E1	5.544814E1	1.065633E1
3.905002E1	5.557720E1	1.065883E1
3.908334E1	5.575093E1	1.069975E1
3.911666E1	5.590728E1	1.072815E1
3.914998E1	5.602165E1	1.076563E1
3.918330E1	5.602796E1	1.075605E1
3.921662E1	5.598707E1	1.073786E1
3.924993E1	5.605752E1	1.074674E1
3.928325E1	5.633477E1	1.081057E1
3.931657E1	5.666008E1	1.092455E1
3.934989E1	5.690771E1	1.096737E1
3.938321E1	5.679346E1	1.098303E1
3.941653E1	5.665407E1	1.096380E1
3.944985E1	5.651311E1	1.093202E1
3.948317E1	5.641579E1	1.089833E1
3.951649E1	5.636504E1	1.081149E1
3.954981E1	5.648501E1	1.079923E1
3.958313E1	5.668125E1	1.085093E1
3.961644E1	5.682359E1	1.090079E1
3.964976E1	5.690653E1	1.091040E1
3.968308E1	5.694216E1	1.091303E1
3.971640E1	5.691526E1	1.091149E1
3.974972E1	5.699650E1	1.093995E1
3.978304E1	5.725735E1	1.098161E1
3.981636E1	5.766144E1	1.105446E1
3.984968E1	5.796672E1	1.112541E1
3.988300E1	5.778991E1	1.114163E1
3.991632E1	5.756556E1	1.109900E1
3.994964E1	5.736395E1	1.105026E1
3.998295E1	5.725093E1	1.102749E1
4.001627E1	5.723834E1	1.091273E1
4.004959E1	5.732593E1	1.088011E1
4.008291E1	5.752989E1	1.096318E1
4.011623E1	5.769983E1	1.102963E1
4.014955E1	5.782943E1	1.105214E1
4.018287E1	5.793592E1	1.107467E1
4.021619E1	5.795786E1	1.107135E1
