	mass A		
t	x	y	
0.000000E0	2.122980E-1	-1.504994E-2
3.331913E-2	2.750435E-1	-1.613314E-2
6.663825E-2	3.668387E-1	-1.363277E-2
9.995738E-2	4.835443E-1	-8.985120E-3
1.332765E-1	6.059875E-1	-1.061025E-2
1.665956E-1	6.929900E-1	-4.588746E-3
1.999148E-1	7.726945E-1	-8.306114E-3
2.332339E-1	8.615489E-1	-4.584587E-3
2.665530E-1	9.488566E-1	-4.643008E-3
2.998721E-1	1.020953E0	1.210468E-2
3.331913E-1	1.106880E0	-4.860442E-3
3.665104E-1	1.168336E0	-1.046101E-2
3.998295E-1	1.215981E0	-4.438424E-3
4.331487E-1	1.259056E0	1.829905E-2
4.664678E-1	1.270178E0	6.808981E-3
4.997869E-1	1.275301E0	-9.373024E-3
5.331060E-1	1.289717E0	2.078757E-2
5.664252E-1	1.342372E0	3.455652E-2
5.997443E-1	1.399069E0	-9.264337E-4
6.330634E-1	1.467321E0	2.871252E-3
6.663825E-1	1.544141E0	4.237093E-3
6.997017E-1	1.589822E0	-9.707196E-3
7.330208E-1	1.584174E0	-2.414366E-2
7.663399E-1	1.578960E0	-7.542101E-3
7.996591E-1	1.592356E0	2.514963E-3
8.329782E-1	1.640559E0	-1.272356E-2
8.662973E-1	1.657175E0	-1.916867E-2
8.996164E-1	1.670051E0	-2.987850E-2
9.329356E-1	1.699514E0	-4.314148E-2
9.662547E-1	1.736132E0	-6.260852E-2
9.995738E-1	1.784030E0	-8.037670E-2
1.032893E0	1.824203E0	-8.007628E-2
1.066212E0	1.870857E0	-7.376172E-2
1.099531E0	2.028578E0	-6.089606E-2
1.132850E0	2.211330E0	-1.541240E-2
1.166169E0	2.243504E0	4.665630E-2
1.199489E0	2.214810E0	4.648030E-2
1.232808E0	2.259055E0	4.754545E-2
1.266127E0	2.325356E0	6.030889E-2
1.299446E0	2.354474E0	6.038350E-2
1.332765E0	2.338830E0	5.275395E-2
1.366084E0	2.281815E0	6.195038E-2
1.399403E0	2.262613E0	5.783203E-2
1.432722E0	2.272862E0	5.167833E-2
1.466042E0	2.269284E0	4.982333E-2
1.499361E0	2.263327E0	4.879064E-2
1.532680E0	2.264135E0	4.770175E-2
1.565999E0	2.264217E0	4.708145E-2
1.599318E0	2.259898E0	4.696597E-2
1.632637E0	2.114348E0	4.120933E-2
1.665956E0	1.881870E0	3.534815E-2
1.699275E0	1.657281E0	5.255451E-2
1.732595E0	1.551348E0	9.708775E-2
1.765914E0	1.627955E0	1.153872E-1
1.799233E0	1.646702E0	9.774776E-2
1.832552E0	1.691151E0	9.592251E-2
1.865871E0	1.724139E0	1.015109E-1
1.899190E0	1.713378E0	1.021789E-1
1.932509E0	1.712056E0	1.027382E-1
1.965829E0	1.710488E0	1.026625E-1
1.999148E0	1.732021E0	1.076151E-1
2.032467E0	1.824641E0	1.071721E-1
2.065786E0	1.932443E0	1.119789E-1
2.099105E0	2.044987E0	1.283700E-1
2.132424E0	2.158157E0	1.452726E-1
2.165743E0	2.255260E0	1.540250E-1
2.199062E0	2.323795E0	1.582804E-1
2.232382E0	2.390248E0	1.682653E-1
2.265701E0	2.477570E0	1.705782E-1
2.299020E0	2.563346E0	1.568150E-1
2.332339E0	2.602108E0	1.630481E-1
2.365658E0	2.602419E0	1.588164E-1
2.398977E0	2.634967E0	1.629404E-1
2.432296E0	2.661677E0	1.594005E-1
2.465615E0	2.684624E0	1.473292E-1
2.498935E0	2.720837E0	1.261606E-1
2.532254E0	2.749940E0	1.444976E-1
2.565573E0	2.800586E0	1.525277E-1
2.598892E0	2.808136E0	1.696141E-1
2.632211E0	2.824558E0	1.625857E-1
2.665530E0	2.828416E0	1.595097E-1
2.698849E0	2.826291E0	1.596041E-1
2.732168E0	2.817298E0	1.656238E-1
2.765488E0	2.826138E0	1.612370E-1
2.798807E0	2.851548E0	1.633638E-1
2.832126E0	2.870768E0	1.569646E-1
2.865445E0	2.925337E0	1.630408E-1
2.898764E0	2.970850E0	1.724896E-1
2.932083E0	3.012530E0	1.658089E-1
2.965402E0	3.057928E0	1.588894E-1
2.998721E0	3.078013E0	1.651480E-1
3.032041E0	3.077791E0	1.718954E-1
3.065360E0	3.122697E0	1.620514E-1
3.098679E0	3.190707E0	1.571706E-1
3.131998E0	3.315361E0	1.608880E-1
3.165317E0	3.466430E0	1.783423E-1
3.198636E0	3.519440E0	1.698459E-1
3.231955E0	3.558606E0	1.926322E-1
3.265274E0	3.635536E0	2.572673E-1
3.298594E0	3.681709E0	2.472641E-1
3.331913E0	3.712364E0	2.390761E-1
3.365232E0	3.688096E0	2.788805E-1
3.398551E0	3.705232E0	2.745560E-1
3.431870E0	3.698858E0	2.406175E-1
3.465189E0	3.686552E0	2.630099E-1
3.498508E0	3.722364E0	2.865622E-1
3.531827E0	3.682254E0	2.568247E-1
3.565147E0	3.688749E0	2.578888E-1
3.598466E0	3.569820E0	2.721925E-1
3.631785E0	3.334140E0	2.588213E-1
3.665104E0	3.157060E0	2.487409E-1
3.698423E0	2.978214E0	2.592585E-1
3.731742E0	3.026975E0	2.948475E-1
3.765061E0	3.042753E0	3.003868E-1
3.798380E0	3.043544E0	2.792541E-1
3.831700E0	3.071669E0	2.865704E-1
3.865019E0	3.082496E0	3.020924E-1
3.898338E0	3.073682E0	2.959937E-1
3.931657E0	3.074841E0	3.018730E-1
3.964976E0	3.064565E0	3.193674E-1
3.998295E0	3.096179E0	3.163621E-1
4.031614E0	3.155423E0	3.050495E-1
4.064934E0	3.246590E0	3.183688E-1
4.098253E0	3.351303E0	3.437993E-1
4.131572E0	3.468622E0	3.473192E-1
4.164891E0	3.565109E0	3.602490E-1
4.198210E0	3.638559E0	3.691454E-1
4.231529E0	3.710758E0	3.780711E-1
4.264848E0	3.795407E0	3.923851E-1
4.298167E0	3.871785E0	3.816886E-1
4.331487E0	3.879042E0	3.715483E-1
4.364806E0	3.918569E0	3.735790E-1
4.398125E0	4.031133E0	3.769300E-1
4.431444E0	4.101856E0	3.616588E-1
4.464763E0	4.130591E0	3.702888E-1
4.498082E0	4.161907E0	3.741651E-1
4.531401E0	4.157878E0	3.659001E-1
4.564720E0	4.194117E0	3.372573E-1
4.598040E0	4.250027E0	3.178000E-1
4.631359E0	4.306648E0	2.904302E-1
4.664678E0	4.348771E0	2.497746E-1
4.697997E0	4.425654E0	2.501299E-1
4.731316E0	4.518279E0	2.590074E-1
4.764635E0	4.564628E0	2.375748E-1
4.797954E0	4.565928E0	2.628826E-1
4.831273E0	4.591929E0	2.649351E-1
4.864593E0	4.589176E0	2.580716E-1
4.897912E0	4.596806E0	2.345373E-1
4.931231E0	4.614863E0	2.502373E-1
4.964550E0	4.616377E0	2.707489E-1
4.997869E0	4.585919E0	2.639584E-1
5.031188E0	4.603404E0	2.537327E-1
5.064507E0	4.686107E0	3.029196E-1
5.097826E0	4.829697E0	3.269862E-1
5.131146E0	4.930661E0	3.527221E-1
5.164465E0	4.931502E0	3.755840E-1
5.197784E0	4.992741E0	4.068713E-1
5.231103E0	5.081018E0	4.192416E-1
5.264422E0	5.134166E0	4.204671E-1
5.297741E0	5.141975E0	4.249638E-1
5.331060E0	5.088286E0	4.321721E-1
5.364379E0	5.038890E0	4.306922E-1
5.397699E0	5.042089E0	4.267987E-1
5.431018E0	5.060863E0	4.365407E-1
5.464337E0	5.049380E0	4.351432E-1
5.497656E0	5.060385E0	4.348260E-1
5.530975E0	5.068621E0	4.320504E-1
5.564294E0	5.051125E0	4.278154E-1
5.597613E0	4.938800E0	4.100903E-1
5.630932E0	4.696102E0	4.060611E-1
5.664252E0	4.405486E0	3.835347E-1
5.697571E0	4.163257E0	3.619038E-1
5.730890E0	4.106444E0	3.679883E-1
5.764209E0	4.102681E0	3.593848E-1
5.797528E0	4.132444E0	3.643714E-1
5.830847E0	4.162312E0	3.737590E-1
5.864166E0	4.147133E0	3.765547E-1
5.897486E0	4.126302E0	3.700101E-1
5.930805E0	4.131708E0	3.719122E-1
5.964124E0	4.134925E0	3.818476E-1
5.997443E0	4.146686E0	3.711899E-1
6.030762E0	4.186706E0	3.631391E-1
6.064081E0	4.253703E0	3.748365E-1
6.097400E0	4.361253E0	4.021244E-1
6.130719E0	4.472078E0	4.104384E-1
6.164039E0	4.564251E0	4.198387E-1
6.197358E0	4.637930E0	4.392448E-1
6.230677E0	4.717544E0	4.359922E-1
6.263996E0	4.808242E0	4.439837E-1
6.297315E0	4.913879E0	4.647054E-1
6.330634E0	5.009565E0	4.811974E-1
6.363953E0	5.092118E0	4.705452E-1
6.397272E0	5.152348E0	4.791566E-1
6.430592E0	5.178265E0	4.852269E-1
6.463911E0	5.198427E0	4.767039E-1
6.497230E0	5.238052E0	4.863745E-1
6.530549E0	5.243163E0	4.844423E-1
6.563868E0	5.249215E0	4.730213E-1
6.597187E0	5.246539E0	4.772526E-1
6.630506E0	5.245255E0	4.831514E-1
6.663825E0	5.245840E0	4.839611E-1
6.697145E0	5.267663E0	4.812526E-1
6.730464E0	5.289759E0	4.828975E-1
6.763783E0	5.294803E0	4.797220E-1
6.797102E0	5.302398E0	4.704800E-1
6.830421E0	5.312243E0	4.706731E-1
6.863740E0	5.312216E0	4.785649E-1
6.897059E0	5.338437E0	4.816016E-1
6.930378E0	5.374991E0	4.690200E-1
6.963698E0	5.408182E0	4.771352E-1
6.997017E0	5.424364E0	4.765369E-1
7.030336E0	5.452211E0	4.842608E-1
7.063655E0	5.523047E0	4.791465E-1
7.096974E0	5.634835E0	4.801257E-1
7.130293E0	5.765609E0	4.771694E-1
7.163612E0	5.868923E0	4.829068E-1
7.196931E0	5.918408E0	5.100943E-1
7.230251E0	5.958061E0	5.324006E-1
7.263570E0	6.017866E0	5.417384E-1
7.296889E0	6.083815E0	5.552547E-1
7.330208E0	6.114920E0	5.743777E-1
7.363527E0	6.075548E0	5.740040E-1
7.396846E0	6.069728E0	5.780428E-1
7.430165E0	6.085704E0	5.855212E-1
7.463484E0	6.074525E0	5.893711E-1
7.496804E0	6.078303E0	5.861493E-1
7.530123E0	6.077909E0	5.883249E-1
7.563442E0	6.069068E0	5.898602E-1
7.596761E0	5.956138E0	5.837469E-1
7.630080E0	5.726400E0	5.648281E-1
7.663399E0	5.468944E0	5.455901E-1
7.696718E0	5.270649E0	5.298560E-1
7.730038E0	5.246913E0	5.045899E-1
7.763357E0	5.247929E0	5.028373E-1
7.796676E0	5.305365E0	5.200060E-1
7.829995E0	5.363194E0	5.351176E-1
7.863314E0	5.355483E0	5.410015E-1
7.896633E0	5.337899E0	5.451229E-1
7.929952E0	5.339317E0	5.450337E-1
7.963271E0	5.319074E0	5.470617E-1
7.996591E0	5.302310E0	5.481002E-1
8.029910E0	5.282679E0	5.473845E-1
8.063229E0	5.301544E0	5.415792E-1
8.096548E0	5.392622E0	5.548974E-1
8.129867E0	5.504475E0	5.733147E-1
8.163186E0	5.577799E0	5.879499E-1
8.196505E0	5.656393E0	5.942230E-1
8.229824E0	5.751956E0	6.067146E-1
8.263144E0	5.851792E0	6.262040E-1
8.296463E0	5.936847E0	6.394399E-1
8.329782E0	6.024803E0	6.460382E-1
8.363101E0	6.113378E0	6.535254E-1
8.396420E0	6.172621E0	6.593913E-1
8.429739E0	6.203092E0	6.576211E-1
8.463058E0	6.237037E0	6.554265E-1
8.496377E0	6.263235E0	6.357256E-1
8.529697E0	6.274583E0	6.410815E-1
8.563016E0	6.264960E0	6.413896E-1
8.596335E0	6.291535E0	6.417188E-1
8.629654E0	6.311205E0	6.282548E-1
8.662973E0	6.328305E0	6.333286E-1
8.696292E0	6.341170E0	6.301527E-1
8.729611E0	6.367301E0	6.227554E-1
8.762930E0	6.340129E0	6.475026E-1
8.796250E0	6.391294E0	6.431377E-1
8.829569E0	6.449554E0	6.402406E-1
8.862888E0	6.519225E0	6.365234E-1
8.896207E0	6.579379E0	6.432774E-1
8.929526E0	6.647002E0	6.405573E-1
8.962845E0	6.695612E0	6.429273E-1
8.996164E0	6.723202E0	6.557075E-1
9.029483E0	6.754230E0	6.504946E-1
9.062803E0	6.817248E0	6.493512E-1
9.096122E0	6.946704E0	6.704271E-1
9.129441E0	7.032628E0	6.866198E-1
9.162760E0	7.060711E0	7.074698E-1
9.196079E0	7.144284E0	7.162054E-1
9.229398E0	7.203981E0	7.247472E-1
9.262717E0	7.195735E0	7.193101E-1
9.296036E0	7.164848E0	7.248262E-1
9.329356E0	7.126496E0	7.262054E-1
9.362675E0	7.135137E0	7.185564E-1
9.395994E0	7.144938E0	7.146845E-1
9.429313E0	7.141597E0	7.128435E-1
9.462632E0	7.139450E0	7.112318E-1
9.495951E0	7.137488E0	7.095240E-1
9.529270E0	7.137410E0	7.099482E-1
9.562590E0	7.128604E0	7.099012E-1
9.595909E0	7.028946E0	7.010314E-1
9.629228E0	6.837532E0	6.805811E-1
9.662547E0	6.572246E0	6.509399E-1
9.695866E0	6.351081E0	6.748676E-1
9.729185E0	6.335824E0	7.136167E-1
9.762504E0	6.353221E0	7.040842E-1
9.795823E0	6.363286E0	6.711015E-1
9.829143E0	6.367015E0	6.864084E-1
9.862462E0	6.375266E0	7.008065E-1
9.895781E0	6.364479E0	6.947151E-1
9.929100E0	6.360050E0	6.981266E-1
9.962419E0	6.355782E0	7.072542E-1
9.995738E0	6.375769E0	7.044073E-1
1.002906E1	6.464336E0	7.024637E-1
1.006238E1	6.605934E0	7.174102E-1
1.009570E1	6.737850E0	7.516282E-1
1.012901E1	6.827647E0	7.659586E-1
1.016233E1	6.919153E0	7.622510E-1
1.019565E1	7.001885E0	7.786651E-1
1.022897E1	7.087445E0	7.915260E-1
1.026229E1	7.172017E0	8.069026E-1
1.029561E1	7.270668E0	8.219325E-1
1.032893E1	7.372376E0	8.294934E-1
1.036225E1	7.449903E0	8.480172E-1
1.039557E1	7.514521E0	8.576652E-1
1.042889E1	7.537086E0	8.636903E-1
1.046221E1	7.554197E0	8.721627E-1
1.049553E1	7.555516E0	8.633142E-1
1.052884E1	7.509973E0	8.441940E-1
1.056216E1	7.510953E0	8.513525E-1
1.059548E1	7.559148E0	8.453371E-1
1.062880E1	7.577255E0	8.336326E-1
1.066212E1	7.575028E0	8.232497E-1
1.069544E1	7.567547E0	8.244243E-1
1.072876E1	7.562341E0	8.213166E-1
1.076208E1	7.559052E0	8.167519E-1
1.079540E1	7.561477E0	8.054546E-1
1.082872E1	7.584735E0	7.959366E-1
1.086204E1	7.592679E0	8.088109E-1
1.089535E1	7.605283E0	8.193626E-1
1.092867E1	7.629019E0	8.113503E-1
1.096199E1	7.629327E0	8.140191E-1
1.099531E1	7.634335E0	8.213577E-1
1.102863E1	7.660031E0	8.341793E-1
1.106195E1	7.732068E0	8.271728E-1
1.109527E1	7.842925E0	8.210115E-1
1.112859E1	7.987433E0	8.221406E-1
1.116191E1	8.093955E0	8.231953E-1
1.119523E1	8.122425E0	8.453079E-1
1.122855E1	8.151947E0	8.803084E-1
1.126186E1	8.237564E0	8.872647E-1
1.129518E1	8.300156E0	8.998288E-1
1.132850E1	8.297232E0	9.291836E-1
1.136182E1	8.264174E0	9.271409E-1
1.139514E1	8.272722E0	9.277875E-1
1.142846E1	8.293713E0	9.309093E-1
1.146178E1	8.281838E0	9.246962E-1
1.149510E1	8.285785E0	9.246728E-1
1.152842E1	8.287714E0	9.332986E-1
1.156174E1	8.283713E0	9.325926E-1
1.159506E1	8.186621E0	9.202907E-1
1.162838E1	7.988372E0	9.063696E-1
1.166169E1	7.780127E0	9.031157E-1
1.169501E1	7.614303E0	9.036633E-1
1.172833E1	7.622760E0	9.125900E-1
1.176165E1	7.620382E0	9.233518E-1
1.179497E1	7.646069E0	9.189864E-1
1.182829E1	7.669392E0	9.197372E-1
1.186161E1	7.671267E0	9.245388E-1
1.189493E1	7.670319E0	9.282065E-1
1.192825E1	7.659618E0	9.273933E-1
1.196157E1	7.653190E0	9.249106E-1
1.199489E1	7.673956E0	9.249364E-1
1.202820E1	7.752615E0	9.272747E-1
1.206152E1	7.845548E0	9.225686E-1
1.209484E1	7.895594E0	9.293625E-1
1.212816E1	7.998421E0	9.520680E-1
1.216148E1	8.107531E0	9.625084E-1
1.219480E1	8.197635E0	9.771629E-1
1.222812E1	8.280674E0	1.002075E0
1.226144E1	8.380785E0	1.013728E0
1.229476E1	8.470075E0	1.022348E0
1.232808E1	8.525248E0	1.028704E0
1.236140E1	8.607139E0	1.042906E0
1.239472E1	8.688593E0	1.048462E0
1.242803E1	8.702163E0	1.042099E0
1.246135E1	8.679636E0	1.037996E0
1.249467E1	8.668821E0	1.042652E0
1.252799E1	8.677542E0	1.044547E0
1.256131E1	8.690676E0	1.037135E0
1.259463E1	8.709622E0	1.033219E0
1.262795E1	8.734382E0	1.027332E0
1.266127E1	8.738111E0	1.024836E0
1.269459E1	8.737504E0	1.028935E0
1.272791E1	8.747146E0	1.004433E0
1.276123E1	8.747768E0	9.895366E-1
1.279454E1	8.764517E0	9.909515E-1
1.282786E1	8.828926E0	9.837112E-1
1.286118E1	8.836574E0	9.850793E-1
1.289450E1	8.869581E0	9.784712E-1
1.292782E1	8.873968E0	9.850780E-1
1.296114E1	8.877801E0	9.853608E-1
1.299446E1	8.885712E0	9.866865E-1
1.302778E1	8.921538E0	9.878914E-1
1.306110E1	9.012697E0	1.010970E0
1.309442E1	9.140565E0	1.056492E0
1.312774E1	9.239110E0	1.094040E0
1.316106E1	9.268201E0	1.092816E0
1.319437E1	9.304588E0	1.073957E0
1.322769E1	9.360777E0	1.065832E0
1.326101E1	9.407306E0	1.042997E0
1.329433E1	9.442455E0	1.025357E0
1.332765E1	9.414159E0	1.024154E0
1.336097E1	9.361954E0	1.029641E0
1.339429E1	9.357836E0	1.030247E0
1.342761E1	9.359345E0	1.030633E0
1.346093E1	9.352721E0	1.031748E0
1.349425E1	9.358204E0	1.031258E0
1.352757E1	9.352119E0	1.031999E0
1.356088E1	9.349063E0	1.032663E0
1.359420E1	9.280356E0	1.023975E0
1.362752E1	9.071705E0	1.001924E0
1.366084E1	8.826929E0	9.872479E-1
1.369416E1	8.644888E0	9.713951E-1
1.372748E1	8.623260E0	9.940655E-1
1.376080E1	8.648418E0	9.737646E-1
1.379412E1	8.666900E0	9.808467E-1
1.382744E1	8.693327E0	9.835548E-1
1.386076E1	8.687292E0	9.825035E-1
1.389408E1	8.676513E0	9.830543E-1
1.392740E1	8.677766E0	9.822349E-1
1.396071E1	8.669445E0	9.829173E-1
1.399403E1	8.685579E0	9.803029E-1
1.402735E1	8.777184E0	9.825580E-1
1.406067E1	8.868062E0	9.872490E-1
1.409399E1	8.864405E0	9.842516E-1
1.412731E1	8.952744E0	9.968304E-1
1.416063E1	9.126616E0	1.020531E0
1.419395E1	9.271033E0	1.050581E0
1.422727E1	9.338841E0	1.067383E0
1.426059E1	9.402873E0	1.082927E0
1.429391E1	9.479463E0	1.092504E0
1.432722E1	9.569804E0	1.097903E0
1.436054E1	9.652897E0	1.102411E0
1.439386E1	9.715159E0	1.100549E0
1.442718E1	9.739338E0	1.090920E0
1.446050E1	9.729051E0	1.081698E0
1.449382E1	9.717489E0	1.077190E0
1.452714E1	9.744465E0	1.077320E0
1.456046E1	9.728097E0	1.086302E0
1.459378E1	9.728457E0	1.090151E0
1.462710E1	9.741203E0	1.082903E0
1.466042E1	9.777958E0	1.068209E0
1.469374E1	9.801696E0	1.066750E0
1.472705E1	9.823351E0	1.075200E0
1.476037E1	9.805574E0	1.078907E0
1.479369E1	9.828403E0	1.071324E0
1.482701E1	9.842403E0	1.058505E0
1.486033E1	9.874770E0	1.065710E0
1.489365E1	9.893587E0	1.077020E0
1.492697E1	9.901312E0	1.082546E0
1.496029E1	9.902309E0	1.085936E0
1.499361E1	9.907101E0	1.084446E0
1.502693E1	9.921996E0	1.089708E0
1.506025E1	9.981237E0	1.093792E0
1.509356E1	1.007211E1	1.102153E0
1.512688E1	1.020930E1	1.138267E0
1.516020E1	1.034363E1	1.156495E0
1.519352E1	1.043102E1	1.181553E0
1.522684E1	1.046791E1	1.186686E0
1.526016E1	1.051587E1	1.195038E0
1.529348E1	1.056609E1	1.199883E0
1.532680E1	1.057347E1	1.199368E0
1.536012E1	1.052387E1	1.195530E0
1.539344E1	1.053844E1	1.205124E0
1.542676E1	1.054763E1	1.202730E0
1.546008E1	1.054829E1	1.201204E0
1.549339E1	1.055439E1	1.200322E0
1.552671E1	1.055320E1	1.199937E0
1.556003E1	1.055392E1	1.199790E0
1.559335E1	1.048461E1	1.198458E0
1.562667E1	1.031993E1	1.192086E0
1.565999E1	1.013567E1	1.155899E0
1.569331E1	9.984572E0	1.148039E0
1.572663E1	9.993534E0	1.161577E0
1.575995E1	1.000770E1	1.173181E0
1.579327E1	1.001257E1	1.144445E0
1.582659E1	1.001075E1	1.145239E0
1.585990E1	1.001632E1	1.141302E0
1.589322E1	1.000765E1	1.144258E0
1.592654E1	1.000376E1	1.145147E0
1.595986E1	1.000343E1	1.145746E0
1.599318E1	1.002025E1	1.141804E0
1.602650E1	1.010159E1	1.147628E0
1.605982E1	1.022794E1	1.155368E0
1.609314E1	1.034290E1	1.184659E0
1.612646E1	1.044550E1	1.209172E0
1.615978E1	1.054646E1	1.219055E0
1.619310E1	1.062737E1	1.226475E0
1.622641E1	1.070836E1	1.251136E0
1.625973E1	1.080036E1	1.264279E0
1.629305E1	1.089334E1	1.273041E0
1.632637E1	1.099335E1	1.285085E0
1.635969E1	1.106259E1	1.300055E0
1.639301E1	1.111862E1	1.310696E0
1.642633E1	1.112853E1	1.305807E0
1.645965E1	1.111430E1	1.307685E0
1.649297E1	1.110899E1	1.308461E0
1.652629E1	1.111653E1	1.289297E0
1.655961E1	1.112402E1	1.280325E0
1.659293E1	1.112615E1	1.272144E0
1.662624E1	1.111591E1	1.286370E0
1.665956E1	1.111565E1	1.295249E0
1.669288E1	1.114606E1	1.304855E0
1.672620E1	1.115647E1	1.302739E0
1.675952E1	1.115948E1	1.304203E0
1.679284E1	1.116391E1	1.301397E0
1.682616E1	1.116515E1	1.303564E0
1.685948E1	1.117313E1	1.304661E0
1.689280E1	1.118523E1	1.309431E0
1.692612E1	1.120452E1	1.315001E0
1.695944E1	1.123084E1	1.310712E0
1.699275E1	1.125791E1	1.312968E0
1.702607E1	1.129232E1	1.310771E0
1.705939E1	1.135773E1	1.311051E0
1.709271E1	1.146224E1	1.311081E0
1.712603E1	1.157637E1	1.304421E0
1.715935E1	1.164558E1	1.306595E0
1.719267E1	1.171289E1	1.311785E0
1.722599E1	1.177706E1	1.329734E0
1.725931E1	1.183135E1	1.334687E0
1.729263E1	1.189154E1	1.350889E0
1.732595E1	1.189679E1	1.373761E0
1.735927E1	1.186766E1	1.381256E0
1.739258E1	1.186356E1	1.372178E0
1.742590E1	1.187304E1	1.370142E0
1.745922E1	1.187631E1	1.370602E0
1.749254E1	1.187837E1	1.369383E0
1.752586E1	1.187980E1	1.368494E0
1.755918E1	1.188071E1	1.368793E0
1.759250E1	1.182108E1	1.362405E0
1.762582E1	1.165623E1	1.356840E0
1.765914E1	1.144612E1	1.329035E0
1.769246E1	1.126335E1	1.316729E0
1.772578E1	1.122624E1	1.334875E0
1.775909E1	1.123717E1	1.334449E0
1.779241E1	1.123475E1	1.316597E0
1.782573E1	1.123051E1	1.314648E0
1.785905E1	1.123050E1	1.313344E0
1.789237E1	1.122884E1	1.312823E0
1.792569E1	1.121931E1	1.313610E0
1.795901E1	1.120428E1	1.311735E0
1.799233E1	1.122461E1	1.312736E0
1.802565E1	1.129778E1	1.309905E0
1.805897E1	1.143024E1	1.325068E0
1.809229E1	1.154058E1	1.336278E0
1.812561E1	1.162371E1	1.355976E0
1.815892E1	1.170020E1	1.366164E0
1.819224E1	1.178478E1	1.370813E0
1.822556E1	1.186520E1	1.388304E0
1.825888E1	1.194469E1	1.392964E0
1.829220E1	1.202403E1	1.392243E0
1.832552E1	1.211357E1	1.379841E0
1.835884E1	1.216334E1	1.367011E0
1.839216E1	1.220373E1	1.362257E0
1.842548E1	1.220711E1	1.364200E0
1.845880E1	1.218150E1	1.382066E0
1.849212E1	1.218552E1	1.379036E0
1.852543E1	1.221962E1	1.367690E0
1.855875E1	1.226864E1	1.358213E0
1.859207E1	1.227990E1	1.333760E0
1.862539E1	1.227650E1	1.314066E0
1.865871E1	1.224126E1	1.332256E0
1.869203E1	1.226341E1	1.324146E0
1.872535E1	1.229919E1	1.315678E0
1.875867E1	1.233098E1	1.320032E0
1.879199E1	1.235847E1	1.321396E0
1.882531E1	1.240150E1	1.316900E0
1.885863E1	1.243826E1	1.320048E0
1.889195E1	1.247793E1	1.322407E0
1.892526E1	1.252096E1	1.320291E0
1.895858E1	1.253554E1	1.338335E0
1.899190E1	1.255139E1	1.328233E0
1.902522E1	1.259197E1	1.336259E0
1.905854E1	1.267597E1	1.330344E0
1.909186E1	1.275665E1	1.329156E0
1.912518E1	1.276880E1	1.324269E0
1.915850E1	1.277195E1	1.325027E0
1.919182E1	1.288440E1	1.357091E0
1.922514E1	1.304346E1	1.408930E0
1.925846E1	1.309368E1	1.445846E0
1.929177E1	1.307451E1	1.457912E0
1.932509E1	1.305902E1	1.461715E0
1.935841E1	1.304578E1	1.471799E0
1.939173E1	1.304651E1	1.478065E0
1.942505E1	1.305311E1	1.479959E0
1.945837E1	1.304991E1	1.478202E0
1.949169E1	1.305006E1	1.479080E0
1.952501E1	1.304965E1	1.480775E0
1.955833E1	1.304989E1	1.480254E0
1.959165E1	1.299175E1	1.474668E0
1.962497E1	1.277248E1	1.447383E0
1.965829E1	1.251040E1	1.411909E0
1.969160E1	1.226704E1	1.381656E0
1.972492E1	1.220707E1	1.392048E0
1.975824E1	1.223483E1	1.374201E0
1.979156E1	1.225680E1	1.374343E0
1.982488E1	1.228103E1	1.372237E0
1.985820E1	1.228933E1	1.370934E0
1.989152E1	1.227556E1	1.372548E0
1.992484E1	1.226722E1	1.371731E0
1.995816E1	1.225689E1	1.373090E0
1.999148E1	1.226953E1	1.371780E0
2.002480E1	1.232482E1	1.365169E0
2.005811E1	1.243171E1	1.366487E0
2.009143E1	1.254177E1	1.386516E0
2.012475E1	1.263890E1	1.418515E0
2.015807E1	1.273947E1	1.421439E0
2.019139E1	1.282098E1	1.428339E0
2.022471E1	1.291303E1	1.466433E0
2.025803E1	1.300576E1	1.486148E0
2.029135E1	1.309853E1	1.495096E0
2.032467E1	1.319493E1	1.509784E0
2.035799E1	1.327123E1	1.532567E0
2.039131E1	1.333548E1	1.538219E0
2.042462E1	1.335611E1	1.535888E0
2.045794E1	1.337392E1	1.526170E0
2.049126E1	1.337904E1	1.527795E0
2.052458E1	1.339933E1	1.524303E0
2.055790E1	1.343526E1	1.522866E0
2.059122E1	1.349439E1	1.506933E0
2.062454E1	1.353542E1	1.496378E0
2.065786E1	1.354400E1	1.488594E0
2.069118E1	1.355546E1	1.483161E0
2.072450E1	1.358077E1	1.474560E0
2.075782E1	1.363451E1	1.470221E0
2.079114E1	1.370036E1	1.459553E0
2.082445E1	1.377126E1	1.440759E0
2.085777E1	1.384999E1	1.433821E0
2.089109E1	1.392271E1	1.424240E0
2.092441E1	1.398740E1	1.421271E0
2.095773E1	1.403525E1	1.417537E0
2.099105E1	1.406217E1	1.420643E0
2.102437E1	1.407941E1	1.429554E0
2.105769E1	1.414665E1	1.430627E0
2.109101E1	1.429119E1	1.458118E0
2.112433E1	1.440589E1	1.521401E0
2.115765E1	1.444514E1	1.551703E0
2.119096E1	1.446701E1	1.573225E0
2.122428E1	1.449609E1	1.588620E0
2.125760E1	1.450030E1	1.592648E0
2.129092E1	1.449315E1	1.590474E0
2.132424E1	1.447414E1	1.599932E0
2.135756E1	1.446671E1	1.598851E0
2.139088E1	1.447500E1	1.588429E0
2.142420E1	1.448361E1	1.584472E0
2.145752E1	1.448222E1	1.588499E0
2.149084E1	1.448266E1	1.589599E0
2.152416E1	1.448310E1	1.588435E0
2.155748E1	1.447862E1	1.589707E0
2.159079E1	1.440077E1	1.581793E0
2.162411E1	1.416024E1	1.555159E0
2.165743E1	1.381856E1	1.527196E0
2.169075E1	1.345405E1	1.512271E0
2.172407E1	1.324051E1	1.522589E0
2.175739E1	1.320410E1	1.509105E0
2.179071E1	1.320910E1	1.515110E0
2.182403E1	1.322840E1	1.517414E0
2.185735E1	1.323649E1	1.520561E0
2.189067E1	1.322364E1	1.525567E0
2.192399E1	1.321848E1	1.529069E0
2.195730E1	1.321300E1	1.530955E0
2.199062E1	1.321554E1	1.532127E0
2.202394E1	1.330808E1	1.535909E0
2.205726E1	1.345689E1	1.554933E0
2.209058E1	1.355925E1	1.577808E0
2.212390E1	1.359221E1	1.593563E0
2.215722E1	1.364004E1	1.584567E0
2.219054E1	1.375804E1	1.592003E0
2.222386E1	1.391211E1	1.628465E0
2.225718E1	1.400811E1	1.651005E0
2.229050E1	1.408058E1	1.659269E0
2.232382E1	1.416202E1	1.651448E0
2.235713E1	1.423038E1	1.657896E0
2.239045E1	1.428641E1	1.667222E0
2.242377E1	1.432227E1	1.662848E0
2.245709E1	1.435518E1	1.657474E0
2.249041E1	1.439101E1	1.643058E0
2.252373E1	1.443061E1	1.646295E0
2.255705E1	1.448730E1	1.643560E0
2.259037E1	1.454545E1	1.638804E0
2.262369E1	1.460240E1	1.631340E0
2.265701E1	1.464750E1	1.616278E0
2.269033E1	1.470053E1	1.592172E0
2.272364E1	1.472550E1	1.581599E0
2.275696E1	1.472225E1	1.575438E0
2.279028E1	1.474033E1	1.581404E0
2.282360E1	1.477262E1	1.570516E0
2.285692E1	1.482013E1	1.563883E0
2.289024E1	1.488068E1	1.564060E0
2.292356E1	1.493347E1	1.559165E0
2.295688E1	1.499235E1	1.537578E0
2.299020E1	1.504108E1	1.524827E0
2.302352E1	1.506185E1	1.514299E0
2.305684E1	1.511156E1	1.517458E0
2.309016E1	1.521713E1	1.537220E0
2.312347E1	1.533690E1	1.576392E0
2.315679E1	1.539863E1	1.630322E0
2.319011E1	1.542815E1	1.645976E0
2.322343E1	1.547690E1	1.665715E0
2.325675E1	1.554553E1	1.686570E0
2.329007E1	1.555157E1	1.693178E0
2.332339E1	1.549574E1	1.696501E0
2.335671E1	1.545742E1	1.704154E0
2.339003E1	1.545445E1	1.704376E0
2.342335E1	1.548509E1	1.698549E0
2.345667E1	1.548638E1	1.700103E0
2.348998E1	1.548454E1	1.701429E0
2.352330E1	1.548582E1	1.700564E0
2.355662E1	1.547992E1	1.701225E0
2.358994E1	1.540802E1	1.695638E0
2.362326E1	1.520086E1	1.670949E0
2.365658E1	1.491478E1	1.637562E0
2.368990E1	1.464410E1	1.620059E0
2.372322E1	1.449705E1	1.618717E0
2.375654E1	1.447381E1	1.617584E0
2.378986E1	1.448830E1	1.620261E0
2.382318E1	1.449895E1	1.631314E0
2.385650E1	1.449147E1	1.636352E0
2.388981E1	1.448569E1	1.640415E0
2.392313E1	1.447999E1	1.640900E0
2.395645E1	1.447059E1	1.643411E0
2.398977E1	1.448754E1	1.639870E0
2.402309E1	1.457414E1	1.642830E0
2.405641E1	1.472412E1	1.651776E0
2.408973E1	1.483129E1	1.687637E0
2.412305E1	1.492442E1	1.711554E0
2.415637E1	1.501029E1	1.711315E0
2.418969E1	1.507938E1	1.711981E0
2.422301E1	1.515745E1	1.715523E0
2.425632E1	1.516247E1	1.713361E0
2.428964E1	1.518654E1	1.712851E0
2.432296E1	1.528323E1	1.703640E0
2.435628E1	1.541887E1	1.701499E0
2.438960E1	1.551714E1	1.705892E0
2.442292E1	1.553158E1	1.700264E0
2.445624E1	1.553393E1	1.693969E0
2.448956E1	1.554681E1	1.684499E0
2.452288E1	1.556597E1	1.684149E0
2.455620E1	1.559530E1	1.663033E0
2.458952E1	1.562282E1	1.645167E0
2.462283E1	1.566201E1	1.623513E0
2.465615E1	1.568046E1	1.628177E0
2.468947E1	1.568975E1	1.641324E0
2.472279E1	1.573045E1	1.633143E0
2.475611E1	1.576393E1	1.612288E0
2.478943E1	1.580480E1	1.602217E0
2.482275E1	1.585146E1	1.596752E0
2.485607E1	1.589835E1	1.592664E0
2.488939E1	1.593375E1	1.586930E0
2.492271E1	1.597292E1	1.580753E0
2.495603E1	1.602502E1	1.572002E0
2.498935E1	1.605149E1	1.569093E0
2.502266E1	1.605033E1	1.576215E0
2.505598E1	1.611035E1	1.583979E0
2.508930E1	1.627045E1	1.596777E0
2.512262E1	1.642857E1	1.630197E0
2.515594E1	1.646907E1	1.647988E0
2.518926E1	1.647229E1	1.646680E0
2.522258E1	1.651956E1	1.651692E0
2.525590E1	1.657034E1	1.661987E0
2.528922E1	1.659732E1	1.659404E0
2.532254E1	1.658931E1	1.656083E0
2.535586E1	1.655241E1	1.646752E0
2.538917E1	1.653594E1	1.646813E0
2.542249E1	1.654439E1	1.645577E0
2.545581E1	1.654446E1	1.644793E0
2.548913E1	1.654188E1	1.644845E0
2.552245E1	1.654003E1	1.644517E0
2.555577E1	1.653591E1	1.644325E0
2.558909E1	1.647149E1	1.640344E0
2.562241E1	1.623360E1	1.641220E0
2.565573E1	1.596231E1	1.630242E0
2.568905E1	1.568653E1	1.635787E0
2.572237E1	1.554653E1	1.600059E0
2.575569E1	1.553902E1	1.599895E0
2.578900E1	1.552834E1	1.614672E0
2.582232E1	1.546104E1	1.611927E0
2.585564E1	1.545567E1	1.614891E0
2.588896E1	1.547816E1	1.601251E0
2.592228E1	1.546852E1	1.599187E0
2.595560E1	1.543766E1	1.601127E0
2.598892E1	1.540143E1	1.589066E0
2.602224E1	1.541119E1	1.575127E0
2.605556E1	1.544483E1	1.566444E0
2.608888E1	1.551665E1	1.592820E0
2.612220E1	1.562011E1	1.605675E0
2.615551E1	1.571314E1	1.614873E0
2.618883E1	1.579376E1	1.631221E0
2.622215E1	1.587664E1	1.644774E0
2.625547E1	1.595426E1	1.656669E0
2.628879E1	1.603968E1	1.659396E0
2.632211E1	1.612915E1	1.675721E0
2.635543E1	1.620331E1	1.695569E0
2.638875E1	1.625171E1	1.703479E0
2.642207E1	1.626080E1	1.699367E0
2.645539E1	1.626005E1	1.699873E0
2.648871E1	1.629802E1	1.704616E0
2.652203E1	1.633837E1	1.695387E0
2.655534E1	1.634395E1	1.683611E0
2.658866E1	1.637559E1	1.675606E0
2.662198E1	1.640374E1	1.689199E0
2.665530E1	1.642046E1	1.695335E0
2.668862E1	1.641974E1	1.697587E0
2.672194E1	1.645528E1	1.687285E0
2.675526E1	1.651170E1	1.679347E0
2.678858E1	1.655547E1	1.650877E0
2.682190E1	1.661087E1	1.633311E0
2.685522E1	1.660609E1	1.647633E0
2.688854E1	1.661387E1	1.645619E0
2.692185E1	1.663866E1	1.643866E0
2.695517E1	1.665164E1	1.644611E0
2.698849E1	1.665026E1	1.643316E0
2.702181E1	1.668343E1	1.645777E0
2.705513E1	1.676136E1	1.644791E0
2.708845E1	1.687623E1	1.648996E0
2.712177E1	1.701665E1	1.664622E0
2.715509E1	1.708955E1	1.656718E0
2.718841E1	1.706024E1	1.650537E0
2.722173E1	1.707764E1	1.653831E0
2.725505E1	1.714258E1	1.657298E0
2.728837E1	1.722082E1	1.650595E0
2.732168E1	1.721890E1	1.648004E0
2.735500E1	1.717578E1	1.649146E0
2.738832E1	1.717088E1	1.648328E0
2.742164E1	1.719060E1	1.645266E0
2.745496E1	1.719702E1	1.640481E0
2.748828E1	1.719573E1	1.641695E0
2.752160E1	1.719466E1	1.643363E0
2.755492E1	1.719308E1	1.643855E0
2.758824E1	1.713315E1	1.642555E0
2.762156E1	1.690758E1	1.677471E0
2.765488E1	1.664555E1	1.689847E0
2.768819E1	1.636573E1	1.686027E0
2.772151E1	1.623546E1	1.688622E0
2.775483E1	1.624671E1	1.684346E0
2.778815E1	1.626136E1	1.676354E0
2.782147E1	1.625512E1	1.684781E0
2.785479E1	1.625773E1	1.686518E0
2.788811E1	1.625586E1	1.690341E0
2.792143E1	1.625382E1	1.691986E0
2.795475E1	1.625083E1	1.693357E0
2.798807E1	1.625009E1	1.694802E0
2.802139E1	1.626527E1	1.685425E0
2.805471E1	1.638822E1	1.692034E0
2.808802E1	1.657227E1	1.705163E0
2.812134E1	1.668922E1	1.709425E0
2.815466E1	1.673583E1	1.711200E0
2.818798E1	1.675864E1	1.693871E0
2.822130E1	1.679739E1	1.669426E0
2.825462E1	1.687895E1	1.685816E0
2.828794E1	1.696442E1	1.710043E0
2.832126E1	1.705110E1	1.705609E0
2.835458E1	1.713022E1	1.703967E0
2.838790E1	1.719262E1	1.704096E0
2.842122E1	1.720921E1	1.689972E0
2.845453E1	1.720872E1	1.662007E0
2.848785E1	1.720619E1	1.645814E0
2.852117E1	1.720319E1	1.641646E0
2.855449E1	1.720103E1	1.637638E0
2.858781E1	1.721766E1	1.617323E0
2.862113E1	1.725248E1	1.610590E0
2.865445E1	1.730533E1	1.598266E0
2.868777E1	1.736611E1	1.585631E0
2.872109E1	1.743151E1	1.568212E0
2.875441E1	1.747074E1	1.540533E0
2.878773E1	1.751848E1	1.522593E0
2.882105E1	1.754375E1	1.518530E0
2.885436E1	1.756536E1	1.524040E0
2.888768E1	1.760126E1	1.520218E0
2.892100E1	1.762774E1	1.512478E0
2.895432E1	1.764401E1	1.499528E0
2.898764E1	1.765331E1	1.492827E0
2.902096E1	1.767423E1	1.488370E0
2.905428E1	1.776066E1	1.480021E0
2.908760E1	1.790857E1	1.481686E0
2.912092E1	1.803083E1	1.488162E0
2.915424E1	1.808958E1	1.493284E0
2.918756E1	1.813502E1	1.496403E0
2.922087E1	1.818741E1	1.496939E0
2.925419E1	1.821037E1	1.492676E0
2.928751E1	1.823177E1	1.513569E0
2.932083E1	1.824134E1	1.526673E0
2.935415E1	1.819580E1	1.536542E0
2.938747E1	1.815848E1	1.543626E0
2.942079E1	1.814638E1	1.543387E0
2.945411E1	1.815528E1	1.534157E0
2.948743E1	1.814152E1	1.536508E0
2.952075E1	1.813046E1	1.547522E0
2.955407E1	1.810177E1	1.549203E0
2.958738E1	1.805438E1	1.543188E0
2.962070E1	1.793150E1	1.529890E0
2.965402E1	1.771670E1	1.533319E0
2.968734E1	1.751712E1	1.531632E0
2.972066E1	1.742700E1	1.534135E0
2.975398E1	1.744697E1	1.520214E0
2.978730E1	1.742634E1	1.530573E0
2.982062E1	1.741040E1	1.527263E0
2.985394E1	1.738847E1	1.527837E0
2.988726E1	1.735813E1	1.539233E0
2.992058E1	1.732323E1	1.542345E0
2.995390E1	1.729270E1	1.545819E0
2.998721E1	1.730472E1	1.537713E0
3.002053E1	1.735452E1	1.534616E0
3.005385E1	1.739889E1	1.542088E0
3.008717E1	1.742568E1	1.538436E0
3.012049E1	1.746647E1	1.544645E0
3.015381E1	1.756215E1	1.557382E0
3.018713E1	1.769615E1	1.570382E0
3.022045E1	1.779150E1	1.591962E0
3.025377E1	1.784461E1	1.606407E0
3.028709E1	1.789547E1	1.617837E0
3.032041E1	1.794516E1	1.633587E0
3.035372E1	1.799709E1	1.621826E0
3.038704E1	1.803060E1	1.629110E0
3.042036E1	1.803056E1	1.625529E0
3.045368E1	1.802210E1	1.631609E0
3.048700E1	1.802245E1	1.634750E0
3.052032E1	1.802071E1	1.634630E0
3.055364E1	1.801828E1	1.630939E0
3.058696E1	1.801338E1	1.634020E0
3.062028E1	1.801135E1	1.632025E0
3.065360E1	1.801506E1	1.631601E0
3.068692E1	1.802824E1	1.624157E0
3.072024E1	1.803124E1	1.610395E0
3.075355E1	1.803554E1	1.590117E0
3.078687E1	1.804911E1	1.578641E0
3.082019E1	1.806636E1	1.571832E0
3.085351E1	1.808143E1	1.558761E0
3.088683E1	1.810441E1	1.534198E0
3.092015E1	1.811829E1	1.526880E0
3.095347E1	1.814888E1	1.519063E0
3.098679E1	1.815639E1	1.518148E0
3.102011E1	1.818264E1	1.522933E0
3.105343E1	1.824794E1	1.517597E0
3.108675E1	1.836635E1	1.516514E0
3.112006E1	1.851782E1	1.522177E0
3.115338E1	1.861525E1	1.535207E0
3.118670E1	1.866555E1	1.543160E0
3.122002E1	1.870266E1	1.543705E0
3.125334E1	1.876920E1	1.544705E0
3.128666E1	1.886512E1	1.540762E0
3.131998E1	1.893853E1	1.529342E0
3.135330E1	1.896576E1	1.520416E0
3.138662E1	1.896694E1	1.524284E0
3.141994E1	1.896802E1	1.526017E0
3.145326E1	1.896859E1	1.526519E0
3.148658E1	1.896930E1	1.527222E0
3.151989E1	1.896869E1	1.528740E0
3.155321E1	1.896604E1	1.528874E0
3.158653E1	1.892683E1	1.523460E0
3.161985E1	1.886582E1	1.530578E0
3.165317E1	1.880286E1	1.541795E0
3.168649E1	1.869818E1	1.547394E0
3.171981E1	1.868080E1	1.543726E0
3.175313E1	1.867152E1	1.539284E0
3.178645E1	1.862210E1	1.526260E0
3.181977E1	1.859598E1	1.524669E0
3.185309E1	1.857167E1	1.530699E0
3.188640E1	1.857512E1	1.532668E0
3.191972E1	1.857029E1	1.533140E0
3.195304E1	1.855319E1	1.537871E0
3.198636E1	1.856163E1	1.536548E0
3.201968E1	1.860130E1	1.522581E0
3.205300E1	1.867585E1	1.531989E0
3.208632E1	1.877922E1	1.536294E0
3.211964E1	1.886774E1	1.541924E0
3.215296E1	1.894484E1	1.575744E0
3.218628E1	1.901364E1	1.591138E0
3.221960E1	1.904035E1	1.588850E0
3.225292E1	1.904122E1	1.582376E0
3.228623E1	1.909716E1	1.588206E0
3.231955E1	1.920122E1	1.596764E0
3.235287E1	1.929877E1	1.610886E0
3.238619E1	1.935475E1	1.607047E0
3.241951E1	1.935409E1	1.601649E0
3.245283E1	1.934636E1	1.593867E0
3.248615E1	1.936293E1	1.586845E0
3.251947E1	1.937939E1	1.580033E0
3.255279E1	1.940126E1	1.588831E0
3.258611E1	1.938379E1	1.595061E0
3.261943E1	1.938761E1	1.583658E0
3.265274E1	1.941349E1	1.581093E0
3.268606E1	1.943980E1	1.585624E0
3.271938E1	1.946415E1	1.575840E0
3.275270E1	1.946209E1	1.572008E0
3.278602E1	1.944115E1	1.525109E0
3.281934E1	1.948875E1	1.474491E0
3.285266E1	1.951232E1	1.464421E0
3.288598E1	1.953155E1	1.460608E0
3.291930E1	1.953752E1	1.461597E0
3.295262E1	1.952982E1	1.455924E0
3.298594E1	1.952625E1	1.461818E0
3.301926E1	1.955287E1	1.468295E0
3.305257E1	1.965068E1	1.464647E0
3.308589E1	1.979909E1	1.470627E0
3.311921E1	1.992889E1	1.473143E0
3.315253E1	1.998919E1	1.476765E0
3.318585E1	2.000840E1	1.483185E0
3.321917E1	2.006661E1	1.480924E0
3.325249E1	2.015432E1	1.469911E0
3.328581E1	2.022715E1	1.473833E0
3.331913E1	2.026777E1	1.479375E0
3.335245E1	2.028764E1	1.479124E0
3.338577E1	2.029217E1	1.476392E0
3.341908E1	2.029491E1	1.474699E0
3.345240E1	2.029613E1	1.473764E0
3.348572E1	2.029631E1	1.474709E0
3.351904E1	2.029645E1	1.474327E0
3.355236E1	2.029565E1	1.473942E0
3.358568E1	2.025965E1	1.465510E0
3.361900E1	2.009586E1	1.441299E0
3.365232E1	1.987063E1	1.433641E0
3.368564E1	1.969908E1	1.423796E0
3.371896E1	1.958394E1	1.424210E0
3.375228E1	1.958136E1	1.411367E0
3.378559E1	1.954077E1	1.421615E0
3.381891E1	1.953153E1	1.413865E0
3.385223E1	1.951680E1	1.421990E0
3.388555E1	1.950469E1	1.432084E0
3.391887E1	1.949576E1	1.431951E0
3.395219E1	1.949026E1	1.424737E0
3.398551E1	1.948908E1	1.424508E0
3.401883E1	1.953529E1	1.427659E0
3.405215E1	1.964601E1	1.439086E0
3.408547E1	1.976092E1	1.449500E0
3.411879E1	1.985792E1	1.469523E0
3.415211E1	1.992965E1	1.483377E0
3.418542E1	1.997399E1	1.483205E0
3.421874E1	2.002794E1	1.497601E0
3.425206E1	2.010783E1	1.525516E0
3.428538E1	2.018979E1	1.529357E0
3.431870E1	2.026931E1	1.544511E0
3.435202E1	2.033645E1	1.558544E0
3.438534E1	2.040467E1	1.567489E0
3.441866E1	2.042132E1	1.569807E0
3.445198E1	2.039950E1	1.578639E0
3.448530E1	2.040170E1	1.583335E0
3.451862E1	2.044093E1	1.591472E0
3.455193E1	2.046026E1	1.587223E0
3.458525E1	2.048543E1	1.589069E0
3.461857E1	2.049345E1	1.588778E0
3.465189E1	2.046459E1	1.546474E0
3.468521E1	2.050772E1	1.526005E0
3.471853E1	2.053994E1	1.518076E0
3.475185E1	2.055334E1	1.531469E0
3.478517E1	2.056991E1	1.530356E0
3.481849E1	2.057932E1	1.522604E0
3.485181E1	2.059511E1	1.520982E0
3.488513E1	2.062481E1	1.524659E0
3.491845E1	2.067382E1	1.527499E0
3.495176E1	2.072643E1	1.530132E0
3.498508E1	2.077290E1	1.532119E0
3.501840E1	2.080506E1	1.528204E0
3.505172E1	2.086159E1	1.529843E0
3.508504E1	2.097805E1	1.533652E0
3.511836E1	2.111404E1	1.537355E0
3.515168E1	2.113680E1	1.516272E0
3.518500E1	2.112546E1	1.502927E0
3.521832E1	2.122043E1	1.503287E0
3.525164E1	2.135151E1	1.483072E0
3.528496E1	2.144493E1	1.465318E0
3.531827E1	2.147224E1	1.461972E0
3.535159E1	2.143271E1	1.478765E0
3.538491E1	2.141909E1	1.475826E0
3.541823E1	2.143725E1	1.478714E0
3.545155E1	2.143677E1	1.473706E0
3.548487E1	2.144224E1	1.476318E0
3.551819E1	2.144511E1	1.478925E0
3.555151E1	2.144730E1	1.476952E0
3.558483E1	2.141052E1	1.467762E0
3.561815E1	2.129941E1	1.452290E0
3.565147E1	2.117738E1	1.413829E0
3.568479E1	2.103130E1	1.375052E0
3.571810E1	2.094486E1	1.377825E0
3.575142E1	2.090973E1	1.372267E0
3.578474E1	2.086680E1	1.361618E0
3.581806E1	2.084166E1	1.356163E0
3.585138E1	2.080559E1	1.365742E0
3.588470E1	2.078298E1	1.371949E0
3.591802E1	2.078598E1	1.370285E0
3.595134E1	2.078295E1	1.370136E0
3.598466E1	2.078506E1	1.369743E0
3.601798E1	2.082108E1	1.366876E0
3.605130E1	2.090799E1	1.377142E0
3.608461E1	2.100117E1	1.380130E0
3.611793E1	2.108816E1	1.370577E0
3.615125E1	2.116535E1	1.383448E0
3.618457E1	2.122423E1	1.398787E0
3.621789E1	2.127395E1	1.412760E0
3.625121E1	2.131929E1	1.410545E0
3.628453E1	2.136009E1	1.395680E0
3.631785E1	2.138965E1	1.422664E0
3.635117E1	2.143385E1	1.437359E0
3.638449E1	2.149381E1	1.432130E0
3.641781E1	2.153044E1	1.406190E0
3.645113E1	2.150629E1	1.407738E0
3.648444E1	2.148892E1	1.415454E0
3.651776E1	2.150408E1	1.418823E0
3.655108E1	2.150431E1	1.417440E0
3.658440E1	2.150650E1	1.409276E0
3.661772E1	2.149576E1	1.394050E0
3.665104E1	2.148902E1	1.380524E0
3.668436E1	2.150240E1	1.372029E0
3.671768E1	2.152598E1	1.364342E0
3.675100E1	2.152542E1	1.360580E0
3.678432E1	2.151066E1	1.336862E0
3.681764E1	2.154004E1	1.314434E0
3.685095E1	2.156050E1	1.303927E0
3.688427E1	2.158293E1	1.295370E0
3.691759E1	2.158765E1	1.279548E0
3.695091E1	2.162054E1	1.257515E0
3.698423E1	2.164501E1	1.250094E0
3.701755E1	2.167229E1	1.249669E0
3.705087E1	2.174801E1	1.241914E0
3.708419E1	2.188198E1	1.251946E0
3.711751E1	2.200849E1	1.246779E0
3.715083E1	2.205499E1	1.247432E0
3.718415E1	2.207128E1	1.249181E0
3.721747E1	2.215138E1	1.255883E0
3.725078E1	2.227639E1	1.247822E0
3.728410E1	2.233795E1	1.242679E0
3.731742E1	2.234755E1	1.241325E0
3.735074E1	2.233002E1	1.246513E0
3.738406E1	2.229963E1	1.245202E0
3.741738E1	2.230565E1	1.246268E0
3.745070E1	2.230139E1	1.246920E0
3.748402E1	2.229656E1	1.248195E0
3.751734E1	2.229448E1	1.250807E0
3.755066E1	2.229079E1	1.251914E0
3.758398E1	2.226089E1	1.251070E0
3.761729E1	2.221113E1	1.251503E0
3.765061E1	2.216849E1	1.235980E0
3.768393E1	2.211224E1	1.231364E0
3.771725E1	2.209992E1	1.254106E0
3.775057E1	2.210610E1	1.264313E0
3.778389E1	2.206732E1	1.251676E0
3.781721E1	2.203965E1	1.258095E0
3.785053E1	2.201582E1	1.260355E0
3.788385E1	2.198609E1	1.268299E0
3.791717E1	2.199261E1	1.263780E0
3.795049E1	2.198257E1	1.264669E0
3.798380E1	2.198707E1	1.262938E0
3.801712E1	2.203713E1	1.256590E0
3.805044E1	2.212362E1	1.245949E0
3.808376E1	2.220614E1	1.242309E0
3.811708E1	2.227087E1	1.246806E0
3.815040E1	2.231630E1	1.262049E0
3.818372E1	2.238024E1	1.269023E0
3.821704E1	2.244832E1	1.272908E0
3.825036E1	2.251210E1	1.267435E0
3.828368E1	2.254151E1	1.267021E0
3.831700E1	2.255862E1	1.259590E0
3.835032E1	2.260796E1	1.278228E0
3.838363E1	2.266401E1	1.268852E0
3.841695E1	2.271190E1	1.252324E0
3.845027E1	2.268331E1	1.234701E0
3.848359E1	2.266891E1	1.243223E0
3.851691E1	2.266872E1	1.247188E0
3.855023E1	2.266606E1	1.249406E0
3.858355E1	2.265773E1	1.249123E0
3.861687E1	2.264918E1	1.244698E0
3.865019E1	2.263639E1	1.226143E0
3.868351E1	2.263943E1	1.207313E0
3.871683E1	2.264110E1	1.189363E0
3.875014E1	2.264633E1	1.192511E0
3.878346E1	2.265654E1	1.193538E0
3.881678E1	2.266178E1	1.191794E0
3.885010E1	2.265906E1	1.185089E0
3.888342E1	2.265506E1	1.183772E0
3.891674E1	2.265983E1	1.187211E0
3.895006E1	2.266469E1	1.187043E0
3.898338E1	2.266067E1	1.181690E0
3.901670E1	2.268561E1	1.168258E0
3.905002E1	2.276172E1	1.162530E0
3.908334E1	2.285605E1	1.141395E0
3.911666E1	2.299714E1	1.144885E0
3.914997E1	2.314369E1	1.152242E0
3.918329E1	2.320141E1	1.142985E0
3.921661E1	2.325511E1	1.131110E0
3.924993E1	2.332774E1	1.131891E0
3.928325E1	2.339159E1	1.121059E0
3.931657E1	2.343948E1	1.132456E0
3.934989E1	2.345122E1	1.138610E0
3.938321E1	2.345350E1	1.138820E0
3.941653E1	2.345460E1	1.139082E0
3.944985E1	2.345535E1	1.138171E0
3.948317E1	2.345219E1	1.140352E0
3.951648E1	2.345052E1	1.142164E0
3.954980E1	2.344912E1	1.142541E0
3.958312E1	2.342137E1	1.147456E0
3.961644E1	2.337841E1	1.147287E0
3.964976E1	2.336101E1	1.135478E0
3.968308E1	2.336671E1	1.150304E0
3.971640E1	2.337378E1	1.148821E0
3.974972E1	2.328284E1	1.144907E0
3.978304E1	2.321706E1	1.157984E0
3.981636E1	2.321161E1	1.154641E0
3.984968E1	2.322564E1	1.145187E0
3.988300E1	2.321347E1	1.150703E0
3.991631E1	2.318563E1	1.150069E0
3.994963E1	2.316852E1	1.154091E0
3.998295E1	2.311745E1	1.141402E0
4.001627E1	2.306655E1	1.149501E0
4.004959E1	2.305064E1	1.095980E0
4.008291E1	2.302335E1	1.091962E0
4.011623E1	2.305262E1	1.094848E0
4.014955E1	2.311946E1	1.071841E0
4.018287E1	2.319373E1	1.073013E0
4.021619E1	2.323064E1	1.094895E0
4.024951E1	2.327364E1	1.106414E0
4.028282E1	2.332987E1	1.097155E0
4.031614E1	2.338144E1	1.091933E0
4.034946E1	2.341922E1	1.079368E0
4.038278E1	2.344869E1	1.087746E0
4.041610E1	2.344722E1	1.088604E0
4.044942E1	2.343332E1	1.091421E0
4.048274E1	2.342370E1	1.091732E0
4.051606E1	2.343743E1	1.087659E0
4.054938E1	2.339801E1	1.073647E0
4.058270E1	2.338476E1	1.076728E0
4.061602E1	2.340155E1	1.074692E0
4.064934E1	2.339794E1	1.076607E0
4.068265E1	2.338706E1	1.077462E0
4.071597E1	2.338755E1	1.079168E0
4.074929E1	2.339233E1	1.078831E0
4.078261E1	2.339566E1	1.073279E0
4.081593E1	2.339615E1	1.074847E0
4.084925E1	2.339484E1	1.076590E0
4.088257E1	2.339365E1	1.077637E0
4.091589E1	2.339343E1	1.067531E0
4.094921E1	2.339340E1	1.058679E0
4.098253E1	2.339266E1	1.044414E0
4.101585E1	2.339226E1	1.039648E0
4.104916E1	2.339245E1	1.035863E0
4.108248E1	2.341598E1	1.021050E0
4.111580E1	2.357974E1	1.020026E0
4.114912E1	2.388264E1	1.016832E0
4.118244E1	2.409313E1	9.925502E-1
4.121576E1	2.408515E1	9.876430E-1
4.124908E1	2.406201E1	9.938328E-1
4.128240E1	2.415606E1	1.004506E0
4.131572E1	2.428980E1	9.597038E-1
4.134904E1	2.437278E1	9.573332E-1
4.138236E1	2.440309E1	9.632037E-1
4.141568E1	2.439399E1	9.752470E-1
4.144899E1	2.439507E1	9.747835E-1
4.148231E1	2.439458E1	9.737490E-1
4.151563E1	2.439403E1	9.741932E-1
4.154895E1	2.439255E1	9.754133E-1
4.158227E1	2.436343E1	9.802992E-1
4.161559E1	2.434447E1	9.731698E-1
4.164891E1	2.433071E1	9.807816E-1
4.168223E1	2.432434E1	1.018895E0
4.171555E1	2.437393E1	1.085357E0
4.174887E1	2.448292E1	1.126561E0
4.178219E1	2.445723E1	1.115050E0
4.181550E1	2.445526E1	1.112573E0
4.184882E1	2.445039E1	1.104814E0
4.188214E1	2.444850E1	1.103284E0
4.191546E1	2.438178E1	1.116694E0
4.194878E1	2.433377E1	1.110120E0
4.198210E1	2.432881E1	1.093478E0
4.201542E1	2.437068E1	1.091895E0
4.204874E1	2.447018E1	1.075567E0
4.208206E1	2.456903E1	1.061249E0
4.211538E1	2.465819E1	1.075109E0
4.214870E1	2.471673E1	1.095566E0
4.218202E1	2.475899E1	1.105981E0
4.221533E1	2.480089E1	1.087979E0
4.224865E1	2.483396E1	1.087135E0
4.228197E1	2.485157E1	1.081779E0
4.231529E1	2.487249E1	1.085637E0
4.234861E1	2.489166E1	1.076074E0
4.238193E1	2.491328E1	1.072960E0
4.241525E1	2.492286E1	1.080206E0
4.244857E1	2.492615E1	1.083024E0
4.248189E1	2.491142E1	1.071144E0
4.251521E1	2.489752E1	1.075904E0
4.254853E1	2.489983E1	1.067236E0
4.258184E1	2.489176E1	1.065882E0
4.261516E1	2.488290E1	1.073296E0
4.264848E1	2.488241E1	1.072017E0
4.268180E1	2.488231E1	1.064730E0
4.271512E1	2.487792E1	1.060340E0
4.274844E1	2.488067E1	1.040257E0
4.278176E1	2.488174E1	1.034253E0
4.281508E1	2.488297E1	1.031064E0
4.284840E1	2.488285E1	1.023436E0
4.288172E1	2.488513E1	1.024726E0
4.291504E1	2.488605E1	1.024690E0
4.294835E1	2.488696E1	1.012218E0
4.298167E1	2.487954E1	1.014387E0
4.301499E1	2.488710E1	1.011137E0
4.304831E1	2.493370E1	1.002330E0
4.308163E1	2.507570E1	9.702816E-1
4.311495E1	2.525432E1	9.605630E-1
4.314827E1	2.535099E1	9.243320E-1
4.318159E1	2.537776E1	9.232699E-1
4.321491E1	2.545950E1	9.222642E-1
4.324823E1	2.558276E1	9.319069E-1
4.328155E1	2.562534E1	9.178074E-1
4.331487E1	2.560869E1	9.212569E-1
4.334818E1	2.562035E1	9.221452E-1
4.338150E1	2.564084E1	9.266403E-1
4.341482E1	2.564871E1	9.256478E-1
4.344814E1	2.566024E1	9.221350E-1
4.348146E1	2.565997E1	9.221806E-1
4.351478E1	2.566003E1	9.235995E-1
4.354810E1	2.565859E1	9.235519E-1
4.358142E1	2.563644E1	9.270360E-1
4.361474E1	2.560638E1	9.239643E-1
4.364806E1	2.564868E1	9.328405E-1
4.368138E1	2.571414E1	9.297471E-1
4.371469E1	2.577952E1	9.372092E-1
4.374801E1	2.582638E1	9.754457E-1
4.378133E1	2.577292E1	9.803161E-1
4.381465E1	2.573937E1	9.634451E-1
4.384797E1	2.572403E1	9.749728E-1
4.388129E1	2.568910E1	9.969189E-1
4.391461E1	2.565769E1	9.886811E-1
4.394793E1	2.564439E1	9.890466E-1
4.398125E1	2.563866E1	9.892838E-1
4.401457E1	2.570478E1	9.757329E-1
4.404789E1	2.577282E1	9.595442E-1
4.408121E1	2.582554E1	9.670885E-1
4.411452E1	2.587661E1	9.760054E-1
4.414784E1	2.595051E1	9.681849E-1
4.418116E1	2.601471E1	9.591273E-1
4.421448E1	2.604032E1	9.762088E-1
4.424780E1	2.606451E1	9.764225E-1
4.428112E1	2.609056E1	9.836274E-1
4.431444E1	2.612519E1	9.692509E-1
4.434776E1	2.615973E1	9.736099E-1
4.438108E1	2.617640E1	9.725752E-1
4.441440E1	2.617693E1	9.711765E-1
4.444772E1	2.617127E1	9.706765E-1
4.448103E1	2.616015E1	9.661422E-1
4.451435E1	2.615122E1	9.720101E-1
4.454767E1	2.614950E1	9.739434E-1
4.458099E1	2.614120E1	9.727789E-1
4.461431E1	2.614435E1	9.744604E-1
4.464763E1	2.612987E1	9.551401E-1
4.468095E1	2.612119E1	9.630026E-1
4.471427E1	2.613014E1	9.624765E-1
4.474759E1	2.611121E1	9.584649E-1
4.478091E1	2.610205E1	9.619885E-1
4.481423E1	2.611771E1	9.578804E-1
4.484755E1	2.611155E1	9.629361E-1
4.488086E1	2.610514E1	9.633242E-1
4.491418E1	2.610666E1	9.644657E-1
4.494750E1	2.610908E1	9.561828E-1
4.498082E1	2.609957E1	9.491172E-1
4.501414E1	2.611052E1	9.271813E-1
4.504746E1	2.617435E1	9.149187E-1
4.508078E1	2.628812E1	8.982147E-1
4.511410E1	2.642786E1	8.798586E-1
4.514742E1	2.655817E1	8.617378E-1
4.518074E1	2.661433E1	8.631040E-1
4.521406E1	2.663444E1	8.798474E-1
4.524737E1	2.671648E1	8.799797E-1
4.528069E1	2.681142E1	8.687577E-1
4.531401E1	2.687982E1	8.494254E-1
4.534733E1	2.690407E1	8.519686E-1
4.538065E1	2.689050E1	8.610416E-1
4.541397E1	2.688720E1	8.617586E-1
4.544729E1	2.689038E1	8.603245E-1
4.548061E1	2.688725E1	8.625399E-1
4.551393E1	2.688530E1	8.641735E-1
4.554725E1	2.688451E1	8.644303E-1
4.558057E1	2.686925E1	8.666069E-1
4.561389E1	2.677359E1	8.638695E-1
4.564720E1	2.670862E1	8.641801E-1
4.568052E1	2.669893E1	8.780412E-1
4.571384E1	2.676652E1	8.726941E-1
4.574716E1	2.682507E1	9.175110E-1
4.578048E1	2.677243E1	9.217260E-1
4.581380E1	2.674589E1	9.176321E-1
4.584712E1	2.671480E1	9.295486E-1
4.588044E1	2.670728E1	9.331132E-1
4.591376E1	2.669916E1	9.323549E-1
4.594708E1	2.667630E1	9.287435E-1
4.598040E1	2.666816E1	9.281581E-1
4.601371E1	2.671794E1	9.149011E-1
4.604703E1	2.680120E1	9.101467E-1
4.608035E1	2.688573E1	9.058793E-1
4.611367E1	2.694682E1	9.135451E-1
4.614699E1	2.699113E1	9.159153E-1
4.618031E1	2.702004E1	9.232749E-1
4.621363E1	2.705647E1	9.192364E-1
4.624695E1	2.709878E1	9.249395E-1
4.628027E1	2.714647E1	9.220611E-1
4.631359E1	2.718724E1	9.286230E-1
4.634691E1	2.721421E1	9.222741E-1
4.638023E1	2.722535E1	9.171611E-1
4.641354E1	2.722447E1	9.068731E-1
4.644686E1	2.720692E1	9.134165E-1
4.648018E1	2.718718E1	9.221050E-1
4.651350E1	2.719374E1	9.195922E-1
4.654682E1	2.719742E1	9.188921E-1
4.658014E1	2.717808E1	8.978598E-1
4.661346E1	2.716596E1	9.043405E-1
4.664678E1	2.715879E1	9.087745E-1
4.668010E1	2.714842E1	9.159221E-1
4.671342E1	2.715016E1	9.162515E-1
4.674674E1	2.715014E1	9.140122E-1
4.678005E1	2.714722E1	9.137857E-1
4.681337E1	2.715010E1	9.149185E-1
4.684669E1	2.715024E1	9.165623E-1
4.688001E1	2.713802E1	9.182484E-1
4.691333E1	2.715652E1	9.107265E-1
4.694665E1	2.715783E1	9.094355E-1
4.697997E1	2.714453E1	9.138239E-1
4.701329E1	2.715302E1	9.131620E-1
4.704661E1	2.721237E1	8.900046E-1
4.707993E1	2.735247E1	8.654683E-1
4.711325E1	2.750798E1	8.081073E-1
4.714656E1	2.761686E1	7.888845E-1
4.717988E1	2.767006E1	7.947165E-1
4.721320E1	2.771799E1	8.076538E-1
4.724652E1	2.779083E1	8.229119E-1
4.727984E1	2.787299E1	8.033370E-1
4.731316E1	2.790658E1	8.076828E-1
4.734648E1	2.793565E1	8.023033E-1
4.737980E1	2.796316E1	8.169622E-1
4.741312E1	2.798120E1	8.110203E-1
4.744644E1	2.798210E1	8.100381E-1
4.747976E1	2.798326E1	8.106843E-1
4.751308E1	2.798390E1	8.116464E-1
4.754639E1	2.798440E1	8.116410E-1
4.757971E1	2.796875E1	8.162597E-1
4.761303E1	2.792922E1	8.125515E-1
4.764635E1	2.794492E1	8.061575E-1
4.767967E1	2.801550E1	8.184336E-1
4.771299E1	2.799643E1	8.174762E-1
4.774631E1	2.791850E1	8.376937E-1
4.777963E1	2.787393E1	8.457291E-1
4.781295E1	2.786951E1	8.452144E-1
4.784627E1	2.787042E1	8.454099E-1
4.787959E1	2.783891E1	8.541017E-1
4.791290E1	2.780357E1	8.895365E-1
4.794622E1	2.779158E1	8.882170E-1
4.797954E1	2.776645E1	8.598265E-1
4.801286E1	2.771880E1	8.693862E-1
4.804618E1	2.771022E1	8.764183E-1
4.807950E1	2.770809E1	8.621397E-1
4.811282E1	2.771396E1	8.927351E-1
4.814614E1	2.776314E1	8.636825E-1
4.817946E1	2.781602E1	8.563258E-1
4.821278E1	2.786080E1	8.712993E-1
4.824610E1	2.788016E1	8.745349E-1
4.827942E1	2.790114E1	8.844104E-1
4.831273E1	2.792709E1	8.608773E-1
4.834605E1	2.793381E1	8.562815E-1
4.837937E1	2.793952E1	8.531219E-1
4.841269E1	2.793962E1	8.451066E-1
4.844601E1	2.793078E1	8.598640E-1
4.847933E1	2.792794E1	8.746894E-1
4.851265E1	2.791035E1	8.773627E-1
4.854597E1	2.791169E1	8.735027E-1
4.857929E1	2.791141E1	8.706680E-1
4.861261E1	2.789260E1	8.487350E-1
4.864593E1	2.788287E1	8.563609E-1
4.867924E1	2.788150E1	8.596365E-1
4.871256E1	2.788166E1	8.593448E-1
4.874588E1	2.787718E1	8.584754E-1
4.877920E1	2.787243E1	8.566816E-1
4.881252E1	2.787270E1	8.575076E-1
4.884584E1	2.787198E1	8.594559E-1
4.887916E1	2.787086E1	8.618803E-1
4.891248E1	2.786531E1	8.594656E-1
4.894580E1	2.785983E1	8.593191E-1
4.897912E1	2.786027E1	8.630469E-1
4.901244E1	2.786289E1	8.646095E-1
4.904576E1	2.790665E1	8.635550E-1
4.907907E1	2.801457E1	8.403341E-1
4.911239E1	2.816648E1	7.827897E-1
4.914571E1	2.831810E1	7.574197E-1
4.917903E1	2.841426E1	7.645478E-1
4.921235E1	2.845865E1	7.774814E-1
4.924567E1	2.847572E1	7.652936E-1
4.927899E1	2.848241E1	7.519179E-1
4.931231E1	2.848296E1	7.531911E-1
4.934563E1	2.855542E1	7.399094E-1
4.937895E1	2.859116E1	7.622604E-1
4.941227E1	2.860170E1	7.657061E-1
4.944558E1	2.859863E1	7.634702E-1
4.947890E1	2.859698E1	7.610394E-1
4.951222E1	2.859690E1	7.591969E-1
4.954554E1	2.859465E1	7.595330E-1
4.957886E1	2.857339E1	7.683162E-1
4.961218E1	2.852671E1	7.707005E-1
4.964550E1	2.853004E1	7.936848E-1
4.967882E1	2.856604E1	8.281209E-1
4.971214E1	2.865066E1	8.635961E-1
4.974546E1	2.875340E1	8.784322E-1
4.977878E1	2.870566E1	8.935004E-1
4.981210E1	2.868336E1	8.885004E-1
4.984541E1	2.865334E1	8.744291E-1
4.987873E1	2.861031E1	8.698467E-1
4.991205E1	2.858711E1	8.764484E-1
4.994537E1	2.855817E1	8.636930E-1
4.997869E1	2.854416E1	8.651730E-1
5.001201E1	2.859549E1	8.539693E-1
5.004533E1	2.868047E1	8.607296E-1
5.007865E1	2.877007E1	8.389012E-1
5.011197E1	2.886951E1	8.564615E-1
5.014529E1	2.893703E1	8.519863E-1
5.017861E1	2.896795E1	8.664062E-1
5.021192E1	2.899018E1	8.540440E-1
5.024524E1	2.900125E1	8.436735E-1
5.027856E1	2.899350E1	8.392481E-1
5.031188E1	2.899494E1	8.223592E-1
5.034520E1	2.900993E1	8.318946E-1
5.037852E1	2.902486E1	8.140418E-1
5.041184E1	2.902412E1	8.133177E-1
5.044516E1	2.901688E1	8.159193E-1
5.047848E1	2.901129E1	8.144741E-1
5.051180E1	2.901866E1	8.123950E-1
5.054512E1	2.901327E1	8.116546E-1
5.057844E1	2.899242E1	7.816303E-1
5.061175E1	2.898519E1	7.804120E-1
5.064507E1	2.897555E1	7.773188E-1
5.067839E1	2.897075E1	7.713896E-1
5.071171E1	2.897046E1	7.687606E-1
5.074503E1	2.897406E1	7.650305E-1
5.077835E1	2.898383E1	7.551959E-1
5.081167E1	2.896789E1	7.545882E-1
5.084499E1	2.895683E1	7.614623E-1
5.087831E1	2.896464E1	7.595052E-1
5.091163E1	2.897002E1	7.554478E-1
5.094495E1	2.896280E1	7.577600E-1
5.097826E1	2.894266E1	7.467488E-1
5.101158E1	2.892661E1	7.568483E-1
5.104490E1	2.896677E1	7.571510E-1
5.107822E1	2.908300E1	7.397103E-1
5.111154E1	2.924909E1	7.074116E-1
5.114486E1	2.941938E1	6.594760E-1
5.117818E1	2.948624E1	6.436007E-1
5.121150E1	2.949063E1	6.534148E-1
5.124482E1	2.954559E1	6.538135E-1
5.127814E1	2.965092E1	6.287328E-1
5.131146E1	2.972194E1	5.951911E-1
5.134477E1	2.976777E1	6.050000E-1
5.137809E1	2.976838E1	6.264190E-1
5.141141E1	2.976458E1	6.349453E-1
5.144473E1	2.976650E1	6.337527E-1
5.147805E1	2.976414E1	6.365305E-1
5.151137E1	2.976010E1	6.419436E-1
5.154469E1	2.975911E1	6.440114E-1
5.157801E1	2.974441E1	6.483217E-1
5.161133E1	2.968333E1	6.593208E-1
5.164465E1	2.967986E1	6.921601E-1
5.167797E1	2.968842E1	7.181279E-1
5.171129E1	2.974342E1	7.493259E-1
5.174460E1	2.982658E1	7.159259E-1
5.177792E1	2.979360E1	7.445845E-1
5.181124E1	2.979596E1	7.483297E-1
5.184456E1	2.978376E1	7.587289E-1
5.187788E1	2.973961E1	7.796646E-1
5.191120E1	2.970876E1	7.588556E-1
5.194452E1	2.967823E1	7.647806E-1
5.197784E1	2.968367E1	7.633610E-1
5.201116E1	2.971569E1	7.418184E-1
5.204448E1	2.978829E1	7.471923E-1
5.207780E1	2.987317E1	7.235527E-1
5.211111E1	2.991808E1	7.286016E-1
5.214443E1	2.991498E1	7.191273E-1
5.217775E1	2.993035E1	7.116843E-1
5.221107E1	2.999133E1	7.039579E-1
5.224439E1	3.007173E1	7.025438E-1
5.227771E1	3.014079E1	6.980370E-1
5.231103E1	3.019054E1	7.089264E-1
5.234435E1	3.023049E1	7.166496E-1
5.237767E1	3.026260E1	6.912799E-1
5.241099E1	3.026738E1	6.796015E-1
5.244431E1	3.024962E1	6.947380E-1
5.247763E1	3.023449E1	7.012053E-1
5.251094E1	3.023598E1	6.943452E-1
