	mass A		
t	x	y	
0.000000E0	1.103492E-1	-8.466662E-3
3.331913E-2	1.100644E-1	-8.257983E-3
6.663826E-2	1.104038E-1	-8.617942E-3
9.995738E-2	1.199479E-1	-1.035258E-2
1.332765E-1	1.886294E-1	-6.403693E-3
1.665956E-1	3.330293E-1	1.163956E-2
1.999148E-1	5.649887E-1	3.308551E-2
2.332339E-1	8.175292E-1	4.666457E-2
2.665530E-1	1.039514E0	5.615207E-2
2.998722E-1	1.184692E0	6.219485E-2
3.331913E-1	1.272806E0	8.098149E-2
3.665104E-1	1.276657E0	8.799661E-2
3.998295E-1	1.243757E0	1.035887E-1
4.331487E-1	1.251553E0	1.038010E-1
4.664678E-1	1.259311E0	9.923771E-2
4.997869E-1	1.308673E0	1.018802E-1
5.331061E-1	1.375311E0	1.004590E-1
5.664252E-1	1.440339E0	1.098634E-1
5.997443E-1	1.475695E0	1.337334E-1
6.330634E-1	1.500441E0	1.477806E-1
6.663826E-1	1.552820E0	1.443689E-1
6.997017E-1	1.748019E0	1.478578E-1
7.330208E-1	1.982620E0	1.379215E-1
7.663399E-1	2.143347E0	1.215981E-1
7.996591E-1	2.214801E0	9.826589E-2
8.329782E-1	2.196626E0	1.066531E-1
8.662973E-1	2.198977E0	1.065182E-1
8.996165E-1	2.184947E0	1.068819E-1
9.329356E-1	2.042511E0	1.116260E-1
9.662547E-1	1.873217E0	1.267917E-1
9.995738E-1	1.703304E0	1.577109E-1
1.032893E0	1.667629E0	1.748979E-1
1.066212E0	1.677087E0	1.368248E-1
1.099531E0	1.666432E0	1.695707E-1
1.132850E0	1.716671E0	1.622678E-1
1.166169E0	1.825847E0	1.598566E-1
1.199489E0	1.975084E0	1.778525E-1
1.232808E0	2.151827E0	1.971117E-1
1.266127E0	2.348507E0	2.320082E-1
1.299446E0	2.547090E0	2.641459E-1
1.332765E0	2.689550E0	2.878631E-1
1.366084E0	2.771613E0	2.737611E-1
1.399403E0	2.783168E0	2.724393E-1
1.432723E0	2.777555E0	2.734321E-1
1.466042E0	2.807352E0	2.689998E-1
1.499361E0	2.824928E0	2.567916E-1
1.532680E0	2.831477E0	2.603049E-1
1.565999E0	2.849762E0	2.780107E-1
1.599318E0	2.879059E0	2.784554E-1
1.632637E0	2.890411E0	2.761272E-1
1.665956E0	2.985578E0	2.789183E-1
1.699276E0	3.224196E0	2.758635E-1
1.732595E0	3.531229E0	2.791160E-1
1.765914E0	3.724528E0	2.637853E-1
1.799233E0	3.737904E0	2.712604E-1
1.832552E0	3.731042E0	2.750276E-1
1.865871E0	3.739241E0	2.729259E-1
1.899190E0	3.741081E0	2.730867E-1
1.932509E0	3.583491E0	2.789916E-1
1.965829E0	3.381447E0	2.727132E-1
1.999148E0	3.152753E0	3.110818E-1
2.032467E0	3.086120E0	3.476393E-1
2.065786E0	3.136240E0	3.332609E-1
2.099105E0	3.182422E0	3.308419E-1
2.132424E0	3.232618E0	3.368692E-1
2.165743E0	3.360785E0	3.436615E-1
2.199062E0	3.545805E0	3.366432E-1
2.232382E0	3.723465E0	3.338723E-1
2.265701E0	3.868076E0	3.361259E-1
2.299020E0	3.997125E0	3.251144E-1
2.332339E0	4.080178E0	3.422233E-1
2.365658E0	4.128010E0	3.657829E-1
2.398977E0	4.146664E0	3.777633E-1
2.432296E0	4.163885E0	3.711352E-1
2.465615E0	4.177463E0	3.860907E-1
2.498935E0	4.228377E0	3.869522E-1
2.532254E0	4.298948E0	3.664726E-1
2.565573E0	4.341472E0	3.720131E-1
2.598892E0	4.303919E0	4.002772E-1
2.632211E0	4.327261E0	4.090872E-1
2.665530E0	4.427616E0	4.307079E-1
2.698849E0	4.683518E0	4.385613E-1
2.732169E0	5.005768E0	4.344590E-1
2.765488E0	5.176428E0	4.317974E-1
2.798807E0	5.154537E0	4.336299E-1
2.832126E0	5.125790E0	4.411929E-1
2.865445E0	5.128242E0	4.382053E-1
2.898764E0	5.116641E0	4.407289E-1
2.932083E0	4.952598E0	4.389257E-1
2.965402E0	4.710362E0	4.285553E-1
2.998722E0	4.464412E0	4.463820E-1
3.032041E0	4.351799E0	4.870883E-1
3.065360E0	4.390585E0	4.995122E-1
3.098679E0	4.401903E0	4.971056E-1
3.131998E0	4.436278E0	4.905884E-1
3.165317E0	4.582406E0	5.030069E-1
3.198636E0	4.798277E0	5.212312E-1
3.231955E0	4.999771E0	5.504177E-1
3.265275E0	5.191865E0	5.869561E-1
3.298594E0	5.365429E0	6.118643E-1
3.331913E0	5.473936E0	6.138110E-1
3.365232E0	5.508943E0	6.115921E-1
3.398551E0	5.468130E0	6.040349E-1
3.431870E0	5.449614E0	6.008099E-1
3.465189E0	5.477043E0	5.879980E-1
3.498508E0	5.481199E0	5.888339E-1
3.531828E0	5.482417E0	5.933693E-1
3.565147E0	5.518850E0	6.162286E-1
3.598466E0	5.579294E0	6.417534E-1
3.631785E0	5.630041E0	6.531589E-1
3.665104E0	5.707590E0	6.518235E-1
3.698423E0	5.933528E0	6.595036E-1
3.731742E0	6.182117E0	6.608002E-1
3.765061E0	6.312286E0	6.326857E-1
3.798381E0	6.329593E0	6.378882E-1
3.831700E0	6.301364E0	6.452683E-1
3.865019E0	6.289057E0	6.561528E-1
3.898338E0	6.283937E0	6.532109E-1
3.931657E0	6.123051E0	6.637071E-1
3.964976E0	5.923655E0	6.563487E-1
3.998295E0	5.672639E0	6.736469E-1
4.031615E0	5.558253E0	7.067479E-1
4.064934E0	5.626328E0	7.139631E-1
4.098253E0	5.630718E0	7.095599E-1
4.131572E0	5.679289E0	7.073857E-1
4.164891E0	5.837746E0	7.111809E-1
4.198210E0	6.051736E0	7.228332E-1
4.231529E0	6.248118E0	7.451279E-1
4.264848E0	6.404182E0	7.677075E-1
4.298168E0	6.525539E0	7.712257E-1
4.331487E0	6.608641E0	7.817796E-1
4.364806E0	6.629779E0	7.865927E-1
4.398125E0	6.623973E0	7.850248E-1
4.431444E0	6.597860E0	7.733942E-1
4.464763E0	6.622057E0	7.499809E-1
4.498082E0	6.644267E0	7.260747E-1
4.531401E0	6.618847E0	7.244051E-1
4.564721E0	6.630202E0	7.048599E-1
4.598040E0	6.643267E0	6.901828E-1
4.631359E0	6.649643E0	7.040882E-1
4.664678E0	6.728437E0	7.223408E-1
4.697997E0	6.957602E0	7.361592E-1
4.731316E0	7.319741E0	7.665716E-1
4.764635E0	7.504125E0	7.815724E-1
4.797954E0	7.492296E0	7.604267E-1
4.831274E0	7.475756E0	7.533034E-1
4.864593E0	7.480079E0	7.558942E-1
4.897912E0	7.448048E0	7.612518E-1
4.931231E0	7.284344E0	7.694243E-1
4.964550E0	7.062707E0	7.775455E-1
4.997869E0	6.830787E0	7.959458E-1
5.031188E0	6.718586E0	8.220995E-1
5.064507E0	6.783644E0	7.620821E-1
5.097827E0	6.738559E0	7.763047E-1
5.131146E0	6.778416E0	8.115984E-1
5.164465E0	6.903269E0	8.091791E-1
5.197784E0	7.068858E0	8.181939E-1
5.231103E0	7.245935E0	8.445229E-1
5.264422E0	7.448772E0	8.756866E-1
5.297741E0	7.636271E0	8.940953E-1
5.331061E0	7.775201E0	9.198392E-1
5.364380E0	7.844888E0	9.227428E-1
5.397699E0	7.853142E0	9.114065E-1
5.431018E0	7.831571E0	9.142674E-1
5.464337E0	7.846526E0	8.917355E-1
5.497656E0	7.858914E0	8.793436E-1
5.530975E0	7.835581E0	8.760729E-1
5.564294E0	7.836421E0	8.739651E-1
5.597614E0	7.851062E0	8.849338E-1
5.630933E0	7.873636E0	9.162604E-1
5.664252E0	7.963271E0	9.235950E-1
5.697571E0	8.185681E0	9.330758E-1
5.730890E0	8.508545E0	9.547999E-1
5.764209E0	8.732178E0	9.517034E-1
5.797528E0	8.724947E0	9.344152E-1
5.830847E0	8.711938E0	9.341553E-1
5.864167E0	8.727044E0	9.302357E-1
5.897486E0	8.701252E0	9.348872E-1
5.930805E0	8.553253E0	9.317161E-1
5.964124E0	8.351161E0	9.106157E-1
5.997443E0	8.128943E0	9.278068E-1
6.030762E0	8.037560E0	9.680766E-1
6.064081E0	8.077573E0	9.413984E-1
6.097400E0	8.080133E0	9.300781E-1
6.130720E0	8.092676E0	9.407863E-1
6.164039E0	8.219734E0	9.418935E-1
6.197358E0	8.437116E0	9.393717E-1
6.230677E0	8.653212E0	9.555101E-1
6.263996E0	8.822316E0	9.736019E-1
6.297315E0	8.969552E0	9.768420E-1
6.330634E0	9.088606E0	9.827068E-1
6.363953E0	9.129609E0	9.732808E-1
6.397273E0	9.108718E0	9.841265E-1
6.430592E0	9.094816E0	9.929212E-1
6.463911E0	9.068364E0	9.951477E-1
6.497230E0	9.050674E0	9.831426E-1
6.530549E0	9.074249E0	9.605528E-1
6.563868E0	9.127565E0	9.470898E-1
6.597187E0	9.165944E0	9.674582E-1
6.630507E0	9.176473E0	9.932470E-1
6.663826E0	9.256397E0	1.018987E0
6.697145E0	9.463911E0	1.035659E0
6.730464E0	9.753077E0	1.055934E0
6.763783E0	9.986464E0	1.032986E0
6.797102E0	1.001721E1	1.024822E0
6.830421E0	9.992950E0	1.033253E0
6.863740E0	9.995718E0	1.034975E0
6.897060E0	9.982743E0	1.035167E0
6.930379E0	9.822787E0	1.039185E0
6.963698E0	9.604604E0	1.047755E0
6.997017E0	9.405990E0	1.033684E0
7.030336E0	9.294199E0	1.042647E0
7.063655E0	9.367642E0	1.042118E0
7.096974E0	9.342982E0	1.036491E0
7.130293E0	9.398335E0	1.043899E0
7.163613E0	9.596664E0	1.049655E0
7.196932E0	9.833645E0	1.074214E0
7.230251E0	1.004560E1	1.106439E0
7.263570E0	1.023319E1	1.127730E0
7.296889E0	1.036594E1	1.160543E0
7.330208E0	1.047794E1	1.173162E0
7.363527E0	1.054206E1	1.182810E0
7.396846E0	1.054937E1	1.208400E0
7.430166E0	1.057903E1	1.214935E0
7.463485E0	1.060537E1	1.213805E0
7.496804E0	1.062329E1	1.205957E0
7.530123E0	1.057244E1	1.208085E0
7.563442E0	1.059640E1	1.204853E0
7.596761E0	1.064026E1	1.221528E0
7.630080E0	1.068023E1	1.222870E0
7.663399E0	1.075349E1	1.234850E0
7.696719E0	1.096283E1	1.261749E0
7.730038E0	1.128230E1	1.275522E0
7.763357E0	1.147453E1	1.292025E0
7.796676E0	1.147334E1	1.304971E0
7.829995E0	1.146481E1	1.309826E0
7.863314E0	1.147708E1	1.306304E0
7.896633E0	1.147405E1	1.309363E0
7.929953E0	1.132932E1	1.285525E0
7.963272E0	1.109327E1	1.259699E0
7.996591E0	1.087116E1	1.259306E0
8.029910E0	1.072846E1	1.298565E0
8.063229E0	1.076838E1	1.328102E0
8.096548E0	1.077935E1	1.310777E0
8.129867E0	1.083541E1	1.324190E0
8.163186E0	1.097636E1	1.337690E0
8.196506E0	1.120452E1	1.355212E0
8.229825E0	1.141427E1	1.401156E0
8.263144E0	1.158093E1	1.437623E0
8.296463E0	1.172317E1	1.428999E0
8.329782E0	1.183194E1	1.416857E0
8.363101E0	1.186848E1	1.427021E0
8.396420E0	1.183813E1	1.455338E0
8.429739E0	1.181208E1	1.472269E0
8.463059E0	1.182320E1	1.457948E0
8.496378E0	1.180624E1	1.431788E0
8.529697E0	1.180587E1	1.434087E0
8.563016E0	1.183351E1	1.451860E0
8.596335E0	1.188824E1	1.472184E0
8.629654E0	1.194136E1	1.488354E0
8.662973E0	1.204149E1	1.492376E0
8.696292E0	1.224946E1	1.504507E0
8.729612E0	1.253711E1	1.523986E0
8.762931E0	1.269517E1	1.538368E0
8.796250E0	1.270135E1	1.534929E0
8.829569E0	1.268096E1	1.534161E0
8.862888E0	1.268626E1	1.532574E0
8.896207E0	1.268714E1	1.532687E0
8.929526E0	1.253168E1	1.522103E0
8.962845E0	1.224142E1	1.504623E0
8.996165E0	1.198872E1	1.481174E0
9.029484E0	1.180925E1	1.530127E0
9.062803E0	1.185687E1	1.544880E0
9.096122E0	1.189224E1	1.510257E0
9.129441E0	1.194249E1	1.536764E0
9.162760E0	1.209075E1	1.549355E0
9.196079E0	1.231727E1	1.580056E0
9.229399E0	1.254136E1	1.625435E0
9.262718E0	1.271675E1	1.656944E0
9.296037E0	1.288054E1	1.674082E0
9.329356E0	1.302069E1	1.697241E0
9.362675E0	1.310165E1	1.697053E0
9.395994E0	1.310017E1	1.689968E0
9.429313E0	1.309696E1	1.693104E0
9.462632E0	1.309698E1	1.696070E0
9.495952E0	1.313727E1	1.696566E0
9.529271E0	1.321827E1	1.677327E0
9.562590E0	1.333669E1	1.666570E0
9.595909E0	1.344289E1	1.661683E0
9.629228E0	1.347160E1	1.693986E0
9.662547E0	1.353034E1	1.717474E0
9.695866E0	1.373688E1	1.753901E0
9.729185E0	1.402698E1	1.799980E0
9.762505E0	1.412398E1	1.813230E0
9.795824E0	1.405538E1	1.810455E0
9.829143E0	1.401631E1	1.813944E0
9.862462E0	1.402987E1	1.812839E0
9.895781E0	1.402535E1	1.809245E0
9.929100E0	1.386325E1	1.787171E0
9.962419E0	1.357087E1	1.752138E0
9.995738E0	1.319901E1	1.714328E0
1.002906E1	1.288517E1	1.715112E0
1.006238E1	1.283532E1	1.694308E0
1.009570E1	1.280393E1	1.695025E0
1.012901E1	1.288013E1	1.690212E0
1.016233E1	1.307278E1	1.716901E0
1.019565E1	1.332368E1	1.752370E0
1.022897E1	1.353759E1	1.808121E0
1.026229E1	1.371287E1	1.844163E0
1.029561E1	1.386385E1	1.861416E0
1.032893E1	1.398791E1	1.865741E0
1.036225E1	1.405766E1	1.865057E0
1.039557E1	1.413638E1	1.861941E0
1.042889E1	1.423409E1	1.873105E0
1.046221E1	1.436806E1	1.872847E0
1.049553E1	1.451758E1	1.881246E0
1.052884E1	1.466682E1	1.882801E0
1.056216E1	1.482829E1	1.874490E0
1.059548E1	1.498493E1	1.855679E0
1.062880E1	1.509154E1	1.846409E0
1.066212E1	1.515522E1	1.864644E0
1.069544E1	1.532153E1	1.882283E0
1.072876E1	1.553078E1	1.905937E0
1.076208E1	1.564669E1	1.901258E0
1.079540E1	1.560413E1	1.902608E0
1.082872E1	1.556497E1	1.915463E0
1.086204E1	1.556484E1	1.921913E0
1.089535E1	1.555294E1	1.916647E0
1.092867E1	1.536516E1	1.882628E0
1.096199E1	1.506719E1	1.876538E0
1.099531E1	1.474609E1	1.833651E0
1.102863E1	1.447628E1	1.815407E0
1.106195E1	1.442508E1	1.762533E0
1.109527E1	1.438395E1	1.768232E0
1.112859E1	1.443468E1	1.775775E0
1.116191E1	1.458206E1	1.784734E0
1.119523E1	1.479730E1	1.809650E0
1.122855E1	1.499369E1	1.869091E0
1.126187E1	1.517714E1	1.886632E0
1.129518E1	1.535299E1	1.904968E0
1.132850E1	1.547899E1	1.932526E0
1.136182E1	1.554365E1	1.948742E0
1.139514E1	1.557828E1	1.938711E0
1.142846E1	1.557723E1	1.933907E0
1.146178E1	1.559377E1	1.916142E0
1.149510E1	1.560568E1	1.923239E0
1.152842E1	1.562776E1	1.929484E0
1.156174E1	1.567357E1	1.940442E0
1.159506E1	1.571793E1	1.951696E0
1.162838E1	1.574261E1	1.965304E0
1.166169E1	1.581408E1	1.971824E0
1.169501E1	1.602349E1	1.995271E0
1.172833E1	1.632755E1	2.034840E0
1.176165E1	1.650973E1	2.034592E0
1.179497E1	1.651152E1	2.017789E0
1.182829E1	1.647697E1	2.022179E0
1.186161E1	1.647138E1	2.026389E0
1.189493E1	1.646542E1	2.022388E0
1.192825E1	1.630918E1	2.008435E0
1.196157E1	1.599769E1	1.992441E0
1.199489E1	1.567385E1	1.964301E0
1.202821E1	1.538370E1	1.961609E0
1.206152E1	1.535498E1	1.879851E0
1.209484E1	1.531000E1	1.866076E0
1.212816E1	1.533258E1	1.899604E0
1.216148E1	1.545098E1	1.923054E0
1.219480E1	1.565932E1	1.948391E0
1.222812E1	1.589409E1	1.988809E0
1.226144E1	1.611402E1	2.038866E0
1.229476E1	1.628126E1	2.057638E0
1.232808E1	1.640744E1	2.064876E0
1.236140E1	1.647902E1	2.080360E0
1.239472E1	1.653509E1	2.113151E0
1.242803E1	1.657628E1	2.113909E0
1.246135E1	1.657853E1	2.119813E0
1.249467E1	1.661996E1	2.121941E0
1.252799E1	1.665408E1	2.145482E0
1.256131E1	1.668787E1	2.158094E0
1.259463E1	1.673193E1	2.177203E0
1.262795E1	1.673931E1	2.160431E0
1.266127E1	1.680312E1	2.143751E0
1.269459E1	1.701653E1	2.164138E0
1.272791E1	1.729065E1	2.178674E0
1.276123E1	1.742505E1	2.157403E0
1.279455E1	1.743368E1	2.111424E0
1.282786E1	1.740231E1	2.107193E0
1.286118E1	1.740085E1	2.110524E0
1.289450E1	1.738191E1	2.098509E0
1.292782E1	1.718182E1	2.088458E0
1.296114E1	1.689341E1	2.085674E0
1.299446E1	1.656956E1	2.065774E0
1.302778E1	1.632882E1	2.082513E0
1.306110E1	1.629368E1	2.037349E0
1.309442E1	1.624550E1	2.038414E0
1.312774E1	1.627497E1	2.044854E0
1.316106E1	1.643889E1	2.042965E0
1.319437E1	1.667924E1	2.074776E0
1.322769E1	1.689814E1	2.140453E0
1.326101E1	1.710280E1	2.187992E0
1.329433E1	1.726667E1	2.194671E0
1.332765E1	1.739411E1	2.196830E0
1.336097E1	1.746827E1	2.191969E0
1.339429E1	1.752013E1	2.189603E0
1.342761E1	1.756235E1	2.182379E0
1.346093E1	1.759058E1	2.171279E0
1.349425E1	1.762557E1	2.144509E0
1.352757E1	1.761982E1	2.155348E0
1.356089E1	1.759694E1	2.157955E0
1.359420E1	1.760468E1	2.148789E0
1.362752E1	1.761161E1	2.147597E0
1.366084E1	1.768007E1	2.153232E0
1.369416E1	1.788823E1	2.183242E0
1.372748E1	1.818966E1	2.237964E0
1.376080E1	1.837879E1	2.265326E0
1.379412E1	1.838809E1	2.256119E0
1.382744E1	1.833791E1	2.258634E0
1.386076E1	1.833624E1	2.260329E0
1.389408E1	1.833130E1	2.254959E0
1.392740E1	1.820188E1	2.250890E0
1.396071E1	1.793126E1	2.232756E0
1.399403E1	1.764294E1	2.212467E0
1.402735E1	1.742288E1	2.200897E0
1.406067E1	1.740788E1	2.193704E0
1.409399E1	1.741145E1	2.162401E0
1.412731E1	1.745094E1	2.165987E0
1.416063E1	1.762035E1	2.182130E0
1.419395E1	1.783057E1	2.230781E0
1.422727E1	1.803104E1	2.292715E0
1.426059E1	1.819548E1	2.313656E0
1.429391E1	1.833118E1	2.315833E0
1.432723E1	1.845543E1	2.341075E0
1.436054E1	1.849641E1	2.360433E0
1.439386E1	1.849453E1	2.361944E0
1.442718E1	1.846617E1	2.351448E0
1.446050E1	1.845313E1	2.353939E0
1.449382E1	1.843258E1	2.367596E0
1.452714E1	1.843540E1	2.366776E0
1.456046E1	1.845627E1	2.351830E0
1.459378E1	1.849791E1	2.341460E0
1.462710E1	1.851869E1	2.342010E0
1.466042E1	1.860468E1	2.363042E0
1.469374E1	1.881378E1	2.394659E0
1.472705E1	1.910166E1	2.425757E0
1.476037E1	1.931097E1	2.435238E0
1.479369E1	1.931551E1	2.429036E0
1.482701E1	1.928238E1	2.416580E0
1.486033E1	1.928399E1	2.415507E0
1.489365E1	1.926532E1	2.420475E0
1.492697E1	1.911364E1	2.415557E0
1.496029E1	1.889248E1	2.403188E0
1.499361E1	1.866294E1	2.381022E0
1.502693E1	1.851170E1	2.373501E0
1.506025E1	1.851636E1	2.352495E0
1.509357E1	1.846710E1	2.362391E0
1.512688E1	1.850273E1	2.358203E0
1.516020E1	1.867781E1	2.365289E0
1.519352E1	1.891550E1	2.404003E0
1.522684E1	1.912078E1	2.442633E0
1.526016E1	1.928846E1	2.466756E0
1.529348E1	1.944123E1	2.474439E0
1.532680E1	1.955952E1	2.480675E0
1.536012E1	1.956890E1	2.481294E0
1.539344E1	1.952101E1	2.486776E0
1.542676E1	1.951009E1	2.475897E0
1.546008E1	1.951356E1	2.474621E0
1.549339E1	1.950643E1	2.480639E0
1.552671E1	1.949220E1	2.482282E0
1.556003E1	1.949050E1	2.475674E0
1.559335E1	1.948928E1	2.474185E0
1.562667E1	1.949226E1	2.472798E0
1.565999E1	1.959677E1	2.487159E0
1.569331E1	1.982478E1	2.517636E0
1.572663E1	2.012908E1	2.545585E0
1.575995E1	2.035538E1	2.546485E0
1.579327E1	2.037850E1	2.534038E0
1.582659E1	2.032027E1	2.537027E0
1.585991E1	2.031988E1	2.535549E0
1.589322E1	2.031284E1	2.531086E0
1.592654E1	2.014871E1	2.530297E0
1.595986E1	1.987678E1	2.481159E0
1.599318E1	1.952265E1	2.477154E0
1.602650E1	1.926611E1	2.484208E0
1.605982E1	1.922478E1	2.453811E0
1.609314E1	1.919987E1	2.446720E0
1.612646E1	1.921599E1	2.468662E0
1.615978E1	1.937731E1	2.496740E0
1.619310E1	1.963401E1	2.525173E0
1.622642E1	1.988433E1	2.567879E0
1.625973E1	2.007909E1	2.616173E0
1.629305E1	2.023215E1	2.637693E0
1.632637E1	2.035298E1	2.675498E0
1.635969E1	2.041301E1	2.692091E0
1.639301E1	2.039469E1	2.692723E0
1.642633E1	2.043544E1	2.723884E0
1.645965E1	2.054875E1	2.767078E0
1.649297E1	2.073234E1	2.822508E0
1.652629E1	2.090831E1	2.866829E0
1.655961E1	2.105023E1	2.886300E0
1.659293E1	2.119923E1	2.916646E0
1.662624E1	2.131624E1	2.929531E0
1.665956E1	2.137177E1	2.928190E0
1.669288E1	2.150356E1	2.926007E0
1.672620E1	2.175550E1	2.946161E0
1.675952E1	2.201584E1	2.930975E0
1.679284E1	2.206472E1	2.882402E0
1.682616E1	2.202712E1	2.869277E0
1.685948E1	2.203597E1	2.868729E0
1.689280E1	2.201612E1	2.865721E0
1.692612E1	2.186804E1	2.838703E0
1.695944E1	2.156414E1	2.799368E0
1.699276E1	2.113639E1	2.765067E0
1.702607E1	2.076001E1	2.746104E0
1.705939E1	2.062575E1	2.722572E0
1.709271E1	2.062023E1	2.703760E0
1.712603E1	2.066959E1	2.697465E0
1.715935E1	2.083205E1	2.698757E0
1.719267E1	2.102234E1	2.755076E0
1.722599E1	2.121170E1	2.800981E0
1.725931E1	2.138556E1	2.809043E0
1.729263E1	2.151977E1	2.805500E0
1.732595E1	2.163244E1	2.799136E0
1.735927E1	2.169124E1	2.802827E0
1.739258E1	2.173779E1	2.836354E0
1.742590E1	2.182880E1	2.857386E0
1.745922E1	2.196632E1	2.894605E0
1.749254E1	2.213503E1	2.925526E0
1.752586E1	2.225627E1	2.902306E0
1.755918E1	2.231443E1	2.860526E0
1.759250E1	2.234179E1	2.842532E0
1.762582E1	2.232663E1	2.849700E0
1.765914E1	2.235397E1	2.873329E0
1.769246E1	2.256702E1	2.903793E0
1.772578E1	2.285375E1	2.965443E0
1.775910E1	2.298849E1	3.021587E0
1.779241E1	2.294092E1	3.043015E0
1.782573E1	2.288335E1	3.014606E0
1.785905E1	2.291003E1	3.015180E0
1.789237E1	2.288191E1	3.019835E0
1.792569E1	2.268814E1	3.014526E0
1.795901E1	2.235858E1	2.976392E0
1.799233E1	2.202949E1	2.954795E0
1.802565E1	2.177793E1	2.953787E0
1.805897E1	2.174936E1	2.903868E0
1.809229E1	2.172491E1	2.910477E0
1.812561E1	2.177101E1	2.914466E0
1.815892E1	2.188505E1	2.912457E0
1.819224E1	2.202874E1	2.967668E0
1.822556E1	2.220782E1	3.003720E0
1.825888E1	2.240984E1	3.039570E0
1.829220E1	2.258403E1	3.062502E0
1.832552E1	2.271206E1	3.079863E0
1.835884E1	2.276530E1	3.080460E0
1.839216E1	2.275997E1	3.077863E0
1.842548E1	2.278077E1	3.080004E0
1.845880E1	2.280126E1	3.091316E0
1.849212E1	2.279913E1	3.109045E0
1.852544E1	2.284743E1	3.092633E0
1.855875E1	2.287362E1	3.115415E0
1.859207E1	2.292124E1	3.153070E0
1.862539E1	2.300321E1	3.171018E0
1.865871E1	2.308062E1	3.185603E0
1.869203E1	2.325937E1	3.191588E0
1.872535E1	2.351172E1	3.218535E0
1.875867E1	2.369835E1	3.257117E0
1.879199E1	2.373282E1	3.260021E0
1.882531E1	2.370861E1	3.232276E0
1.885863E1	2.371501E1	3.250847E0
1.889195E1	2.369466E1	3.246297E0
1.892526E1	2.351824E1	3.238891E0
1.895858E1	2.320581E1	3.194802E0
1.899190E1	2.288320E1	3.147945E0
1.902522E1	2.259494E1	3.134448E0
1.905854E1	2.252205E1	3.096633E0
1.909186E1	2.249255E1	3.085508E0
1.912518E1	2.252819E1	3.093054E0
1.915850E1	2.267143E1	3.093688E0
1.919182E1	2.290541E1	3.125542E0
1.922514E1	2.311973E1	3.174070E0
1.925846E1	2.328802E1	3.200840E0
1.929178E1	2.342485E1	3.186820E0
1.932509E1	2.351921E1	3.170314E0
1.935841E1	2.354216E1	3.178062E0
1.939173E1	2.352572E1	3.192823E0
1.942505E1	2.352443E1	3.202619E0
1.945837E1	2.354381E1	3.197603E0
1.949169E1	2.356545E1	3.199000E0
1.952501E1	2.359512E1	3.201411E0
1.955833E1	2.360533E1	3.236373E0
1.959165E1	2.361360E1	3.245809E0
1.962497E1	2.362147E1	3.248450E0
1.965829E1	2.369389E1	3.274906E0
1.969160E1	2.392451E1	3.307140E0
1.972492E1	2.419949E1	3.353459E0
1.975824E1	2.433308E1	3.360088E0
1.979156E1	2.433750E1	3.333535E0
1.982488E1	2.429715E1	3.360035E0
1.985820E1	2.430415E1	3.368721E0
1.989152E1	2.429447E1	3.353911E0
1.992484E1	2.417707E1	3.344237E0
1.995816E1	2.391033E1	3.310927E0
1.999148E1	2.358194E1	3.256063E0
2.002480E1	2.328612E1	3.257409E0
2.005812E1	2.322203E1	3.204766E0
2.009143E1	2.319093E1	3.194948E0
2.012475E1	2.322752E1	3.203106E0
2.015807E1	2.338871E1	3.201649E0
2.019139E1	2.362669E1	3.228218E0
2.022471E1	2.385064E1	3.282587E0
2.025803E1	2.405340E1	3.335794E0
2.029135E1	2.422760E1	3.355282E0
2.032467E1	2.434507E1	3.356908E0
2.035799E1	2.434990E1	3.345236E0
2.039131E1	2.431921E1	3.340627E0
2.042463E1	2.430840E1	3.348938E0
2.045794E1	2.431657E1	3.345164E0
2.049126E1	2.431987E1	3.350232E0
2.052458E1	2.435062E1	3.343784E0
2.055790E1	2.436057E1	3.363617E0
2.059122E1	2.435176E1	3.404470E0
2.062454E1	2.435941E1	3.403644E0
2.065786E1	2.440191E1	3.414245E0
2.069118E1	2.458948E1	3.454710E0
2.072450E1	2.486360E1	3.510175E0
2.075782E1	2.502270E1	3.496782E0
2.079114E1	2.502470E1	3.435218E0
2.082446E1	2.495811E1	3.428673E0
2.085777E1	2.497143E1	3.428838E0
2.089109E1	2.496244E1	3.418194E0
2.092441E1	2.480108E1	3.411561E0
2.095773E1	2.450458E1	3.399564E0
2.099105E1	2.418782E1	3.369464E0
2.102437E1	2.397755E1	3.367922E0
2.105769E1	2.396453E1	3.337762E0
2.109101E1	2.395028E1	3.350971E0
2.112433E1	2.399155E1	3.351236E0
2.115765E1	2.414694E1	3.328632E0
2.119097E1	2.432246E1	3.382293E0
2.122428E1	2.451497E1	3.415375E0
2.125760E1	2.469314E1	3.415618E0
2.129092E1	2.483048E1	3.401038E0
2.132424E1	2.490531E1	3.390483E0
2.135756E1	2.489396E1	3.417202E0
2.139088E1	2.485226E1	3.410151E0
2.142420E1	2.485017E1	3.405232E0
2.145752E1	2.487895E1	3.407004E0
2.149084E1	2.490799E1	3.409662E0
2.152416E1	2.490401E1	3.430497E0
2.155748E1	2.495229E1	3.425450E0
2.159080E1	2.500653E1	3.415380E0
2.162411E1	2.503984E1	3.420272E0
2.165743E1	2.507277E1	3.433243E0
2.169075E1	2.526304E1	3.476067E0
2.172407E1	2.553489E1	3.514909E0
2.175739E1	2.568571E1	3.487917E0
2.179071E1	2.570300E1	3.466407E0
2.182403E1	2.567091E1	3.452362E0
2.185735E1	2.567175E1	3.461513E0
2.189067E1	2.566465E1	3.467856E0
2.192399E1	2.554836E1	3.457552E0
2.195731E1	2.530972E1	3.445383E0
2.199062E1	2.501530E1	3.469168E0
2.202394E1	2.484068E1	3.477422E0
2.205726E1	2.485961E1	3.448117E0
2.209058E1	2.484068E1	3.435818E0
2.212390E1	2.487957E1	3.424890E0
2.215722E1	2.500881E1	3.419252E0
2.219054E1	2.518500E1	3.446022E0
2.222386E1	2.535877E1	3.465908E0
2.225718E1	2.547198E1	3.463800E0
2.229050E1	2.553752E1	3.474596E0
2.232382E1	2.557356E1	3.482573E0
2.235714E1	2.558732E1	3.473696E0
2.239045E1	2.557086E1	3.464151E0
2.242377E1	2.554631E1	3.470332E0
2.245709E1	2.553962E1	3.483436E0
2.249041E1	2.555991E1	3.473442E0
2.252373E1	2.556497E1	3.451788E0
2.255705E1	2.556975E1	3.442917E0
2.259037E1	2.558692E1	3.452487E0
2.262369E1	2.558462E1	3.464760E0
2.265701E1	2.562106E1	3.474436E0
2.269033E1	2.579033E1	3.476953E0
2.272365E1	2.606303E1	3.495679E0
2.275696E1	2.633157E1	3.518837E0
2.279028E1	2.640304E1	3.520545E0
2.282360E1	2.637842E1	3.530511E0
2.285692E1	2.639012E1	3.526780E0
2.289024E1	2.637800E1	3.526503E0
2.292356E1	2.629096E1	3.518437E0
2.295688E1	2.607541E1	3.526044E0
2.299020E1	2.587373E1	3.534806E0
2.302352E1	2.573431E1	3.539291E0
2.305684E1	2.577036E1	3.510181E0
2.309016E1	2.572074E1	3.466054E0
2.312347E1	2.571849E1	3.481555E0
2.315679E1	2.584068E1	3.521671E0
2.319011E1	2.599461E1	3.526449E0
2.322343E1	2.616780E1	3.512843E0
2.325675E1	2.631253E1	3.522865E0
2.329007E1	2.643088E1	3.530259E0
2.332339E1	2.651500E1	3.547503E0
2.335671E1	2.653029E1	3.580936E0
2.339003E1	2.650776E1	3.561679E0
2.342335E1	2.649068E1	3.559003E0
2.345667E1	2.649187E1	3.562385E0
2.348999E1	2.648066E1	3.584181E0
2.352330E1	2.646407E1	3.576469E0
2.355662E1	2.646196E1	3.563359E0
2.358994E1	2.647321E1	3.572600E0
2.362326E1	2.648261E1	3.575284E0
2.365658E1	2.652116E1	3.568656E0
2.368990E1	2.667391E1	3.576195E0
2.372322E1	2.695031E1	3.588796E0
2.375654E1	2.722925E1	3.611623E0
2.378986E1	2.730487E1	3.635690E0
2.382318E1	2.728165E1	3.629472E0
2.385650E1	2.727915E1	3.630289E0
2.388981E1	2.727156E1	3.627406E0
2.392313E1	2.712167E1	3.630473E0
2.395645E1	2.686425E1	3.654653E0
2.398977E1	2.658615E1	3.652273E0
2.402309E1	2.642100E1	3.686133E0
2.405641E1	2.647282E1	3.632297E0
2.408973E1	2.646280E1	3.579928E0
2.412305E1	2.645205E1	3.620022E0
2.415637E1	2.657201E1	3.620411E0
2.418969E1	2.677470E1	3.626605E0
2.422301E1	2.697952E1	3.672507E0
2.425633E1	2.715559E1	3.703743E0
2.428964E1	2.731840E1	3.702314E0
2.432296E1	2.742875E1	3.692808E0
2.435628E1	2.744314E1	3.684126E0
2.438960E1	2.736833E1	3.691374E0
2.442292E1	2.735492E1	3.674358E0
2.445624E1	2.734813E1	3.677728E0
2.448956E1	2.735534E1	3.677727E0
2.452288E1	2.733390E1	3.666933E0
2.455620E1	2.732027E1	3.692425E0
2.458952E1	2.728791E1	3.698722E0
2.462284E1	2.730506E1	3.702671E0
2.465615E1	2.740635E1	3.692224E0
2.468947E1	2.762174E1	3.700368E0
2.472279E1	2.792073E1	3.733591E0
2.475611E1	2.804392E1	3.744649E0
2.478943E1	2.800792E1	3.740880E0
2.482275E1	2.795418E1	3.738900E0
2.485607E1	2.796442E1	3.749796E0
2.488939E1	2.796930E1	3.749477E0
2.492271E1	2.783823E1	3.736485E0
2.495603E1	2.755835E1	3.728777E0
2.498935E1	2.722580E1	3.740576E0
2.502267E1	2.696762E1	3.776235E0
2.505598E1	2.691869E1	3.750316E0
2.508930E1	2.690307E1	3.702821E0
2.512262E1	2.689004E1	3.739673E0
2.515594E1	2.701191E1	3.741040E0
2.518926E1	2.720511E1	3.744749E0
2.522258E1	2.737812E1	3.765853E0
2.525590E1	2.754043E1	3.790398E0
2.528922E1	2.768621E1	3.785546E0
2.532254E1	2.778450E1	3.791419E0
2.535586E1	2.780892E1	3.809404E0
2.538918E1	2.775258E1	3.809372E0
2.542249E1	2.773199E1	3.794848E0
2.545581E1	2.772748E1	3.783339E0
2.548913E1	2.775588E1	3.795565E0
2.552245E1	2.776997E1	3.800293E0
2.555577E1	2.778354E1	3.782768E0
2.558909E1	2.780249E1	3.789645E0
2.562241E1	2.775638E1	3.812698E0
2.565573E1	2.777278E1	3.817684E0
2.568905E1	2.794531E1	3.813805E0
2.572237E1	2.825811E1	3.843129E0
2.575569E1	2.852715E1	3.890412E0
2.578901E1	2.856700E1	3.895459E0
2.582232E1	2.852185E1	3.921571E0
2.585564E1	2.853556E1	3.915492E0
2.588896E1	2.853591E1	3.910908E0
2.592228E1	2.842933E1	3.910078E0
2.595560E1	2.819875E1	3.915552E0
2.598892E1	2.794166E1	3.909793E0
2.602224E1	2.776697E1	3.909884E0
2.605556E1	2.778603E1	3.854120E0
2.608888E1	2.776704E1	3.849207E0
2.612220E1	2.776446E1	3.872997E0
2.615552E1	2.788091E1	3.864228E0
2.618883E1	2.809014E1	3.858247E0
2.622215E1	2.826872E1	3.883244E0
2.625547E1	2.842151E1	3.911371E0
2.628879E1	2.854414E1	3.902405E0
2.632211E1	2.861581E1	3.891296E0
2.635543E1	2.861196E1	3.905851E0
2.638875E1	2.857841E1	3.909208E0
2.642207E1	2.855930E1	3.877235E0
2.645539E1	2.855151E1	3.867039E0
2.648871E1	2.856997E1	3.854411E0
2.652203E1	2.857269E1	3.858942E0
2.655535E1	2.860549E1	3.845499E0
2.658866E1	2.860230E1	3.857070E0
2.662198E1	2.860661E1	3.854209E0
2.665530E1	2.864619E1	3.859539E0
2.668862E1	2.882306E1	3.862884E0
2.672194E1	2.911421E1	3.896065E0
2.675526E1	2.934112E1	3.917820E0
2.678858E1	2.933705E1	3.915256E0
2.682190E1	2.927941E1	3.918755E0
2.685522E1	2.928900E1	3.929869E0
2.688854E1	2.929739E1	3.918533E0
2.692186E1	2.916225E1	3.907855E0
2.695517E1	2.889380E1	3.896890E0
2.698849E1	2.860771E1	3.912202E0
2.702181E1	2.844324E1	3.900767E0
2.705513E1	2.844210E1	3.888324E0
2.708845E1	2.842130E1	3.905825E0
2.712177E1	2.843460E1	3.900131E0
2.715509E1	2.855923E1	3.878811E0
2.718841E1	2.876086E1	3.878199E0
2.722173E1	2.896181E1	3.909018E0
2.725505E1	2.910740E1	3.919958E0
2.728837E1	2.915595E1	3.916824E0
2.732169E1	2.917064E1	3.907720E0
2.735500E1	2.914321E1	3.921462E0
2.738832E1	2.914563E1	3.917785E0
2.742164E1	2.912925E1	3.915500E0
2.745496E1	2.910887E1	3.902260E0
2.748828E1	2.910389E1	3.905676E0
2.752160E1	2.911320E1	3.903431E0
2.755492E1	2.913115E1	3.914274E0
2.758824E1	2.915678E1	3.905398E0
2.762156E1	2.917636E1	3.901858E0
2.765488E1	2.923314E1	3.917485E0
2.768820E1	2.941378E1	3.916520E0
2.772151E1	2.970296E1	3.918169E0
2.775483E1	2.993128E1	3.932430E0
2.778815E1	2.994861E1	3.947597E0
2.782147E1	2.991536E1	3.962884E0
2.785479E1	2.991703E1	3.962322E0
2.788811E1	2.992072E1	3.961220E0
2.792143E1	2.979914E1	3.968942E0
2.795475E1	2.954720E1	3.971945E0
2.798807E1	2.927642E1	3.960691E0
2.802139E1	2.909879E1	3.968074E0
2.805471E1	2.912133E1	3.943583E0
2.808803E1	2.908151E1	3.960214E0
2.812134E1	2.910416E1	3.964592E0
2.815466E1	2.919546E1	3.971636E0
2.818798E1	2.930864E1	3.999240E0
2.822130E1	2.944319E1	3.992463E0
2.825462E1	2.957527E1	3.974899E0
2.828794E1	2.964672E1	3.965286E0
2.832126E1	2.965979E1	3.974987E0
2.835458E1	2.966683E1	3.966820E0
2.838790E1	2.965669E1	3.955022E0
2.842122E1	2.963907E1	3.960843E0
2.845454E1	2.961377E1	3.956339E0
2.848785E1	2.960867E1	3.958819E0
2.852117E1	2.961738E1	3.951507E0
2.855449E1	2.963918E1	3.942974E0
2.858781E1	2.964751E1	3.928722E0
2.862113E1	2.965473E1	3.915494E0
2.865445E1	2.972132E1	3.910046E0
2.868777E1	2.989586E1	3.938064E0
2.872109E1	3.019056E1	3.964942E0
2.875441E1	3.044027E1	3.979968E0
2.878773E1	3.046778E1	4.004824E0
2.882105E1	3.042420E1	4.020982E0
2.885436E1	3.043275E1	4.016339E0
2.888768E1	3.043045E1	4.014048E0
2.892100E1	3.031617E1	4.019161E0
2.895432E1	3.008661E1	4.036004E0
2.898764E1	2.985393E1	4.060109E0
2.902096E1	2.969984E1	4.084416E0
2.905428E1	2.972964E1	4.071835E0
2.908760E1	2.971694E1	4.053086E0
2.912092E1	2.975297E1	4.065009E0
2.915424E1	2.986300E1	4.047284E0
2.918756E1	3.005003E1	4.041701E0
2.922088E1	3.024535E1	4.073104E0
2.925419E1	3.039403E1	4.099147E0
2.928751E1	3.048991E1	4.079543E0
2.932083E1	3.055363E1	4.074524E0
2.935415E1	3.054993E1	4.074575E0
2.938747E1	3.051923E1	4.083762E0
2.942079E1	3.051643E1	4.076417E0
2.945411E1	3.052193E1	4.075183E0
2.948743E1	3.050949E1	4.076201E0
2.952075E1	3.051653E1	4.075089E0
2.955407E1	3.053587E1	4.067643E0
2.958739E1	3.055301E1	4.060197E0
2.962070E1	3.056837E1	4.068550E0
2.965402E1	3.064654E1	4.054083E0
2.968734E1	3.082395E1	4.069238E0
2.972066E1	3.105067E1	4.082495E0
2.975398E1	3.127436E1	4.083202E0
2.978730E1	3.134366E1	4.101657E0
2.982062E1	3.130870E1	4.099864E0
2.985394E1	3.130338E1	4.089572E0
2.988726E1	3.131863E1	4.076565E0
2.992058E1	3.118676E1	4.091856E0
2.995390E1	3.095955E1	4.095317E0
2.998722E1	3.066634E1	4.086075E0
3.002053E1	3.047007E1	4.113266E0
3.005385E1	3.042154E1	4.116188E0
3.008717E1	3.037850E1	4.079064E0
3.012049E1	3.039159E1	4.063093E0
3.015381E1	3.053311E1	4.063838E0
3.018713E1	3.071947E1	4.088840E0
3.022045E1	3.092019E1	4.120509E0
3.025377E1	3.110225E1	4.120040E0
3.028709E1	3.123442E1	4.131807E0
3.032041E1	3.134111E1	4.134672E0
3.035373E1	3.135635E1	4.141583E0
3.038704E1	3.132317E1	4.129121E0
3.042036E1	3.130994E1	4.129322E0
3.045368E1	3.132066E1	4.118298E0
3.048700E1	3.132185E1	4.107841E0
3.052032E1	3.132722E1	4.104614E0
3.055364E1	3.133242E1	4.128870E0
3.058696E1	3.135392E1	4.121746E0
3.062028E1	3.135655E1	4.101834E0
3.065360E1	3.141993E1	4.078452E0
3.068692E1	3.159408E1	4.074315E0
3.072024E1	3.186519E1	4.078968E0
3.075356E1	3.208726E1	4.081972E0
3.078687E1	3.211973E1	4.132708E0
3.082019E1	3.208478E1	4.137959E0
3.085351E1	3.208325E1	4.124028E0
3.088683E1	3.209219E1	4.120000E0
3.092015E1	3.204985E1	4.139567E0
3.095347E1	3.185192E1	4.151179E0
3.098679E1	3.159857E1	4.132881E0
3.102011E1	3.136104E1	4.127257E0
3.105343E1	3.125664E1	4.131838E0
3.108675E1	3.124438E1	4.136682E0
3.112007E1	3.126455E1	4.129848E0
3.115338E1	3.135972E1	4.125687E0
3.118670E1	3.153360E1	4.126667E0
3.122002E1	3.175325E1	4.132641E0
3.125334E1	3.195115E1	4.167861E0
3.128666E1	3.208881E1	4.172959E0
3.131998E1	3.219908E1	4.177904E0
3.135330E1	3.224253E1	4.172801E0
3.138662E1	3.220357E1	4.165989E0
3.141994E1	3.219077E1	4.175435E0
3.145326E1	3.218802E1	4.175126E0
3.148658E1	3.219443E1	4.173379E0
3.151990E1	3.218736E1	4.150410E0
3.155321E1	3.215854E1	4.122146E0
3.158653E1	3.213900E1	4.139547E0
3.161985E1	3.213959E1	4.135844E0
3.165317E1	3.222118E1	4.143619E0
3.168649E1	3.243593E1	4.152155E0
3.171981E1	3.275061E1	4.147756E0
3.175313E1	3.291462E1	4.142229E0
3.178645E1	3.290654E1	4.143324E0
3.181977E1	3.285098E1	4.147084E0
3.185309E1	3.284674E1	4.145332E0
3.188641E1	3.286830E1	4.130374E0
3.191972E1	3.274974E1	4.135533E0
3.195304E1	3.248985E1	4.140850E0
3.198636E1	3.220315E1	4.132807E0
3.201968E1	3.197556E1	4.129600E0
3.205300E1	3.190440E1	4.094804E0
3.208632E1	3.188005E1	4.072239E0
3.211964E1	3.191545E1	4.080873E0
3.215296E1	3.207033E1	4.074957E0
3.218628E1	3.230632E1	4.084769E0
3.221960E1	3.256812E1	4.130291E0
3.225292E1	3.279847E1	4.161528E0
3.228624E1	3.295039E1	4.180830E0
3.231955E1	3.307292E1	4.186319E0
3.235287E1	3.316874E1	4.201021E0
3.238619E1	3.318765E1	4.184494E0
3.241951E1	3.318491E1	4.167336E0
3.245283E1	3.317142E1	4.178891E0
3.248615E1	3.317607E1	4.180961E0
3.251947E1	3.321164E1	4.183801E0
3.255279E1	3.328608E1	4.161161E0
3.258611E1	3.333478E1	4.154654E0
3.261943E1	3.336536E1	4.121598E0
3.265275E1	3.339110E1	4.134298E0
3.268606E1	3.353591E1	4.117390E0
3.271938E1	3.382716E1	4.132194E0
3.275270E1	3.404597E1	4.145567E0
3.278602E1	3.406701E1	4.174940E0
3.281934E1	3.401244E1	4.189282E0
3.285266E1	3.401031E1	4.188640E0
3.288598E1	3.402409E1	4.174592E0
3.291930E1	3.391463E1	4.182336E0
3.295262E1	3.363941E1	4.200492E0
3.298594E1	3.331156E1	4.190758E0
3.301926E1	3.300951E1	4.229392E0
3.305258E1	3.288425E1	4.250555E0
3.308589E1	3.285358E1	4.208266E0
3.311921E1	3.288925E1	4.210582E0
3.315253E1	3.301458E1	4.183356E0
3.318585E1	3.321756E1	4.187140E0
3.321917E1	3.342452E1	4.191720E0
3.325249E1	3.358399E1	4.215270E0
3.328581E1	3.367560E1	4.221125E0
3.331913E1	3.373537E1	4.217839E0
3.335245E1	3.374693E1	4.229401E0
3.338577E1	3.371836E1	4.244438E0
3.341909E1	3.369580E1	4.221342E0
3.345240E1	3.368979E1	4.234089E0
3.348572E1	3.367941E1	4.253990E0
3.351904E1	3.369684E1	4.233203E0
3.355236E1	3.372116E1	4.246280E0
3.358568E1	3.374869E1	4.236989E0
3.361900E1	3.373254E1	4.232938E0
3.365232E1	3.375675E1	4.219358E0
3.368564E1	3.389417E1	4.247833E0
3.371896E1	3.418058E1	4.261888E0
3.375228E1	3.446560E1	4.244998E0
3.378560E1	3.452841E1	4.226954E0
3.381892E1	3.446746E1	4.240877E0
3.385223E1	3.446960E1	4.249729E0
3.388555E1	3.446438E1	4.237775E0
3.391887E1	3.438440E1	4.239203E0
3.395219E1	3.412574E1	4.243534E0
3.398551E1	3.384627E1	4.269797E0
3.401883E1	3.367412E1	4.301913E0
3.405215E1	3.367574E1	4.292976E0
3.408547E1	3.366356E1	4.265516E0
3.411879E1	3.364332E1	4.256470E0
3.415211E1	3.373801E1	4.279291E0
3.418543E1	3.390285E1	4.264355E0
3.421874E1	3.407826E1	4.248864E0
3.425206E1	3.423400E1	4.271815E0
3.428538E1	3.434292E1	4.301183E0
3.431870E1	3.445369E1	4.300507E0
3.435202E1	3.451606E1	4.285095E0
3.438534E1	3.449306E1	4.297941E0
3.441866E1	3.448005E1	4.300439E0
3.445198E1	3.448437E1	4.297880E0
3.448530E1	3.445855E1	4.300843E0
3.451862E1	3.446057E1	4.288626E0
3.455194E1	3.447673E1	4.277858E0
3.458526E1	3.451426E1	4.285705E0
3.461857E1	3.451401E1	4.273695E0
3.465189E1	3.455393E1	4.259145E0
3.468521E1	3.474032E1	4.242536E0
3.471853E1	3.500414E1	4.253677E0
3.475185E1	3.522757E1	4.250281E0
3.478517E1	3.528764E1	4.240062E0
3.481849E1	3.525164E1	4.266156E0
3.485181E1	3.525496E1	4.262486E0
3.488513E1	3.527136E1	4.245497E0
3.491845E1	3.519680E1	4.255941E0
3.495177E1	3.497246E1	4.284029E0
3.498508E1	3.473104E1	4.300906E0
3.501840E1	3.454352E1	4.320989E0
3.505172E1	3.454130E1	4.307930E0
3.508504E1	3.456100E1	4.277967E0
3.511836E1	3.457298E1	4.283119E0
3.515168E1	3.468120E1	4.264421E0
3.518500E1	3.487710E1	4.274194E0
3.521832E1	3.505047E1	4.284367E0
3.525164E1	3.519009E1	4.277019E0
3.528496E1	3.527314E1	4.281396E0
3.531828E1	3.531624E1	4.289438E0
3.535159E1	3.533570E1	4.290539E0
3.538491E1	3.529756E1	4.278041E0
3.541823E1	3.526006E1	4.301281E0
3.545155E1	3.524699E1	4.284658E0
3.548487E1	3.525984E1	4.312278E0
3.551819E1	3.527288E1	4.309990E0
3.555151E1	3.529274E1	4.292673E0
3.558483E1	3.529032E1	4.290608E0
3.561815E1	3.527260E1	4.300217E0
3.565147E1	3.533306E1	4.294309E0
3.568479E1	3.554018E1	4.298089E0
3.571811E1	3.581002E1	4.292972E0
3.575142E1	3.605041E1	4.253353E0
3.578474E1	3.611471E1	4.241072E0
3.581806E1	3.608684E1	4.282450E0
3.585138E1	3.609161E1	4.288757E0
3.588470E1	3.610162E1	4.274003E0
3.591802E1	3.602861E1	4.300798E0
3.595134E1	3.582613E1	4.329539E0
3.598466E1	3.558032E1	4.337011E0
3.601798E1	3.539157E1	4.383907E0
3.605130E1	3.537816E1	4.368582E0
3.608462E1	3.538454E1	4.343574E0
3.611793E1	3.537599E1	4.363344E0
3.615125E1	3.545657E1	4.354339E0
3.618457E1	3.559418E1	4.362121E0
3.621789E1	3.576103E1	4.360355E0
3.625121E1	3.593141E1	4.360083E0
3.628453E1	3.606193E1	4.349171E0
3.631785E1	3.615755E1	4.363245E0
3.635117E1	3.620896E1	4.386851E0
3.638449E1	3.616778E1	4.382848E0
3.641781E1	3.614558E1	4.405495E0
3.645113E1	3.613181E1	4.388145E0
3.648445E1	3.612530E1	4.392708E0
3.651776E1	3.612245E1	4.387127E0
3.655108E1	3.611599E1	4.392758E0
3.658440E1	3.611432E1	4.401051E0
3.661772E1	3.611223E1	4.404071E0
3.665104E1	3.615101E1	4.413725E0
3.668436E1	3.630397E1	4.416158E0
3.671768E1	3.655992E1	4.394113E0
3.675100E1	3.683698E1	4.366003E0
3.678432E1	3.695813E1	4.344423E0
3.681764E1	3.693886E1	4.365648E0
3.685096E1	3.692752E1	4.355938E0
3.688427E1	3.693131E1	4.350133E0
3.691759E1	3.686456E1	4.366981E0
3.695091E1	3.665846E1	4.401188E0
3.698423E1	3.639141E1	4.412281E0
3.701755E1	3.619200E1	4.463899E0
3.705087E1	3.618216E1	4.436112E0
3.708419E1	3.616982E1	4.422377E0
3.711751E1	3.616163E1	4.411817E0
3.715083E1	3.626129E1	4.404364E0
3.718415E1	3.639007E1	4.431845E0
3.721747E1	3.654260E1	4.468228E0
3.725079E1	3.670559E1	4.465239E0
3.728410E1	3.684330E1	4.441771E0
3.731742E1	3.691698E1	4.476051E0
3.735074E1	3.694033E1	4.498514E0
3.738406E1	3.689310E1	4.477020E0
3.741738E1	3.686734E1	4.482008E0
3.745070E1	3.684705E1	4.459486E0
3.748402E1	3.685884E1	4.487443E0
3.751734E1	3.685047E1	4.449980E0
3.755066E1	3.682989E1	4.454180E0
3.758398E1	3.683186E1	4.455282E0
3.761730E1	3.683926E1	4.460463E0
3.765061E1	3.689327E1	4.463288E0
3.768393E1	3.705082E1	4.463004E0
3.771725E1	3.729344E1	4.445824E0
3.775057E1	3.754076E1	4.430206E0
3.778389E1	3.766838E1	4.405170E0
3.781721E1	3.768630E1	4.461312E0
3.785053E1	3.768993E1	4.462468E0
3.788385E1	3.769368E1	4.437525E0
3.791717E1	3.764938E1	4.456033E0
3.795049E1	3.751901E1	4.481297E0
3.798381E1	3.735853E1	4.477095E0
3.801713E1	3.721387E1	4.510040E0
3.805044E1	3.717571E1	4.510461E0
3.808376E1	3.715908E1	4.497295E0
3.811708E1	3.715125E1	4.508841E0
3.815040E1	3.724805E1	4.521536E0
3.818372E1	3.737655E1	4.511171E0
3.821704E1	3.752656E1	4.508038E0
3.825036E1	3.765916E1	4.486307E0
3.828368E1	3.779533E1	4.527045E0
3.831700E1	3.789266E1	4.522228E0
3.835032E1	3.791571E1	4.539355E0
3.838364E1	3.787794E1	4.514244E0
3.841695E1	3.784451E1	4.497308E0
3.845027E1	3.782505E1	4.510656E0
3.848359E1	3.781380E1	4.516109E0
3.851691E1	3.782207E1	4.515479E0
3.855023E1	3.782094E1	4.516627E0
3.858355E1	3.782426E1	4.519830E0
3.861687E1	3.782436E1	4.522899E0
3.865019E1	3.785656E1	4.540217E0
3.868351E1	3.799308E1	4.522458E0
3.871683E1	3.821478E1	4.512444E0
3.875015E1	3.846786E1	4.489370E0
3.878347E1	3.862794E1	4.475788E0
3.881678E1	3.863992E1	4.514717E0
3.885010E1	3.864369E1	4.519030E0
3.888342E1	3.864244E1	4.507154E0
3.891674E1	3.858679E1	4.517108E0
3.895006E1	3.838833E1	4.532254E0
3.898338E1	3.816373E1	4.537300E0
3.901670E1	3.802426E1	4.570255E0
3.905002E1	3.804570E1	4.549628E0
3.908334E1	3.803164E1	4.563961E0
3.911666E1	3.802656E1	4.571243E0
3.914998E1	3.810401E1	4.560905E0
3.918329E1	3.823164E1	4.546634E0
3.921661E1	3.837321E1	4.559594E0
3.924993E1	3.851067E1	4.576269E0
3.928325E1	3.859924E1	4.563289E0
3.931657E1	3.860518E1	4.573899E0
3.934989E1	3.857677E1	4.613150E0
3.938321E1	3.853492E1	4.573455E0
3.941653E1	3.852087E1	4.574039E0
3.944985E1	3.852208E1	4.574800E0
3.948317E1	3.850865E1	4.578884E0
3.951649E1	3.848595E1	4.560239E0
3.954981E1	3.846280E1	4.563927E0
3.958312E1	3.848881E1	4.546895E0
3.961644E1	3.851388E1	4.586794E0
3.964976E1	3.856027E1	4.566747E0
3.968308E1	3.868295E1	4.578264E0
3.971640E1	3.891040E1	4.565653E0
3.974972E1	3.917966E1	4.545072E0
3.978304E1	3.934929E1	4.535119E0
3.981636E1	3.939309E1	4.574410E0
3.984968E1	3.940943E1	4.569706E0
3.988300E1	3.939746E1	4.567701E0
3.991632E1	3.935691E1	4.575342E0
3.994963E1	3.924247E1	4.620144E0
3.998295E1	3.916137E1	4.611340E0
4.001627E1	3.905023E1	4.623572E0
4.004959E1	3.902917E1	4.641681E0
4.008291E1	3.901686E1	4.643035E0
4.011623E1	3.902882E1	4.623632E0
4.014955E1	3.913187E1	4.609412E0
4.018287E1	3.925936E1	4.608808E0
4.021619E1	3.933838E1	4.641429E0
4.024951E1	3.942581E1	4.621310E0
4.028283E1	3.952051E1	4.626840E0
4.031615E1	3.959948E1	4.632991E0
4.034946E1	3.964386E1	4.640815E0
4.038278E1	3.962167E1	4.644290E0
4.041610E1	3.959732E1	4.630263E0
4.044942E1	3.956982E1	4.640107E0
4.048274E1	3.957990E1	4.633443E0
4.051606E1	3.957896E1	4.633042E0
4.054938E1	3.955255E1	4.607063E0
4.058270E1	3.953365E1	4.602264E0
4.061602E1	3.952790E1	4.603907E0
4.064934E1	3.957294E1	4.625397E0
4.068266E1	3.973275E1	4.631631E0
4.071597E1	4.000003E1	4.639222E0
4.074929E1	4.030700E1	4.617632E0
4.078261E1	4.040708E1	4.618063E0
4.081593E1	4.040102E1	4.630844E0
4.084925E1	4.039866E1	4.635709E0
4.088257E1	4.040088E1	4.632821E0
4.091589E1	4.035928E1	4.627502E0
4.094921E1	4.019785E1	4.668029E0
4.098253E1	4.010040E1	4.670929E0
4.101585E1	4.005976E1	4.737297E0
4.104917E1	4.012398E1	4.729100E0
4.108249E1	4.009486E1	4.696689E0
4.111580E1	4.008013E1	4.701753E0
4.114912E1	4.018758E1	4.688226E0
4.118244E1	4.032502E1	4.675576E0
4.121576E1	4.048768E1	4.679934E0
4.124908E1	4.063492E1	4.686803E0
4.128240E1	4.074253E1	4.683275E0
4.131572E1	4.080434E1	4.672339E0
4.134904E1	4.081945E1	4.670040E0
4.138236E1	4.079069E1	4.684065E0
4.141568E1	4.074795E1	4.681089E0
4.144900E1	4.074260E1	4.684284E0
4.148231E1	4.074755E1	4.681563E0
4.151563E1	4.072804E1	4.689055E0
4.154895E1	4.073258E1	4.686624E0
4.158227E1	4.076948E1	4.663548E0
4.161559E1	4.076355E1	4.665524E0
4.164891E1	4.079186E1	4.685120E0
4.168223E1	4.095745E1	4.699062E0
4.171555E1	4.125212E1	4.729762E0
4.174887E1	4.151241E1	4.734196E0
4.178219E1	4.156867E1	4.694472E0
4.181551E1	4.156385E1	4.698749E0
4.184882E1	4.156304E1	4.725009E0
4.188214E1	4.156804E1	4.720092E0
4.191546E1	4.151590E1	4.705630E0
4.194878E1	4.130518E1	4.696725E0
4.198210E1	4.102337E1	4.735798E0
4.201542E1	4.081511E1	4.774722E0
4.204874E1	4.075829E1	4.822760E0
4.208206E1	4.076381E1	4.738569E0
4.211538E1	4.076318E1	4.746481E0
4.214870E1	4.086134E1	4.736972E0
4.218202E1	4.102749E1	4.742687E0
4.221534E1	4.120283E1	4.783237E0
4.224865E1	4.137462E1	4.785912E0
4.228197E1	4.151424E1	4.794824E0
4.231529E1	4.160713E1	4.801972E0
4.234861E1	4.162348E1	4.793565E0
4.238193E1	4.160853E1	4.805138E0
4.241525E1	4.157405E1	4.796150E0
4.244857E1	4.156307E1	4.810925E0
4.248189E1	4.155214E1	4.808350E0
4.251521E1	4.157523E1	4.791110E0
4.254853E1	4.159770E1	4.782987E0
4.258185E1	4.159924E1	4.778732E0
4.261516E1	4.158096E1	4.784220E0
4.264848E1	4.161032E1	4.799940E0
4.268180E1	4.176829E1	4.804843E0
4.271512E1	4.205145E1	4.795528E0
4.274844E1	4.232079E1	4.763610E0
4.278176E1	4.241826E1	4.712218E0
4.281508E1	4.238198E1	4.739231E0
4.284840E1	4.238143E1	4.743132E0
4.288172E1	4.238603E1	4.742487E0
4.291504E1	4.233920E1	4.747983E0
4.294836E1	4.217381E1	4.774707E0
4.298168E1	4.192813E1	4.772680E0
4.301499E1	4.169917E1	4.824559E0
4.304831E1	4.159961E1	4.835644E0
4.308163E1	4.158808E1	4.797404E0
4.311495E1	4.162016E1	4.833958E0
4.314827E1	4.170632E1	4.773476E0
4.318159E1	4.186078E1	4.775495E0
4.321491E1	4.200700E1	4.818081E0
4.324823E1	4.212811E1	4.840357E0
4.328155E1	4.219374E1	4.833728E0
4.331487E1	4.217819E1	4.843024E0
4.334819E1	4.206800E1	4.843562E0
4.338150E1	4.197553E1	4.808156E0
4.341482E1	4.196610E1	4.802614E0
4.344814E1	4.196426E1	4.799477E0
4.348146E1	4.194023E1	4.809369E0
4.351478E1	4.194617E1	4.815703E0
4.354810E1	4.195731E1	4.820327E0
4.358142E1	4.196125E1	4.817651E0
4.361474E1	4.194983E1	4.816051E0
4.364806E1	4.199253E1	4.815816E0
4.368138E1	4.216033E1	4.811378E0
4.371470E1	4.238743E1	4.797308E0
4.374802E1	4.263302E1	4.750172E0
4.378133E1	4.279500E1	4.740819E0
4.381465E1	4.279692E1	4.770426E0
4.384797E1	4.279686E1	4.778248E0
4.388129E1	4.279112E1	4.773576E0
4.391461E1	4.274723E1	4.782542E0
4.394793E1	4.258198E1	4.811764E0
4.398125E1	4.236822E1	4.825169E0
4.401457E1	4.218446E1	4.857519E0
4.404789E1	4.216032E1	4.894766E0
4.408121E1	4.218507E1	4.849792E0
4.411453E1	4.221228E1	4.864850E0
4.414784E1	4.229828E1	4.809211E0
4.418116E1	4.246013E1	4.826136E0
4.421448E1	4.260755E1	4.888508E0
4.424780E1	4.268040E1	4.901106E0
4.428112E1	4.264513E1	4.883404E0
4.431444E1	4.256925E1	4.893218E0
4.434776E1	4.249979E1	4.892921E0
4.438108E1	4.246367E1	4.863188E0
4.441440E1	4.243908E1	4.865573E0
4.444772E1	4.244007E1	4.861497E0
4.448104E1	4.240976E1	4.843423E0
4.451436E1	4.241043E1	4.856315E0
4.454767E1	4.242191E1	4.853956E0
4.458099E1	4.241152E1	4.854227E0
4.461431E1	4.240387E1	4.854773E0
4.464763E1	4.244689E1	4.857254E0
4.468095E1	4.261075E1	4.856177E0
4.471427E1	4.284329E1	4.843332E0
4.474759E1	4.311555E1	4.831930E0
4.478091E1	4.327761E1	4.840199E0
4.481423E1	4.330070E1	4.846678E0
4.484755E1	4.331904E1	4.865263E0
4.488087E1	4.330963E1	4.837317E0
4.491418E1	4.327796E1	4.858914E0
4.494750E1	4.317917E1	4.865016E0
4.498082E1	4.306291E1	4.905378E0
4.501414E1	4.301271E1	4.946471E0
4.504746E1	4.301903E1	4.965720E0
4.508078E1	4.300937E1	4.956156E0
4.511410E1	4.299719E1	4.962350E0
4.514742E1	4.306251E1	4.957529E0
4.518074E1	4.314868E1	4.962977E0
4.521406E1	4.323622E1	4.941192E0
4.524738E1	4.330331E1	4.962463E0
4.528070E1	4.338029E1	5.014279E0
4.531401E1	4.344329E1	4.984240E0
4.534733E1	4.350369E1	4.954345E0
4.538065E1	4.346404E1	4.947231E0
4.541397E1	4.343014E1	4.965280E0
4.544729E1	4.342968E1	4.960785E0
4.548061E1	4.343333E1	4.950201E0
4.551393E1	4.339982E1	4.926732E0
4.554725E1	4.340324E1	4.932451E0
4.558057E1	4.342533E1	4.969377E0
4.561389E1	4.343219E1	4.966199E0
4.564721E1	4.346597E1	4.945159E0
4.568052E1	4.360438E1	4.961997E0
4.571384E1	4.383225E1	4.955276E0
4.574716E1	4.410458E1	4.948673E0
4.578048E1	4.428489E1	4.940413E0
4.581380E1	4.431227E1	4.973046E0
4.584712E1	4.432035E1	4.965809E0
4.588044E1	4.431018E1	4.963950E0
4.591376E1	4.427735E1	4.963386E0
4.594708E1	4.411429E1	4.978334E0
4.598040E1	4.398536E1	5.001623E0
4.601372E1	4.395733E1	4.977687E0
4.604704E1	4.409673E1	4.986748E0
4.608035E1	4.425881E1	4.970787E0
4.611367E1	4.433893E1	4.992234E0
4.614699E1	4.437436E1	5.021405E0
4.618031E1	4.445332E1	4.999192E0
4.621363E1	4.455375E1	5.009779E0
4.624695E1	4.462556E1	5.044247E0
4.628027E1	4.464582E1	5.122393E0
4.631359E1	4.465816E1	5.119949E0
4.634691E1	4.465402E1	5.079893E0
4.638023E1	4.462161E1	5.066423E0
4.641355E1	4.460459E1	5.081197E0
4.644686E1	4.459399E1	5.085047E0
4.648018E1	4.457430E1	5.060873E0
4.651350E1	4.456167E1	5.058935E0
4.654682E1	4.457059E1	5.048009E0
4.658014E1	4.456879E1	5.055168E0
4.661346E1	4.455540E1	5.055601E0
4.664678E1	4.456005E1	5.024506E0
4.668010E1	4.473592E1	5.001950E0
4.671342E1	4.504061E1	5.017261E0
4.674674E1	4.532038E1	5.014630E0
4.678006E1	4.541694E1	5.013873E0
4.681338E1	4.538612E1	5.012092E0
4.684669E1	4.537510E1	5.020987E0
4.688001E1	4.537662E1	5.018816E0
4.691333E1	4.533409E1	5.010346E0
4.694665E1	4.516707E1	5.053477E0
4.697997E1	4.494148E1	5.090953E0
4.701329E1	4.477830E1	5.129673E0
4.704661E1	4.472251E1	5.176482E0
4.707993E1	4.473837E1	5.104077E0
4.711325E1	4.475012E1	5.131459E0
4.714657E1	4.482955E1	5.136454E0
4.717989E1	4.493547E1	5.145160E0
4.721320E1	4.504683E1	5.179189E0
4.724652E1	4.514745E1	5.193884E0
4.727984E1	4.521472E1	5.184665E0
4.731316E1	4.525535E1	5.182664E0
4.734648E1	4.528204E1	5.162111E0
4.737980E1	4.524808E1	5.183484E0
4.741312E1	4.521704E1	5.169407E0
4.744644E1	4.521789E1	5.167126E0
4.747976E1	4.521960E1	5.161614E0
4.751308E1	4.520521E1	5.173184E0
4.754640E1	4.521309E1	5.176168E0
4.757972E1	4.523948E1	5.172339E0
4.761303E1	4.523768E1	5.177119E0
4.764635E1	4.526178E1	5.192502E0
4.767967E1	4.540653E1	5.168993E0
4.771299E1	4.565194E1	5.180401E0
4.774631E1	4.594568E1	5.158099E0
4.777963E1	4.609942E1	5.161059E0
4.781295E1	4.610338E1	5.171912E0
4.784627E1	4.607016E1	5.164625E0
4.787959E1	4.605830E1	5.167823E0
4.791291E1	4.602954E1	5.185210E0
4.794623E1	4.584256E1	5.189353E0
4.797954E1	4.561621E1	5.214383E0
4.801286E1	4.541889E1	5.286193E0
4.804618E1	4.534045E1	5.297137E0
4.807950E1	4.534408E1	5.266131E0
4.811282E1	4.533553E1	5.278496E0
4.814614E1	4.538765E1	5.261750E0
4.817946E1	4.553432E1	5.252632E0
4.821278E1	4.565685E1	5.263480E0
4.824610E1	4.576498E1	5.260340E0
4.827942E1	4.587447E1	5.253078E0
4.831274E1	4.593852E1	5.249189E0
4.834605E1	4.597931E1	5.250828E0
4.837937E1	4.595564E1	5.234205E0
4.841269E1	4.592407E1	5.246432E0
4.844601E1	4.592352E1	5.244899E0
4.847933E1	4.592967E1	5.239669E0
4.851265E1	4.589424E1	5.223140E0
4.854597E1	4.588815E1	5.226830E0
4.857929E1	4.592004E1	5.228639E0
4.861261E1	4.593115E1	5.187906E0
4.864593E1	4.597471E1	5.173571E0
4.867925E1	4.609868E1	5.146519E0
4.871257E1	4.633507E1	5.133798E0
4.874588E1	4.663021E1	5.183445E0
4.877920E1	4.678549E1	5.159528E0
4.881252E1	4.679446E1	5.190821E0
4.884584E1	4.676945E1	5.181989E0
4.887916E1	4.676678E1	5.178678E0
4.891248E1	4.673969E1	5.190661E0
4.894580E1	4.655508E1	5.199778E0
4.897912E1	4.634555E1	5.218745E0
4.901244E1	4.613933E1	5.284814E0
4.904576E1	4.602819E1	5.312305E0
4.907908E1	4.602085E1	5.296670E0
4.911239E1	4.599249E1	5.286739E0
4.914571E1	4.605122E1	5.282672E0
4.917903E1	4.616400E1	5.280421E0
4.921235E1	4.632418E1	5.277637E0
4.924567E1	4.651035E1	5.277352E0
4.927899E1	4.666648E1	5.293435E0
4.931231E1	4.678266E1	5.294581E0
4.934563E1	4.683862E1	5.295487E0
4.937895E1	4.680704E1	5.306096E0
4.941227E1	4.678157E1	5.280213E0
4.944559E1	4.674521E1	5.296460E0
4.947891E1	4.675159E1	5.287438E0
4.951222E1	4.675362E1	5.285182E0
4.954554E1	4.676371E1	5.278357E0
4.957886E1	4.678730E1	5.282597E0
4.961218E1	4.679994E1	5.338993E0
4.964550E1	4.682395E1	5.338241E0
4.967882E1	4.693650E1	5.318567E0
4.971214E1	4.718235E1	5.306370E0
4.974546E1	4.747219E1	5.263624E0
4.977878E1	4.764009E1	5.245325E0
4.981210E1	4.765165E1	5.266639E0
4.984542E1	4.763320E1	5.284319E0
4.987873E1	4.761244E1	5.237187E0
4.991205E1	4.757836E1	5.262730E0
4.994537E1	4.740424E1	5.304393E0
4.997869E1	4.719247E1	5.329726E0
5.001201E1	4.695574E1	5.368151E0
5.004533E1	4.680898E1	5.394416E0
5.007865E1	4.676360E1	5.356672E0
5.011197E1	4.676952E1	5.341417E0
5.014529E1	4.685508E1	5.351753E0
5.017861E1	4.700769E1	5.321380E0
5.021193E1	4.717980E1	5.346532E0
5.024525E1	4.736065E1	5.348499E0
5.027856E1	4.752315E1	5.381167E0
5.031188E1	4.760703E1	5.385360E0
5.034520E1	4.763591E1	5.396421E0
5.037852E1	4.759236E1	5.395494E0
5.041184E1	4.755054E1	5.379840E0
5.044516E1	4.754466E1	5.391884E0
5.047848E1	4.752990E1	5.401124E0
5.051180E1	4.751181E1	5.402733E0
5.054512E1	4.751996E1	5.394937E0
5.057844E1	4.753017E1	5.394542E0
5.061176E1	4.753035E1	5.401407E0
5.064507E1	4.757448E1	5.418411E0
5.067839E1	4.773313E1	5.414905E0
5.071171E1	4.797741E1	5.383669E0
5.074503E1	4.824710E1	5.349434E0
5.077835E1	4.838720E1	5.327066E0
5.081167E1	4.836741E1	5.353625E0
5.084499E1	4.834355E1	5.358617E0
5.087831E1	4.835236E1	5.344342E0
5.091163E1	4.833390E1	5.333706E0
5.094495E1	4.814846E1	5.367452E0
5.097827E1	4.791644E1	5.394869E0
5.101159E1	4.766001E1	5.435620E0
5.104490E1	4.752753E1	5.500275E0
5.107822E1	4.749694E1	5.432855E0
5.111154E1	4.748866E1	5.443614E0
5.114486E1	4.757563E1	5.418693E0
5.117818E1	4.774344E1	5.408322E0
5.121150E1	4.794359E1	5.446527E0
