	mass A		
t	x	y	
0.000000E0	2.234307E-1	1.243873E-3
3.331913E-2	3.958429E-1	5.683153E-3
6.663826E-2	5.603556E-1	3.164789E-2
9.995738E-2	7.043043E-1	5.494977E-2
1.332765E-1	8.203220E-1	6.164782E-2
1.665956E-1	9.007117E-1	6.317505E-2
1.999148E-1	9.209442E-1	6.440903E-2
2.332339E-1	9.129298E-1	7.035989E-2
2.665530E-1	8.742261E-1	1.116196E-1
2.998722E-1	8.055929E-1	1.072126E-1
3.331913E-1	7.719474E-1	9.096107E-2
3.665104E-1	7.534690E-1	5.830240E-2
3.998295E-1	7.201377E-1	7.990477E-3
4.331487E-1	6.730326E-1	-4.890281E-2
4.664678E-1	7.332146E-1	-5.663140E-2
4.997869E-1	9.221504E-1	-1.143083E-2
5.331061E-1	1.198767E0	4.977466E-2
5.664252E-1	1.359122E0	6.927030E-2
5.997443E-1	1.359693E0	5.441300E-2
6.330634E-1	1.387104E0	4.028006E-2
6.663826E-1	1.377168E0	4.893703E-2
6.997017E-1	1.374360E0	5.574581E-2
7.330208E-1	1.364264E0	5.348726E-2
7.663399E-1	1.445200E0	5.337736E-2
7.996591E-1	1.580288E0	1.229083E-1
8.329782E-1	1.819896E0	1.604771E-1
8.662973E-1	2.059406E0	1.509161E-1
8.996165E-1	2.094264E0	1.787819E-1
9.329356E-1	2.085979E0	1.567828E-1
9.662547E-1	2.139004E0	1.616059E-1
9.995738E-1	2.243110E0	1.710084E-1
1.032893E0	2.374415E0	1.748581E-1
1.066212E0	2.474347E0	1.731393E-1
1.099531E0	2.545967E0	1.687187E-1
1.132850E0	2.595782E0	1.616518E-1
1.166169E0	2.633821E0	1.641096E-1
1.199489E0	2.634855E0	1.453753E-1
1.232808E0	2.630508E0	1.568804E-1
1.266127E0	2.587804E0	1.173897E-1
1.299446E0	2.540233E0	8.352462E-2
1.332765E0	2.486325E0	7.460920E-2
1.366084E0	2.459541E0	9.036316E-2
1.399403E0	2.437306E0	1.082469E-1
1.432723E0	2.428751E0	1.073763E-1
1.466042E0	2.486704E0	1.254112E-1
1.499361E0	2.602066E0	1.283737E-1
1.532680E0	2.896597E0	1.569078E-1
1.565999E0	3.194573E0	2.056406E-1
1.599318E0	3.189216E0	2.024837E-1
1.632637E0	3.182371E0	1.885515E-1
1.665956E0	3.174940E0	1.889279E-1
1.699276E0	3.185060E0	1.881130E-1
1.732595E0	3.140043E0	1.729940E-1
1.765914E0	3.165185E0	1.769544E-1
1.799233E0	3.239926E0	2.197556E-1
1.832552E0	3.354348E0	2.459065E-1
1.865871E0	3.424557E0	1.516003E-1
1.899190E0	3.399871E0	1.605467E-1
1.932509E0	3.451443E0	2.121586E-1
1.965829E0	3.474366E0	1.977730E-1
1.999148E0	3.557242E0	2.139074E-1
2.032467E0	3.663659E0	2.292034E-1
2.065786E0	3.840413E0	2.544743E-1
2.099105E0	4.013462E0	2.870673E-1
2.132424E0	4.170435E0	3.158434E-1
2.165743E0	4.252298E0	3.168367E-1
2.199062E0	4.281581E0	3.198975E-1
2.232382E0	4.252623E0	3.037262E-1
2.265701E0	4.195398E0	2.943374E-1
2.299020E0	4.107173E0	2.691909E-1
2.332339E0	4.087099E0	2.655852E-1
2.365658E0	4.076290E0	2.901225E-1
2.398977E0	4.051230E0	3.111049E-1
2.432296E0	4.041835E0	3.260698E-1
2.465615E0	4.085962E0	3.265709E-1
2.498935E0	4.236539E0	3.268260E-1
2.532254E0	4.569083E0	3.440694E-1
2.565573E0	4.866807E0	3.691581E-1
2.598892E0	4.832988E0	3.710729E-1
2.632211E0	4.807127E0	3.789870E-1
2.665530E0	4.805921E0	3.868294E-1
2.698849E0	4.799290E0	3.818643E-1
2.732169E0	4.758233E0	3.781352E-1
2.765488E0	4.741335E0	3.915741E-1
2.798807E0	4.764811E0	4.123385E-1
2.832126E0	4.878849E0	4.099716E-1
2.865445E0	4.941633E0	4.346772E-1
2.898764E0	4.939574E0	4.391670E-1
2.932083E0	4.932847E0	4.004539E-1
2.965402E0	5.018131E0	3.911848E-1
2.998722E0	5.144934E0	4.155878E-1
3.032041E0	5.279348E0	4.470881E-1
3.065360E0	5.449838E0	4.781926E-1
3.098679E0	5.624198E0	5.167053E-1
3.131998E0	5.757718E0	5.520149E-1
3.165317E0	5.792832E0	5.420742E-1
3.198636E0	5.730760E0	5.252596E-1
3.231955E0	5.674455E0	5.295002E-1
3.265275E0	5.632693E0	5.240530E-1
3.298594E0	5.571565E0	5.191537E-1
3.331913E0	5.541967E0	5.090015E-1
3.365232E0	5.520833E0	5.092358E-1
3.398551E0	5.496727E0	5.103910E-1
3.431870E0	5.486508E0	5.089281E-1
3.465189E0	5.555767E0	5.170108E-1
3.498508E0	5.691161E0	5.189554E-1
3.531828E0	5.985166E0	5.308852E-1
3.565147E0	6.279952E0	5.585397E-1
3.598466E0	6.282873E0	5.532721E-1
3.631785E0	6.280530E0	5.559112E-1
3.665104E0	6.273584E0	5.640721E-1
3.698423E0	6.273795E0	5.561979E-1
3.731742E0	6.233348E0	5.550325E-1
3.765061E0	6.263821E0	5.993579E-1
3.798381E0	6.327858E0	6.343485E-1
3.831700E0	6.441023E0	6.504016E-1
3.865019E0	6.509390E0	6.488190E-1
3.898338E0	6.493614E0	6.407066E-1
3.931657E0	6.468337E0	4.213635E-1
3.964976E0	6.572382E0	4.194633E-1
3.998295E0	6.745853E0	4.248696E-1
4.031615E0	6.960379E0	4.588488E-1
4.064934E0	7.175608E0	5.080967E-1
4.098253E0	7.363546E0	5.407155E-1
4.131572E0	7.514969E0	5.411684E-1
4.164891E0	7.604831E0	5.291022E-1
4.198210E0	7.629412E0	5.201750E-1
4.231529E0	7.613897E0	5.245879E-1
4.264848E0	7.626368E0	5.246013E-1
4.298168E0	7.644436E0	4.924052E-1
4.331487E0	7.637877E0	4.818666E-1
4.364806E0	7.650348E0	4.835507E-1
4.398125E0	7.675358E0	4.967851E-1
4.431444E0	7.716219E0	4.984513E-1
4.464763E0	7.786753E0	4.946674E-1
4.498082E0	7.951934E0	5.004949E-1
4.531401E0	8.206302E0	5.215377E-1
4.564721E0	8.475699E0	5.257272E-1
4.598040E0	8.541302E0	5.303272E-1
4.631359E0	8.524761E0	5.358905E-1
4.664678E0	8.519896E0	5.341024E-1
4.697997E0	8.517066E0	5.307192E-1
4.731316E0	8.444558E0	5.300661E-1
4.764635E0	8.234169E0	5.378784E-1
4.797954E0	8.055791E0	5.416368E-1
4.831274E0	7.938026E0	5.323269E-1
4.864593E0	7.960647E0	5.328681E-1
4.897912E0	7.960926E0	5.344127E-1
4.931231E0	8.000384E0	5.323120E-1
4.964550E0	8.089727E0	5.430125E-1
4.997869E0	8.243096E0	5.545840E-1
5.031188E0	8.451263E0	5.795751E-1
5.064507E0	8.666851E0	6.191309E-1
5.097827E0	8.852060E0	6.498078E-1
5.131146E0	8.998045E0	6.604467E-1
5.164465E0	9.101478E0	6.517632E-1
5.197784E0	9.150068E0	6.358878E-1
5.231103E0	9.169688E0	6.207359E-1
5.264422E0	9.203878E0	6.196103E-1
5.297741E0	9.216535E0	6.235278E-1
5.331061E0	9.242924E0	6.171153E-1
5.364380E0	9.264767E0	6.237501E-1
5.397699E0	9.358562E0	5.929416E-1
5.431018E0	9.481747E0	5.335898E-1
5.464337E0	9.563113E0	4.995280E-1
5.497656E0	9.696109E0	5.268432E-1
5.530975E0	9.951339E0	6.043932E-1
5.564294E0	1.021365E1	6.547858E-1
5.597614E0	1.027796E1	6.345228E-1
5.630933E0	1.025184E1	6.236951E-1
5.664252E0	1.024780E1	6.343314E-1
5.697571E0	1.025317E1	6.361176E-1
5.730890E0	1.018576E1	6.286037E-1
5.764209E0	9.956972E0	5.983329E-1
5.797528E0	9.692817E0	5.914922E-1
5.830847E0	9.502401E0	5.887933E-1
5.864167E0	9.473906E0	6.124927E-1
5.897486E0	9.496472E0	5.914274E-1
5.930805E0	9.507820E0	5.865881E-1
5.964124E0	9.622585E0	5.922547E-1
5.997443E0	9.827539E0	6.054981E-1
6.030762E0	1.005490E1	6.355591E-1
6.064081E0	1.026636E1	6.643976E-1
6.097400E0	1.043183E1	6.807780E-1
6.130720E0	1.056559E1	6.943512E-1
6.164039E0	1.065521E1	7.019122E-1
6.197358E0	1.070120E1	6.923564E-1
6.230677E0	1.072757E1	6.737651E-1
6.263996E0	1.072690E1	6.714520E-1
6.297315E0	1.071458E1	6.820264E-1
6.330634E0	1.071094E1	6.731272E-1
6.363953E0	1.074779E1	6.465933E-1
6.397273E0	1.080190E1	6.277415E-1
6.430592E0	1.085806E1	6.150683E-1
6.463911E0	1.091377E1	6.330741E-1
6.497230E0	1.106248E1	6.482322E-1
6.530549E0	1.132957E1	6.802836E-1
6.563868E0	1.160086E1	7.053572E-1
6.597187E0	1.166170E1	6.946303E-1
6.630507E0	1.161937E1	6.917539E-1
6.663826E0	1.162509E1	6.936730E-1
6.697145E0	1.163162E1	6.928595E-1
6.730464E0	1.156316E1	6.894168E-1
6.763783E0	1.133613E1	6.621033E-1
6.797102E0	1.105135E1	6.377135E-1
6.830421E0	1.082238E1	6.423825E-1
6.863740E0	1.074882E1	6.702465E-1
6.897060E0	1.077794E1	6.454161E-1
6.930379E0	1.080486E1	6.409138E-1
6.963698E0	1.092054E1	6.350054E-1
6.997017E0	1.110406E1	6.487182E-1
7.030336E0	1.131518E1	6.895934E-1
7.063655E0	1.152172E1	7.399479E-1
7.096974E0	1.169694E1	7.532936E-1
7.130293E0	1.184733E1	7.541911E-1
7.163613E0	1.195629E1	7.558623E-1
7.196932E0	1.203906E1	7.484160E-1
7.230251E0	1.210105E1	7.460348E-1
7.263570E0	1.211012E1	7.131008E-1
7.296889E0	1.213393E1	6.915739E-1
7.330208E0	1.215267E1	6.963069E-1
7.363527E0	1.220863E1	6.907432E-1
7.396846E0	1.228022E1	6.912969E-1
7.430166E0	1.234456E1	7.001833E-1
7.463485E0	1.239828E1	6.987876E-1
7.496804E0	1.253874E1	7.118499E-1
7.530123E0	1.278413E1	7.496194E-1
7.563442E0	1.297832E1	7.936627E-1
7.596761E0	1.299019E1	8.151958E-1
7.630080E0	1.291756E1	8.316285E-1
7.663399E0	1.291641E1	8.213351E-1
7.696719E0	1.292259E1	8.086174E-1
7.730038E0	1.284856E1	8.059655E-1
7.763357E0	1.261461E1	7.740053E-1
7.796676E0	1.232198E1	7.537313E-1
7.829995E0	1.210097E1	7.065473E-1
7.863314E0	1.202186E1	6.985676E-1
7.896633E0	1.199607E1	6.993606E-1
7.929953E0	1.201612E1	6.863390E-1
7.963272E0	1.210484E1	6.938937E-1
7.996591E0	1.226777E1	7.032881E-1
8.029910E0	1.244861E1	7.252250E-1
8.063229E0	1.263627E1	7.500346E-1
8.096548E0	1.280430E1	7.553995E-1
8.129867E0	1.294275E1	7.559531E-1
8.163186E0	1.305062E1	7.522927E-1
8.196506E0	1.311710E1	7.451755E-1
8.229825E0	1.318431E1	7.365426E-1
8.263144E0	1.327393E1	7.231139E-1
8.296463E0	1.339688E1	6.919035E-1
8.329782E0	1.354781E1	6.648820E-1
8.363101E0	1.368806E1	6.492313E-1
8.396420E0	1.383965E1	6.381007E-1
8.429739E0	1.398070E1	6.273858E-1
8.463059E0	1.408313E1	6.183399E-1
8.496378E0	1.419946E1	6.358209E-1
8.529697E0	1.442305E1	6.570261E-1
8.563016E0	1.458787E1	6.533394E-1
8.596335E0	1.463061E1	6.451378E-1
8.629654E0	1.456015E1	6.344397E-1
8.662973E0	1.453592E1	6.454375E-1
8.696292E0	1.456235E1	6.443252E-1
8.729612E0	1.449304E1	6.333563E-1
8.762931E0	1.419502E1	6.272216E-1
8.796250E0	1.383080E1	5.771151E-1
8.829569E0	1.350872E1	5.279800E-1
8.862888E0	1.335827E1	5.015670E-1
8.896207E0	1.334239E1	4.949293E-1
8.929526E0	1.337885E1	4.877337E-1
8.962845E0	1.345321E1	5.033076E-1
8.996165E0	1.361236E1	5.291817E-1
9.029484E0	1.383480E1	5.692606E-1
9.062803E0	1.404324E1	6.056467E-1
9.096122E0	1.423472E1	6.303336E-1
9.129441E0	1.438503E1	6.434990E-1
9.162760E0	1.447834E1	6.331463E-1
9.196079E0	1.454128E1	5.838304E-1
9.229399E0	1.456961E1	5.794452E-1
9.262718E0	1.460458E1	5.891835E-1
9.296037E0	1.461116E1	5.730474E-1
9.329356E0	1.464284E1	5.761093E-1
9.362675E0	1.472499E1	5.823587E-1
9.395994E0	1.484173E1	5.862455E-1
9.429313E0	1.495011E1	5.897637E-1
9.462632E0	1.502466E1	5.893677E-1
9.495952E0	1.512129E1	5.985681E-1
9.529271E0	1.532654E1	6.320070E-1
9.562590E0	1.552106E1	6.579611E-1
9.595909E0	1.561703E1	6.771898E-1
9.629228E0	1.560989E1	6.598339E-1
9.662547E0	1.559722E1	6.672700E-1
9.695866E0	1.559750E1	6.679625E-1
9.729185E0	1.553712E1	6.495452E-1
9.762505E0	1.527758E1	6.117935E-1
9.795824E0	1.494594E1	5.507807E-1
9.829143E0	1.463141E1	5.140238E-1
9.862462E0	1.451988E1	4.952079E-1
9.895781E0	1.452052E1	4.689672E-1
9.929100E0	1.451434E1	4.774524E-1
9.962419E0	1.455899E1	4.919792E-1
9.995738E0	1.464667E1	4.827603E-1
1.002906E1	1.479148E1	4.840109E-1
1.006238E1	1.497305E1	5.122883E-1
1.009570E1	1.517682E1	5.560707E-1
1.012901E1	1.534182E1	5.867222E-1
1.016233E1	1.544578E1	5.846704E-1
1.019565E1	1.549650E1	5.665668E-1
1.022897E1	1.549720E1	5.681836E-1
1.026229E1	1.550128E1	5.609365E-1
1.029561E1	1.554944E1	5.448673E-1
1.032893E1	1.559370E1	5.497681E-1
1.036225E1	1.567471E1	5.676833E-1
1.039557E1	1.579611E1	5.890026E-1
1.042889E1	1.592000E1	6.053785E-1
1.046221E1	1.598904E1	6.213226E-1
1.049553E1	1.611425E1	6.535734E-1
1.052884E1	1.634633E1	7.028666E-1
1.056216E1	1.658754E1	7.356138E-1
1.059548E1	1.664656E1	7.074166E-1
1.062880E1	1.660477E1	6.941741E-1
1.066212E1	1.660068E1	7.081019E-1
1.069544E1	1.659930E1	7.032716E-1
1.072876E1	1.654037E1	6.899469E-1
1.076208E1	1.631266E1	6.235865E-1
1.079540E1	1.592083E1	5.749721E-1
1.082872E1	1.558815E1	5.482980E-1
1.086204E1	1.542884E1	5.137493E-1
1.089535E1	1.539513E1	5.079850E-1
1.092867E1	1.541148E1	5.147107E-1
1.096199E1	1.548351E1	5.258063E-1
1.099531E1	1.565888E1	5.679944E-1
1.102863E1	1.589452E1	6.177264E-1
1.106195E1	1.610966E1	6.753974E-1
1.109527E1	1.628965E1	7.084286E-1
1.112859E1	1.646379E1	7.316920E-1
1.116191E1	1.657164E1	7.461296E-1
1.119523E1	1.665003E1	7.418974E-1
1.122855E1	1.671463E1	7.363726E-1
1.126187E1	1.674314E1	7.506913E-1
1.129518E1	1.675596E1	7.520519E-1
1.132850E1	1.677153E1	7.443263E-1
1.136182E1	1.680866E1	7.328980E-1
1.139514E1	1.684103E1	7.462612E-1
1.142846E1	1.685763E1	7.616069E-1
1.146178E1	1.689536E1	7.794564E-1
1.149510E1	1.703992E1	8.179214E-1
1.152842E1	1.728215E1	8.327756E-1
1.156174E1	1.747529E1	7.992620E-1
1.159506E1	1.753228E1	7.593045E-1
1.162838E1	1.747376E1	7.534210E-1
1.166169E1	1.745134E1	7.559797E-1
1.169501E1	1.747085E1	7.529095E-1
1.172833E1	1.741827E1	7.418913E-1
1.176165E1	1.717081E1	6.992453E-1
1.179497E1	1.685412E1	6.505483E-1
1.182829E1	1.655798E1	6.125808E-1
1.186161E1	1.640606E1	5.937592E-1
1.189493E1	1.637107E1	5.746674E-1
1.192825E1	1.638289E1	5.602917E-1
1.196157E1	1.650729E1	5.767372E-1
1.199489E1	1.674257E1	5.979277E-1
1.202821E1	1.698628E1	6.352151E-1
1.206152E1	1.717730E1	6.817868E-1
1.209484E1	1.732069E1	6.978836E-1
1.212816E1	1.744377E1	6.933542E-1
1.216148E1	1.756191E1	6.597625E-1
1.219480E1	1.762781E1	6.368152E-1
1.222812E1	1.765788E1	6.233422E-1
1.226144E1	1.763638E1	6.194139E-1
1.229476E1	1.760951E1	6.341795E-1
1.232808E1	1.760580E1	6.299464E-1
1.236140E1	1.761551E1	6.279443E-1
1.239472E1	1.763587E1	6.291804E-1
1.242803E1	1.763743E1	6.389438E-1
1.246135E1	1.766865E1	6.575020E-1
1.249467E1	1.783735E1	6.980057E-1
1.252799E1	1.810892E1	7.537823E-1
1.256131E1	1.834818E1	7.563055E-1
1.259463E1	1.840505E1	7.091258E-1
1.262795E1	1.836179E1	6.963697E-1
1.266127E1	1.836146E1	7.070735E-1
1.269459E1	1.835748E1	6.990439E-1
1.272791E1	1.829277E1	6.860456E-1
1.276123E1	1.804799E1	6.596566E-1
1.279455E1	1.777016E1	6.374549E-1
1.282786E1	1.751561E1	6.190897E-1
1.286118E1	1.743204E1	6.014002E-1
1.289450E1	1.739456E1	5.953153E-1
1.292782E1	1.738050E1	5.917199E-1
1.296114E1	1.746670E1	5.912690E-1
1.299446E1	1.762440E1	6.187245E-1
1.302778E1	1.780609E1	6.603939E-1
1.306110E1	1.800872E1	7.018987E-1
1.309442E1	1.820649E1	7.445963E-1
1.312774E1	1.836265E1	7.731124E-1
1.316106E1	1.844334E1	7.688039E-1
1.319437E1	1.846508E1	7.470480E-1
1.322769E1	1.847556E1	7.331493E-1
1.326101E1	1.846471E1	7.329426E-1
1.329433E1	1.845586E1	7.182437E-1
1.332765E1	1.844062E1	7.122758E-1
1.336097E1	1.845351E1	7.019758E-1
1.339429E1	1.847462E1	6.910109E-1
1.342761E1	1.850311E1	6.789762E-1
1.346093E1	1.853723E1	6.822063E-1
1.349425E1	1.867126E1	7.019787E-1
1.352757E1	1.890992E1	7.381808E-1
1.356089E1	1.916558E1	7.791697E-1
1.359420E1	1.926158E1	8.246644E-1
1.362752E1	1.923263E1	8.424812E-1
1.366084E1	1.923768E1	8.350757E-1
1.369416E1	1.924085E1	8.364220E-1
1.372748E1	1.918404E1	8.460405E-1
1.376080E1	1.896687E1	8.372088E-1
1.379412E1	1.872662E1	8.050872E-1
1.382744E1	1.851973E1	7.648512E-1
1.386076E1	1.845857E1	7.548226E-1
1.389408E1	1.843238E1	7.445723E-1
1.392740E1	1.841313E1	7.255230E-1
1.396071E1	1.851319E1	7.310943E-1
1.399403E1	1.870233E1	7.567622E-1
1.402735E1	1.889551E1	7.954190E-1
1.406067E1	1.907839E1	8.326370E-1
1.409399E1	1.923170E1	8.468999E-1
1.412731E1	1.934685E1	8.433045E-1
1.416063E1	1.939627E1	8.614255E-1
1.419395E1	1.935533E1	8.731461E-1
1.422727E1	1.932529E1	8.596160E-1
1.426059E1	1.932979E1	8.472362E-1
1.429391E1	1.934512E1	8.528215E-1
1.432723E1	1.934128E1	8.584600E-1
1.436054E1	1.933882E1	8.533982E-1
1.439386E1	1.934053E1	8.542986E-1
1.442718E1	1.934997E1	8.545079E-1
1.446050E1	1.937716E1	8.644741E-1
1.449382E1	1.951096E1	8.842582E-1
1.452714E1	1.974562E1	8.992839E-1
1.456046E1	2.003833E1	9.089175E-1
1.459378E1	2.019562E1	9.225771E-1
1.462710E1	2.019837E1	9.537954E-1
1.466042E1	2.019612E1	9.441441E-1
1.469374E1	2.020710E1	9.392690E-1
1.472705E1	2.016969E1	9.337784E-1
1.476037E1	1.997348E1	9.153451E-1
1.479369E1	1.973093E1	8.987006E-1
1.482701E1	1.949355E1	8.944071E-1
1.486033E1	1.937605E1	9.116952E-1
1.489365E1	1.934311E1	9.051121E-1
1.492697E1	1.932977E1	9.026948E-1
1.496029E1	1.943385E1	9.145094E-1
1.499361E1	1.965494E1	9.498495E-1
1.502693E1	1.989422E1	9.994147E-1
1.506025E1	2.009162E1	1.056731E0
1.509357E1	2.025529E1	1.094275E0
1.512688E1	2.039216E1	1.116330E0
1.516020E1	2.046879E1	1.131534E0
1.519352E1	2.050371E1	1.129553E0
1.522684E1	2.054271E1	1.158294E0
1.526016E1	2.062458E1	1.192919E0
1.529348E1	2.068969E1	1.205326E0
1.532680E1	2.070439E1	1.201523E0
1.536012E1	2.070334E1	1.215984E0
1.539344E1	2.070777E1	1.227157E0
1.542676E1	2.071222E1	1.274107E0
1.546008E1	2.073191E1	1.321048E0
1.549339E1	2.087527E1	1.361487E0
1.552671E1	2.115050E1	1.404380E0
1.556003E1	2.141416E1	1.445456E0
1.559335E1	2.149357E1	1.428680E0
1.562667E1	2.141396E1	1.402973E0
1.565999E1	2.141576E1	1.409082E0
1.569331E1	2.142340E1	1.422434E0
1.572663E1	2.137025E1	1.420406E0
1.575995E1	2.113362E1	1.395033E0
1.579327E1	2.082162E1	1.349968E0
1.582659E1	2.052950E1	1.312267E0
1.585991E1	2.040626E1	1.320540E0
1.589322E1	2.041990E1	1.285657E0
1.592654E1	2.043854E1	1.294029E0
1.595986E1	2.055162E1	1.319960E0
1.599318E1	2.075078E1	1.370641E0
1.602650E1	2.098837E1	1.442263E0
1.605982E1	2.120964E1	1.515909E0
1.609314E1	2.139844E1	1.562689E0
1.612646E1	2.155268E1	1.601046E0
1.615978E1	2.166007E1	1.630285E0
1.619310E1	2.173601E1	1.668706E0
1.622642E1	2.178288E1	1.688483E0
1.625973E1	2.181164E1	1.699061E0
1.629305E1	2.183847E1	1.695325E0
1.632637E1	2.187685E1	1.717002E0
1.635969E1	2.193145E1	1.758122E0
1.639301E1	2.199666E1	1.795189E0
1.642633E1	2.207802E1	1.837147E0
1.645965E1	2.216786E1	1.879674E0
1.649297E1	2.231185E1	1.945138E0
1.652629E1	2.254051E1	2.003208E0
1.655961E1	2.267832E1	1.996789E0
1.659293E1	2.272190E1	1.958815E0
1.662624E1	2.266610E1	1.961536E0
1.665956E1	2.265346E1	1.965396E0
1.669288E1	2.266284E1	1.958849E0
1.672620E1	2.259640E1	1.950812E0
1.675952E1	2.239247E1	1.899691E0
1.679284E1	2.207746E1	1.856023E0
1.682616E1	2.180651E1	1.847463E0
1.685948E1	2.168672E1	1.859479E0
1.689280E1	2.166448E1	1.836115E0
1.692612E1	2.165107E1	1.808798E0
1.695944E1	2.176398E1	1.829197E0
1.699276E1	2.196974E1	1.882853E0
1.702607E1	2.221325E1	1.944918E0
1.705939E1	2.242738E1	2.007558E0
1.709271E1	2.261110E1	2.063242E0
1.712603E1	2.275389E1	2.109881E0
1.715935E1	2.284887E1	2.137029E0
1.719267E1	2.289217E1	2.167960E0
1.722599E1	2.289796E1	2.179744E0
1.725931E1	2.290013E1	2.197410E0
1.729263E1	2.291510E1	2.202075E0
1.732595E1	2.291659E1	2.220291E0
1.735927E1	2.294659E1	2.251634E0
1.739258E1	2.298243E1	2.265294E0
1.742590E1	2.302011E1	2.252711E0
1.745922E1	2.307541E1	2.255873E0
1.749254E1	2.321503E1	2.278007E0
1.752586E1	2.344753E1	2.331233E0
1.755918E1	2.367691E1	2.349845E0
1.759250E1	2.375388E1	2.333272E0
1.762582E1	2.369907E1	2.330067E0
1.765914E1	2.367917E1	2.335518E0
1.769246E1	2.369077E1	2.336206E0
1.772578E1	2.365457E1	2.336424E0
1.775910E1	2.345368E1	2.298905E0
1.779241E1	2.317066E1	2.244754E0
1.782573E1	2.286534E1	2.223486E0
1.785905E1	2.270540E1	2.227802E0
1.789237E1	2.271351E1	2.204006E0
1.792569E1	2.270730E1	2.201152E0
1.795901E1	2.277068E1	2.210931E0
1.799233E1	2.296412E1	2.252401E0
1.802565E1	2.321194E1	2.300205E0
1.805897E1	2.341212E1	2.373688E0
1.809229E1	2.359374E1	2.439773E0
1.812561E1	2.374779E1	2.509618E0
1.815892E1	2.384222E1	2.559554E0
1.819224E1	2.389787E1	2.616324E0
1.822556E1	2.392909E1	2.673651E0
1.825888E1	2.399316E1	2.727682E0
1.829220E1	2.408197E1	2.771152E0
1.832552E1	2.421835E1	2.845380E0
1.835884E1	2.437963E1	2.926843E0
1.839216E1	2.451759E1	2.976332E0
1.842548E1	2.464065E1	2.998549E0
1.845880E1	2.471634E1	3.012701E0
1.849212E1	2.481165E1	3.016619E0
1.852544E1	2.499791E1	3.047998E0
1.855875E1	2.517651E1	3.004436E0
1.859207E1	2.530696E1	2.897730E0
1.862539E1	2.533256E1	2.849043E0
1.865871E1	2.532016E1	2.853874E0
1.869203E1	2.533142E1	2.853948E0
1.872535E1	2.529221E1	2.837900E0
1.875867E1	2.511672E1	2.794302E0
1.879199E1	2.479423E1	2.738556E0
1.882531E1	2.451072E1	2.680925E0
1.885863E1	2.435613E1	2.678762E0
1.889195E1	2.436911E1	2.659502E0
1.892526E1	2.439055E1	2.652457E0
1.895858E1	2.448091E1	2.669132E0
1.899190E1	2.465678E1	2.714213E0
1.902522E1	2.486500E1	2.734917E0
1.905854E1	2.502888E1	2.770684E0
1.909186E1	2.516526E1	2.802707E0
1.912518E1	2.529972E1	2.810770E0
1.915850E1	2.539845E1	2.832110E0
1.919182E1	2.544346E1	2.849385E0
1.922514E1	2.549600E1	2.846431E0
1.925846E1	2.552700E1	2.825376E0
1.929178E1	2.550559E1	2.834331E0
1.932509E1	2.548796E1	2.836670E0
1.935841E1	2.554441E1	2.840304E0
1.939173E1	2.563322E1	2.851433E0
1.942505E1	2.569457E1	2.894812E0
1.945837E1	2.573403E1	2.902544E0
1.949169E1	2.584110E1	2.926236E0
1.952501E1	2.609762E1	2.994723E0
1.955833E1	2.634715E1	3.061112E0
1.959165E1	2.643294E1	3.052124E0
1.962497E1	2.640923E1	3.029683E0
1.965829E1	2.640673E1	3.036738E0
1.969160E1	2.639885E1	3.054433E0
1.972492E1	2.634514E1	3.030123E0
1.975824E1	2.614828E1	2.966161E0
1.979156E1	2.586444E1	2.933784E0
1.982488E1	2.564673E1	2.915938E0
1.985820E1	2.555240E1	2.948640E0
1.989152E1	2.554098E1	2.949858E0
1.992484E1	2.554114E1	2.932486E0
1.995816E1	2.560979E1	2.948151E0
1.999148E1	2.574268E1	2.954525E0
2.002480E1	2.591166E1	2.960240E0
2.005812E1	2.607780E1	3.012298E0
2.009143E1	2.624202E1	3.062151E0
2.012475E1	2.637489E1	3.101416E0
2.015807E1	2.643096E1	3.127461E0
2.019139E1	2.639046E1	3.123013E0
2.022471E1	2.637243E1	3.118782E0
2.025803E1	2.637559E1	3.117804E0
2.029135E1	2.637155E1	3.139117E0
2.032467E1	2.636755E1	3.168798E0
2.035799E1	2.638473E1	3.166167E0
2.039131E1	2.640242E1	3.147317E0
2.042463E1	2.639926E1	3.154626E0
2.045794E1	2.641967E1	3.178022E0
2.049126E1	2.655550E1	3.212053E0
2.052458E1	2.680654E1	3.265131E0
2.055790E1	2.707282E1	3.284013E0
2.059122E1	2.717136E1	3.261930E0
2.062454E1	2.716699E1	3.242217E0
2.065786E1	2.714542E1	3.237984E0
2.069118E1	2.714683E1	3.233871E0
2.072450E1	2.711746E1	3.227032E0
2.075782E1	2.694358E1	3.219403E0
2.079114E1	2.674060E1	3.183585E0
2.082446E1	2.654848E1	3.168238E0
2.085777E1	2.648346E1	3.173728E0
2.089109E1	2.650203E1	3.101743E0
2.092441E1	2.646411E1	3.138048E0
2.095773E1	2.653953E1	3.143760E0
2.099105E1	2.670591E1	3.146261E0
2.102437E1	2.687658E1	3.193242E0
2.105769E1	2.705594E1	3.229170E0
2.109101E1	2.722011E1	3.266894E0
2.112433E1	2.732569E1	3.282786E0
2.115765E1	2.737746E1	3.282610E0
2.119097E1	2.734993E1	3.284445E0
2.122428E1	2.732166E1	3.269990E0
2.125760E1	2.733557E1	3.268380E0
2.129092E1	2.735015E1	3.277372E0
2.132424E1	2.732755E1	3.273834E0
2.135756E1	2.732023E1	3.284571E0
2.139088E1	2.733636E1	3.279091E0
2.142420E1	2.734313E1	3.306737E0
2.145752E1	2.736554E1	3.327886E0
2.149084E1	2.747035E1	3.362365E0
2.152416E1	2.771535E1	3.391293E0
2.155748E1	2.801423E1	3.414010E0
2.159080E1	2.815312E1	3.415946E0
2.162411E1	2.812648E1	3.409410E0
2.165743E1	2.813085E1	3.401909E0
2.169075E1	2.813315E1	3.390111E0
2.172407E1	2.810195E1	3.389359E0
2.175739E1	2.788307E1	3.388395E0
2.179071E1	2.757898E1	3.350446E0
2.182403E1	2.726880E1	3.339682E0
2.185735E1	2.714112E1	3.343427E0
2.189067E1	2.717010E1	3.309103E0
2.192399E1	2.715859E1	3.292521E0
2.195731E1	2.721384E1	3.301400E0
2.199062E1	2.739573E1	3.311063E0
2.202394E1	2.760182E1	3.372448E0
2.205726E1	2.779830E1	3.427153E0
2.209058E1	2.791940E1	3.447962E0
2.212390E1	2.802496E1	3.448543E0
2.215722E1	2.810064E1	3.456537E0
2.219054E1	2.808174E1	3.458803E0
2.222386E1	2.803499E1	3.443915E0
2.225718E1	2.806030E1	3.452687E0
2.229050E1	2.806819E1	3.441806E0
2.232382E1	2.808340E1	3.440469E0
2.235714E1	2.807377E1	3.455629E0
2.239045E1	2.805334E1	3.463422E0
2.242377E1	2.807152E1	3.472884E0
2.245709E1	2.813932E1	3.474048E0
2.249041E1	2.828648E1	3.497437E0
2.252373E1	2.853641E1	3.527664E0
2.255705E1	2.881124E1	3.567669E0
2.259037E1	2.890807E1	3.573344E0
2.262369E1	2.887744E1	3.566605E0
2.265701E1	2.886716E1	3.571473E0
2.269033E1	2.886474E1	3.565000E0
2.272365E1	2.881182E1	3.554178E0
2.275696E1	2.861508E1	3.541316E0
2.279028E1	2.840326E1	3.496701E0
2.282360E1	2.818211E1	3.482208E0
2.285692E1	2.810385E1	3.446885E0
2.289024E1	2.809290E1	3.416360E0
2.292356E1	2.808410E1	3.422069E0
2.295688E1	2.817615E1	3.436981E0
2.299020E1	2.835251E1	3.453591E0
2.302352E1	2.856138E1	3.488906E0
2.305684E1	2.869583E1	3.526530E0
2.309016E1	2.881220E1	3.555934E0
2.312347E1	2.888595E1	3.578330E0
2.315679E1	2.893400E1	3.568559E0
2.319011E1	2.892153E1	3.561638E0
2.322343E1	2.890565E1	3.560315E0
2.325675E1	2.890026E1	3.553072E0
2.329007E1	2.891475E1	3.551473E0
2.332339E1	2.891839E1	3.543596E0
2.335671E1	2.887249E1	3.517950E0
2.339003E1	2.885264E1	3.521192E0
2.342335E1	2.885966E1	3.521173E0
2.345667E1	2.888696E1	3.524815E0
2.348999E1	2.902006E1	3.544875E0
2.352330E1	2.929077E1	3.595531E0
2.355662E1	2.958642E1	3.666466E0
2.358994E1	2.966748E1	3.693035E0
2.362326E1	2.961689E1	3.684455E0
2.365658E1	2.961922E1	3.686049E0
2.368990E1	2.962094E1	3.677678E0
2.372322E1	2.957017E1	3.665489E0
2.375654E1	2.936171E1	3.623646E0
2.378986E1	2.907704E1	3.549565E0
2.382318E1	2.884893E1	3.512036E0
2.385650E1	2.879070E1	3.518015E0
2.388981E1	2.880120E1	3.511291E0
2.392313E1	2.877116E1	3.542152E0
2.395645E1	2.884938E1	3.550661E0
2.398977E1	2.895921E1	3.559584E0
2.402309E1	2.911337E1	3.599348E0
2.405641E1	2.929220E1	3.646037E0
2.408973E1	2.945727E1	3.683051E0
2.412305E1	2.956064E1	3.685841E0
2.415637E1	2.959293E1	3.656932E0
2.418969E1	2.956487E1	3.670987E0
2.422301E1	2.955016E1	3.683341E0
2.425633E1	2.956648E1	3.668640E0
2.428964E1	2.955873E1	3.659269E0
2.432296E1	2.952222E1	3.631178E0
2.435628E1	2.949970E1	3.653807E0
2.438960E1	2.950719E1	3.658837E0
2.442292E1	2.952615E1	3.649346E0
2.445624E1	2.959975E1	3.667675E0
2.448956E1	2.976227E1	3.675384E0
2.452288E1	3.001611E1	3.707537E0
2.455620E1	3.025864E1	3.765575E0
2.458952E1	3.033611E1	3.770898E0
2.462284E1	3.030316E1	3.770008E0
2.465615E1	3.029342E1	3.777974E0
2.468947E1	3.029201E1	3.775456E0
2.472279E1	3.024698E1	3.768973E0
2.475611E1	3.006168E1	3.743759E0
2.478943E1	2.980127E1	3.711094E0
2.482275E1	2.959097E1	3.694181E0
2.485607E1	2.958776E1	3.707938E0
2.488939E1	2.963025E1	3.723971E0
2.492271E1	2.959121E1	3.719581E0
2.495603E1	2.968506E1	3.712925E0
2.498935E1	2.983592E1	3.737281E0
2.502267E1	2.999676E1	3.812552E0
2.505598E1	3.017382E1	3.860257E0
2.508930E1	3.036870E1	3.896769E0
2.512262E1	3.054395E1	3.923740E0
2.515594E1	3.062909E1	3.941613E0
2.518926E1	3.062952E1	3.939016E0
2.522258E1	3.057718E1	3.918499E0
2.525590E1	3.057092E1	3.900006E0
2.528922E1	3.061308E1	3.903088E0
2.532254E1	3.063771E1	3.900593E0
2.535586E1	3.066173E1	3.903493E0
2.538918E1	3.069644E1	3.890893E0
2.542249E1	3.072463E1	3.883620E0
2.545581E1	3.074014E1	3.887562E0
2.548913E1	3.085859E1	3.917642E0
2.552245E1	3.108041E1	3.961129E0
2.555577E1	3.133650E1	4.002192E0
2.558909E1	3.144949E1	4.005994E0
2.562241E1	3.142655E1	4.004011E0
2.565573E1	3.142728E1	4.006108E0
2.568905E1	3.143271E1	4.001305E0
2.572237E1	3.138228E1	3.992905E0
2.575569E1	3.115840E1	3.964194E0
2.578901E1	3.085408E1	3.932041E0
2.582232E1	3.058486E1	3.929538E0
2.585564E1	3.048903E1	3.958706E0
2.588896E1	3.051623E1	3.935131E0
2.592228E1	3.051161E1	3.927082E0
2.595560E1	3.061963E1	3.894753E0
2.598892E1	3.077755E1	3.908578E0
2.602224E1	3.095154E1	3.963941E0
2.605556E1	3.111256E1	4.016145E0
2.608888E1	3.125292E1	4.052519E0
2.612220E1	3.133440E1	4.050433E0
2.615552E1	3.138149E1	4.038819E0
2.618883E1	3.140280E1	4.020516E0
2.622215E1	3.136844E1	4.014186E0
2.625547E1	3.136715E1	4.006250E0
2.628879E1	3.138509E1	4.000113E0
2.632211E1	3.138362E1	3.986834E0
2.635543E1	3.135005E1	3.972289E0
2.638875E1	3.133004E1	3.981949E0
2.642207E1	3.133733E1	3.959846E0
2.645539E1	3.137816E1	3.959104E0
2.648871E1	3.147998E1	3.981994E0
2.652203E1	3.172501E1	4.017464E0
2.655535E1	3.199975E1	4.071105E0
2.658866E1	3.210470E1	4.099214E0
2.662198E1	3.207671E1	4.105551E0
2.665530E1	3.208427E1	4.108031E0
2.668862E1	3.208947E1	4.108049E0
2.672194E1	3.205328E1	4.099353E0
2.675526E1	3.186087E1	4.108651E0
2.678858E1	3.158840E1	4.058618E0
2.682190E1	3.128241E1	4.019774E0
2.685522E1	3.112182E1	4.031001E0
2.688854E1	3.112200E1	3.988040E0
2.692186E1	3.110530E1	4.002180E0
2.695517E1	3.116738E1	3.995915E0
2.698849E1	3.130747E1	4.001032E0
2.702181E1	3.148870E1	4.056375E0
2.705513E1	3.168408E1	4.091963E0
2.708845E1	3.187108E1	4.117552E0
2.712177E1	3.200057E1	4.114650E0
2.715509E1	3.206301E1	4.113991E0
2.718841E1	3.202602E1	4.128579E0
2.722173E1	3.200651E1	4.108028E0
2.725505E1	3.202287E1	4.116569E0
2.728837E1	3.205310E1	4.095374E0
2.732169E1	3.205112E1	4.082554E0
2.735500E1	3.206643E1	4.087514E0
2.738832E1	3.205107E1	4.108076E0
2.742164E1	3.204247E1	4.114631E0
2.745496E1	3.203435E1	4.118455E0
2.748828E1	3.213607E1	4.137737E0
2.752160E1	3.239497E1	4.168473E0
2.755492E1	3.270040E1	4.224772E0
2.758824E1	3.282517E1	4.231090E0
2.762156E1	3.278221E1	4.226776E0
2.765488E1	3.277269E1	4.225826E0
2.768820E1	3.276555E1	4.219719E0
2.772151E1	3.272211E1	4.215851E0
2.775483E1	3.250458E1	4.209478E0
2.778815E1	3.221664E1	4.192680E0
2.782147E1	3.193823E1	4.175793E0
2.785479E1	3.182183E1	4.152736E0
2.788811E1	3.180452E1	4.154034E0
2.792143E1	3.176277E1	4.168658E0
2.795475E1	3.182939E1	4.168211E0
2.798807E1	3.194864E1	4.168016E0
2.802139E1	3.210263E1	4.203770E0
2.805471E1	3.227994E1	4.223658E0
2.808803E1	3.245182E1	4.236493E0
2.812134E1	3.259397E1	4.258655E0
2.815466E1	3.268150E1	4.281434E0
2.818798E1	3.270977E1	4.269503E0
2.822130E1	3.268073E1	4.280275E0
2.825462E1	3.268871E1	4.277231E0
2.828794E1	3.272471E1	4.256777E0
2.832126E1	3.274112E1	4.259284E0
2.835458E1	3.275339E1	4.253797E0
2.838790E1	3.276673E1	4.242490E0
2.842122E1	3.277570E1	4.230030E0
2.845454E1	3.277992E1	4.228101E0
2.848785E1	3.287850E1	4.242984E0
2.852117E1	3.314290E1	4.280593E0
2.855449E1	3.342415E1	4.341005E0
2.858781E1	3.352632E1	4.351919E0
2.862113E1	3.350100E1	4.345461E0
2.865445E1	3.348059E1	4.351485E0
2.868777E1	3.347357E1	4.340768E0
2.872109E1	3.344845E1	4.327955E0
2.875441E1	3.325220E1	4.324042E0
2.878773E1	3.294339E1	4.285192E0
2.882105E1	3.263792E1	4.269925E0
2.885436E1	3.247638E1	4.273635E0
2.888768E1	3.246343E1	4.254306E0
2.892100E1	3.246553E1	4.270693E0
2.895432E1	3.254753E1	4.267642E0
2.898764E1	3.271652E1	4.274516E0
2.902096E1	3.296271E1	4.328679E0
2.905428E1	3.317307E1	4.375788E0
2.908760E1	3.336017E1	4.429431E0
2.912092E1	3.349240E1	4.440984E0
2.915424E1	3.358381E1	4.476970E0
2.918756E1	3.364333E1	4.496291E0
2.922088E1	3.365644E1	4.506227E0
2.925419E1	3.363162E1	4.498687E0
2.928751E1	3.365053E1	4.476005E0
2.932083E1	3.369477E1	4.480390E0
2.935415E1	3.372248E1	4.472297E0
2.938747E1	3.374945E1	4.489650E0
2.942079E1	3.377281E1	4.470785E0
2.945411E1	3.376823E1	4.471378E0
2.948743E1	3.386885E1	4.477201E0
2.952075E1	3.411026E1	4.501040E0
2.955407E1	3.437331E1	4.536338E0
2.958739E1	3.447483E1	4.558961E0
2.962070E1	3.447289E1	4.559011E0
2.965402E1	3.446198E1	4.566495E0
2.968734E1	3.446343E1	4.561907E0
2.972066E1	3.443350E1	4.545162E0
2.975398E1	3.423709E1	4.541671E0
2.978730E1	3.391916E1	4.519126E0
2.982062E1	3.359284E1	4.508328E0
2.985394E1	3.340115E1	4.536566E0
2.988726E1	3.336601E1	4.492312E0
2.992058E1	3.333548E1	4.486036E0
2.995390E1	3.343389E1	4.451671E0
2.998722E1	3.362141E1	4.478177E0
3.002053E1	3.381894E1	4.535141E0
3.005385E1	3.398093E1	4.567270E0
3.008717E1	3.412857E1	4.564307E0
3.012049E1	3.422186E1	4.553829E0
3.015381E1	3.426396E1	4.548969E0
3.018713E1	3.424489E1	4.564613E0
3.022045E1	3.423242E1	4.556444E0
3.025377E1	3.424599E1	4.541583E0
3.028709E1	3.426509E1	4.534077E0
3.032041E1	3.426453E1	4.536550E0
3.035373E1	3.428972E1	4.549275E0
3.038704E1	3.433635E1	4.553946E0
3.042036E1	3.437946E1	4.544963E0
3.045368E1	3.442886E1	4.549588E0
3.048700E1	3.452549E1	4.565214E0
3.052032E1	3.478568E1	4.601310E0
3.055364E1	3.505216E1	4.668599E0
3.058696E1	3.514301E1	4.669796E0
3.062028E1	3.512354E1	4.658543E0
3.065360E1	3.508763E1	4.652750E0
3.068692E1	3.508787E1	4.654360E0
3.072024E1	3.504411E1	4.660219E0
3.075356E1	3.481657E1	4.636898E0
3.078687E1	3.452082E1	4.635040E0
3.082019E1	3.427918E1	4.651673E0
3.085351E1	3.417148E1	4.674782E0
3.088683E1	3.418075E1	4.663468E0
3.092015E1	3.418195E1	4.659664E0
3.095347E1	3.428613E1	4.630969E0
3.098679E1	3.445048E1	4.648941E0
3.102011E1	3.462520E1	4.716339E0
3.105343E1	3.478751E1	4.766980E0
3.108675E1	3.490034E1	4.765108E0
3.112007E1	3.493506E1	4.767157E0
3.115338E1	3.498009E1	4.748933E0
3.118670E1	3.495233E1	4.764490E0
3.122002E1	3.494858E1	4.764665E0
3.125334E1	3.495385E1	4.762577E0
3.128666E1	3.495635E1	4.763052E0
3.131998E1	3.496138E1	4.742027E0
3.135330E1	3.496486E1	4.746336E0
3.138662E1	3.497946E1	4.760876E0
3.141994E1	3.501277E1	4.778733E0
3.145326E1	3.505478E1	4.780595E0
3.148658E1	3.519020E1	4.764308E0
3.151990E1	3.542796E1	4.766296E0
3.155321E1	3.567187E1	4.809001E0
3.158653E1	3.578930E1	4.815458E0
3.161985E1	3.579551E1	4.835046E0
3.165317E1	3.576524E1	4.835956E0
3.168649E1	3.577393E1	4.823416E0
3.171981E1	3.574021E1	4.817139E0
3.175313E1	3.551243E1	4.828511E0
3.178645E1	3.524372E1	4.829685E0
3.181977E1	3.501296E1	4.849281E0
3.185309E1	3.494029E1	4.870903E0
3.188641E1	3.497175E1	4.830754E0
3.191972E1	3.495919E1	4.841827E0
3.195304E1	3.502951E1	4.791387E0
3.198636E1	3.517958E1	4.824472E0
3.201968E1	3.534109E1	4.889157E0
3.205300E1	3.551446E1	4.896336E0
3.208632E1	3.568663E1	4.882922E0
3.211964E1	3.580860E1	4.869423E0
3.215296E1	3.584712E1	4.881733E0
3.218628E1	3.582468E1	4.895669E0
3.221960E1	3.578692E1	4.880973E0
3.225292E1	3.577488E1	4.877854E0
3.228624E1	3.578052E1	4.836573E0
3.231955E1	3.577969E1	4.865280E0
3.235287E1	3.578519E1	4.875261E0
3.238619E1	3.580311E1	4.855426E0
3.241951E1	3.582831E1	4.846749E0
3.245283E1	3.584733E1	4.824178E0
3.248615E1	3.591359E1	4.822138E0
3.251947E1	3.612818E1	4.838841E0
3.255279E1	3.643982E1	4.872602E0
3.258611E1	3.663245E1	4.872549E0
3.261943E1	3.664877E1	4.878107E0
3.265275E1	3.663583E1	4.871906E0
3.268606E1	3.662768E1	4.873919E0
3.271938E1	3.659127E1	4.882139E0
3.275270E1	3.641714E1	4.876862E0
3.278602E1	3.614088E1	4.873920E0
3.281934E1	3.587877E1	4.889936E0
3.285266E1	3.574057E1	4.920613E0
3.288598E1	3.573325E1	4.922336E0
3.291930E1	3.572460E1	4.915301E0
3.295262E1	3.581855E1	4.885893E0
3.298594E1	3.600040E1	4.881273E0
3.301926E1	3.615345E1	4.950663E0
3.305258E1	3.627070E1	4.996324E0
3.308589E1	3.634380E1	4.988315E0
3.311921E1	3.640383E1	4.969064E0
3.315253E1	3.646053E1	4.979603E0
3.318585E1	3.646646E1	4.982074E0
3.321917E1	3.644469E1	4.997349E0
3.325249E1	3.639915E1	4.958509E0
3.328581E1	3.638548E1	4.972753E0
3.331913E1	3.638732E1	4.985272E0
3.335245E1	3.639082E1	4.976799E0
3.338577E1	3.639422E1	4.976010E0
3.341909E1	3.639226E1	4.980149E0
3.345240E1	3.640111E1	4.973236E0
3.348572E1	3.652743E1	4.971920E0
3.351904E1	3.677278E1	4.988288E0
3.355236E1	3.704429E1	4.992425E0
3.358568E1	3.718483E1	4.984632E0
3.361900E1	3.720403E1	5.000233E0
3.365232E1	3.717799E1	4.981061E0
3.368564E1	3.717423E1	4.981263E0
3.371896E1	3.714081E1	4.992569E0
3.375228E1	3.694815E1	4.990651E0
3.378560E1	3.667434E1	5.001142E0
3.381892E1	3.644326E1	5.030694E0
3.385223E1	3.631770E1	5.065605E0
3.388555E1	3.632673E1	5.058201E0
3.391887E1	3.632752E1	5.044901E0
3.395219E1	3.640362E1	4.998322E0
3.398551E1	3.656852E1	4.984400E0
3.401883E1	3.671563E1	5.037895E0
3.405215E1	3.681060E1	5.093060E0
3.408547E1	3.688830E1	5.084405E0
3.411879E1	3.694827E1	5.073049E0
3.415211E1	3.702055E1	5.083889E0
3.418543E1	3.707011E1	5.097391E0
3.421874E1	3.706626E1	5.101744E0
3.425206E1	3.705584E1	5.101115E0
3.428538E1	3.700611E1	5.087539E0
3.431870E1	3.700337E1	5.096675E0
3.435202E1	3.700409E1	5.096898E0
3.438534E1	3.700324E1	5.091814E0
3.441866E1	3.700660E1	5.088599E0
3.445198E1	3.703163E1	5.107497E0
3.448530E1	3.715708E1	5.103185E0
3.451862E1	3.738822E1	5.101671E0
3.455194E1	3.764001E1	5.110934E0
3.458526E1	3.780017E1	5.110932E0
3.461857E1	3.786039E1	5.113809E0
3.465189E1	3.784911E1	5.093140E0
3.468521E1	3.783566E1	5.091926E0
3.471853E1	3.780777E1	5.102375E0
3.475185E1	3.765389E1	5.112446E0
3.478517E1	3.746386E1	5.131566E0
3.481849E1	3.728652E1	5.148879E0
3.485181E1	3.722008E1	5.179897E0
3.488513E1	3.723854E1	5.147515E0
3.491845E1	3.723203E1	5.148629E0
3.495177E1	3.727946E1	5.115699E0
3.498508E1	3.744120E1	5.091563E0
3.501840E1	3.758581E1	5.150816E0
3.505172E1	3.768699E1	5.216301E0
3.508504E1	3.780152E1	5.221281E0
3.511836E1	3.792460E1	5.210497E0
3.515168E1	3.801375E1	5.201368E0
3.518500E1	3.798216E1	5.214365E0
3.521832E1	3.792581E1	5.209070E0
3.525164E1	3.789062E1	5.206036E0
3.528496E1	3.789826E1	5.211438E0
3.531828E1	3.788051E1	5.208728E0
3.535159E1	3.786647E1	5.204715E0
3.538491E1	3.786717E1	5.208867E0
3.541823E1	3.786750E1	5.220478E0
3.545155E1	3.787613E1	5.221730E0
3.548487E1	3.798252E1	5.221854E0
3.551819E1	3.818336E1	5.224346E0
3.555151E1	3.843609E1	5.198573E0
3.558483E1	3.866618E1	5.187766E0
3.561815E1	3.873275E1	5.215341E0
3.565147E1	3.871861E1	5.209455E0
3.568479E1	3.871754E1	5.201336E0
3.571811E1	3.868606E1	5.212685E0
3.575142E1	3.852418E1	5.229044E0
3.578474E1	3.826428E1	5.243869E0
3.581806E1	3.802766E1	5.269379E0
3.585138E1	3.793417E1	5.290208E0
3.588470E1	3.793525E1	5.280812E0
3.591802E1	3.792107E1	5.281559E0
3.595134E1	3.797417E1	5.272463E0
3.598466E1	3.811608E1	5.250208E0
3.601798E1	3.826439E1	5.276239E0
3.605130E1	3.839848E1	5.303579E0
3.608462E1	3.847027E1	5.324277E0
3.611793E1	3.848508E1	5.314733E0
3.615125E1	3.847257E1	5.323327E0
3.618457E1	3.845969E1	5.329240E0
3.621789E1	3.840351E1	5.337957E0
3.625121E1	3.838934E1	5.310996E0
3.628453E1	3.838874E1	5.301808E0
3.631785E1	3.835219E1	5.288235E0
3.635117E1	3.833407E1	5.238370E0
3.638449E1	3.829951E1	5.252667E0
3.641781E1	3.831054E1	5.245188E0
3.645113E1	3.833107E1	5.225366E0
3.648445E1	3.846862E1	5.241411E0
3.651776E1	3.871609E1	5.243728E0
3.655108E1	3.902607E1	5.263552E0
3.658440E1	3.918746E1	5.263860E0
3.661772E1	3.921549E1	5.251778E0
3.665104E1	3.919451E1	5.264761E0
3.668436E1	3.919530E1	5.263166E0
3.671768E1	3.917636E1	5.268841E0
3.675100E1	3.907500E1	5.276875E0
3.678432E1	3.898639E1	5.264477E0
3.681764E1	3.887720E1	5.282013E0
3.685096E1	3.890629E1	5.303659E0
3.688427E1	3.895259E1	5.282707E0
3.691759E1	3.892438E1	5.313701E0
3.695091E1	3.895690E1	5.326395E0
3.698423E1	3.907212E1	5.303419E0
3.701755E1	3.919298E1	5.308412E0
3.705087E1	3.929801E1	5.360077E0
3.708419E1	3.937225E1	5.378444E0
3.711751E1	3.945856E1	5.379236E0
3.715083E1	3.953657E1	5.358453E0
3.718415E1	3.951098E1	5.379969E0
3.721747E1	3.946752E1	5.374905E0
3.725079E1	3.946321E1	5.371736E0
3.728410E1	3.945464E1	5.374609E0
3.731742E1	3.942822E1	5.352659E0
3.735074E1	3.942157E1	5.357930E0
3.738406E1	3.941252E1	5.359435E0
3.741738E1	3.941825E1	5.361380E0
3.745070E1	3.943322E1	5.368710E0
3.748402E1	3.951465E1	5.392485E0
3.751734E1	3.971268E1	5.369025E0
3.755066E1	3.996335E1	5.377298E0
3.758398E1	4.018861E1	5.371250E0
3.761730E1	4.027636E1	5.379160E0
3.765061E1	4.028007E1	5.386999E0
3.768393E1	4.028213E1	5.383786E0
3.771725E1	4.028266E1	5.379815E0
3.775057E1	4.020219E1	5.375423E0
3.778389E1	4.004735E1	5.400750E0
3.781721E1	3.992327E1	5.412753E0
3.785053E1	3.983096E1	5.481915E0
3.788385E1	3.985368E1	5.396423E0
3.791717E1	3.986511E1	5.364279E0
3.795049E1	3.992339E1	5.397685E0
3.798381E1	4.002465E1	5.394681E0
3.801713E1	4.018835E1	5.412215E0
3.805044E1	4.032053E1	5.408877E0
3.808376E1	4.040111E1	5.432357E0
3.811708E1	4.046401E1	5.458464E0
3.815040E1	4.050840E1	5.479779E0
3.818372E1	4.051118E1	5.471898E0
3.821704E1	4.047930E1	5.465515E0
3.825036E1	4.046596E1	5.471591E0
3.828368E1	4.045816E1	5.476460E0
3.831700E1	4.046667E1	5.482561E0
3.835032E1	4.041594E1	5.471461E0
3.838364E1	4.038554E1	5.449871E0
3.841695E1	4.041083E1	5.430603E0
3.845027E1	4.044083E1	5.450424E0
3.848359E1	4.049815E1	5.449438E0
3.851691E1	4.067910E1	5.439816E0
3.855023E1	4.097197E1	5.436898E0
3.858355E1	4.123479E1	5.450345E0
3.861687E1	4.129292E1	5.442092E0
3.865019E1	4.126428E1	5.451338E0
3.868351E1	4.126980E1	5.445958E0
3.871683E1	4.124652E1	5.432963E0
3.875015E1	4.111058E1	5.459764E0
3.878347E1	4.088407E1	5.480038E0
3.881678E1	4.067110E1	5.537228E0
3.885010E1	4.058178E1	5.581223E0
3.888342E1	4.060228E1	5.552516E0
3.891674E1	4.063577E1	5.523347E0
3.895006E1	4.069090E1	5.511997E0
3.898338E1	4.083837E1	5.491363E0
3.901670E1	4.101896E1	5.525892E0
3.905002E1	4.114610E1	5.579526E0
3.908334E1	4.123534E1	5.599157E0
3.911666E1	4.130379E1	5.580567E0
3.914998E1	4.136322E1	5.579798E0
3.918329E1	4.136147E1	5.584997E0
3.921661E1	4.133573E1	5.597532E0
3.924993E1	4.129204E1	5.587834E0
3.928325E1	4.128728E1	5.583072E0
3.931657E1	4.129516E1	5.567086E0
3.934989E1	4.128441E1	5.563473E0
3.938321E1	4.128011E1	5.555085E0
3.941653E1	4.129721E1	5.535453E0
3.944985E1	4.133170E1	5.557450E0
3.948317E1	4.143962E1	5.560927E0
3.951649E1	4.163585E1	5.534858E0
3.954981E1	4.187742E1	5.548083E0
3.958312E1	4.206796E1	5.532210E0
3.961644E1	4.211749E1	5.537227E0
3.964976E1	4.209902E1	5.543796E0
3.968308E1	4.209094E1	5.548861E0
3.971640E1	4.207816E1	5.538036E0
3.974972E1	4.193374E1	5.553984E0
3.978304E1	4.171490E1	5.579244E0
3.981636E1	4.147156E1	5.622335E0
3.984968E1	4.134472E1	5.681307E0
3.988300E1	4.133638E1	5.639465E0
3.991632E1	4.134306E1	5.646628E0
3.994963E1	4.136798E1	5.644434E0
3.998295E1	4.146042E1	5.636557E0
4.001627E1	4.161271E1	5.644344E0
4.004959E1	4.176731E1	5.700446E0
4.008291E1	4.189029E1	5.751282E0
4.011623E1	4.197556E1	5.775880E0
4.014955E1	4.199843E1	5.753096E0
4.018287E1	4.190136E1	5.743211E0
4.021619E1	4.182445E1	5.756623E0
4.024951E1	4.183318E1	5.750475E0
4.028283E1	4.183398E1	5.752895E0
4.031615E1	4.183092E1	5.763436E0
4.034946E1	4.181803E1	5.768256E0
4.038278E1	4.181412E1	5.765954E0
4.041610E1	4.181449E1	5.765945E0
4.044942E1	4.183129E1	5.761047E0
4.048274E1	4.194207E1	5.761626E0
4.051606E1	4.212711E1	5.740719E0
4.054938E1	4.233081E1	5.712165E0
4.058270E1	4.257342E1	5.676019E0
4.061602E1	4.266967E1	5.691759E0
4.064934E1	4.264982E1	5.733231E0
4.068266E1	4.263867E1	5.720782E0
4.071597E1	4.262884E1	5.695027E0
4.074929E1	4.248414E1	5.727017E0
4.078261E1	4.223166E1	5.750768E0
4.081593E1	4.199571E1	5.801576E0
4.084925E1	4.185205E1	5.842667E0
4.088257E1	4.185022E1	5.821183E0
4.091589E1	4.187591E1	5.818843E0
4.094921E1	4.193362E1	5.796425E0
4.098253E1	4.206515E1	5.759177E0
4.101585E1	4.222364E1	5.808715E0
4.104917E1	4.233286E1	5.865284E0
4.108249E1	4.240174E1	5.864878E0
4.111580E1	4.235087E1	5.851858E0
4.114912E1	4.226032E1	5.864095E0
4.118244E1	4.217084E1	5.854672E0
4.121576E1	4.215457E1	5.857529E0
4.124908E1	4.215585E1	5.854591E0
4.128240E1	4.215230E1	5.862626E0
4.131572E1	4.214193E1	5.878530E0
4.134904E1	4.215448E1	5.886431E0
4.138236E1	4.215903E1	5.878568E0
4.141568E1	4.215995E1	5.870893E0
4.144900E1	4.216565E1	5.860746E0
4.148231E1	4.225924E1	5.864307E0
4.151563E1	4.243417E1	5.857332E0
4.154895E1	4.261859E1	5.824642E0
4.158227E1	4.287508E1	5.817697E0
4.161559E1	4.305764E1	5.807479E0
4.164891E1	4.305209E1	5.819463E0
4.168223E1	4.303158E1	5.826575E0
4.171555E1	4.302324E1	5.825748E0
4.174887E1	4.290302E1	5.811786E0
4.178219E1	4.268820E1	5.844170E0
4.181551E1	4.248536E1	5.870165E0
4.184882E1	4.234325E1	5.881188E0
4.188214E1	4.234278E1	5.867102E0
4.191546E1	4.232916E1	5.873931E0
4.194878E1	4.237982E1	5.853341E0
4.198210E1	4.251255E1	5.846327E0
4.201542E1	4.263110E1	5.895746E0
4.204874E1	4.269957E1	5.932401E0
4.208206E1	4.270932E1	5.941313E0
4.211538E1	4.266085E1	5.945785E0
4.214870E1	4.266183E1	5.929229E0
4.218202E1	4.265138E1	5.924498E0
4.221534E1	4.263312E1	5.897914E0
4.224865E1	4.259842E1	5.911345E0
4.228197E1	4.258707E1	5.921383E0
4.231529E1	4.259076E1	5.926058E0
4.234861E1	4.260155E1	5.934752E0
4.238193E1	4.260215E1	5.932757E0
4.241525E1	4.260484E1	5.922086E0
4.244857E1	4.262679E1	5.899299E0
4.248189E1	4.272554E1	5.909774E0
4.251521E1	4.292095E1	5.916682E0
4.254853E1	4.315400E1	5.887438E0
4.258185E1	4.339516E1	5.855542E0
4.261516E1	4.348458E1	5.862122E0
4.264848E1	4.348733E1	5.868484E0
4.268180E1	4.348719E1	5.866477E0
4.271512E1	4.347303E1	5.871552E0
4.274844E1	4.338039E1	5.890548E0
4.278176E1	4.327633E1	5.933400E0
4.281508E1	4.322213E1	5.926097E0
4.284840E1	4.322527E1	5.950293E0
4.288172E1	4.322430E1	5.916526E0
4.291504E1	4.321848E1	5.944744E0
4.294836E1	4.327141E1	5.958397E0
4.298168E1	4.333057E1	5.957465E0
4.301499E1	4.340259E1	5.950876E0
4.304831E1	4.349974E1	5.939104E0
4.308163E1	4.364317E1	5.973603E0
4.311495E1	4.369611E1	6.027803E0
4.314827E1	4.370552E1	6.038491E0
4.318159E1	4.370452E1	6.011667E0
4.321491E1	4.365355E1	5.990732E0
4.324823E1	4.364392E1	5.987388E0
4.328155E1	4.365018E1	5.983755E0
4.331487E1	4.363540E1	5.983003E0
4.334819E1	4.361759E1	5.951362E0
4.338150E1	4.362726E1	5.981752E0
4.341482E1	4.366109E1	5.976991E0
4.344814E1	4.368642E1	5.991837E0
4.348146E1	4.375135E1	5.982991E0
4.351478E1	4.394038E1	5.966904E0
4.354810E1	4.424460E1	5.971543E0
4.358142E1	4.453105E1	5.965232E0
4.361474E1	4.458721E1	5.967470E0
4.364806E1	4.457458E1	5.976402E0
4.368138E1	4.457879E1	5.975694E0
4.371470E1	4.457286E1	5.978879E0
4.374802E1	4.445616E1	5.997581E0
4.378133E1	4.429207E1	6.034812E0
4.381465E1	4.412368E1	6.042544E0
4.384797E1	4.402850E1	6.036569E0
4.388129E1	4.405527E1	6.025885E0
4.391461E1	4.409487E1	6.024877E0
4.394793E1	4.415942E1	6.025228E0
4.398125E1	4.425319E1	6.029865E0
4.401457E1	4.435113E1	6.040727E0
4.404789E1	4.443996E1	6.067605E0
4.408121E1	4.449152E1	6.103757E0
4.411453E1	4.455081E1	6.115451E0
4.414784E1	4.457009E1	6.101529E0
4.418116E1	4.457394E1	6.090766E0
4.421448E1	4.453468E1	6.087865E0
4.424780E1	4.451776E1	6.095872E0
4.428112E1	4.451504E1	6.091603E0
4.431444E1	4.451911E1	6.087197E0
4.434776E1	4.451598E1	6.083223E0
4.438108E1	4.452425E1	6.063280E0
4.441440E1	4.451992E1	6.071858E0
4.444772E1	4.451435E1	6.050421E0
4.448104E1	4.463357E1	6.028168E0
4.451436E1	4.487143E1	6.018487E0
4.454767E1	4.512078E1	6.051688E0
4.458099E1	4.526535E1	6.033311E0
4.461431E1	4.532669E1	6.016471E0
4.464763E1	4.531460E1	6.026505E0
4.468095E1	4.530785E1	6.032854E0
4.471427E1	4.530614E1	6.029330E0
4.474759E1	4.518404E1	6.055350E0
4.478091E1	4.499551E1	6.081336E0
4.481423E1	4.479747E1	6.112000E0
4.484755E1	4.469046E1	6.143326E0
4.488087E1	4.468037E1	6.132894E0
4.491418E1	4.466258E1	6.132115E0
4.494750E1	4.467973E1	6.156690E0
4.498082E1	4.479083E1	6.139147E0
4.501414E1	4.494150E1	6.120959E0
4.504746E1	4.507570E1	6.159429E0
4.508078E1	4.519644E1	6.186364E0
4.511410E1	4.526876E1	6.189653E0
4.514742E1	4.530035E1	6.194861E0
4.518074E1	4.529391E1	6.190065E0
4.521406E1	4.525008E1	6.188688E0
4.524738E1	4.522708E1	6.192695E0
4.528070E1	4.524164E1	6.183226E0
4.531401E1	4.525038E1	6.183589E0
4.534733E1	4.524073E1	6.193002E0
4.538065E1	4.523525E1	6.188328E0
4.541397E1	4.525308E1	6.189444E0
4.544729E1	4.527899E1	6.215025E0
4.548061E1	4.533431E1	6.211877E0
4.551393E1	4.551429E1	6.195991E0
4.554725E1	4.579092E1	6.189165E0
4.558057E1	4.607346E1	6.180712E0
4.561389E1	4.614873E1	6.145671E0
4.564721E1	4.613522E1	6.154867E0
4.568052E1	4.613341E1	6.147413E0
4.571384E1	4.611822E1	6.150305E0
4.574716E1	4.597644E1	6.154250E0
4.578048E1	4.574672E1	6.164388E0
4.581380E1	4.549463E1	6.185643E0
4.584712E1	4.536782E1	6.254097E0
4.588044E1	4.535533E1	6.257517E0
4.591376E1	4.535888E1	6.244401E0
4.594708E1	4.540690E1	6.215203E0
4.598040E1	4.557192E1	6.192301E0
4.601372E1	4.574002E1	6.227350E0
4.604704E1	4.584322E1	6.274304E0
4.608035E1	4.591819E1	6.266759E0
4.611367E1	4.597718E1	6.238534E0
4.614699E1	4.602385E1	6.244257E0
4.618031E1	4.602328E1	6.247838E0
4.621363E1	4.600264E1	6.265419E0
4.624695E1	4.598313E1	6.249976E0
4.628027E1	4.597569E1	6.248094E0
4.631359E1	4.597514E1	6.241997E0
4.634691E1	4.597444E1	6.236301E0
4.638023E1	4.594902E1	6.253763E0
4.641355E1	4.596274E1	6.241470E0
4.644686E1	4.597041E1	6.221435E0
4.648018E1	4.606530E1	6.214980E0
4.651350E1	4.624508E1	6.202137E0
4.654682E1	4.647740E1	6.202707E0
4.658014E1	4.674100E1	6.203200E0
4.661346E1	4.686338E1	6.181064E0
4.664678E1	4.685596E1	6.186454E0
4.668010E1	4.685096E1	6.194791E0
4.671342E1	4.684190E1	6.199142E0
4.674674E1	4.670966E1	6.218627E0
4.678006E1	4.650728E1	6.259500E0
4.681338E1	4.630014E1	6.256360E0
4.684669E1	4.611870E1	6.318749E0
4.688001E1	4.607155E1	6.307216E0
4.691333E1	4.603882E1	6.303595E0
4.694665E1	4.606051E1	6.309467E0
4.697997E1	4.618582E1	6.286835E0
4.701329E1	4.631180E1	6.307372E0
4.704661E1	4.645432E1	6.359451E0
4.707993E1	4.662529E1	6.355912E0
4.711325E1	4.678634E1	6.355131E0
4.714657E1	4.691276E1	6.351098E0
4.717989E1	4.698159E1	6.371018E0
4.721320E1	4.701159E1	6.396758E0
4.724652E1	4.695067E1	6.418500E0
4.727984E1	4.696265E1	6.404200E0
4.731316E1	4.698091E1	6.423228E0
4.734648E1	4.700123E1	6.418114E0
4.737980E1	4.700590E1	6.415701E0
4.741312E1	4.700925E1	6.408498E0
4.744644E1	4.701361E1	6.400765E0
4.747976E1	4.709842E1	6.419373E0
4.751308E1	4.728826E1	6.402130E0
4.754640E1	4.750701E1	6.378928E0
4.757972E1	4.773521E1	6.357152E0
4.761303E1	4.784019E1	6.355910E0
4.764635E1	4.782710E1	6.372832E0
4.767967E1	4.782839E1	6.364010E0
4.771299E1	4.782779E1	6.361064E0
4.774631E1	4.768737E1	6.363653E0
4.777963E1	4.744963E1	6.383394E0
4.781295E1	4.716220E1	6.433875E0
4.784627E1	4.694211E1	6.476369E0
4.787959E1	4.683786E1	6.473933E0
4.791291E1	4.683944E1	6.461179E0
4.794623E1	4.689568E1	6.461823E0
4.797954E1	4.704250E1	6.441761E0
4.801286E1	4.725992E1	6.475167E0
4.804618E1	4.744089E1	6.492359E0
4.807950E1	4.761913E1	6.482323E0
4.811282E1	4.773189E1	6.475204E0
4.814614E1	4.782064E1	6.486156E0
4.817946E1	4.784062E1	6.482293E0
4.821278E1	4.780783E1	6.528767E0
4.824610E1	4.780086E1	6.509507E0
4.827942E1	4.777710E1	6.497961E0
4.831274E1	4.779230E1	6.474806E0
4.834605E1	4.778696E1	6.482092E0
4.837937E1	4.782162E1	6.508315E0
4.841269E1	4.782199E1	6.525954E0
4.844601E1	4.780096E1	6.513888E0
4.847933E1	4.783621E1	6.528433E0
4.851265E1	4.800300E1	6.529009E0
4.854597E1	4.826935E1	6.527101E0
4.857929E1	4.854526E1	6.485565E0
4.861261E1	4.864645E1	6.476185E0
4.864593E1	4.862291E1	6.469905E0
4.867925E1	4.862531E1	6.465692E0
4.871257E1	4.861002E1	6.468327E0
4.874588E1	4.849140E1	6.483519E0
4.877920E1	4.829805E1	6.507586E0
4.881252E1	4.806146E1	6.541487E0
4.884584E1	4.790306E1	6.588774E0
4.887916E1	4.785269E1	6.579804E0
4.891248E1	4.779776E1	6.576564E0
4.894580E1	4.782248E1	6.580329E0
4.897912E1	4.793778E1	6.535794E0
4.901244E1	4.808525E1	6.579600E0
4.904576E1	4.821535E1	6.601967E0
4.907908E1	4.833721E1	6.590914E0
4.911239E1	4.844315E1	6.552061E0
4.914571E1	4.855281E1	6.527669E0
4.917903E1	4.860748E1	6.528490E0
4.921235E1	4.860957E1	6.556270E0
4.924567E1	4.854368E1	6.591278E0
4.927899E1	4.852998E1	6.585629E0
4.931231E1	4.854672E1	6.578251E0
4.934563E1	4.855891E1	6.576471E0
4.937895E1	4.857349E1	6.573529E0
4.941227E1	4.858650E1	6.603698E0
4.944559E1	4.859058E1	6.599321E0
4.947891E1	4.866777E1	6.584731E0
4.951222E1	4.889282E1	6.576358E0
4.954554E1	4.921352E1	6.581003E0
4.957886E1	4.940495E1	6.578926E0
4.961218E1	4.943828E1	6.530644E0
4.964550E1	4.939177E1	6.534006E0
4.967882E1	4.938347E1	6.543181E0
4.971214E1	4.939403E1	6.523980E0
4.974546E1	4.926411E1	6.537413E0
4.977878E1	4.906565E1	6.559126E0
4.981210E1	4.888391E1	6.628962E0
4.984542E1	4.880420E1	6.695681E0
4.987873E1	4.882062E1	6.685348E0
4.991205E1	4.881815E1	6.637017E0
4.994537E1	4.885860E1	6.643963E0
4.997869E1	4.898331E1	6.627402E0
5.001201E1	4.915554E1	6.678251E0
5.004533E1	4.931176E1	6.736966E0
5.007865E1	4.946685E1	6.751121E0
5.011197E1	4.959091E1	6.743307E0
5.014529E1	4.968472E1	6.750967E0
5.017861E1	4.969946E1	6.743266E0
5.021193E1	4.966500E1	6.735322E0
5.024525E1	4.965807E1	6.740442E0
5.027856E1	4.964309E1	6.763101E0
5.031188E1	4.964889E1	6.757612E0
5.034520E1	4.964446E1	6.756152E0
5.037852E1	4.964821E1	6.750597E0
5.041184E1	4.965014E1	6.748751E0
5.044516E1	4.964915E1	6.748881E0
5.047848E1	4.970629E1	6.749992E0
5.051180E1	4.987780E1	6.740105E0
5.054512E1	5.013573E1	6.706614E0
5.057844E1	5.041960E1	6.679344E0
5.061176E1	5.052055E1	6.695095E0
5.064507E1	5.051001E1	6.707378E0
5.067839E1	5.051663E1	6.695811E0
5.071171E1	5.051889E1	6.695123E0
5.074503E1	5.052009E1	6.695505E0
5.077835E1	5.052183E1	6.694001E0
5.081167E1	5.052297E1	6.693542E0
5.084499E1	5.052299E1	6.693827E0
5.087831E1	5.052422E1	6.692742E0
5.091163E1	5.052544E1	6.692709E0
5.094495E1	5.052722E1	6.690626E0
5.097827E1	5.052872E1	6.689134E0
5.101159E1	5.053008E1	6.688197E0
5.104490E1	5.053076E1	6.687681E0
5.107822E1	5.053053E1	6.687586E0
5.111154E1	5.052892E1	6.688849E0
5.114486E1	5.051851E1	6.692105E0
5.117818E1	5.052594E1	6.687546E0
5.121150E1	5.052685E1	6.692980E0
