	mass A		
t	x	y	
0.000000E0	1.314079E-1	0.000000E0
3.331913E-2	2.047453E-1	1.315264E-4
6.663826E-2	3.033367E-1	1.089253E-3
9.995738E-2	3.551820E-1	-1.318465E-3
1.332765E-1	4.080725E-1	-1.082087E-2
1.665956E-1	4.709861E-1	-3.774138E-3
1.999148E-1	5.439224E-1	2.432307E-3
2.332339E-1	6.125550E-1	4.926723E-3
2.665530E-1	6.926525E-1	4.449770E-3
2.998722E-1	7.484692E-1	7.637520E-3
3.331913E-1	8.000717E-1	8.665555E-3
3.665104E-1	8.417654E-1	8.861842E-3
3.998295E-1	8.456105E-1	1.251396E-2
4.331487E-1	8.585302E-1	2.586489E-2
4.664678E-1	8.700472E-1	4.287033E-2
4.997869E-1	8.994446E-1	5.794681E-2
5.331061E-1	9.481301E-1	6.799588E-2
5.664252E-1	9.711788E-1	7.747687E-2
5.997443E-1	9.768434E-1	7.253555E-2
6.330634E-1	9.527386E-1	7.058656E-2
6.663826E-1	9.616471E-1	8.546870E-2
6.997017E-1	1.003409E0	1.166597E-1
7.330208E-1	1.009398E0	1.325898E-1
7.663399E-1	1.030214E0	1.413952E-1
7.996591E-1	1.032059E0	1.597777E-1
8.329782E-1	1.025878E0	1.776079E-1
8.662973E-1	1.017528E0	1.824872E-1
8.996165E-1	9.912402E-1	1.746460E-1
9.329356E-1	9.838526E-1	1.875088E-1
9.662547E-1	9.740140E-1	2.038008E-1
9.995738E-1	1.003166E0	2.151378E-1
1.032893E0	1.086566E0	2.310654E-1
1.066212E0	1.229190E0	2.555540E-1
1.099531E0	1.366490E0	2.701582E-1
1.132850E0	1.327035E0	2.669983E-1
1.166169E0	1.426459E0	2.693649E-1
1.199489E0	1.539751E0	2.372781E-1
1.232808E0	1.558635E0	2.198623E-1
1.266127E0	1.547912E0	2.216885E-1
1.299446E0	1.515039E0	2.198250E-1
1.332765E0	1.480456E0	2.301110E-1
1.366084E0	1.460462E0	2.189357E-1
1.399403E0	1.479396E0	2.262103E-1
1.432723E0	1.459857E0	2.265071E-1
1.466042E0	1.460735E0	2.218976E-1
1.499361E0	1.461546E0	2.238017E-1
1.532680E0	1.447323E0	2.229702E-1
1.565999E0	1.410094E0	2.251271E-1
1.599318E0	1.438049E0	2.592476E-1
1.632637E0	1.535404E0	3.114780E-1
1.665956E0	1.725455E0	3.418994E-1
1.699276E0	1.912234E0	3.742806E-1
1.732595E0	1.973978E0	4.063945E-1
1.765914E0	1.952285E0	3.844246E-1
1.799233E0	1.970981E0	3.847158E-1
1.832552E0	1.992361E0	3.864528E-1
1.865871E0	1.998739E0	3.868674E-1
1.899190E0	2.001760E0	3.851043E-1
1.932509E0	2.002747E0	3.854605E-1
1.965829E0	2.018254E0	3.801116E-1
1.999148E0	2.100062E0	3.841011E-1
2.032467E0	2.186046E0	3.668526E-1
2.065786E0	2.280654E0	3.812537E-1
2.099105E0	2.357595E0	3.897719E-1
2.132424E0	2.422567E0	3.869125E-1
2.165743E0	2.496894E0	3.889554E-1
2.199062E0	2.558627E0	3.979632E-1
2.232382E0	2.617863E0	3.974267E-1
2.265701E0	2.678922E0	4.009666E-1
2.299020E0	2.741264E0	4.001116E-1
2.332339E0	2.778353E0	3.979036E-1
2.365658E0	2.799518E0	3.972356E-1
2.398977E0	2.758063E0	4.021799E-1
2.432296E0	2.703003E0	4.160516E-1
2.465615E0	2.680164E0	4.264902E-1
2.498935E0	2.659907E0	4.315487E-1
2.532254E0	2.632730E0	4.274005E-1
2.565573E0	2.602271E0	4.214820E-1
2.598892E0	2.581890E0	4.271242E-1
2.632211E0	2.545343E0	4.382420E-1
2.665530E0	2.524375E0	4.501081E-1
2.698849E0	2.503832E0	4.484994E-1
2.732169E0	2.476258E0	4.518107E-1
2.765488E0	2.453533E0	4.586645E-1
2.798807E0	2.437005E0	4.606399E-1
2.832126E0	2.420331E0	4.658357E-1
2.865445E0	2.401879E0	4.743130E-1
2.898764E0	2.401442E0	4.844029E-1
2.932083E0	2.400321E0	4.993326E-1
2.965402E0	2.413284E0	5.107849E-1
2.998722E0	2.426623E0	5.029426E-1
3.032041E0	2.483626E0	5.032065E-1
3.065360E0	2.586259E0	4.970971E-1
3.098679E0	2.712340E0	4.592787E-1
3.131998E0	2.898198E0	4.128388E-1
3.165317E0	2.995912E0	3.938986E-1
3.198636E0	3.024752E0	4.349072E-1
3.231955E0	3.053312E0	4.552667E-1
3.265275E0	3.106738E0	4.500162E-1
3.298594E0	3.177805E0	4.424560E-1
3.331913E0	3.185680E0	4.524729E-1
3.365232E0	3.179576E0	4.535738E-1
3.398551E0	3.176569E0	4.445140E-1
3.431870E0	3.173188E0	4.482820E-1
3.465189E0	3.171924E0	4.474784E-1
3.498508E0	3.170799E0	4.459811E-1
3.531828E0	3.159884E0	4.475001E-1
3.565147E0	3.123163E0	4.785397E-1
3.598466E0	3.160936E0	5.232749E-1
3.631785E0	3.271935E0	5.507345E-1
3.665104E0	3.537296E0	5.668412E-1
3.698423E0	3.717335E0	5.813679E-1
3.731742E0	3.735433E0	5.960332E-1
3.765061E0	3.727706E0	5.923000E-1
3.798381E0	3.756393E0	5.964405E-1
3.831700E0	3.776094E0	5.979627E-1
3.865019E0	3.787644E0	5.970213E-1
3.898338E0	3.793659E0	5.981933E-1
3.931657E0	3.791576E0	6.001455E-1
3.964976E0	3.796809E0	5.977799E-1
3.998295E0	3.837735E0	6.023095E-1
4.031615E0	3.894215E0	5.952975E-1
4.064934E0	3.970350E0	6.079405E-1
4.098253E0	4.063352E0	6.135510E-1
4.131572E0	4.135214E0	6.143911E-1
4.164891E0	4.191281E0	6.192867E-1
4.198210E0	4.248991E0	6.228550E-1
4.231529E0	4.328263E0	6.203821E-1
4.264848E0	4.430026E0	6.193817E-1
4.298168E0	4.505799E0	6.135062E-1
4.331487E0	4.563080E0	6.107134E-1
4.364806E0	4.597911E0	6.121716E-1
4.398125E0	4.585879E0	6.228720E-1
4.431444E0	4.527126E0	6.253667E-1
4.464763E0	4.504648E0	6.181944E-1
4.498082E0	4.485086E0	6.188387E-1
4.531401E0	4.467374E0	6.060435E-1
4.564721E0	4.443630E0	5.828100E-1
4.598040E0	4.426130E0	5.900819E-1
4.631359E0	4.411821E0	6.023910E-1
4.664678E0	4.386234E0	6.121347E-1
4.697997E0	4.376789E0	6.121698E-1
4.731316E0	4.358850E0	6.269669E-1
4.764635E0	4.341271E0	6.567262E-1
4.797954E0	4.320775E0	6.592536E-1
4.831274E0	4.295328E0	6.730484E-1
4.864593E0	4.255504E0	6.472020E-1
4.897912E0	4.242711E0	6.177881E-1
4.931231E0	4.227606E0	6.186698E-1
4.964550E0	4.206298E0	6.384386E-1
4.997869E0	4.221378E0	6.521292E-1
5.031188E0	4.303859E0	6.380961E-1
5.064507E0	4.475975E0	6.531552E-1
5.097827E0	4.671179E0	7.012346E-1
5.131146E0	4.730356E0	7.038290E-1
5.164465E0	4.714127E0	6.855827E-1
5.197784E0	4.766196E0	6.908411E-1
5.231103E0	4.851772E0	6.837972E-1
5.264422E0	4.939393E0	6.858159E-1
5.297741E0	4.946745E0	6.964316E-1
5.331061E0	4.915782E0	7.098945E-1
5.364380E0	4.879139E0	7.185483E-1
5.397699E0	4.905997E0	7.077825E-1
5.431018E0	4.899772E0	7.158023E-1
5.464337E0	4.890694E0	7.173092E-1
5.497656E0	4.896220E0	7.158639E-1
5.530975E0	4.869569E0	7.160652E-1
5.564294E0	4.824574E0	7.266208E-1
5.597614E0	4.849734E0	7.514498E-1
5.630933E0	4.925518E0	7.861446E-1
5.664252E0	5.141046E0	8.100813E-1
5.697571E0	5.325435E0	8.302782E-1
5.730890E0	5.382513E0	8.352742E-1
5.764209E0	5.395418E0	8.222339E-1
5.797528E0	5.419122E0	8.274555E-1
5.830847E0	5.425913E0	8.247174E-1
5.864167E0	5.426312E0	8.248973E-1
5.897486E0	5.420573E0	8.275355E-1
5.930805E0	5.420503E0	8.278671E-1
5.964124E0	5.437151E0	8.246193E-1
5.997443E0	5.512307E0	8.292496E-1
6.030762E0	5.634687E0	8.212733E-1
6.064081E0	5.748348E0	8.292515E-1
6.097400E0	5.857618E0	8.368794E-1
6.130720E0	5.937336E0	8.251217E-1
6.164039E0	5.988382E0	8.386934E-1
6.197358E0	6.044800E0	8.696763E-1
6.230677E0	6.118960E0	8.794431E-1
6.263996E0	6.196549E0	8.718987E-1
6.297315E0	6.260843E0	8.708496E-1
6.330634E0	6.294103E0	8.760224E-1
6.363953E0	6.269776E0	8.671620E-1
6.397273E0	6.254212E0	8.671361E-1
6.430592E0	6.258966E0	8.750492E-1
6.463911E0	6.249275E0	8.798390E-1
6.497230E0	6.230214E0	8.799940E-1
6.530549E0	6.246257E0	8.707820E-1
6.563868E0	6.260495E0	8.595816E-1
6.597187E0	6.257697E0	8.617233E-1
6.630507E0	6.256563E0	8.661878E-1
6.663826E0	6.267671E0	8.671698E-1
6.697145E0	6.281682E0	8.763900E-1
6.730464E0	6.273768E0	8.682605E-1
6.763783E0	6.243839E0	8.776195E-1
6.797102E0	6.243046E0	8.786529E-1
6.830421E0	6.247978E0	8.747922E-1
6.863740E0	6.268100E0	8.668420E-1
6.897060E0	6.295967E0	8.735127E-1
6.930379E0	6.300159E0	8.750088E-1
6.963698E0	6.311393E0	8.750051E-1
6.997017E0	6.339629E0	8.837646E-1
7.030336E0	6.434033E0	8.730884E-1
7.063655E0	6.580837E0	8.824626E-1
7.096974E0	6.721117E0	9.042136E-1
7.130293E0	6.784508E0	9.090478E-1
7.163613E0	6.798965E0	8.797360E-1
7.196932E0	6.861029E0	8.712352E-1
7.230251E0	6.956088E0	8.779625E-1
7.263570E0	7.035839E0	8.511173E-1
7.296889E0	7.084237E0	8.401277E-1
7.330208E0	7.087039E0	8.376855E-1
7.363527E0	7.062834E0	8.410378E-1
7.396846E0	7.074152E0	8.339806E-1
7.430166E0	7.074503E0	8.328989E-1
7.463485E0	7.071629E0	8.320949E-1
7.496804E0	7.075476E0	8.303799E-1
7.530123E0	7.066774E0	8.327169E-1
7.563442E0	6.985791E0	8.291767E-1
7.596761E0	6.817302E0	8.499877E-1
7.630080E0	6.634077E0	8.707813E-1
7.663399E0	6.491733E0	8.806858E-1
7.696719E0	6.511372E0	9.202744E-1
7.730038E0	6.633757E0	8.983907E-1
7.763357E0	6.662406E0	8.893575E-1
7.796676E0	6.694719E0	8.857946E-1
7.829995E0	6.710398E0	8.838794E-1
7.863314E0	6.705262E0	8.844691E-1
7.896633E0	6.685935E0	8.926205E-1
7.929953E0	6.681687E0	8.923563E-1
7.963272E0	6.699005E0	8.888811E-1
7.996591E0	6.777932E0	8.890187E-1
8.029910E0	6.914073E0	8.753040E-1
8.063229E0	7.041225E0	8.776961E-1
8.096548E0	7.143536E0	8.918162E-1
8.129867E0	7.233399E0	8.989604E-1
8.163186E0	7.322034E0	8.903767E-1
8.196506E0	7.397611E0	9.035143E-1
8.229825E0	7.475405E0	9.064718E-1
8.263144E0	7.540297E0	9.183078E-1
8.296463E0	7.585089E0	9.337722E-1
8.329782E0	7.635521E0	9.333162E-1
8.363101E0	7.686188E0	9.258355E-1
8.396420E0	7.670150E0	9.239413E-1
8.429739E0	7.642471E0	9.315860E-1
8.463059E0	7.637314E0	9.338337E-1
8.496378E0	7.638052E0	9.089576E-1
8.529697E0	7.635001E0	8.912108E-1
8.563016E0	7.640049E0	9.038057E-1
8.596335E0	7.668137E0	9.029409E-1
8.629654E0	7.678334E0	8.951606E-1
8.662973E0	7.668499E0	8.854934E-1
8.696292E0	7.676828E0	8.750774E-1
8.729612E0	7.670957E0	8.879718E-1
8.762931E0	7.678820E0	8.768568E-1
8.796250E0	7.695118E0	8.728163E-1
8.829569E0	7.696321E0	8.832948E-1
8.862888E0	7.692079E0	8.890038E-1
8.896207E0	7.701029E0	8.952544E-1
8.929526E0	7.706647E0	8.941310E-1
8.962845E0	7.702294E0	8.923712E-1
8.996165E0	7.738772E0	8.978953E-1
9.029484E0	7.838094E0	9.012841E-1
9.062803E0	7.965140E0	9.008740E-1
9.096122E0	8.069406E0	8.887631E-1
9.129441E0	8.144537E0	8.778185E-1
9.162760E0	8.225094E0	8.850478E-1
9.196079E0	8.325504E0	8.971052E-1
9.229399E0	8.400273E0	9.088447E-1
9.262718E0	8.420923E0	8.948468E-1
9.296037E0	8.448945E0	8.957550E-1
9.329356E0	8.484928E0	9.009926E-1
9.362675E0	8.495215E0	8.954542E-1
9.395994E0	8.500311E0	8.927987E-1
9.429313E0	8.503324E0	8.908134E-1
9.462632E0	8.505390E0	8.896820E-1
9.495952E0	8.506841E0	8.888988E-1
9.529271E0	8.491397E0	8.928218E-1
9.562590E0	8.371655E0	8.989728E-1
9.595909E0	8.186120E0	9.204598E-1
9.629228E0	8.016889E0	9.429869E-1
9.662547E0	7.956538E0	9.637572E-1
9.695866E0	8.035956E0	9.771588E-1
9.729185E0	8.093908E0	9.516029E-1
9.762505E0	8.111248E0	9.687397E-1
9.795824E0	8.132791E0	9.830153E-1
9.829143E0	8.133176E0	9.871761E-1
9.862462E0	8.129845E0	9.933354E-1
9.895781E0	8.125568E0	9.943596E-1
9.929100E0	8.116441E0	9.970339E-1
9.962419E0	8.131985E0	9.961707E-1
9.995738E0	8.209240E0	9.956839E-1
1.002906E1	8.330006E0	9.909826E-1
1.006238E1	8.456381E0	9.953180E-1
1.009570E1	8.572653E0	1.006486E0
1.012901E1	8.640282E0	9.998029E-1
1.016233E1	8.696622E0	1.001469E0
1.019565E1	8.769757E0	1.006548E0
1.022897E1	8.858003E0	1.002603E0
1.026229E1	8.934286E0	1.012218E0
1.029561E1	9.013890E0	1.016363E0
1.032893E1	9.098596E0	1.026169E0
1.036225E1	9.170593E0	1.024050E0
1.039557E1	9.142649E0	1.026864E0
1.042889E1	9.067197E0	1.040940E0
1.046221E1	9.088177E0	1.042603E0
1.049553E1	9.101643E0	1.054899E0
1.052884E1	9.075434E0	1.054729E0
1.056216E1	9.072826E0	1.051952E0
1.059548E1	9.077497E0	1.048823E0
1.062880E1	9.084173E0	1.050120E0
1.066212E1	9.058368E0	1.020673E0
1.069544E1	9.078480E0	1.003832E0
1.072876E1	9.083325E0	1.012389E0
1.076208E1	9.084755E0	1.012374E0
1.079540E1	9.109253E0	1.030510E0
1.082872E1	9.127891E0	1.042677E0
1.086204E1	9.140205E0	1.044946E0
1.089535E1	9.144649E0	1.046573E0
1.092867E1	9.139034E0	1.047650E0
1.096199E1	9.135484E0	1.048464E0
1.099531E1	9.171363E0	1.055048E0
1.102863E1	9.280723E0	1.053253E0
1.106195E1	9.394053E0	1.047827E0
1.109527E1	9.485475E0	1.041410E0
1.112859E1	9.576436E0	1.009460E0
1.116191E1	9.666254E0	1.014812E0
1.119523E1	9.762312E0	1.037276E0
1.122855E1	9.849812E0	1.046780E0
1.126187E1	9.905289E0	1.054368E0
1.129518E1	9.945674E0	1.062945E0
1.132850E1	9.946943E0	1.061190E0
1.136182E1	9.930267E0	1.064507E0
1.139514E1	9.944454E0	1.057321E0
1.142846E1	9.945235E0	1.055207E0
1.146178E1	9.945696E0	1.054425E0
1.149510E1	9.946718E0	1.053592E0
1.152842E1	9.936807E0	1.052212E0
1.156174E1	9.828578E0	1.060499E0
1.159506E1	9.674208E0	1.050048E0
1.162838E1	9.503033E0	1.052484E0
1.166169E1	9.440621E0	1.052464E0
1.169501E1	9.560512E0	1.063827E0
1.172833E1	9.669695E0	1.071079E0
1.176165E1	9.673512E0	1.092949E0
1.179497E1	9.690452E0	1.099756E0
1.182829E1	9.687683E0	1.104922E0
1.186161E1	9.683258E0	1.107853E0
1.189493E1	9.681338E0	1.108039E0
1.192825E1	9.687752E0	1.102561E0
1.196157E1	9.716810E0	1.103553E0
1.199489E1	9.802573E0	1.104730E0
1.202821E1	9.915976E0	1.106088E0
1.206152E1	1.001342E1	1.115052E0
1.209484E1	1.012285E1	1.120681E0
1.212816E1	1.021982E1	1.111906E0
1.216148E1	1.029218E1	1.109068E0
1.219480E1	1.037118E1	1.126738E0
1.222812E1	1.046485E1	1.127845E0
1.226144E1	1.056351E1	1.134689E0
1.229476E1	1.064970E1	1.158242E0
1.232808E1	1.073929E1	1.155764E0
1.236140E1	1.081405E1	1.160929E0
1.239472E1	1.085329E1	1.147814E0
1.242803E1	1.083131E1	1.152842E0
1.246135E1	1.082429E1	1.155375E0
1.249467E1	1.082873E1	1.160756E0
1.252799E1	1.081774E1	1.185078E0
1.256131E1	1.083597E1	1.164882E0
1.259463E1	1.084613E1	1.163630E0
1.262795E1	1.081676E1	1.179400E0
1.266127E1	1.081462E1	1.160999E0
1.269459E1	1.083108E1	1.159457E0
1.272791E1	1.084128E1	1.165872E0
1.276123E1	1.085102E1	1.164677E0
1.279455E1	1.086924E1	1.170065E0
1.282786E1	1.087572E1	1.168863E0
1.286118E1	1.087951E1	1.170613E0
1.289450E1	1.089205E1	1.169686E0
1.292782E1	1.090664E1	1.167210E0
1.296114E1	1.090329E1	1.171690E0
1.299446E1	1.092751E1	1.180160E0
1.302778E1	1.101229E1	1.171648E0
1.306110E1	1.115719E1	1.169383E0
1.309442E1	1.131746E1	1.157531E0
1.312774E1	1.143856E1	1.141263E0
1.316106E1	1.148654E1	1.150629E0
1.319437E1	1.153327E1	1.170638E0
1.322769E1	1.159560E1	1.165379E0
1.326101E1	1.164583E1	1.164654E0
1.329433E1	1.166740E1	1.169777E0
1.332765E1	1.168956E1	1.194437E0
1.336097E1	1.168567E1	1.209080E0
1.339429E1	1.169459E1	1.209615E0
1.342761E1	1.170164E1	1.210747E0
1.346093E1	1.170324E1	1.212923E0
1.349425E1	1.170583E1	1.213701E0
1.352757E1	1.169897E1	1.214963E0
1.356089E1	1.158959E1	1.214028E0
1.359420E1	1.138703E1	1.212472E0
1.362752E1	1.118825E1	1.226599E0
1.366084E1	1.106260E1	1.227701E0
1.369416E1	1.113851E1	1.250306E0
1.372748E1	1.120000E1	1.242150E0
1.376080E1	1.120195E1	1.273053E0
1.379412E1	1.126002E1	1.275083E0
1.382744E1	1.126192E1	1.274640E0
1.386076E1	1.124566E1	1.276993E0
1.389408E1	1.125401E1	1.276091E0
1.392740E1	1.123396E1	1.274512E0
1.396071E1	1.122476E1	1.274137E0
1.399403E1	1.126038E1	1.264994E0
1.402735E1	1.132650E1	1.273371E0
1.406067E1	1.143098E1	1.279712E0
1.409399E1	1.153628E1	1.289087E0
1.412731E1	1.162319E1	1.284260E0
1.416063E1	1.169465E1	1.301358E0
1.419395E1	1.176858E1	1.313192E0
1.422727E1	1.185310E1	1.316601E0
1.426059E1	1.194288E1	1.320086E0
1.429391E1	1.202483E1	1.337082E0
1.432723E1	1.210602E1	1.341003E0
1.436054E1	1.215581E1	1.337459E0
1.439386E1	1.215503E1	1.332459E0
1.442718E1	1.208318E1	1.335568E0
1.446050E1	1.208112E1	1.334278E0
1.449382E1	1.211614E1	1.329147E0
1.452714E1	1.212232E1	1.324998E0
1.456046E1	1.211535E1	1.323192E0
1.459378E1	1.209090E1	1.328381E0
1.462710E1	1.209215E1	1.329626E0
1.466042E1	1.213179E1	1.329593E0
1.469374E1	1.216777E1	1.320265E0
1.472705E1	1.216357E1	1.321462E0
1.476037E1	1.215979E1	1.322832E0
1.479369E1	1.216921E1	1.322858E0
1.482701E1	1.217865E1	1.324053E0
1.486033E1	1.218667E1	1.337285E0
1.489365E1	1.221386E1	1.335540E0
1.492697E1	1.225430E1	1.345848E0
1.496029E1	1.229971E1	1.349363E0
1.499361E1	1.231476E1	1.328719E0
1.502693E1	1.236795E1	1.312510E0
1.506025E1	1.249636E1	1.308657E0
1.509357E1	1.264143E1	1.315260E0
1.512688E1	1.272077E1	1.308943E0
1.516020E1	1.274030E1	1.329950E0
1.519352E1	1.280305E1	1.355672E0
1.522684E1	1.289164E1	1.378375E0
1.526016E1	1.292821E1	1.394195E0
1.529348E1	1.292696E1	1.400065E0
1.532680E1	1.288435E1	1.388551E0
1.536012E1	1.288240E1	1.387484E0
1.539344E1	1.288531E1	1.386506E0
1.542676E1	1.288163E1	1.384869E0
1.546008E1	1.288160E1	1.383967E0
1.549339E1	1.287922E1	1.383660E0
1.552671E1	1.287351E1	1.382700E0
1.556003E1	1.277599E1	1.378663E0
1.559335E1	1.257465E1	1.379456E0
1.562667E1	1.236868E1	1.372018E0
1.565999E1	1.222055E1	1.380896E0
1.569331E1	1.226263E1	1.399535E0
1.572663E1	1.233730E1	1.349141E0
1.575995E1	1.236180E1	1.357234E0
1.579327E1	1.240548E1	1.379863E0
1.582659E1	1.241969E1	1.380196E0
1.585991E1	1.240015E1	1.382104E0
1.589322E1	1.239410E1	1.381852E0
1.592654E1	1.239215E1	1.381559E0
1.595986E1	1.239015E1	1.381638E0
1.599318E1	1.244051E1	1.370900E0
1.602650E1	1.253509E1	1.374154E0
1.605982E1	1.265182E1	1.392910E0
1.609314E1	1.275274E1	1.405051E0
1.612646E1	1.282816E1	1.402729E0
1.615978E1	1.290671E1	1.398337E0
1.619310E1	1.301228E1	1.407361E0
1.622642E1	1.313593E1	1.440345E0
1.625973E1	1.321681E1	1.441710E0
1.629305E1	1.328954E1	1.448209E0
1.632637E1	1.337757E1	1.454848E0
1.635969E1	1.346025E1	1.471943E0
1.639301E1	1.350124E1	1.473676E0
1.642633E1	1.351571E1	1.496306E0
1.645965E1	1.351790E1	1.507072E0
1.649297E1	1.352735E1	1.500840E0
1.652629E1	1.355423E1	1.485452E0
1.655961E1	1.358156E1	1.492924E0
1.659293E1	1.362440E1	1.496579E0
1.662624E1	1.366680E1	1.490326E0
1.665956E1	1.368734E1	1.490487E0
1.669288E1	1.370567E1	1.486822E0
1.672620E1	1.371700E1	1.491064E0
1.675952E1	1.373141E1	1.497090E0
1.679284E1	1.377223E1	1.487587E0
1.682616E1	1.379914E1	1.499216E0
1.685948E1	1.383051E1	1.501925E0
1.689280E1	1.385594E1	1.520923E0
1.692612E1	1.385094E1	1.551761E0
1.695944E1	1.386602E1	1.544435E0
1.699276E1	1.388058E1	1.540064E0
1.702607E1	1.396191E1	1.550613E0
1.705939E1	1.410530E1	1.548770E0
1.709271E1	1.424366E1	1.559747E0
1.712603E1	1.431418E1	1.556795E0
1.715935E1	1.432484E1	1.556792E0
1.719267E1	1.436456E1	1.571890E0
1.722599E1	1.443155E1	1.585675E0
1.725931E1	1.447757E1	1.600560E0
1.729263E1	1.447334E1	1.596533E0
1.732595E1	1.442286E1	1.591753E0
1.735927E1	1.440190E1	1.599685E0
1.739258E1	1.441655E1	1.600778E0
1.742590E1	1.441726E1	1.600437E0
1.745922E1	1.441447E1	1.600606E0
1.749254E1	1.441786E1	1.600566E0
1.752586E1	1.441231E1	1.600855E0
1.755918E1	1.432990E1	1.597535E0
1.759250E1	1.408478E1	1.588413E0
1.762582E1	1.379486E1	1.588019E0
1.765914E1	1.353924E1	1.596540E0
1.769246E1	1.342889E1	1.610832E0
1.772578E1	1.342313E1	1.599192E0
1.775910E1	1.342593E1	1.601688E0
1.779241E1	1.344152E1	1.606603E0
1.782573E1	1.343238E1	1.606199E0
1.785905E1	1.342937E1	1.605512E0
1.789237E1	1.342648E1	1.605034E0
1.792569E1	1.341862E1	1.606651E0
1.795901E1	1.342190E1	1.606325E0
1.799233E1	1.346338E1	1.603903E0
1.802565E1	1.357270E1	1.612743E0
1.805897E1	1.370488E1	1.624596E0
1.809229E1	1.382825E1	1.648052E0
1.812561E1	1.393229E1	1.656434E0
1.815892E1	1.401830E1	1.661848E0
1.819224E1	1.409031E1	1.679071E0
1.822556E1	1.417752E1	1.695825E0
1.825888E1	1.427750E1	1.711663E0
1.829220E1	1.435236E1	1.714228E0
1.832552E1	1.440525E1	1.715747E0
1.835884E1	1.448812E1	1.717907E0
1.839216E1	1.454938E1	1.720011E0
1.842548E1	1.459919E1	1.721656E0
1.845880E1	1.464279E1	1.720037E0
1.849212E1	1.468556E1	1.713177E0
1.852544E1	1.471784E1	1.700805E0
1.855875E1	1.474616E1	1.713435E0
1.859207E1	1.479989E1	1.714263E0
1.862539E1	1.486801E1	1.709014E0
1.865871E1	1.493959E1	1.712172E0
1.869203E1	1.501101E1	1.709118E0
1.872535E1	1.505424E1	1.705279E0
1.875867E1	1.509309E1	1.685332E0
1.879199E1	1.509604E1	1.704543E0
1.882531E1	1.508577E1	1.726478E0
1.885863E1	1.510957E1	1.725549E0
1.889195E1	1.515829E1	1.718023E0
1.892526E1	1.519762E1	1.727420E0
1.895858E1	1.523373E1	1.746422E0
1.899190E1	1.524951E1	1.754582E0
1.902522E1	1.531958E1	1.758782E0
1.905854E1	1.545888E1	1.775849E0
1.909186E1	1.559465E1	1.798740E0
1.912518E1	1.563999E1	1.820114E0
1.915850E1	1.565216E1	1.819576E0
1.919182E1	1.567855E1	1.829382E0
1.922514E1	1.571342E1	1.842955E0
1.925846E1	1.575042E1	1.830263E0
1.929178E1	1.573022E1	1.827683E0
1.932509E1	1.568373E1	1.841279E0
1.935841E1	1.567228E1	1.849703E0
1.939173E1	1.568340E1	1.844536E0
1.942505E1	1.568178E1	1.837964E0
1.945837E1	1.568191E1	1.836770E0
1.949169E1	1.568308E1	1.833373E0
1.952501E1	1.567773E1	1.831157E0
1.955833E1	1.560164E1	1.830832E0
1.959165E1	1.535163E1	1.827917E0
1.962497E1	1.502890E1	1.785359E0
1.965829E1	1.472389E1	1.770529E0
1.969160E1	1.458356E1	1.768972E0
1.972492E1	1.458610E1	1.740512E0
1.975824E1	1.461460E1	1.740477E0
1.979156E1	1.463653E1	1.755304E0
1.982488E1	1.463707E1	1.759810E0
1.985820E1	1.462215E1	1.767095E0
1.989152E1	1.462482E1	1.767518E0
1.992484E1	1.462304E1	1.768570E0
1.995816E1	1.463346E1	1.766058E0
1.999148E1	1.468599E1	1.755125E0
2.002480E1	1.479851E1	1.760604E0
2.005812E1	1.493161E1	1.773636E0
2.009143E1	1.504674E1	1.794957E0
2.012475E1	1.513199E1	1.812258E0
2.015807E1	1.522046E1	1.821168E0
2.019139E1	1.530277E1	1.820814E0
2.022471E1	1.537862E1	1.818961E0
2.025803E1	1.545732E1	1.830254E0
2.029135E1	1.555626E1	1.853753E0
2.032467E1	1.562053E1	1.867626E0
2.035799E1	1.565420E1	1.858999E0
2.039131E1	1.566126E1	1.876786E0
2.042463E1	1.566107E1	1.893000E0
2.045794E1	1.567074E1	1.885516E0
2.049126E1	1.568437E1	1.868558E0
2.052458E1	1.570471E1	1.851600E0
2.055790E1	1.570902E1	1.852981E0
2.059122E1	1.570423E1	1.861885E0
2.062454E1	1.570251E1	1.865357E0
2.065786E1	1.570447E1	1.861554E0
2.069118E1	1.573440E1	1.860159E0
2.072450E1	1.579109E1	1.861751E0
2.075782E1	1.585922E1	1.856210E0
2.079114E1	1.592276E1	1.857826E0
2.082446E1	1.598501E1	1.866645E0
2.085777E1	1.605693E1	1.877428E0
2.089109E1	1.612685E1	1.875387E0
2.092441E1	1.618751E1	1.875130E0
2.095773E1	1.623529E1	1.875621E0
2.099105E1	1.626376E1	1.877893E0
2.102437E1	1.631153E1	1.871826E0
2.105769E1	1.639819E1	1.876650E0
2.109101E1	1.650918E1	1.874798E0
2.112433E1	1.657888E1	1.875219E0
2.115765E1	1.661144E1	1.881533E0
2.119097E1	1.667304E1	1.892236E0
2.122428E1	1.674909E1	1.902417E0
2.125760E1	1.678115E1	1.905085E0
2.129092E1	1.676803E1	1.921632E0
2.132424E1	1.674543E1	1.920077E0
2.135756E1	1.671570E1	1.922175E0
2.139088E1	1.673635E1	1.921882E0
2.142420E1	1.673534E1	1.925082E0
2.145752E1	1.672744E1	1.927606E0
2.149084E1	1.674093E1	1.924763E0
2.152416E1	1.672762E1	1.929147E0
2.155748E1	1.664110E1	1.921684E0
2.159080E1	1.639731E1	1.920306E0
2.162411E1	1.607514E1	1.918180E0
2.165743E1	1.579093E1	1.921766E0
2.169075E1	1.568095E1	1.932542E0
2.172407E1	1.569914E1	1.913794E0
2.175739E1	1.570334E1	1.910740E0
2.179071E1	1.571306E1	1.927848E0
2.182403E1	1.573709E1	1.925807E0
2.185735E1	1.573473E1	1.930283E0
2.189067E1	1.572840E1	1.931912E0
2.192399E1	1.572245E1	1.933583E0
2.195731E1	1.572702E1	1.931941E0
2.199062E1	1.580266E1	1.929375E0
2.202394E1	1.594454E1	1.932666E0
2.205726E1	1.607968E1	1.951122E0
2.209058E1	1.619298E1	1.968322E0
2.212390E1	1.625673E1	1.981423E0
2.215722E1	1.632485E1	1.999006E0
2.219054E1	1.644589E1	2.010538E0
2.222386E1	1.656252E1	2.010677E0
2.225718E1	1.665825E1	2.015204E0
2.229050E1	1.673422E1	2.020006E0
2.232382E1	1.681135E1	2.019251E0
2.235713E1	1.685973E1	2.028069E0
2.239045E1	1.685531E1	2.032376E0
2.242377E1	1.683941E1	2.039512E0
2.245709E1	1.684218E1	2.041784E0
2.249041E1	1.684764E1	2.039082E0
2.252373E1	1.687551E1	2.032333E0
2.255705E1	1.689117E1	2.037965E0
2.259037E1	1.691031E1	2.037244E0
2.262369E1	1.691499E1	2.039783E0
2.265701E1	1.690263E1	2.040880E0
2.269033E1	1.690660E1	2.027473E0
2.272365E1	1.692050E1	2.036547E0
2.275696E1	1.693206E1	2.045499E0
2.279028E1	1.695031E1	2.037302E0
2.282360E1	1.696291E1	2.045694E0
2.285692E1	1.694449E1	2.065613E0
2.289024E1	1.693078E1	2.059348E0
2.292356E1	1.694786E1	2.045011E0
2.295688E1	1.695485E1	2.035240E0
2.299020E1	1.696925E1	2.035993E0
2.302352E1	1.701885E1	2.039430E0
2.305684E1	1.711859E1	2.038454E0
2.309016E1	1.724060E1	2.038778E0
2.312347E1	1.739281E1	2.040346E0
2.315679E1	1.750799E1	2.040626E0
2.319011E1	1.754029E1	2.044068E0
2.322343E1	1.757728E1	2.039835E0
2.325675E1	1.761564E1	2.039909E0
2.329007E1	1.762642E1	2.035703E0
2.332339E1	1.761436E1	2.032894E0
2.335671E1	1.760784E1	2.036041E0
2.339003E1	1.760416E1	2.038034E0
2.342335E1	1.760696E1	2.037822E0
2.345667E1	1.760936E1	2.038288E0
2.348999E1	1.761086E1	2.038332E0
2.352330E1	1.760281E1	2.040705E0
2.355662E1	1.750327E1	2.034593E0
2.358994E1	1.725596E1	2.029079E0
2.362326E1	1.697595E1	2.003185E0
2.365658E1	1.671623E1	1.991997E0
2.368990E1	1.660504E1	2.004286E0
2.372322E1	1.662596E1	1.984352E0
2.375654E1	1.664532E1	1.974312E0
2.378986E1	1.664194E1	1.984004E0
2.382318E1	1.664299E1	1.980259E0
2.385650E1	1.663216E1	1.982752E0
2.388981E1	1.662481E1	1.983387E0
2.392313E1	1.662477E1	1.983403E0
2.395645E1	1.663704E1	1.980537E0
2.398977E1	1.670188E1	1.975267E0
2.402309E1	1.683272E1	1.987768E0
2.405641E1	1.697806E1	1.999632E0
2.408973E1	1.710271E1	2.021579E0
2.412305E1	1.718399E1	2.039440E0
2.415637E1	1.725883E1	2.056616E0
2.418969E1	1.736158E1	2.052091E0
2.422301E1	1.745060E1	2.059148E0
2.425633E1	1.753673E1	2.073282E0
2.428964E1	1.762038E1	2.082710E0
2.432296E1	1.770620E1	2.093339E0
2.435628E1	1.777041E1	2.094191E0
2.438960E1	1.777331E1	2.093290E0
2.442292E1	1.775183E1	2.087029E0
2.445624E1	1.774393E1	2.090036E0
2.448956E1	1.773000E1	2.089137E0
2.452288E1	1.772814E1	2.087711E0
2.455620E1	1.772195E1	2.090164E0
2.458952E1	1.771834E1	2.093022E0
2.462284E1	1.771841E1	2.095281E0
2.465615E1	1.770525E1	2.102830E0
2.468947E1	1.771145E1	2.099469E0
2.472279E1	1.771738E1	2.095228E0
2.475611E1	1.772813E1	2.095030E0
2.478943E1	1.772983E1	2.095032E0
2.482275E1	1.772936E1	2.094439E0
2.485607E1	1.773086E1	2.093949E0
2.488939E1	1.774299E1	2.091608E0
2.492271E1	1.775652E1	2.094899E0
2.495603E1	1.776611E1	2.093650E0
2.498935E1	1.777786E1	2.094174E0
2.502267E1	1.783302E1	2.096742E0
2.505598E1	1.795408E1	2.095102E0
2.508930E1	1.807117E1	2.090774E0
2.512262E1	1.816840E1	2.080777E0
2.515594E1	1.827609E1	2.077929E0
2.518926E1	1.836620E1	2.096803E0
2.522258E1	1.844175E1	2.105429E0
2.525590E1	1.846801E1	2.106114E0
2.528922E1	1.846603E1	2.094499E0
2.532254E1	1.841349E1	2.094480E0
2.535586E1	1.839882E1	2.099475E0
2.538918E1	1.840436E1	2.096157E0
2.542249E1	1.839850E1	2.093869E0
2.545581E1	1.839702E1	2.094407E0
2.548913E1	1.839536E1	2.094375E0
2.552245E1	1.839415E1	2.093938E0
2.555577E1	1.835835E1	2.088595E0
2.558909E1	1.816685E1	2.094473E0
2.562241E1	1.792176E1	2.087398E0
2.565573E1	1.769656E1	2.051810E0
2.568905E1	1.761476E1	2.030146E0
2.572237E1	1.763044E1	2.000827E0
2.575569E1	1.762351E1	2.015196E0
2.578901E1	1.763054E1	2.012314E0
2.582232E1	1.762698E1	2.001698E0
2.585564E1	1.762095E1	1.997691E0
2.588896E1	1.761838E1	1.993940E0
2.592228E1	1.760065E1	1.991976E0
2.595560E1	1.760418E1	1.989397E0
2.598892E1	1.764594E1	1.979278E0
2.602224E1	1.776910E1	1.982932E0
2.605556E1	1.790681E1	1.992294E0
2.608888E1	1.800500E1	2.022740E0
2.612220E1	1.808514E1	2.039438E0
2.615552E1	1.817578E1	2.037925E0
2.618883E1	1.827321E1	2.054261E0
2.622215E1	1.838187E1	2.078019E0
2.625547E1	1.847812E1	2.094651E0
2.628879E1	1.856319E1	2.093493E0
2.632211E1	1.864407E1	2.102725E0
2.635543E1	1.871663E1	2.106612E0
2.638875E1	1.874522E1	2.099993E0
2.642207E1	1.874335E1	2.094257E0
2.645539E1	1.872151E1	2.096939E0
2.648871E1	1.872166E1	2.095723E0
2.652203E1	1.872570E1	2.090979E0
2.655535E1	1.870174E1	2.092929E0
2.658866E1	1.870484E1	2.094945E0
2.662198E1	1.871403E1	2.093833E0
2.665530E1	1.871176E1	2.095980E0
2.668862E1	1.870017E1	2.099311E0
2.672194E1	1.870475E1	2.099793E0
2.675526E1	1.870844E1	2.099176E0
2.678858E1	1.870151E1	2.095367E0
2.682190E1	1.870246E1	2.093154E0
2.685522E1	1.870657E1	2.093067E0
2.688854E1	1.870985E1	2.092818E0
2.692186E1	1.871110E1	2.093156E0
2.695517E1	1.870893E1	2.094342E0
2.698849E1	1.872561E1	2.094171E0
2.702181E1	1.878959E1	2.097638E0
2.705513E1	1.890988E1	2.095309E0
2.708845E1	1.904955E1	2.097134E0
2.712177E1	1.916786E1	2.092706E0
2.715509E1	1.925422E1	2.096696E0
2.718841E1	1.931708E1	2.103483E0
2.722173E1	1.938445E1	2.126083E0
2.725505E1	1.939862E1	2.122807E0
2.728837E1	1.940588E1	2.100417E0
2.732169E1	1.936638E1	2.115620E0
2.735500E1	1.934851E1	2.103338E0
2.738832E1	1.935225E1	2.098446E0
2.742164E1	1.934477E1	2.096712E0
2.745496E1	1.933911E1	2.096102E0
2.748828E1	1.933612E1	2.095899E0
2.752160E1	1.933057E1	2.096011E0
2.755492E1	1.925886E1	2.097070E0
2.758824E1	1.907582E1	2.098020E0
2.762156E1	1.883330E1	2.105229E0
2.765488E1	1.865045E1	2.105640E0
2.768820E1	1.862454E1	2.100294E0
2.772151E1	1.865402E1	2.101217E0
2.775483E1	1.866712E1	2.093857E0
2.778815E1	1.867308E1	2.097494E0
2.782147E1	1.867119E1	2.098858E0
2.785479E1	1.866607E1	2.099083E0
2.788811E1	1.866079E1	2.100038E0
2.792143E1	1.865923E1	2.099859E0
2.795475E1	1.866511E1	2.101625E0
2.798807E1	1.872943E1	2.094105E0
2.802139E1	1.883962E1	2.100986E0
2.805471E1	1.897669E1	2.121040E0
2.808803E1	1.909838E1	2.135338E0
2.812134E1	1.919803E1	2.153870E0
2.815466E1	1.928433E1	2.152472E0
2.818798E1	1.936099E1	2.170391E0
2.822130E1	1.945057E1	2.174625E0
2.825462E1	1.954901E1	2.184765E0
2.828794E1	1.962740E1	2.197502E0
2.832126E1	1.966128E1	2.212992E0
2.835458E1	1.969318E1	2.220969E0
2.838790E1	1.966216E1	2.216242E0
2.842122E1	1.963817E1	2.221830E0
2.845454E1	1.965236E1	2.225329E0
2.848785E1	1.965399E1	2.221253E0
2.852117E1	1.964111E1	2.220760E0
2.855449E1	1.961917E1	2.209385E0
2.858781E1	1.959497E1	2.174444E0
2.862113E1	1.961461E1	2.152454E0
2.865445E1	1.960986E1	2.158995E0
2.868777E1	1.961206E1	2.163457E0
2.872109E1	1.961441E1	2.163362E0
2.875441E1	1.961949E1	2.163119E0
2.878773E1	1.961742E1	2.162965E0
2.882105E1	1.960164E1	2.164627E0
2.885436E1	1.960090E1	2.160758E0
2.888768E1	1.960763E1	2.155042E0
2.892100E1	1.961548E1	2.151237E0
2.895432E1	1.961439E1	2.151867E0
2.898764E1	1.964011E1	2.158926E0
2.902096E1	1.971838E1	2.157145E0
2.905428E1	1.984473E1	2.153225E0
2.908760E1	1.996346E1	2.152363E0
2.912092E1	2.009274E1	2.150146E0
2.915424E1	2.018365E1	2.157255E0
2.918756E1	2.024174E1	2.173877E0
2.922088E1	2.031116E1	2.185147E0
2.925419E1	2.034482E1	2.172262E0
2.928751E1	2.034103E1	2.164461E0
2.932083E1	2.030893E1	2.178987E0
2.935415E1	2.028992E1	2.165333E0
2.938747E1	2.029982E1	2.162755E0
2.942079E1	2.030591E1	2.160767E0
2.945411E1	2.030926E1	2.159667E0
2.948743E1	2.031199E1	2.158306E0
2.952075E1	2.031089E1	2.158027E0
2.955407E1	2.025030E1	2.157851E0
2.958739E1	2.008498E1	2.164915E0
2.962070E1	1.986084E1	2.157866E0
2.965402E1	1.965838E1	2.148379E0
2.968734E1	1.961503E1	2.147127E0
2.972066E1	1.963535E1	2.150334E0
2.975398E1	1.964414E1	2.156475E0
2.978730E1	1.968555E1	2.165064E0
2.982062E1	1.971164E1	2.159540E0
2.985394E1	1.968807E1	2.163107E0
2.988726E1	1.966794E1	2.164099E0
2.992058E1	1.966421E1	2.160027E0
2.995390E1	1.967081E1	2.158460E0
2.998722E1	1.971490E1	2.148145E0
3.002053E1	1.981341E1	2.148052E0
3.005385E1	1.991432E1	2.163898E0
3.008717E1	2.003113E1	2.184153E0
3.012049E1	2.013744E1	2.200588E0
3.015381E1	2.022575E1	2.209197E0
3.018713E1	2.030615E1	2.229832E0
3.022045E1	2.039170E1	2.234712E0
3.025377E1	2.050050E1	2.237278E0
3.028709E1	2.059011E1	2.257001E0
3.032041E1	2.067044E1	2.262167E0
3.035373E1	2.074078E1	2.277378E0
3.038704E1	2.077241E1	2.271667E0
3.042036E1	2.078539E1	2.272077E0
3.045368E1	2.077712E1	2.278216E0
3.048700E1	2.074402E1	2.279907E0
3.052032E1	2.076294E1	2.271077E0
3.055364E1	2.076344E1	2.270840E0
3.058696E1	2.076332E1	2.268839E0
3.062028E1	2.076557E1	2.267352E0
3.065360E1	2.076926E1	2.276245E0
3.068692E1	2.077521E1	2.281755E0
3.072024E1	2.080718E1	2.295776E0
3.075356E1	2.085370E1	2.321262E0
3.078687E1	2.091831E1	2.330167E0
3.082019E1	2.098331E1	2.349823E0
3.085351E1	2.103513E1	2.365281E0
3.088683E1	2.108987E1	2.370174E0
3.092015E1	2.114538E1	2.376813E0
3.095347E1	2.119321E1	2.389142E0
3.098679E1	2.120467E1	2.389826E0
3.102011E1	2.125837E1	2.389232E0
3.105343E1	2.138537E1	2.389019E0
3.108675E1	2.148090E1	2.388428E0
3.112007E1	2.149786E1	2.379655E0
3.115338E1	2.153638E1	2.389551E0
3.118670E1	2.163724E1	2.415892E0
3.122002E1	2.171302E1	2.415916E0
3.125334E1	2.171046E1	2.417272E0
3.128666E1	2.168347E1	2.415556E0
3.131998E1	2.166360E1	2.403774E0
3.135330E1	2.162850E1	2.413210E0
3.138662E1	2.164774E1	2.420915E0
3.141994E1	2.164694E1	2.424345E0
3.145326E1	2.164647E1	2.425444E0
3.148658E1	2.164640E1	2.425977E0
3.151990E1	2.164473E1	2.425137E0
3.155321E1	2.158033E1	2.425700E0
3.158653E1	2.139773E1	2.423189E0
3.161985E1	2.108301E1	2.417860E0
3.165317E1	2.080252E1	2.409051E0
3.168649E1	2.064456E1	2.392648E0
3.171981E1	2.063518E1	2.368956E0
3.175313E1	2.065359E1	2.362245E0
3.178645E1	2.066507E1	2.363260E0
3.181977E1	2.066198E1	2.367026E0
3.185309E1	2.065081E1	2.370681E0
3.188641E1	2.064454E1	2.373750E0
3.191972E1	2.064756E1	2.374562E0
3.195304E1	2.061968E1	2.374735E0
3.198636E1	2.065469E1	2.382480E0
3.201968E1	2.079753E1	2.395931E0
3.205300E1	2.093177E1	2.391083E0
3.208632E1	2.101622E1	2.415740E0
3.211964E1	2.109291E1	2.430461E0
3.215296E1	2.118906E1	2.450103E0
3.218628E1	2.128163E1	2.457842E0
3.221960E1	2.137023E1	2.489513E0
3.225292E1	2.146843E1	2.501476E0
3.228624E1	2.155402E1	2.492911E0
3.231955E1	2.163122E1	2.502280E0
3.235287E1	2.168753E1	2.507019E0
3.238619E1	2.170849E1	2.497135E0
3.241951E1	2.170440E1	2.488453E0
3.245283E1	2.169235E1	2.480799E0
3.248615E1	2.169282E1	2.493005E0
3.251947E1	2.168323E1	2.491015E0
3.255279E1	2.166626E1	2.486402E0
3.258611E1	2.165555E1	2.487047E0
3.261943E1	2.167352E1	2.489698E0
3.265275E1	2.169217E1	2.489670E0
3.268606E1	2.168758E1	2.501897E0
3.271938E1	2.169021E1	2.497572E0
3.275270E1	2.167577E1	2.491096E0
3.278602E1	2.168022E1	2.490683E0
3.281934E1	2.170307E1	2.491114E0
3.285266E1	2.170374E1	2.498086E0
3.288598E1	2.171766E1	2.497456E0
3.291930E1	2.173258E1	2.508103E0
3.295262E1	2.174286E1	2.522103E0
3.298594E1	2.176899E1	2.542901E0
3.301926E1	2.185953E1	2.561127E0
3.305258E1	2.198694E1	2.568156E0
3.308589E1	2.209337E1	2.593993E0
3.311921E1	2.216762E1	2.608521E0
3.315253E1	2.223571E1	2.603695E0
3.318585E1	2.233657E1	2.601296E0
3.321917E1	2.239966E1	2.588410E0
3.325249E1	2.240619E1	2.588914E0
3.328581E1	2.242834E1	2.589550E0
3.331913E1	2.243994E1	2.591298E0
3.335245E1	2.241017E1	2.594422E0
3.338577E1	2.240900E1	2.596301E0
3.341909E1	2.241604E1	2.595068E0
3.345240E1	2.240736E1	2.596517E0
3.348572E1	2.241276E1	2.596476E0
3.351904E1	2.241283E1	2.595310E0
3.355236E1	2.234485E1	2.589895E0
3.358568E1	2.213619E1	2.549282E0
3.361900E1	2.180471E1	2.530454E0
3.365232E1	2.150474E1	2.517837E0
3.368564E1	2.134861E1	2.531655E0
3.371896E1	2.138138E1	2.513391E0
3.375228E1	2.138677E1	2.499919E0
3.378560E1	2.140797E1	2.501822E0
3.381892E1	2.141436E1	2.492957E0
3.385223E1	2.141008E1	2.489930E0
3.388555E1	2.141193E1	2.487609E0
3.391887E1	2.140255E1	2.489006E0
3.395219E1	2.140359E1	2.492199E0
3.398551E1	2.146068E1	2.484545E0
3.401883E1	2.158683E1	2.489900E0
3.405215E1	2.171797E1	2.503149E0
3.408547E1	2.183985E1	2.537987E0
3.411879E1	2.192907E1	2.542734E0
3.415211E1	2.199364E1	2.545502E0
3.418543E1	2.206943E1	2.569250E0
3.421874E1	2.215971E1	2.591781E0
3.425206E1	2.225406E1	2.606042E0
3.428538E1	2.234603E1	2.611461E0
3.431870E1	2.242246E1	2.610323E0
3.435202E1	2.249386E1	2.604671E0
3.438534E1	2.251295E1	2.601518E0
3.441866E1	2.248869E1	2.583861E0
3.445198E1	2.248309E1	2.584869E0
3.448530E1	2.250646E1	2.598125E0
3.451862E1	2.253024E1	2.588731E0
3.455194E1	2.250133E1	2.596465E0
3.458526E1	2.253334E1	2.580356E0
3.461857E1	2.253196E1	2.573976E0
3.465189E1	2.252043E1	2.581859E0
3.468521E1	2.251682E1	2.587815E0
3.471853E1	2.252494E1	2.593962E0
3.475185E1	2.252651E1	2.590622E0
3.478517E1	2.253132E1	2.578875E0
3.481849E1	2.252724E1	2.590480E0
3.485181E1	2.252566E1	2.591669E0
3.488513E1	2.253718E1	2.591381E0
3.491845E1	2.255657E1	2.603949E0
3.495177E1	2.258731E1	2.603261E0
3.498508E1	2.259249E1	2.595299E0
3.501840E1	2.266147E1	2.590184E0
3.505172E1	2.278271E1	2.605013E0
3.508504E1	2.287404E1	2.616158E0
3.511836E1	2.291322E1	2.621620E0
3.515168E1	2.296894E1	2.633640E0
3.518500E1	2.307482E1	2.637375E0
3.521832E1	2.317772E1	2.642530E0
3.525164E1	2.320947E1	2.618733E0
3.528496E1	2.322005E1	2.614575E0
3.531828E1	2.318106E1	2.616232E0
3.535159E1	2.314490E1	2.615055E0
3.538491E1	2.314383E1	2.609892E0
3.541823E1	2.314457E1	2.599867E0
3.545155E1	2.313664E1	2.600213E0
3.548487E1	2.314037E1	2.598118E0
3.551819E1	2.313900E1	2.597740E0
3.555151E1	2.308431E1	2.595379E0
3.558483E1	2.290254E1	2.601464E0
3.561815E1	2.263989E1	2.587631E0
3.565147E1	2.236568E1	2.588968E0
3.568479E1	2.224431E1	2.614389E0
3.571811E1	2.225247E1	2.609072E0
3.575142E1	2.226405E1	2.575777E0
3.578474E1	2.227694E1	2.591330E0
3.581806E1	2.226884E1	2.593377E0
3.585138E1	2.226263E1	2.594816E0
3.588470E1	2.225718E1	2.596031E0
3.591802E1	2.224401E1	2.597073E0
3.595134E1	2.225568E1	2.597230E0
3.598466E1	2.226899E1	2.591993E0
3.601798E1	2.233357E1	2.599851E0
3.605130E1	2.245651E1	2.600058E0
3.608462E1	2.256592E1	2.609604E0
3.611793E1	2.266653E1	2.618656E0
3.615125E1	2.274692E1	2.612611E0
3.618457E1	2.282413E1	2.625937E0
3.621789E1	2.290643E1	2.657736E0
3.625121E1	2.298899E1	2.652277E0
3.628453E1	2.303837E1	2.647242E0
3.631785E1	2.306374E1	2.651464E0
3.635117E1	2.308228E1	2.661068E0
3.638449E1	2.311431E1	2.692487E0
3.641781E1	2.314089E1	2.702689E0
3.645113E1	2.319269E1	2.707302E0
3.648445E1	2.325994E1	2.708002E0
3.651776E1	2.331538E1	2.721968E0
3.655108E1	2.334584E1	2.732196E0
3.658440E1	2.335525E1	2.738992E0
3.661772E1	2.333248E1	2.739228E0
3.665104E1	2.335724E1	2.754006E0
3.668436E1	2.337941E1	2.772035E0
3.671768E1	2.341958E1	2.770310E0
3.675100E1	2.348860E1	2.765341E0
3.678432E1	2.357206E1	2.782456E0
3.681764E1	2.364502E1	2.799210E0
3.685096E1	2.369193E1	2.816356E0
3.688427E1	2.373386E1	2.826708E0
3.691759E1	2.376572E1	2.818182E0
3.695091E1	2.375989E1	2.815779E0
3.698423E1	2.377290E1	2.822453E0
3.701755E1	2.385382E1	2.821682E0
3.705087E1	2.396785E1	2.815914E0
3.708419E1	2.406569E1	2.820392E0
3.711751E1	2.412542E1	2.832588E0
3.715083E1	2.418753E1	2.851172E0
3.718415E1	2.426272E1	2.867121E0
3.721747E1	2.434690E1	2.898057E0
3.725079E1	2.439200E1	2.934689E0
3.728410E1	2.438286E1	2.940200E0
3.731742E1	2.437032E1	2.938252E0
3.735074E1	2.437960E1	2.929717E0
3.738406E1	2.435465E1	2.924902E0
3.741738E1	2.437188E1	2.924042E0
3.745070E1	2.434719E1	2.927271E0
3.748402E1	2.435871E1	2.923938E0
3.751734E1	2.435396E1	2.924876E0
3.755066E1	2.429169E1	2.921102E0
3.758398E1	2.409663E1	2.878749E0
3.761730E1	2.377577E1	2.835866E0
3.765061E1	2.351580E1	2.814523E0
3.768393E1	2.337966E1	2.819060E0
3.771725E1	2.340399E1	2.792289E0
3.775057E1	2.340777E1	2.762772E0
3.778389E1	2.343261E1	2.758475E0
3.781721E1	2.343230E1	2.760639E0
3.785053E1	2.342475E1	2.760904E0
3.788385E1	2.341643E1	2.762649E0
3.791717E1	2.339176E1	2.773317E0
3.795049E1	2.340638E1	2.769564E0
3.798381E1	2.346704E1	2.765566E0
3.801713E1	2.358408E1	2.765078E0
3.805044E1	2.370268E1	2.777356E0
3.808376E1	2.380417E1	2.803420E0
3.811708E1	2.389100E1	2.819835E0
3.815040E1	2.395775E1	2.818492E0
3.818372E1	2.401050E1	2.825039E0
3.821704E1	2.405928E1	2.831594E0
3.825036E1	2.411910E1	2.821177E0
3.828368E1	2.416783E1	2.819097E0
3.831700E1	2.421967E1	2.830346E0
3.835032E1	2.428633E1	2.842840E0
3.838364E1	2.430256E1	2.858165E0
3.841695E1	2.430051E1	2.862575E0
3.845027E1	2.429943E1	2.865099E0
3.848359E1	2.430428E1	2.867367E0
3.851691E1	2.430439E1	2.871512E0
3.855023E1	2.431271E1	2.875416E0
3.858355E1	2.433031E1	2.888316E0
3.861687E1	2.434262E1	2.877842E0
3.865019E1	2.433594E1	2.888224E0
3.868351E1	2.431411E1	2.902047E0
3.871683E1	2.433777E1	2.895056E0
3.875015E1	2.436957E1	2.881232E0
3.878347E1	2.437940E1	2.892107E0
3.881678E1	2.439857E1	2.881710E0
3.885010E1	2.442774E1	2.873364E0
3.888342E1	2.446825E1	2.880699E0
3.891674E1	2.454147E1	2.894568E0
3.895006E1	2.457864E1	2.919583E0
3.898338E1	2.460265E1	2.944535E0
3.901670E1	2.466083E1	2.951603E0
3.905002E1	2.476808E1	2.958803E0
3.908334E1	2.487749E1	2.986673E0
3.911666E1	2.493791E1	2.995739E0
3.914998E1	2.497004E1	2.997378E0
3.918329E1	2.505092E1	3.013372E0
3.921661E1	2.516460E1	3.025761E0
3.924993E1	2.524277E1	3.007381E0
3.928325E1	2.527468E1	2.984510E0
3.931657E1	2.526789E1	2.989808E0
3.934989E1	2.525549E1	2.983510E0
3.938321E1	2.524489E1	2.975608E0
3.941653E1	2.524339E1	2.977280E0
3.944985E1	2.523932E1	2.979901E0
3.948317E1	2.523803E1	2.980753E0
3.951649E1	2.523624E1	2.981260E0
3.954981E1	2.518085E1	2.979185E0
3.958312E1	2.496408E1	2.971348E0
3.961644E1	2.465574E1	2.923800E0
3.964976E1	2.433170E1	2.860373E0
3.968308E1	2.411312E1	2.879414E0
3.971640E1	2.411344E1	2.884719E0
3.974972E1	2.412855E1	2.854627E0
3.978304E1	2.414408E1	2.867657E0
3.981636E1	2.414692E1	2.870619E0
3.984968E1	2.413936E1	2.866120E0
3.988300E1	2.413117E1	2.866805E0
3.991632E1	2.412886E1	2.869086E0
3.994963E1	2.412309E1	2.869549E0
3.998295E1	2.417363E1	2.864843E0
4.001627E1	2.429238E1	2.870787E0
4.004959E1	2.441360E1	2.893528E0
4.008291E1	2.453699E1	2.916369E0
4.011623E1	2.463647E1	2.926456E0
4.014955E1	2.469927E1	2.933291E0
4.018287E1	2.475251E1	2.943279E0
4.021619E1	2.483264E1	2.945644E0
4.024951E1	2.492110E1	2.932051E0
4.028283E1	2.500236E1	2.946845E0
4.031615E1	2.507816E1	2.953248E0
4.034946E1	2.514161E1	2.963945E0
4.038278E1	2.514424E1	2.967886E0
4.041610E1	2.510856E1	2.973357E0
4.044942E1	2.510808E1	2.974370E0
4.048274E1	2.509900E1	2.971728E0
4.051606E1	2.510599E1	2.975559E0
4.054938E1	2.511230E1	2.977114E0
4.058270E1	2.511015E1	2.979349E0
4.061602E1	2.510392E1	2.992887E0
4.064934E1	2.511819E1	2.988458E0
4.068266E1	2.512867E1	2.983934E0
4.071597E1	2.512964E1	2.981929E0
4.074929E1	2.512768E1	2.980398E0
4.078261E1	2.512612E1	2.978282E0
4.081593E1	2.512548E1	2.981856E0
4.084925E1	2.512470E1	2.989574E0
4.088257E1	2.513214E1	2.984880E0
4.091589E1	2.515953E1	2.989063E0
4.094921E1	2.518393E1	2.995117E0
4.098253E1	2.521014E1	3.012407E0
4.101585E1	2.524525E1	3.024211E0
4.104917E1	2.534160E1	3.041460E0
4.108249E1	2.548974E1	3.080916E0
4.111580E1	2.556002E1	3.105030E0
4.114912E1	2.556070E1	3.100329E0
4.118244E1	2.562141E1	3.096215E0
4.121576E1	2.573671E1	3.095362E0
4.124908E1	2.583656E1	3.083573E0
4.128240E1	2.587469E1	3.074693E0
4.131572E1	2.585931E1	3.078955E0
4.134904E1	2.582865E1	3.085101E0
4.138236E1	2.582158E1	3.063007E0
4.141568E1	2.584629E1	3.066050E0
4.144900E1	2.582869E1	3.086060E0
4.148231E1	2.583464E1	3.087105E0
4.151563E1	2.583632E1	3.086188E0
4.154895E1	2.578967E1	3.086923E0
4.158227E1	2.557465E1	3.085526E0
4.161559E1	2.529911E1	3.062367E0
4.164891E1	2.504224E1	3.054463E0
4.168223E1	2.494888E1	3.046256E0
4.171555E1	2.500027E1	3.013207E0
4.174887E1	2.500163E1	3.026318E0
4.178219E1	2.500341E1	3.031362E0
4.181551E1	2.500902E1	3.029283E0
4.184882E1	2.501047E1	3.031731E0
4.188214E1	2.501331E1	3.033289E0
4.191546E1	2.501257E1	3.035435E0
4.194878E1	2.501163E1	3.038753E0
4.198210E1	2.502686E1	3.036633E0
4.201542E1	2.510838E1	3.033735E0
4.204874E1	2.522368E1	3.042348E0
4.208206E1	2.534207E1	3.065129E0
4.211538E1	2.543268E1	3.088211E0
4.214870E1	2.550599E1	3.095505E0
4.218202E1	2.558166E1	3.105927E0
4.221534E1	2.567281E1	3.129389E0
4.224865E1	2.575423E1	3.150116E0
4.228197E1	2.583984E1	3.145944E0
4.231529E1	2.590287E1	3.142482E0
4.234861E1	2.595011E1	3.142633E0
4.238193E1	2.596406E1	3.142753E0
4.241525E1	2.594022E1	3.150809E0
4.244857E1	2.593138E1	3.144011E0
4.248189E1	2.595024E1	3.134011E0
4.251521E1	2.594984E1	3.137455E0
4.254853E1	2.593827E1	3.144359E0
4.258185E1	2.593626E1	3.146186E0
4.261516E1	2.594054E1	3.153254E0
4.264848E1	2.594022E1	3.153710E0
4.268180E1	2.594059E1	3.151730E0
4.271512E1	2.595909E1	3.149970E0
4.274844E1	2.596903E1	3.147289E0
4.278176E1	2.596400E1	3.144950E0
4.281508E1	2.596580E1	3.140873E0
4.284840E1	2.597904E1	3.150425E0
4.288172E1	2.599503E1	3.147711E0
4.291504E1	2.599773E1	3.143236E0
4.294836E1	2.601384E1	3.142733E0
4.298168E1	2.602446E1	3.148848E0
4.301499E1	2.607069E1	3.161247E0
4.304831E1	2.618936E1	3.173977E0
4.308163E1	2.628667E1	3.193972E0
4.311495E1	2.632192E1	3.205387E0
4.314827E1	2.634611E1	3.203757E0
4.318159E1	2.640246E1	3.203813E0
4.321491E1	2.647203E1	3.205477E0
4.324823E1	2.652781E1	3.192542E0
4.328155E1	2.653603E1	3.195305E0
4.331487E1	2.653203E1	3.191252E0
4.334819E1	2.650160E1	3.170633E0
4.338150E1	2.650123E1	3.163020E0
4.341482E1	2.650648E1	3.158000E0
4.344814E1	2.650144E1	3.153822E0
4.348146E1	2.650338E1	3.152447E0
4.351478E1	2.650257E1	3.150579E0
4.354810E1	2.646512E1	3.145046E0
4.358142E1	2.633662E1	3.140476E0
4.361474E1	2.612288E1	3.136321E0
4.364806E1	2.593699E1	3.145998E0
4.368138E1	2.588482E1	3.153772E0
4.371470E1	2.593882E1	3.137185E0
4.374802E1	2.592467E1	3.156448E0
4.378133E1	2.592862E1	3.158622E0
4.381465E1	2.593063E1	3.156801E0
4.384797E1	2.593088E1	3.156428E0
4.388129E1	2.593453E1	3.153680E0
4.391461E1	2.593127E1	3.152132E0
4.394793E1	2.593384E1	3.151085E0
4.398125E1	2.597017E1	3.145789E0
4.401457E1	2.606154E1	3.136925E0
4.404789E1	2.614804E1	3.151537E0
4.408121E1	2.623295E1	3.162714E0
4.411453E1	2.627534E1	3.149964E0
4.414784E1	2.626979E1	3.152654E0
4.418116E1	2.627115E1	3.149054E0
4.421448E1	2.627850E1	3.136067E0
4.424780E1	2.625200E1	3.154240E0
4.428112E1	2.624064E1	3.146378E0
4.431444E1	2.623526E1	3.132673E0
4.434776E1	2.624112E1	3.123402E0
4.438108E1	2.621665E1	3.155103E0
4.441440E1	2.620951E1	3.160075E0
4.444772E1	2.621426E1	3.152529E0
4.448104E1	2.621538E1	3.150816E0
4.451436E1	2.620562E1	3.148930E0
4.454767E1	2.621328E1	3.131776E0
4.458099E1	2.621200E1	3.146894E0
4.461431E1	2.620183E1	3.146628E0
4.464763E1	2.620804E1	3.148257E0
4.468095E1	2.623151E1	3.146721E0
4.471427E1	2.623891E1	3.147967E0
4.474759E1	2.623564E1	3.153877E0
4.478091E1	2.623233E1	3.149316E0
4.481423E1	2.624032E1	3.147892E0
4.484755E1	2.623849E1	3.152018E0
4.488087E1	2.627142E1	3.141698E0
4.491418E1	2.628228E1	3.131696E0
4.494750E1	2.627835E1	3.148528E0
4.498082E1	2.630021E1	3.156496E0
4.501414E1	2.634064E1	3.153963E0
4.504746E1	2.645294E1	3.168276E0
4.508078E1	2.659349E1	3.209028E0
4.511410E1	2.664357E1	3.213383E0
4.514742E1	2.664578E1	3.201055E0
4.518074E1	2.670742E1	3.202418E0
4.521406E1	2.681001E1	3.207045E0
4.524738E1	2.690070E1	3.197294E0
4.528070E1	2.690417E1	3.182317E0
4.531401E1	2.688420E1	3.185133E0
4.534733E1	2.688129E1	3.192647E0
4.538065E1	2.689218E1	3.191371E0
4.541397E1	2.688727E1	3.193019E0
4.544729E1	2.688699E1	3.196282E0
4.548061E1	2.688736E1	3.196829E0
4.551393E1	2.688649E1	3.196779E0
4.554725E1	2.684927E1	3.193523E0
4.558057E1	2.671075E1	3.197349E0
4.561389E1	2.649682E1	3.205993E0
4.564721E1	2.633007E1	3.209928E0
4.568052E1	2.628224E1	3.226879E0
4.571384E1	2.634423E1	3.201222E0
4.574716E1	2.633817E1	3.209726E0
4.578048E1	2.632687E1	3.228706E0
4.581380E1	2.633096E1	3.228725E0
4.584712E1	2.633494E1	3.241837E0
4.588044E1	2.632777E1	3.251354E0
4.591376E1	2.631545E1	3.255956E0
4.594708E1	2.632508E1	3.256333E0
4.598040E1	2.635013E1	3.253280E0
4.601372E1	2.643343E1	3.246783E0
4.604704E1	2.655081E1	3.244305E0
4.608035E1	2.666764E1	3.268559E0
4.611367E1	2.676860E1	3.272038E0
4.614699E1	2.685001E1	3.264465E0
4.618031E1	2.691615E1	3.298931E0
4.621363E1	2.698783E1	3.307599E0
4.624695E1	2.706426E1	3.308993E0
4.628027E1	2.714315E1	3.343585E0
4.631359E1	2.719763E1	3.365210E0
4.634691E1	2.723262E1	3.354297E0
4.638023E1	2.721678E1	3.365302E0
4.641355E1	2.720124E1	3.372250E0
4.644686E1	2.720909E1	3.362735E0
4.648018E1	2.720181E1	3.369661E0
4.651350E1	2.720078E1	3.376887E0
4.654682E1	2.719975E1	3.368453E0
4.658014E1	2.716480E1	3.354409E0
4.661346E1	2.716704E1	3.356468E0
4.664678E1	2.718336E1	3.357776E0
4.668010E1	2.716680E1	3.356881E0
4.671342E1	2.715611E1	3.357764E0
4.674674E1	2.717181E1	3.362043E0
4.678006E1	2.716957E1	3.362234E0
4.681338E1	2.717172E1	3.361842E0
4.684669E1	2.717624E1	3.361047E0
4.688001E1	2.717324E1	3.361229E0
4.691333E1	2.718283E1	3.359276E0
4.694665E1	2.718007E1	3.360931E0
4.697997E1	2.720121E1	3.367845E0
4.701329E1	2.726931E1	3.369488E0
4.704661E1	2.737413E1	3.369755E0
4.707993E1	2.748428E1	3.367772E0
4.711325E1	2.754995E1	3.374042E0
4.714657E1	2.761289E1	3.384078E0
4.717989E1	2.771018E1	3.387483E0
4.721320E1	2.778590E1	3.392988E0
4.724652E1	2.782517E1	3.416730E0
4.727984E1	2.785237E1	3.430510E0
4.731316E1	2.786293E1	3.422214E0
4.734648E1	2.784046E1	3.415550E0
4.737980E1	2.784161E1	3.417091E0
4.741312E1	2.783634E1	3.418080E0
4.744644E1	2.783335E1	3.419123E0
4.747976E1	2.783133E1	3.419695E0
4.751308E1	2.782939E1	3.420108E0
4.754640E1	2.779148E1	3.415513E0
4.757972E1	2.765303E1	3.411234E0
4.761303E1	2.742759E1	3.390923E0
4.764635E1	2.720466E1	3.379846E0
4.767967E1	2.710124E1	3.389981E0
4.771299E1	2.717735E1	3.408574E0
4.774631E1	2.716699E1	3.416362E0
4.777963E1	2.716360E1	3.411404E0
4.781295E1	2.716072E1	3.422174E0
4.784627E1	2.716198E1	3.420279E0
4.787959E1	2.714942E1	3.425630E0
4.791291E1	2.713460E1	3.434743E0
4.794623E1	2.714291E1	3.431681E0
4.797954E1	2.717079E1	3.418454E0
4.801286E1	2.727557E1	3.417384E0
4.804618E1	2.736635E1	3.422860E0
4.807950E1	2.745390E1	3.426343E0
4.811282E1	2.751837E1	3.428620E0
4.814614E1	2.753512E1	3.443836E0
4.817946E1	2.754466E1	3.449542E0
4.821278E1	2.756574E1	3.464358E0
4.824610E1	2.761090E1	3.464064E0
4.827942E1	2.766216E1	3.466360E0
4.831274E1	2.772445E1	3.475740E0
4.834605E1	2.779309E1	3.482020E0
4.837937E1	2.782306E1	3.487494E0
4.841269E1	2.782433E1	3.486436E0
4.844601E1	2.782183E1	3.492101E0
4.847933E1	2.782295E1	3.487892E0
4.851265E1	2.783239E1	3.478351E0
4.854597E1	2.780261E1	3.469414E0
4.857929E1	2.780344E1	3.468910E0
4.861261E1	2.781727E1	3.471835E0
4.864593E1	2.781870E1	3.472247E0
4.867925E1	2.781881E1	3.472811E0
4.871257E1	2.781630E1	3.474299E0
4.874588E1	2.781626E1	3.472260E0
4.877920E1	2.782212E1	3.470149E0
4.881252E1	2.782086E1	3.471451E0
4.884584E1	2.782167E1	3.470052E0
4.887916E1	2.783648E1	3.460733E0
4.891248E1	2.783402E1	3.464545E0
4.894580E1	2.782415E1	3.469590E0
4.897912E1	2.784240E1	3.467141E0
4.901244E1	2.789629E1	3.471164E0
4.904576E1	2.799625E1	3.478167E0
4.907908E1	2.816124E1	3.478642E0
4.911239E1	2.827042E1	3.477906E0
4.914571E1	2.827369E1	3.481419E0
4.917903E1	2.831700E1	3.502955E0
4.921235E1	2.841987E1	3.527107E0
4.924567E1	2.850367E1	3.539326E0
4.927899E1	2.852762E1	3.573788E0
4.931231E1	2.848574E1	3.576395E0
4.934563E1	2.844570E1	3.572209E0
4.937895E1	2.846226E1	3.584992E0
4.941227E1	2.846098E1	3.586351E0
4.944559E1	2.846973E1	3.586349E0
4.947891E1	2.847461E1	3.586605E0
4.951222E1	2.847690E1	3.587169E0
4.954554E1	2.846091E1	3.589699E0
4.957886E1	2.831578E1	3.581771E0
4.961218E1	2.804653E1	3.584067E0
4.964550E1	2.777017E1	3.581376E0
4.967882E1	2.759513E1	3.589995E0
4.971214E1	2.762067E1	3.582407E0
4.974546E1	2.761468E1	3.582579E0
4.977878E1	2.762220E1	3.577158E0
4.981210E1	2.761701E1	3.580702E0
4.984542E1	2.761381E1	3.581811E0
4.987873E1	2.761024E1	3.583612E0
4.991205E1	2.759800E1	3.588084E0
4.994537E1	2.759975E1	3.587038E0
4.997869E1	2.763334E1	3.583151E0
5.001201E1	2.771758E1	3.582926E0
5.004533E1	2.782788E1	3.595385E0
5.007865E1	2.794187E1	3.624761E0
5.011197E1	2.803227E1	3.644234E0
5.014529E1	2.810237E1	3.640888E0
5.017861E1	2.814896E1	3.646246E0
5.021193E1	2.816702E1	3.651883E0
5.024525E1	2.815569E1	3.652806E0
5.027856E1	2.815635E1	3.639298E0
5.031188E1	2.818560E1	3.632642E0
5.034520E1	2.823965E1	3.639405E0
5.037852E1	2.826280E1	3.640370E0
5.041184E1	2.825448E1	3.648609E0
5.044516E1	2.825283E1	3.648441E0
5.047848E1	2.825580E1	3.646191E0
5.051180E1	2.822918E1	3.624338E0
5.054512E1	2.820391E1	3.620818E0
5.057844E1	2.821460E1	3.625003E0
5.061176E1	2.821341E1	3.629030E0
5.064507E1	2.821315E1	3.631414E0
5.067839E1	2.821375E1	3.629939E0
5.071171E1	2.821236E1	3.629376E0
5.074503E1	2.822264E1	3.619735E0
5.077835E1	2.821494E1	3.607736E0
5.081167E1	2.821364E1	3.595700E0
5.084499E1	2.821254E1	3.592263E0
5.087831E1	2.822124E1	3.587371E0
5.091163E1	2.822060E1	3.582530E0
5.094495E1	2.821623E1	3.580931E0
5.097827E1	2.821612E1	3.580748E0
5.101159E1	2.825653E1	3.583652E0
5.104490E1	2.835564E1	3.585976E0
5.107822E1	2.851322E1	3.595182E0
5.111154E1	2.862123E1	3.582525E0
5.114486E1	2.861507E1	3.580995E0
5.117818E1	2.865243E1	3.596537E0
5.121150E1	2.875025E1	3.633876E0
5.124482E1	2.884609E1	3.651458E0
5.127814E1	2.891232E1	3.673135E0
5.131146E1	2.891714E1	3.691066E0
5.134478E1	2.888194E1	3.679729E0
5.137810E1	2.888099E1	3.685319E0
5.141141E1	2.888002E1	3.689121E0
5.144473E1	2.887726E1	3.691319E0
5.147805E1	2.887706E1	3.692589E0
5.151137E1	2.887530E1	3.693550E0
5.154469E1	2.884508E1	3.696798E0
5.157801E1	2.874607E1	3.699309E0
5.161133E1	2.851810E1	3.702547E0
5.164465E1	2.824148E1	3.712272E0
5.167797E1	2.803815E1	3.717115E0
5.171129E1	2.806050E1	3.675117E0
5.174461E1	2.805368E1	3.681017E0
5.177793E1	2.804923E1	3.694973E0
5.181124E1	2.805709E1	3.693425E0
5.184456E1	2.805240E1	3.695945E0
5.187788E1	2.804055E1	3.697931E0
5.191120E1	2.803827E1	3.697064E0
5.194452E1	2.803778E1	3.709651E0
5.197784E1	2.805316E1	3.701149E0
5.201116E1	2.812697E1	3.690589E0
5.204448E1	2.825620E1	3.691985E0
5.207780E1	2.838165E1	3.718205E0
5.211112E1	2.848129E1	3.736737E0
5.214444E1	2.854949E1	3.738644E0
5.217775E1	2.862433E1	3.762647E0
5.221107E1	2.871171E1	3.782869E0
5.224439E1	2.877993E1	3.795909E0
5.227771E1	2.883907E1	3.804576E0
5.231103E1	2.888510E1	3.818928E0
5.234435E1	2.893756E1	3.831647E0
5.237767E1	2.897691E1	3.844541E0
5.241099E1	2.895659E1	3.853653E0
5.244431E1	2.892426E1	3.843133E0
5.247763E1	2.891137E1	3.828151E0
5.251095E1	2.892365E1	3.817263E0
5.254427E1	2.891861E1	3.815040E0
5.257758E1	2.892108E1	3.811843E0
5.261090E1	2.892754E1	3.804290E0
5.264422E1	2.893657E1	3.800568E0
5.267754E1	2.892751E1	3.799648E0
5.271086E1	2.891788E1	3.801683E0
5.274418E1	2.893947E1	3.792032E0
5.277750E1	2.896840E1	3.802859E0
5.281082E1	2.896197E1	3.805949E0
5.284414E1	2.896669E1	3.806654E0
5.287746E1	2.897179E1	3.807018E0
5.291078E1	2.897441E1	3.807996E0
5.294409E1	2.893665E1	3.808121E0
5.297741E1	2.894236E1	3.806849E0
5.301073E1	2.897927E1	3.811759E0
5.304405E1	2.907596E1	3.823078E0
5.307737E1	2.921170E1	3.826827E0
5.311069E1	2.931899E1	3.830161E0
5.314401E1	2.942609E1	3.826688E0
5.317733E1	2.951040E1	3.841577E0
5.321065E1	2.956866E1	3.860010E0
5.324397E1	2.961486E1	3.856018E0
5.327729E1	2.967608E1	3.864385E0
5.331061E1	2.975093E1	3.860366E0
5.334392E1	2.979333E1	3.862034E0
5.337724E1	2.979789E1	3.862079E0
5.341056E1	2.980111E1	3.862458E0
5.344388E1	2.980330E1	3.862623E0
5.347720E1	2.980443E1	3.862505E0
5.351052E1	2.980529E1	3.862359E0
5.354384E1	2.977523E1	3.856856E0
5.357716E1	2.966224E1	3.828791E0
5.361048E1	2.941314E1	3.854506E0
5.364380E1	2.921423E1	3.856900E0
5.367712E1	2.905407E1	3.880905E0
5.371043E1	2.909280E1	3.866409E0
5.374375E1	2.909152E1	3.852407E0
5.377707E1	2.908264E1	3.853438E0
5.381039E1	2.908496E1	3.854730E0
5.384371E1	2.908535E1	3.860991E0
