	mass A		
t	x	y	
0.000000E0	-1.013153E1	-7.263133E0
3.331912E-2	-9.971993E0	-7.230373E0
6.663825E-2	-9.845899E0	-7.232021E0
9.995737E-2	-9.748010E0	-7.250089E0
1.332765E-1	-9.678649E0	-7.235237E0
1.665956E-1	-9.602486E0	-7.201108E0
1.999147E-1	-9.525976E0	-7.198018E0
2.332339E-1	-9.437477E0	-7.150805E0
2.665530E-1	-9.338686E0	-7.108320E0
2.998721E-1	-9.290793E0	-7.081785E0
3.331912E-1	-9.248378E0	-7.025740E0
3.665104E-1	-9.246799E0	-6.993825E0
3.998295E-1	-9.273954E0	-6.979061E0
4.331486E-1	-9.217591E0	-6.988928E0
4.664677E-1	-8.992652E0	-6.954682E0
4.997869E-1	-8.683213E0	-6.902704E0
5.331060E-1	-8.646687E0	-6.880422E0
5.664251E-1	-8.678784E0	-6.876784E0
5.997442E-1	-8.682856E0	-6.870971E0
6.330634E-1	-8.688240E0	-6.877675E0
6.663825E-1	-8.714929E0	-6.877096E0
6.997016E-1	-8.733011E0	-6.868798E0
7.330207E-1	-8.641523E0	-6.838339E0
7.663399E-1	-8.489474E0	-6.797413E0
7.996590E-1	-8.266444E0	-6.803880E0
8.329781E-1	-8.245322E0	-6.848785E0
8.662972E-1	-8.248745E0	-6.837483E0
8.996163E-1	-8.241417E0	-6.832842E0
9.329355E-1	-8.140997E0	-6.822864E0
9.662546E-1	-7.997403E0	-6.807044E0
9.995737E-1	-7.846395E0	-6.772051E0
1.032893E0	-7.673918E0	-6.738641E0
1.066212E0	-7.516022E0	-6.709565E0
1.099531E0	-7.436384E0	-6.716156E0
1.132850E0	-7.451537E0	-6.710059E0
1.166169E0	-7.533148E0	-6.700176E0
1.199488E0	-7.594762E0	-6.703895E0
1.232808E0	-7.647316E0	-6.709070E0
1.266127E0	-7.692834E0	-6.704215E0
1.299446E0	-7.725909E0	-6.692370E0
1.332765E0	-7.745329E0	-6.666467E0
1.366084E0	-7.760069E0	-6.646005E0
1.399403E0	-7.725620E0	-6.631969E0
1.432722E0	-7.655409E0	-6.639159E0
1.466041E0	-7.448912E0	-6.642000E0
1.499361E0	-7.055954E0	-6.650561E0
1.532680E0	-6.884311E0	-6.628532E0
1.565999E0	-6.942874E0	-6.597346E0
1.599318E0	-6.940647E0	-6.605429E0
1.632637E0	-6.930459E0	-6.614135E0
1.665956E0	-6.963556E0	-6.600981E0
1.699275E0	-6.974582E0	-6.591492E0
1.732594E0	-6.913180E0	-6.585056E0
1.765914E0	-6.775027E0	-6.564956E0
1.799233E0	-6.539430E0	-6.556053E0
1.832552E0	-6.473879E0	-6.582574E0
1.865871E0	-6.463922E0	-6.546473E0
1.899190E0	-6.432832E0	-6.567124E0
1.932509E0	-6.331186E0	-6.528880E0
1.965828E0	-6.190716E0	-6.513603E0
1.999147E0	-6.019919E0	-6.478196E0
2.032467E0	-5.853196E0	-6.447740E0
2.065786E0	-5.701248E0	-6.429047E0
2.099105E0	-5.616316E0	-6.434261E0
2.132424E0	-5.642013E0	-6.431831E0
2.165743E0	-5.717956E0	-6.424984E0
2.199062E0	-5.784144E0	-6.418922E0
2.232381E0	-5.833435E0	-6.428012E0
2.265700E0	-5.862603E0	-6.426850E0
2.299020E0	-5.880044E0	-6.423083E0
2.332339E0	-5.877891E0	-6.408066E0
2.365658E0	-5.882435E0	-6.388516E0
2.398977E0	-5.844814E0	-6.362554E0
2.432296E0	-5.751364E0	-6.364497E0
2.465615E0	-5.540204E0	-6.375755E0
2.498934E0	-5.163625E0	-6.372959E0
2.532253E0	-5.051304E0	-6.352867E0
2.565573E0	-5.082987E0	-6.332292E0
2.598892E0	-5.087309E0	-6.333163E0
2.632211E0	-5.078836E0	-6.337359E0
2.665530E0	-5.101368E0	-6.329982E0
2.698849E0	-5.160031E0	-6.316791E0
2.732168E0	-5.122163E0	-6.292177E0
2.765487E0	-5.055810E0	-6.268648E0
2.798806E0	-5.091661E0	-6.411365E0
2.832126E0	-4.976428E0	-6.463947E0
2.865445E0	-4.988620E0	-6.423665E0
2.898764E0	-4.938286E0	-6.430092E0
2.932083E0	-4.807338E0	-6.418978E0
2.965402E0	-4.603724E0	-6.391033E0
2.998721E0	-4.378153E0	-6.358511E0
3.032040E0	-4.165852E0	-6.326091E0
3.065359E0	-4.012086E0	-6.303774E0
3.098679E0	-3.897764E0	-6.306346E0
3.131998E0	-3.874057E0	-6.319210E0
3.165317E0	-3.909153E0	-6.308654E0
3.198636E0	-3.923303E0	-6.306209E0
3.231955E0	-3.897910E0	-6.332220E0
3.265274E0	-3.875326E0	-6.368324E0
3.298593E0	-3.876204E0	-6.367744E0
3.331912E0	-3.856690E0	-6.373956E0
3.365232E0	-3.853978E0	-6.385416E0
3.398551E0	-3.840370E0	-6.397603E0
3.431870E0	-3.739144E0	-6.388617E0
3.465189E0	-3.465923E0	-6.355724E0
3.498508E0	-3.110263E0	-6.317797E0
3.531827E0	-3.002953E0	-6.293608E0
3.565146E0	-3.034435E0	-6.303910E0
3.598465E0	-3.043809E0	-6.302732E0
3.631785E0	-3.045378E0	-6.303379E0
3.665104E0	-3.072549E0	-6.304351E0
3.698423E0	-3.255914E0	-6.294263E0
3.731742E0	-3.482664E0	-6.304717E0
3.765061E0	-3.701007E0	-6.319912E0
3.798380E0	-3.794434E0	-6.303250E0
3.831699E0	-3.722349E0	-6.348674E0
3.865018E0	-3.732818E0	-6.339226E0
3.898338E0	-3.679693E0	-6.330668E0
3.931657E0	-3.531324E0	-6.332489E0
3.964976E0	-3.327957E0	-6.319528E0
3.998295E0	-3.119413E0	-6.292359E0
4.031614E0	-2.906903E0	-6.259936E0
4.064933E0	-2.761710E0	-6.232902E0
4.098252E0	-2.646383E0	-6.227260E0
4.131571E0	-2.591015E0	-6.238050E0
4.164891E0	-2.592182E0	-6.237053E0
4.198210E0	-2.589980E0	-6.240435E0
4.231529E0	-2.601140E0	-6.250306E0
4.264848E0	-2.615916E0	-6.250559E0
4.298167E0	-2.600735E0	-6.247539E0
4.331486E0	-2.576799E0	-6.241425E0
4.364805E0	-2.555611E0	-6.250384E0
4.398124E0	-2.553743E0	-6.256361E0
4.431444E0	-2.448293E0	-6.252108E0
4.464763E0	-2.193476E0	-6.223879E0
4.498082E0	-1.917636E0	-6.224332E0
4.531401E0	-1.790868E0	-6.239532E0
4.564720E0	-1.787098E0	-6.249921E0
4.598039E0	-1.800046E0	-6.238489E0
4.631358E0	-1.805682E0	-6.239508E0
4.664677E0	-1.827244E0	-6.246242E0
4.697996E0	-2.013879E0	-6.240414E0
4.731316E0	-2.216561E0	-6.246838E0
4.764635E0	-2.406112E0	-6.247636E0
4.797954E0	-2.453181E0	-6.225822E0
4.831273E0	-2.352673E0	-6.249267E0
4.864592E0	-2.374746E0	-6.230032E0
4.897911E0	-2.306765E0	-6.240722E0
4.931230E0	-2.136751E0	-6.242357E0
4.964549E0	-1.922890E0	-6.226763E0
4.997869E0	-1.733849E0	-6.201896E0
5.031188E0	-1.586036E0	-6.186369E0
5.064507E0	-1.497139E0	-6.182610E0
5.097826E0	-1.417801E0	-6.188427E0
5.131145E0	-1.394105E0	-6.202422E0
5.164464E0	-1.437272E0	-6.193013E0
5.197783E0	-1.484590E0	-6.193316E0
5.231102E0	-1.440332E0	-6.235305E0
5.264422E0	-1.407378E0	-6.230143E0
5.297741E0	-1.371389E0	-6.201214E0
5.331060E0	-1.341117E0	-6.184990E0
5.364379E0	-1.312382E0	-6.172760E0
5.397698E0	-1.279786E0	-6.156919E0
5.431017E0	-1.171563E0	-6.135673E0
5.464336E0	-9.656213E-1	-6.124321E0
5.497655E0	-6.754866E-1	-6.124224E0
5.530975E0	-4.728694E-1	-6.118967E0
5.564294E0	-4.639602E-1	-6.100012E0
5.597613E0	-4.633771E-1	-6.104922E0
5.630932E0	-4.633158E-1	-6.101393E0
5.664251E0	-5.059723E-1	-6.092899E0
5.697570E0	-6.850274E-1	-6.096810E0
5.730889E0	-9.212012E-1	-6.093028E0
5.764208E0	-1.101046E0	-6.086927E0
5.797528E0	-1.181651E0	-6.079523E0
5.830847E0	-1.134011E0	-6.133147E0
5.864166E0	-1.158487E0	-6.121688E0
5.897485E0	-1.111297E0	-6.095019E0
5.930804E0	-9.371470E-1	-6.087047E0
5.964123E0	-6.953635E-1	-6.063062E0
5.997442E0	-4.833725E-1	-6.012112E0
6.030761E0	-2.967213E-1	-5.961664E0
6.064081E0	-1.180686E-1	-5.939023E0
6.097400E0	8.589426E-3	-5.925533E0
6.130719E0	5.572671E-2	-5.913668E0
6.164038E0	6.017774E-2	-5.904192E0
6.197357E0	6.105616E-2	-5.923304E0
6.230676E0	5.788445E-2	-5.925760E0
6.263995E0	7.478450E-2	-5.914944E0
6.297314E0	1.061747E-1	-5.904257E0
6.330634E0	1.436450E-1	-5.904778E0
6.363953E0	1.804388E-1	-5.889872E0
6.397272E0	2.230930E-1	-5.879811E0
6.430591E0	3.425709E-1	-5.867824E0
6.463910E0	5.529326E-1	-5.854101E0
6.497229E0	8.366693E-1	-5.846898E0
6.530548E0	1.026793E0	-5.838707E0
6.563867E0	1.049821E0	-5.816488E0
6.597187E0	1.047337E0	-5.817239E0
6.630506E0	1.059840E0	-5.824269E0
6.663825E0	1.022659E0	-5.818419E0
6.697144E0	8.156094E-1	-5.822556E0
6.730463E0	5.642031E-1	-5.840261E0
6.763782E0	3.430009E-1	-5.864569E0
6.797101E0	2.577831E-1	-5.858516E0
6.830420E0	3.139666E-1	-5.915750E0
6.863740E0	3.015123E-1	-5.902948E0
6.897059E0	3.442133E-1	-5.869691E0
6.930378E0	4.632505E-1	-5.857651E0
6.963697E0	6.298390E-1	-5.823041E0
6.997016E0	8.098223E-1	-5.797319E0
7.030335E0	1.004397E0	-5.750499E0
7.063654E0	1.172758E0	-5.700007E0
7.096973E0	1.300872E0	-5.682479E0
7.130293E0	1.346929E0	-5.683042E0
7.163612E0	1.313554E0	-5.691900E0
7.196931E0	1.321627E0	-5.685037E0
7.230250E0	1.314359E0	-5.677867E0
7.263569E0	1.319189E0	-5.679433E0
7.296888E0	1.317152E0	-5.710234E0
7.330207E0	1.352363E0	-5.710563E0
7.363526E0	1.401116E0	-5.680968E0
7.396846E0	1.447287E0	-5.649561E0
7.430165E0	1.542363E0	-5.633206E0
7.463484E0	1.740891E0	-5.635967E0
7.496803E0	2.029435E0	-5.633237E0
7.530122E0	2.272738E0	-5.626162E0
7.563441E0	2.295253E0	-5.605104E0
7.596760E0	2.280891E0	-5.605237E0
7.630079E0	2.287451E0	-5.608901E0
7.663399E0	2.248011E0	-5.595196E0
7.696718E0	2.044800E0	-5.591673E0
7.730037E0	1.808762E0	-5.608420E0
7.763356E0	1.590744E0	-5.601105E0
7.796675E0	1.494320E0	-5.581716E0
7.829994E0	1.546367E0	-5.628925E0
7.863313E0	1.511538E0	-5.630217E0
7.896632E0	1.549006E0	-5.604219E0
7.929952E0	1.694401E0	-5.594227E0
7.963271E0	1.885766E0	-5.574228E0
7.996590E0	2.071086E0	-5.527915E0
8.029909E0	2.248156E0	-5.475021E0
8.063228E0	2.435615E0	-5.451128E0
8.096547E0	2.578821E0	-5.440440E0
8.129866E0	2.650603E0	-5.471770E0
8.163185E0	2.661836E0	-5.478466E0
8.196505E0	2.650289E0	-5.472963E0
8.229824E0	2.628142E0	-5.475650E0
8.263143E0	2.637992E0	-5.463000E0
8.296462E0	2.660910E0	-5.430110E0
8.329781E0	2.697880E0	-5.408054E0
8.363100E0	2.727095E0	-5.440217E0
8.396419E0	2.756662E0	-5.445484E0
8.429738E0	2.868447E0	-5.428177E0
8.463058E0	3.068809E0	-5.410815E0
8.496377E0	3.345307E0	-5.392079E0
8.529696E0	3.498387E0	-5.393931E0
8.563015E0	3.484737E0	-5.370445E0
8.596334E0	3.467549E0	-5.378079E0
8.629653E0	3.484026E0	-5.377392E0
8.662972E0	3.447630E0	-5.374568E0
8.696291E0	3.269752E0	-5.385548E0
8.729611E0	2.987703E0	-5.390373E0
8.762930E0	2.710098E0	-5.391383E0
8.796249E0	2.482107E0	-5.349988E0
8.829568E0	2.465045E0	-5.376096E0
8.862887E0	2.417180E0	-5.381213E0
8.896206E0	2.499174E0	-5.369196E0
8.929525E0	2.690137E0	-5.350344E0
8.962844E0	2.924433E0	-5.317141E0
8.996163E0	3.123912E0	-5.258019E0
9.029483E0	3.299688E0	-5.202837E0
9.062802E0	3.469653E0	-5.187689E0
9.096121E0	3.606984E0	-5.193036E0
9.129440E0	3.659686E0	-5.211230E0
9.162759E0	3.706386E0	-5.208790E0
9.196078E0	3.766565E0	-5.196568E0
9.229397E0	3.834169E0	-5.195414E0
9.262716E0	3.882945E0	-5.182652E0
9.296036E0	3.929158E0	-5.146044E0
9.329355E0	4.022730E0	-5.105884E0
9.362674E0	4.042871E0	-5.103032E0
9.395993E0	4.079250E0	-5.115554E0
9.429312E0	4.182731E0	-5.101656E0
9.462631E0	4.424052E0	-5.073729E0
9.495950E0	4.644112E0	-5.063722E0
9.529269E0	4.688611E0	-5.081221E0
9.562589E0	4.597016E0	-5.088392E0
9.595908E0	4.537718E0	-5.073343E0
9.629227E0	4.560406E0	-5.074331E0
9.662546E0	4.533533E0	-5.085983E0
9.695865E0	4.349267E0	-5.105557E0
9.729184E0	3.997758E0	-5.135289E0
9.762503E0	3.664688E0	-5.167863E0
9.795822E0	3.437978E0	-5.167027E0
9.829142E0	3.440841E0	-5.191544E0
9.862461E0	3.425824E0	-5.187858E0
9.895780E0	3.496112E0	-5.191249E0
9.929099E0	3.665399E0	-5.181784E0
9.962418E0	3.886255E0	-5.144649E0
9.995737E0	4.102016E0	-5.086550E0
1.002906E1	4.300228E0	-5.031653E0
1.006238E1	4.468819E0	-4.995446E0
1.009569E1	4.591786E0	-4.990800E0
1.012901E1	4.640946E0	-5.020490E0
1.016233E1	4.648427E0	-5.039451E0
1.019565E1	4.654207E0	-5.031541E0
1.022897E1	4.644740E0	-5.014761E0
1.026229E1	4.676357E0	-5.030854E0
1.029561E1	4.745873E0	-5.049435E0
1.032893E1	4.837797E0	-5.055562E0
1.036225E1	4.953432E0	-5.072794E0
1.039557E1	4.972512E0	-5.060840E0
1.042889E1	5.069987E0	-5.028023E0
1.046220E1	5.283995E0	-4.985454E0
1.049552E1	5.475883E0	-4.979044E0
1.052884E1	5.550323E0	-5.003443E0
1.056216E1	5.497322E0	-5.000283E0
1.059548E1	5.465579E0	-4.988043E0
1.062880E1	5.491358E0	-4.992483E0
1.066212E1	5.464856E0	-4.995288E0
1.069544E1	5.265643E0	-5.016267E0
1.072876E1	4.991152E0	-5.044591E0
1.076208E1	4.688050E0	-5.058038E0
1.079540E1	4.486220E0	-5.041657E0
1.082872E1	4.485555E0	-5.093753E0
1.086203E1	4.465354E0	-5.094300E0
1.089535E1	4.521164E0	-5.076394E0
1.092867E1	4.705780E0	-5.062947E0
1.096199E1	4.939289E0	-5.031284E0
1.099531E1	5.127734E0	-4.980006E0
1.102863E1	5.315894E0	-4.928139E0
1.106195E1	5.486145E0	-4.897415E0
1.109527E1	5.627285E0	-4.871856E0
1.112859E1	5.717895E0	-4.856995E0
1.116191E1	5.764682E0	-4.832546E0
1.119523E1	5.773857E0	-4.817096E0
1.122854E1	5.791897E0	-4.836275E0
1.126186E1	5.788773E0	-4.847201E0
1.129518E1	5.781023E0	-4.851774E0
1.132850E1	5.816458E0	-4.859764E0
1.136182E1	5.848762E0	-4.842559E0
1.139514E1	5.854958E0	-4.826430E0
1.142846E1	5.934716E0	-4.824043E0
1.146178E1	6.162327E0	-4.815103E0
1.149510E1	6.447389E0	-4.806766E0
1.152842E1	6.610205E0	-4.804512E0
1.156174E1	6.599161E0	-4.810552E0
1.159506E1	6.550488E0	-4.804313E0
1.162837E1	6.565004E0	-4.806242E0
1.166169E1	6.552420E0	-4.817585E0
1.169501E1	6.378289E0	-4.836265E0
1.172833E1	6.030296E0	-4.861251E0
1.176165E1	5.638828E0	-4.884957E0
1.179497E1	5.361854E0	-4.919492E0
1.182829E1	5.329368E0	-4.949421E0
1.186161E1	5.294387E0	-4.935926E0
1.189493E1	5.353760E0	-4.936036E0
1.192825E1	5.533504E0	-4.919099E0
1.196157E1	5.760643E0	-4.868218E0
1.199488E1	5.970552E0	-4.809049E0
1.202820E1	6.170084E0	-4.773035E0
1.206152E1	6.337335E0	-4.747192E0
1.209484E1	6.462407E0	-4.725091E0
1.212816E1	6.528307E0	-4.718110E0
1.216148E1	6.586601E0	-4.716726E0
1.219480E1	6.634326E0	-4.715179E0
1.222812E1	6.699381E0	-4.718497E0
1.226144E1	6.778770E0	-4.718627E0
1.229476E1	6.881014E0	-4.714559E0
1.232808E1	6.964058E0	-4.707354E0
1.236140E1	7.031685E0	-4.695874E0
1.239471E1	7.089865E0	-4.700432E0
1.242803E1	7.181089E0	-4.699942E0
1.246135E1	7.393137E0	-4.668642E0
1.249467E1	7.643537E0	-4.616471E0
1.252799E1	7.762659E0	-4.622175E0
1.256131E1	7.755423E0	-4.617576E0
1.259463E1	7.715170E0	-4.595953E0
1.262795E1	7.721833E0	-4.592391E0
1.266127E1	7.708391E0	-4.603003E0
1.269459E1	7.521777E0	-4.616421E0
1.272791E1	7.222575E0	-4.632657E0
1.276122E1	6.933056E0	-4.679531E0
1.279454E1	6.734408E0	-4.708024E0
1.282786E1	6.739186E0	-4.769317E0
1.286118E1	6.703289E0	-4.758911E0
1.289450E1	6.754686E0	-4.756937E0
1.292782E1	6.918285E0	-4.760578E0
1.296114E1	7.145184E0	-4.717441E0
1.299446E1	7.370874E0	-4.651082E0
1.302778E1	7.566709E0	-4.608984E0
1.306110E1	7.723572E0	-4.604320E0
1.309442E1	7.837561E0	-4.598856E0
1.312773E1	7.838380E0	-4.597998E0
1.316105E1	7.802400E0	-4.589151E0
1.319437E1	7.788737E0	-4.596766E0
1.322769E1	7.814532E0	-4.596354E0
1.326101E1	7.843116E0	-4.601654E0
1.329433E1	7.866880E0	-4.596075E0
1.332765E1	7.892859E0	-4.601745E0
1.336097E1	7.900107E0	-4.606257E0
1.339429E1	7.908214E0	-4.609953E0
1.342761E1	7.995745E0	-4.606751E0
1.346093E1	8.215711E0	-4.592005E0
1.349425E1	8.495674E0	-4.562381E0
1.352756E1	8.698283E0	-4.537884E0
1.356088E1	8.722208E0	-4.532670E0
1.359420E1	8.690800E0	-4.536843E0
1.362752E1	8.696523E0	-4.539035E0
1.366084E1	8.686195E0	-4.539811E0
1.369416E1	8.518916E0	-4.545177E0
1.372748E1	8.279293E0	-4.575070E0
1.376080E1	8.038671E0	-4.605596E0
1.379412E1	7.921586E0	-4.617829E0
1.382744E1	7.939935E0	-4.663741E0
1.386076E1	7.901290E0	-4.653465E0
1.389407E1	7.905299E0	-4.635289E0
1.392739E1	8.037269E0	-4.638172E0
1.396071E1	8.246030E0	-4.622387E0
1.399403E1	8.439142E0	-4.561676E0
1.402735E1	8.621568E0	-4.511636E0
1.406067E1	8.779217E0	-4.496026E0
1.409399E1	8.897151E0	-4.496837E0
1.412731E1	8.924100E0	-4.496980E0
1.416063E1	8.888188E0	-4.489783E0
1.419395E1	8.860700E0	-4.486057E0
1.422727E1	8.864960E0	-4.490307E0
1.426059E1	8.868401E0	-4.490419E0
1.429390E1	8.870989E0	-4.489704E0
1.432722E1	8.872701E0	-4.489771E0
1.436054E1	8.869950E0	-4.490795E0
1.439386E1	8.865735E0	-4.489630E0
1.442718E1	8.950240E0	-4.483064E0
1.446050E1	9.158230E0	-4.464743E0
1.449382E1	9.441109E0	-4.451078E0
1.452714E1	9.660168E0	-4.431106E0
1.456046E1	9.684907E0	-4.410312E0
1.459378E1	9.672795E0	-4.426885E0
1.462710E1	9.681648E0	-4.436100E0
1.466041E1	9.673144E0	-4.430390E0
1.469373E1	9.498009E0	-4.432959E0
1.472705E1	9.254543E0	-4.465240E0
1.476037E1	8.994273E0	-4.493917E0
1.479369E1	8.864580E0	-4.511991E0
1.482701E1	8.872626E0	-4.552294E0
1.486033E1	8.800121E0	-4.532421E0
1.489365E1	8.839530E0	-4.516499E0
1.492697E1	8.974268E0	-4.521068E0
1.496029E1	9.147238E0	-4.493384E0
1.499361E1	9.335414E0	-4.448075E0
1.502692E1	9.529865E0	-4.388674E0
1.506024E1	9.701758E0	-4.362654E0
1.509356E1	9.823983E0	-4.354114E0
1.512688E1	9.860653E0	-4.368860E0
1.516020E1	9.822876E0	-4.374142E0
1.519352E1	9.827072E0	-4.373471E0
1.522684E1	9.861032E0	-4.371471E0
1.526016E1	9.862354E0	-4.362131E0
1.529348E1	9.840225E0	-4.376499E0
1.532680E1	9.827726E0	-4.413828E0
1.536012E1	9.832912E0	-4.416761E0
1.539344E1	9.840692E0	-4.406451E0
1.542675E1	9.938548E0	-4.397712E0
1.546007E1	1.014468E1	-4.378879E0
1.549339E1	1.042517E1	-4.373455E0
1.552671E1	1.063847E1	-4.386135E0
1.556003E1	1.063761E1	-4.379799E0
1.559335E1	1.056767E1	-4.379454E0
1.562667E1	1.056970E1	-4.375002E0
1.565999E1	1.057033E1	-4.375317E0
1.569331E1	1.040553E1	-4.387121E0
1.572663E1	1.007297E1	-4.402751E0
1.575995E1	9.695837E0	-4.387839E0
1.579326E1	9.456830E0	-4.385394E0
1.582658E1	9.434206E0	-4.430591E0
1.585990E1	9.416571E0	-4.434171E0
1.589322E1	9.472588E0	-4.408302E0
1.592654E1	9.645488E0	-4.389865E0
1.595986E1	9.878995E0	-4.359967E0
1.599318E1	1.008378E1	-4.310536E0
1.602650E1	1.027577E1	-4.267324E0
1.605982E1	1.044385E1	-4.254425E0
1.609314E1	1.056020E1	-4.249206E0
1.612646E1	1.061119E1	-4.264743E0
1.615978E1	1.062188E1	-4.262441E0
1.619309E1	1.062000E1	-4.247146E0
1.622641E1	1.062148E1	-4.256142E0
1.625973E1	1.067823E1	-4.265381E0
1.629305E1	1.068782E1	-4.215685E0
1.632637E1	1.072014E1	-4.164651E0
1.635969E1	1.076956E1	-4.139679E0
1.639301E1	1.083374E1	-4.118609E0
1.642633E1	1.091599E1	-4.110965E0
1.645965E1	1.111965E1	-4.103366E0
1.649297E1	1.136806E1	-4.087745E0
1.652629E1	1.146368E1	-4.088114E0
1.655960E1	1.145753E1	-4.100107E0
1.659292E1	1.140562E1	-4.101663E0
1.662624E1	1.142480E1	-4.097927E0
1.665956E1	1.140694E1	-4.101454E0
1.669288E1	1.123141E1	-4.133056E0
1.672620E1	1.092753E1	-4.180393E0
1.675952E1	1.059661E1	-4.215915E0
1.679284E1	1.036112E1	-4.245364E0
1.682616E1	1.035234E1	-4.300890E0
1.685948E1	1.031941E1	-4.308823E0
1.689280E1	1.034146E1	-4.282325E0
1.692612E1	1.050696E1	-4.255113E0
1.695943E1	1.071035E1	-4.227210E0
1.699275E1	1.090446E1	-4.169907E0
1.702607E1	1.110603E1	-4.110138E0
1.705939E1	1.129234E1	-4.083257E0
1.709271E1	1.143532E1	-4.056578E0
1.712603E1	1.150658E1	-4.048575E0
1.715935E1	1.155133E1	-4.045169E0
1.719267E1	1.156405E1	-4.047862E0
1.722599E1	1.160864E1	-4.067962E0
1.725931E1	1.165637E1	-4.105497E0
1.729263E1	1.167737E1	-4.145279E0
1.732594E1	1.165940E1	-4.113073E0
1.735926E1	1.167111E1	-4.095667E0
1.739258E1	1.169748E1	-4.094302E0
1.742590E1	1.177128E1	-4.085267E0
1.745922E1	1.198121E1	-4.076132E0
1.749254E1	1.223747E1	-4.047177E0
1.752586E1	1.240619E1	-3.999745E0
1.755918E1	1.241680E1	-3.987480E0
1.759250E1	1.234511E1	-3.995162E0
1.762582E1	1.236518E1	-3.988807E0
1.765914E1	1.236006E1	-3.991145E0
1.769245E1	1.217375E1	-4.013387E0
1.772577E1	1.185218E1	-4.046490E0
1.775909E1	1.152882E1	-4.086307E0
1.779241E1	1.130285E1	-4.088956E0
1.782573E1	1.130332E1	-4.116957E0
1.785905E1	1.129377E1	-4.140409E0
1.789237E1	1.133149E1	-4.142786E0
1.792569E1	1.147872E1	-4.131562E0
1.795901E1	1.172449E1	-4.105548E0
1.799233E1	1.196284E1	-4.060527E0
1.802565E1	1.212197E1	-4.020999E0
1.805897E1	1.222746E1	-4.038273E0
1.809228E1	1.229591E1	-4.055185E0
1.812560E1	1.227879E1	-4.050918E0
1.815892E1	1.222976E1	-4.052917E0
1.819224E1	1.224065E1	-4.048906E0
1.822556E1	1.227254E1	-4.045666E0
1.825888E1	1.233753E1	-4.056902E0
1.829220E1	1.234293E1	-4.049030E0
1.832552E1	1.235501E1	-4.052679E0
1.835884E1	1.240583E1	-4.057303E0
1.839216E1	1.249552E1	-4.063484E0
1.842548E1	1.258055E1	-4.069059E0
1.845879E1	1.273100E1	-4.051419E0
1.849211E1	1.294597E1	-4.025793E0
1.852543E1	1.314166E1	-3.974892E0
1.855875E1	1.323173E1	-3.924625E0
1.859207E1	1.321990E1	-3.919483E0
1.862539E1	1.322361E1	-3.927523E0
1.865871E1	1.321822E1	-3.934433E0
1.869203E1	1.306315E1	-3.943339E0
1.872535E1	1.276514E1	-3.976620E0
1.875867E1	1.242558E1	-3.992642E0
1.879199E1	1.217298E1	-3.987665E0
1.882531E1	1.212869E1	-4.001051E0
1.885862E1	1.208678E1	-4.010665E0
1.889194E1	1.213527E1	-4.004609E0
1.892526E1	1.228970E1	-3.998858E0
1.895858E1	1.249091E1	-3.973395E0
1.899190E1	1.267496E1	-3.940772E0
1.902522E1	1.281751E1	-3.921990E0
1.905854E1	1.291432E1	-3.923863E0
1.909186E1	1.296146E1	-3.933250E0
1.912518E1	1.297094E1	-3.936857E0
1.915850E1	1.293354E1	-3.947404E0
1.919182E1	1.292440E1	-3.953197E0
1.922513E1	1.296330E1	-3.954103E0
1.925845E1	1.299727E1	-3.944692E0
1.929177E1	1.305810E1	-3.942330E0
1.932509E1	1.314683E1	-3.930747E0
1.935841E1	1.326869E1	-3.917373E0
1.939173E1	1.336829E1	-3.890636E0
1.942505E1	1.344164E1	-3.877186E0
1.945837E1	1.360001E1	-3.852625E0
1.949169E1	1.382692E1	-3.811288E0
1.952501E1	1.399122E1	-3.759855E0
1.955833E1	1.403898E1	-3.725763E0
1.959164E1	1.404150E1	-3.725746E0
1.962496E1	1.403862E1	-3.723766E0
1.965828E1	1.403810E1	-3.722870E0
1.969160E1	1.388510E1	-3.741247E0
1.972492E1	1.356159E1	-3.768085E0
1.975824E1	1.319997E1	-3.776974E0
1.979156E1	1.289538E1	-3.774160E0
1.982488E1	1.282017E1	-3.824488E0
1.985820E1	1.278019E1	-3.848603E0
1.989152E1	1.282412E1	-3.806090E0
1.992484E1	1.297548E1	-3.775683E0
1.995816E1	1.318849E1	-3.768564E0
1.999147E1	1.339945E1	-3.725575E0
2.002479E1	1.360361E1	-3.662661E0
2.005811E1	1.378339E1	-3.624421E0
2.009143E1	1.392000E1	-3.601565E0
2.012475E1	1.397864E1	-3.594145E0
2.015807E1	1.404309E1	-3.590482E0
2.019139E1	1.410341E1	-3.561547E0
2.022471E1	1.416341E1	-3.540179E0
2.025803E1	1.424608E1	-3.527688E0
2.029135E1	1.433216E1	-3.544873E0
2.032467E1	1.439390E1	-3.574202E0
2.035798E1	1.444862E1	-3.582976E0
2.039130E1	1.443885E1	-3.574283E0
2.042462E1	1.451353E1	-3.546512E0
2.045794E1	1.473326E1	-3.518358E0
2.049126E1	1.497979E1	-3.471963E0
2.052458E1	1.506755E1	-3.455397E0
2.055790E1	1.502947E1	-3.446548E0
2.059122E1	1.498499E1	-3.438577E0
2.062454E1	1.499481E1	-3.441176E0
2.065786E1	1.498740E1	-3.446705E0
2.069118E1	1.484175E1	-3.454523E0
2.072450E1	1.456220E1	-3.486504E0
2.075781E1	1.423850E1	-3.493082E0
2.079113E1	1.406098E1	-3.506283E0
2.082445E1	1.404868E1	-3.565831E0
2.085777E1	1.401911E1	-3.558674E0
2.089109E1	1.403925E1	-3.542473E0
2.092441E1	1.419049E1	-3.532938E0
2.095773E1	1.441093E1	-3.531959E0
2.099105E1	1.462155E1	-3.494106E0
2.102437E1	1.479387E1	-3.445573E0
2.105769E1	1.493486E1	-3.433634E0
2.109101E1	1.502895E1	-3.441735E0
2.112432E1	1.502695E1	-3.452747E0
2.115764E1	1.497412E1	-3.441430E0
2.119096E1	1.496436E1	-3.435132E0
2.122428E1	1.498966E1	-3.451173E0
2.125760E1	1.503182E1	-3.486668E0
2.129092E1	1.507779E1	-3.504812E0
2.132424E1	1.510374E1	-3.517355E0
2.135756E1	1.512954E1	-3.505731E0
2.139088E1	1.518097E1	-3.498680E0
2.142420E1	1.527602E1	-3.493924E0
2.145752E1	1.544322E1	-3.452805E0
2.149084E1	1.565973E1	-3.395517E0
2.152415E1	1.585988E1	-3.383662E0
2.155747E1	1.593051E1	-3.406483E0
2.159079E1	1.592392E1	-3.394168E0
2.162411E1	1.591638E1	-3.390179E0
2.165743E1	1.591322E1	-3.391004E0
2.169075E1	1.579923E1	-3.394305E0
2.172407E1	1.558653E1	-3.411144E0
2.175739E1	1.535626E1	-3.406719E0
2.179071E1	1.523441E1	-3.394327E0
2.182403E1	1.526008E1	-3.434034E0
2.185735E1	1.525091E1	-3.447791E0
2.189066E1	1.525232E1	-3.435183E0
2.192398E1	1.535390E1	-3.426864E0
2.195730E1	1.549365E1	-3.424730E0
2.199062E1	1.566811E1	-3.393388E0
2.202394E1	1.584749E1	-3.373478E0
2.205726E1	1.601382E1	-3.334244E0
2.209058E1	1.613847E1	-3.307171E0
2.212390E1	1.619355E1	-3.311220E0
2.215722E1	1.617741E1	-3.304916E0
2.219054E1	1.617050E1	-3.316347E0
2.222386E1	1.617536E1	-3.337124E0
2.225717E1	1.617588E1	-3.337679E0
2.229049E1	1.617931E1	-3.338244E0
2.232381E1	1.618954E1	-3.343412E0
2.235713E1	1.619503E1	-3.347709E0
2.239045E1	1.616236E1	-3.339618E0
2.242377E1	1.621913E1	-3.333697E0
2.245709E1	1.641390E1	-3.326538E0
2.249041E1	1.672908E1	-3.297978E0
2.252373E1	1.698827E1	-3.283701E0
2.255705E1	1.700852E1	-3.287721E0
2.259037E1	1.695338E1	-3.277801E0
2.262369E1	1.696706E1	-3.274805E0
2.265700E1	1.695807E1	-3.280337E0
2.269032E1	1.684417E1	-3.281849E0
2.272364E1	1.662742E1	-3.287133E0
2.275696E1	1.638833E1	-3.281963E0
2.279028E1	1.624941E1	-3.270193E0
2.282360E1	1.630136E1	-3.323644E0
2.285692E1	1.630570E1	-3.352035E0
2.289024E1	1.630779E1	-3.324596E0
2.292356E1	1.642249E1	-3.321596E0
2.295688E1	1.661009E1	-3.309249E0
2.299020E1	1.678178E1	-3.281797E0
2.302351E1	1.694086E1	-3.240596E0
2.305683E1	1.705544E1	-3.217407E0
2.309015E1	1.711811E1	-3.215392E0
2.312347E1	1.711343E1	-3.221916E0
2.315679E1	1.707534E1	-3.242858E0
2.319011E1	1.706308E1	-3.246373E0
2.322343E1	1.707205E1	-3.245326E0
2.325675E1	1.707758E1	-3.257739E0
2.329007E1	1.708469E1	-3.276124E0
2.332339E1	1.708432E1	-3.292904E0
2.335671E1	1.709641E1	-3.288715E0
2.339003E1	1.710946E1	-3.298826E0
2.342334E1	1.715877E1	-3.283873E0
2.345666E1	1.730040E1	-3.272274E0
2.348998E1	1.754906E1	-3.236772E0
2.352330E1	1.779964E1	-3.237206E0
2.355662E1	1.790333E1	-3.232561E0
2.358994E1	1.790174E1	-3.224613E0
2.362326E1	1.789931E1	-3.225338E0
2.365658E1	1.789605E1	-3.227347E0
2.368990E1	1.778397E1	-3.224939E0
2.372322E1	1.752205E1	-3.219087E0
2.375654E1	1.723137E1	-3.224657E0
2.378985E1	1.701596E1	-3.221084E0
2.382317E1	1.700505E1	-3.228507E0
2.385649E1	1.699924E1	-3.230395E0
2.388981E1	1.703788E1	-3.217731E0
2.392313E1	1.717197E1	-3.222468E0
2.395645E1	1.740334E1	-3.206694E0
2.398977E1	1.763339E1	-3.165826E0
2.402309E1	1.778533E1	-3.122822E0
2.405641E1	1.788663E1	-3.116207E0
2.408973E1	1.794747E1	-3.118177E0
2.412305E1	1.794210E1	-3.109290E0
2.415636E1	1.788878E1	-3.118522E0
2.418968E1	1.788999E1	-3.125319E0
2.422300E1	1.791323E1	-3.137258E0
2.425632E1	1.792149E1	-3.119025E0
2.428964E1	1.792811E1	-3.118266E0
2.432296E1	1.793221E1	-3.118727E0
2.435628E1	1.795534E1	-3.133800E0
2.438960E1	1.795903E1	-3.140991E0
2.442292E1	1.800165E1	-3.140567E0
2.445624E1	1.815985E1	-3.118736E0
2.448956E1	1.843074E1	-3.072966E0
2.452288E1	1.872504E1	-3.054200E0
2.455619E1	1.883431E1	-3.069931E0
2.458951E1	1.882078E1	-3.065121E0
2.462283E1	1.882299E1	-3.062478E0
2.465615E1	1.882229E1	-3.063111E0
2.468947E1	1.871608E1	-3.065498E0
2.472279E1	1.857092E1	-3.093469E0
2.475611E1	1.842319E1	-3.079155E0
2.478943E1	1.834180E1	-3.061243E0
2.482275E1	1.836045E1	-3.068150E0
2.485607E1	1.829870E1	-3.109263E0
2.488939E1	1.831089E1	-3.065774E0
2.492270E1	1.843722E1	-3.050621E0
2.495602E1	1.857365E1	-3.061962E0
2.498934E1	1.873041E1	-3.042915E0
2.502266E1	1.891080E1	-2.994837E0
2.505598E1	1.908509E1	-2.967878E0
2.508930E1	1.919722E1	-2.957172E0
2.512262E1	1.925774E1	-2.957735E0
2.515594E1	1.920836E1	-2.950196E0
2.518926E1	1.919857E1	-2.950397E0
2.522258E1	1.921182E1	-2.956658E0
2.525590E1	1.921158E1	-2.957216E0
2.528922E1	1.921251E1	-2.957960E0
2.532253E1	1.921181E1	-2.956479E0
2.535585E1	1.922370E1	-2.960549E0
2.538917E1	1.922327E1	-2.962040E0
2.542249E1	1.927004E1	-2.949856E0
2.545581E1	1.944684E1	-2.930822E0
2.548913E1	1.971801E1	-2.914423E0
2.552245E1	1.996097E1	-2.904101E0
2.555577E1	2.003442E1	-2.908950E0
2.558909E1	2.000428E1	-2.905766E0
2.562241E1	1.999783E1	-2.906105E0
2.565573E1	1.999439E1	-2.907704E0
2.568904E1	1.987940E1	-2.903876E0
2.572236E1	1.963440E1	-2.888739E0
2.575568E1	1.939698E1	-2.894104E0
2.578900E1	1.924791E1	-2.875558E0
2.582232E1	1.928780E1	-2.905990E0
2.585564E1	1.927781E1	-2.958924E0
2.588896E1	1.929384E1	-2.924469E0
2.592228E1	1.942589E1	-2.904902E0
2.595560E1	1.958804E1	-2.886099E0
2.598892E1	1.977843E1	-2.871872E0
2.602224E1	1.997636E1	-2.837244E0
2.605556E1	2.013579E1	-2.802823E0
2.608887E1	2.023792E1	-2.770138E0
2.612219E1	2.028385E1	-2.770181E0
2.615551E1	2.024211E1	-2.781587E0
2.618883E1	2.023107E1	-2.790224E0
2.622215E1	2.025336E1	-2.807501E0
2.625547E1	2.025406E1	-2.815444E0
2.628879E1	2.026868E1	-2.834027E0
2.632211E1	2.026523E1	-2.836928E0
2.635543E1	2.029510E1	-2.841191E0
2.638875E1	2.031378E1	-2.871864E0
2.642207E1	2.038967E1	-2.889524E0
2.645538E1	2.054828E1	-2.881086E0
2.648870E1	2.078115E1	-2.841458E0
2.652202E1	2.100843E1	-2.829658E0
2.655534E1	2.109620E1	-2.839819E0
2.658866E1	2.108315E1	-2.833431E0
2.662198E1	2.107909E1	-2.837467E0
2.665530E1	2.107872E1	-2.838659E0
2.668862E1	2.095974E1	-2.835585E0
2.672194E1	2.071313E1	-2.832366E0
2.675526E1	2.044052E1	-2.840090E0
2.678858E1	2.022142E1	-2.835302E0
2.682189E1	2.018787E1	-2.842579E0
2.685521E1	2.018332E1	-2.874411E0
2.688853E1	2.020687E1	-2.860208E0
2.692185E1	2.034339E1	-2.849324E0
2.695517E1	2.057823E1	-2.837596E0
2.698849E1	2.080604E1	-2.787013E0
2.702181E1	2.097998E1	-2.759813E0
2.705513E1	2.113179E1	-2.744387E0
2.708845E1	2.126422E1	-2.748107E0
2.712177E1	2.130569E1	-2.735725E0
2.715509E1	2.125992E1	-2.730723E0
2.718841E1	2.124678E1	-2.734456E0
2.722172E1	2.124928E1	-2.757782E0
2.725504E1	2.125006E1	-2.775844E0
2.728836E1	2.125010E1	-2.780147E0
2.732168E1	2.125215E1	-2.783942E0
2.735500E1	2.126726E1	-2.793752E0
2.738832E1	2.126293E1	-2.796254E0
2.742164E1	2.129898E1	-2.794325E0
2.745496E1	2.143400E1	-2.791756E0
2.748828E1	2.169224E1	-2.748779E0
2.752160E1	2.199030E1	-2.716647E0
2.755492E1	2.209903E1	-2.718542E0
2.758823E1	2.208311E1	-2.729274E0
2.762155E1	2.209135E1	-2.730988E0
2.765487E1	2.207949E1	-2.731237E0
2.768819E1	2.197966E1	-2.733097E0
2.772151E1	2.171743E1	-2.716796E0
2.775483E1	2.145813E1	-2.736148E0
2.778815E1	2.124819E1	-2.737736E0
2.782147E1	2.118525E1	-2.744714E0
2.785479E1	2.113568E1	-2.770561E0
2.788811E1	2.114051E1	-2.775803E0
2.792143E1	2.126630E1	-2.784342E0
2.795475E1	2.145350E1	-2.743404E0
2.798806E1	2.162957E1	-2.710998E0
2.802138E1	2.181154E1	-2.687123E0
2.805470E1	2.197094E1	-2.677867E0
2.808802E1	2.209544E1	-2.680017E0
2.812134E1	2.213155E1	-2.664647E0
2.815466E1	2.212008E1	-2.645470E0
2.818798E1	2.208417E1	-2.669715E0
2.822130E1	2.207276E1	-2.694870E0
2.825462E1	2.212161E1	-2.694564E0
2.828794E1	2.217793E1	-2.687533E0
2.832126E1	2.222226E1	-2.677442E0
2.835457E1	2.223827E1	-2.678762E0
2.838789E1	2.224525E1	-2.683007E0
2.842121E1	2.231176E1	-2.687049E0
2.845453E1	2.248119E1	-2.658340E0
2.848785E1	2.276280E1	-2.625153E0
2.852117E1	2.299080E1	-2.619378E0
2.855449E1	2.304714E1	-2.623391E0
2.858781E1	2.300746E1	-2.614169E0
2.862113E1	2.300657E1	-2.615454E0
2.865445E1	2.300826E1	-2.619012E0
2.868777E1	2.291206E1	-2.622788E0
2.872108E1	2.265997E1	-2.614441E0
2.875440E1	2.231161E1	-2.631777E0
2.878772E1	2.199777E1	-2.630865E0
2.882104E1	2.186849E1	-2.660517E0
2.885436E1	2.183893E1	-2.681716E0
2.888768E1	2.186801E1	-2.641343E0
2.892100E1	2.196222E1	-2.624629E0
2.895432E1	2.217388E1	-2.618164E0
2.898764E1	2.238596E1	-2.575448E0
2.902096E1	2.256961E1	-2.534959E0
2.905428E1	2.273258E1	-2.502266E0
2.908760E1	2.286519E1	-2.511073E0
2.912091E1	2.294036E1	-2.506700E0
2.915423E1	2.295049E1	-2.512737E0
2.918755E1	2.290752E1	-2.503527E0
2.922087E1	2.291795E1	-2.507921E0
2.925419E1	2.295465E1	-2.510353E0
2.928751E1	2.301643E1	-2.515865E0
2.932083E1	2.310093E1	-2.472507E0
2.935415E1	2.319450E1	-2.456124E0
2.938747E1	2.320961E1	-2.420335E0
2.942079E1	2.320728E1	-2.409486E0
2.945411E1	2.337552E1	-2.401614E0
2.948742E1	2.367308E1	-2.416250E0
2.952074E1	2.384979E1	-2.455819E0
2.955406E1	2.384494E1	-2.494762E0
2.958738E1	2.378030E1	-2.507768E0
2.962070E1	2.378142E1	-2.504388E0
2.965402E1	2.379432E1	-2.514443E0
2.968734E1	2.369354E1	-2.506458E0
2.972066E1	2.343259E1	-2.488372E0
2.975398E1	2.316108E1	-2.473759E0
2.978730E1	2.291314E1	-2.453416E0
2.982062E1	2.284535E1	-2.482606E0
2.985394E1	2.280988E1	-2.511391E0
2.988725E1	2.281728E1	-2.459346E0
2.992057E1	2.293648E1	-2.461731E0
2.995389E1	2.311480E1	-2.471117E0
2.998721E1	2.328875E1	-2.453773E0
3.002053E1	2.345413E1	-2.420963E0
3.005385E1	2.359096E1	-2.386582E0
3.008717E1	2.368886E1	-2.407730E0
3.012049E1	2.368614E1	-2.405049E0
3.015381E1	2.364736E1	-2.391804E0
3.018713E1	2.365162E1	-2.403755E0
3.022045E1	2.365499E1	-2.438780E0
3.025376E1	2.367080E1	-2.468457E0
3.028708E1	2.367178E1	-2.481283E0
3.032040E1	2.367964E1	-2.505807E0
3.035372E1	2.370442E1	-2.499332E0
3.038704E1	2.374221E1	-2.519408E0
3.042036E1	2.381571E1	-2.504836E0
3.045368E1	2.399894E1	-2.518976E0
3.048700E1	2.422245E1	-2.515797E0
3.052032E1	2.440306E1	-2.531733E0
3.055364E1	2.446800E1	-2.516856E0
3.058696E1	2.444280E1	-2.523627E0
3.062028E1	2.443336E1	-2.510815E0
3.065359E1	2.443413E1	-2.510059E0
3.068691E1	2.436048E1	-2.508232E0
3.072023E1	2.411907E1	-2.489419E0
3.075355E1	2.382504E1	-2.481233E0
3.078687E1	2.357544E1	-2.459842E0
3.082019E1	2.349944E1	-2.450602E0
3.085351E1	2.349379E1	-2.493540E0
3.088683E1	2.350513E1	-2.478704E0
3.092015E1	2.359167E1	-2.458744E0
3.095347E1	2.377410E1	-2.471991E0
3.098679E1	2.394153E1	-2.449738E0
3.102010E1	2.406824E1	-2.413170E0
3.105342E1	2.416123E1	-2.394842E0
3.108674E1	2.425441E1	-2.397518E0
3.112006E1	2.427847E1	-2.432056E0
3.115338E1	2.427016E1	-2.421108E0
3.118670E1	2.423243E1	-2.445759E0
3.122002E1	2.422668E1	-2.453304E0
3.125334E1	2.422417E1	-2.458498E0
3.128666E1	2.422861E1	-2.471008E0
3.131998E1	2.421830E1	-2.482801E0
3.135330E1	2.424143E1	-2.484673E0
3.138661E1	2.426738E1	-2.510009E0
3.141993E1	2.433876E1	-2.531973E0
3.145325E1	2.450267E1	-2.537341E0
3.148657E1	2.471710E1	-2.534276E0
3.151989E1	2.491145E1	-2.523479E0
3.155321E1	2.503857E1	-2.550110E0
3.158653E1	2.506461E1	-2.523566E0
3.161985E1	2.504431E1	-2.511428E0
3.165317E1	2.504535E1	-2.525155E0
3.168649E1	2.497207E1	-2.512022E0
3.171981E1	2.475967E1	-2.474480E0
3.175313E1	2.447446E1	-2.435621E0
3.178644E1	2.426007E1	-2.409837E0
3.181976E1	2.421294E1	-2.453932E0
3.185308E1	2.418429E1	-2.475917E0
3.188640E1	2.416886E1	-2.414046E0
3.191972E1	2.426963E1	-2.400848E0
3.195304E1	2.442798E1	-2.408257E0
3.198636E1	2.458510E1	-2.393405E0
3.201968E1	2.473735E1	-2.373700E0
3.205300E1	2.489703E1	-2.398517E0
3.208632E1	2.499993E1	-2.405838E0
3.211964E1	2.499601E1	-2.403516E0
3.215295E1	2.495652E1	-2.373408E0
3.218627E1	2.493996E1	-2.396073E0
3.221959E1	2.494895E1	-2.409340E0
3.225291E1	2.494091E1	-2.411847E0
3.228623E1	2.494221E1	-2.412781E0
3.231955E1	2.495090E1	-2.419040E0
3.235287E1	2.495222E1	-2.415912E0
3.238619E1	2.494315E1	-2.414026E0
3.241951E1	2.499932E1	-2.433336E0
3.245283E1	2.516889E1	-2.449152E0
3.248615E1	2.538067E1	-2.451090E0
3.251947E1	2.558535E1	-2.459683E0
3.255278E1	2.568690E1	-2.457910E0
3.258610E1	2.569012E1	-2.426984E0
3.261942E1	2.569326E1	-2.444360E0
3.265274E1	2.569238E1	-2.462369E0
3.268606E1	2.561174E1	-2.461364E0
3.271938E1	2.538315E1	-2.434449E0
3.275270E1	2.509777E1	-2.394896E0
3.278602E1	2.488193E1	-2.356388E0
3.281934E1	2.481761E1	-2.382978E0
3.285266E1	2.481368E1	-2.409419E0
3.288598E1	2.480575E1	-2.353618E0
3.291929E1	2.491184E1	-2.334181E0
3.295261E1	2.507511E1	-2.351103E0
3.298593E1	2.525868E1	-2.365238E0
3.301925E1	2.540751E1	-2.339356E0
3.305257E1	2.551600E1	-2.336178E0
3.308589E1	2.558447E1	-2.352546E0
3.311921E1	2.558241E1	-2.349110E0
3.315253E1	2.553851E1	-2.353395E0
3.318585E1	2.552780E1	-2.360432E0
3.321917E1	2.551487E1	-2.345716E0
3.325249E1	2.549254E1	-2.354593E0
3.328580E1	2.548514E1	-2.379038E0
3.331912E1	2.551877E1	-2.392673E0
3.335244E1	2.553494E1	-2.402786E0
3.338576E1	2.552389E1	-2.397190E0
3.341908E1	2.557319E1	-2.397300E0
3.345240E1	2.575765E1	-2.409078E0
3.348572E1	2.600439E1	-2.392355E0
3.351904E1	2.624102E1	-2.393759E0
3.355236E1	2.632829E1	-2.406299E0
3.358568E1	2.629601E1	-2.380921E0
3.361900E1	2.629930E1	-2.387413E0
3.365232E1	2.630255E1	-2.399625E0
3.368563E1	2.623941E1	-2.389957E0
3.371895E1	2.602899E1	-2.375400E0
3.375227E1	2.576034E1	-2.348595E0
3.378559E1	2.555681E1	-2.341200E0
3.381891E1	2.552026E1	-2.326101E0
3.385223E1	2.553502E1	-2.364635E0
3.388555E1	2.554299E1	-2.344263E0
3.391887E1	2.563577E1	-2.344376E0
3.395219E1	2.579379E1	-2.349855E0
3.398551E1	2.595428E1	-2.333931E0
3.401883E1	2.608165E1	-2.300033E0
3.405214E1	2.615721E1	-2.290679E0
3.408546E1	2.622603E1	-2.275023E0
3.411878E1	2.624116E1	-2.284763E0
3.415210E1	2.620239E1	-2.300850E0
3.418542E1	2.617811E1	-2.290480E0
3.421874E1	2.613899E1	-2.287811E0
3.425206E1	2.611207E1	-2.276493E0
3.428538E1	2.612747E1	-2.293482E0
3.431870E1	2.612861E1	-2.297268E0
3.435202E1	2.612877E1	-2.292593E0
3.438534E1	2.610822E1	-2.309078E0
3.441866E1	2.615163E1	-2.323657E0
3.445197E1	2.635742E1	-2.335713E0
3.448529E1	2.665474E1	-2.365234E0
3.451861E1	2.689701E1	-2.347505E0
3.455193E1	2.694200E1	-2.337017E0
3.458525E1	2.691283E1	-2.360852E0
3.461857E1	2.690274E1	-2.358918E0
3.465189E1	2.691839E1	-2.357868E0
3.468521E1	2.684108E1	-2.343241E0
3.471853E1	2.661853E1	-2.320800E0
3.475185E1	2.639553E1	-2.298082E0
3.478517E1	2.620986E1	-2.293701E0
3.481848E1	2.617993E1	-2.295588E0
3.485180E1	2.617436E1	-2.287102E0
3.488512E1	2.613993E1	-2.283347E0
3.491844E1	2.623917E1	-2.284872E0
3.495176E1	2.640036E1	-2.294223E0
3.498508E1	2.656005E1	-2.275513E0
3.501840E1	2.669833E1	-2.277768E0
3.505172E1	2.679591E1	-2.256469E0
3.508504E1	2.685686E1	-2.251227E0
3.511836E1	2.688411E1	-2.231296E0
3.515168E1	2.685888E1	-2.244103E0
3.518500E1	2.681026E1	-2.245184E0
3.521831E1	2.679115E1	-2.265528E0
3.525163E1	2.679262E1	-2.277327E0
3.528495E1	2.677710E1	-2.268702E0
3.531827E1	2.679327E1	-2.266630E0
3.535159E1	2.680511E1	-2.269443E0
3.538491E1	2.679302E1	-2.276928E0
3.541823E1	2.684098E1	-2.282975E0
3.545155E1	2.702322E1	-2.294988E0
3.548487E1	2.729199E1	-2.293457E0
3.551819E1	2.755222E1	-2.289839E0
3.555151E1	2.762788E1	-2.319451E0
3.558482E1	2.761553E1	-2.305317E0
3.561814E1	2.760689E1	-2.295013E0
3.565146E1	2.761193E1	-2.294605E0
3.568478E1	2.755942E1	-2.291763E0
3.571810E1	2.739251E1	-2.264866E0
3.575142E1	2.724708E1	-2.254806E0
3.578474E1	2.711834E1	-2.237350E0
3.581806E1	2.711528E1	-2.239767E0
3.585138E1	2.713715E1	-2.292701E0
3.588470E1	2.713369E1	-2.272434E0
3.591802E1	2.720613E1	-2.289045E0
3.595133E1	2.732175E1	-2.272001E0
3.598465E1	2.744745E1	-2.273044E0
3.601797E1	2.761055E1	-2.247751E0
3.605129E1	2.772294E1	-2.233881E0
3.608461E1	2.777725E1	-2.224418E0
3.611793E1	2.776958E1	-2.227112E0
3.615125E1	2.771285E1	-2.231036E0
3.618457E1	2.767053E1	-2.229039E0
3.621789E1	2.766334E1	-2.242327E0
3.625121E1	2.763449E1	-2.305374E0
3.628453E1	2.761981E1	-2.291744E0
3.631785E1	2.759751E1	-2.282424E0
3.635116E1	2.761426E1	-2.284457E0
3.638448E1	2.763247E1	-2.280658E0
3.641780E1	2.768498E1	-2.260167E0
3.645112E1	2.780151E1	-2.274358E0
3.648444E1	2.802127E1	-2.292266E0
3.651776E1	2.828955E1	-2.319239E0
3.655108E1	2.843376E1	-2.316693E0
3.658440E1	2.842654E1	-2.283576E0
3.661772E1	2.844254E1	-2.293155E0
3.665104E1	2.843541E1	-2.298583E0
3.668436E1	2.837699E1	-2.282735E0
3.671767E1	2.821277E1	-2.250794E0
3.675099E1	2.797695E1	-2.234932E0
3.678431E1	2.783290E1	-2.179482E0
3.681763E1	2.783257E1	-2.190315E0
3.685095E1	2.783239E1	-2.226415E0
3.688427E1	2.785458E1	-2.231792E0
3.691759E1	2.795766E1	-2.239059E0
3.695091E1	2.807101E1	-2.217557E0
3.698423E1	2.818968E1	-2.205376E0
3.701755E1	2.827308E1	-2.180829E0
3.705087E1	2.827967E1	-2.161724E0
3.708419E1	2.826632E1	-2.132468E0
3.711750E1	2.821456E1	-2.150930E0
3.715082E1	2.816336E1	-2.168720E0
3.718414E1	2.815425E1	-2.171887E0
3.721746E1	2.812920E1	-2.189052E0
3.725078E1	2.810846E1	-2.185157E0
3.728410E1	2.811358E1	-2.179875E0
3.731742E1	2.812853E1	-2.176869E0
3.735074E1	2.811385E1	-2.182003E0
3.738406E1	2.810603E1	-2.202972E0
3.741738E1	2.815691E1	-2.188306E0
3.745070E1	2.835685E1	-2.201165E0
3.748401E1	2.861950E1	-2.191318E0
3.751733E1	2.882390E1	-2.222929E0
3.755065E1	2.889464E1	-2.281558E0
3.758397E1	2.890131E1	-2.296315E0
3.761729E1	2.889717E1	-2.293371E0
3.765061E1	2.888489E1	-2.284697E0
3.768393E1	2.882803E1	-2.274618E0
3.771725E1	2.872669E1	-2.221991E0
3.775057E1	2.867135E1	-2.214891E0
3.778389E1	2.861460E1	-2.179753E0
3.781721E1	2.862543E1	-2.238005E0
3.785052E1	2.859088E1	-2.227522E0
3.788384E1	2.856475E1	-2.215402E0
3.791716E1	2.863798E1	-2.243172E0
3.795048E1	2.872434E1	-2.240245E0
3.798380E1	2.884698E1	-2.235496E0
3.801712E1	2.898189E1	-2.169799E0
3.805044E1	2.907555E1	-2.147640E0
3.808376E1	2.910953E1	-2.132023E0
3.811708E1	2.909025E1	-2.155833E0
3.815040E1	2.906249E1	-2.177995E0
3.818372E1	2.904108E1	-2.156910E0
3.821704E1	2.904328E1	-2.163736E0
3.825035E1	2.904147E1	-2.164350E0
3.828367E1	2.902008E1	-2.182923E0
3.831699E1	2.899439E1	-2.187803E0
3.835031E1	2.898896E1	-2.199494E0
3.838363E1	2.899999E1	-2.186113E0
3.841695E1	2.904178E1	-2.166594E0
3.845027E1	2.917941E1	-2.185733E0
3.848359E1	2.944790E1	-2.193025E0
3.851691E1	2.975958E1	-2.210450E0
3.855023E1	2.986104E1	-2.224278E0
3.858355E1	2.984449E1	-2.237060E0
3.861686E1	2.983721E1	-2.237260E0
3.865018E1	2.982713E1	-2.236009E0
3.868350E1	2.976112E1	-2.219625E0
3.871682E1	2.960753E1	-2.186002E0
3.875014E1	2.950837E1	-2.188299E0
3.878346E1	2.944472E1	-2.178906E0
3.881678E1	2.945248E1	-2.166206E0
3.885010E1	2.943580E1	-2.174344E0
3.888342E1	2.944957E1	-2.193178E0
3.891674E1	2.955381E1	-2.216090E0
3.895006E1	2.971673E1	-2.181510E0
3.898338E1	2.983622E1	-2.144114E0
3.901669E1	2.992944E1	-2.132266E0
3.905001E1	2.998928E1	-2.128247E0
3.908333E1	3.003705E1	-2.122544E0
3.911665E1	3.005594E1	-2.137837E0
3.914997E1	3.000616E1	-2.142668E0
3.918329E1	2.997699E1	-2.126479E0
3.921661E1	2.998002E1	-2.125936E0
3.924993E1	2.997637E1	-2.125548E0
3.928325E1	2.995352E1	-2.144351E0
3.931657E1	2.994586E1	-2.146251E0
3.934989E1	2.996436E1	-2.121455E0
3.938320E1	2.997825E1	-2.110683E0
3.941652E1	3.003528E1	-2.082753E0
3.944984E1	3.018146E1	-2.063320E0
3.948316E1	3.043520E1	-2.070331E0
3.951648E1	3.071911E1	-2.073052E0
3.954980E1	3.081990E1	-2.112024E0
3.958312E1	3.083369E1	-2.134887E0
3.961644E1	3.081118E1	-2.117161E0
3.964976E1	3.081124E1	-2.118978E0
3.968308E1	3.075668E1	-2.121016E0
3.971640E1	3.053950E1	-2.081385E0
3.974972E1	3.022045E1	-2.055512E0
3.978303E1	2.992873E1	-1.988218E0
3.981635E1	2.982805E1	-1.958650E0
3.984967E1	2.989794E1	-2.030918E0
3.988299E1	2.991928E1	-1.993196E0
3.991631E1	2.998991E1	-2.010990E0
3.994963E1	3.012563E1	-2.003218E0
3.998295E1	3.030425E1	-2.005797E0
4.001627E1	3.043932E1	-2.010123E0
4.004959E1	3.054621E1	-2.022055E0
4.008291E1	3.062028E1	-2.007234E0
4.011623E1	3.066454E1	-2.015974E0
4.014954E1	3.063605E1	-1.967031E0
4.018286E1	3.063367E1	-1.962398E0
4.021618E1	3.063066E1	-1.956604E0
4.024950E1	3.063353E1	-1.958115E0
4.028282E1	3.062743E1	-1.952330E0
4.031614E1	3.061963E1	-1.947640E0
4.034946E1	3.061838E1	-1.946489E0
4.038278E1	3.061231E1	-1.965646E0
4.041610E1	3.063823E1	-1.949425E0
4.044942E1	3.079849E1	-1.950319E0
4.048274E1	3.107179E1	-1.955612E0
4.051605E1	3.132077E1	-2.010095E0
4.054937E1	3.140569E1	-2.022233E0
4.058269E1	3.137979E1	-2.030159E0
4.061601E1	3.137375E1	-2.022007E0
4.064933E1	3.136688E1	-2.017994E0
4.068265E1	3.131607E1	-2.020564E0
4.071597E1	3.113030E1	-1.981594E0
4.074929E1	3.085606E1	-1.952597E0
4.078261E1	3.061037E1	-1.924179E0
4.081593E1	3.048031E1	-1.899166E0
4.084925E1	3.049083E1	-1.925192E0
4.088257E1	3.050142E1	-1.927534E0
4.091588E1	3.059302E1	-1.957761E0
4.094920E1	3.075721E1	-1.952858E0
4.098252E1	3.091713E1	-1.902095E0
4.101584E1	3.103201E1	-1.883725E0
4.104916E1	3.111745E1	-1.879236E0
4.108248E1	3.119781E1	-1.909246E0
4.111580E1	3.121562E1	-1.910724E0
4.114912E1	3.117703E1	-1.887251E0
4.118244E1	3.114858E1	-1.906267E0
4.121576E1	3.114760E1	-1.910434E0
4.124908E1	3.114655E1	-1.910665E0
4.128239E1	3.114625E1	-1.907670E0
4.131571E1	3.114612E1	-1.908094E0
4.134903E1	3.114244E1	-1.907391E0
4.138235E1	3.113240E1	-1.900460E0
4.141567E1	3.116038E1	-1.909561E0
4.144899E1	3.132715E1	-1.909745E0
4.148231E1	3.161385E1	-1.894116E0
4.151563E1	3.187013E1	-1.943864E0
4.154895E1	3.196268E1	-1.956228E0
4.158227E1	3.194089E1	-1.945949E0
4.161559E1	3.193286E1	-1.965086E0
4.164891E1	3.192512E1	-1.963150E0
4.168222E1	3.185049E1	-1.950567E0
4.171554E1	3.164545E1	-1.938669E0
4.174886E1	3.138989E1	-1.882772E0
4.178218E1	3.119805E1	-1.847126E0
4.181550E1	3.112040E1	-1.793578E0
4.184882E1	3.110267E1	-1.819054E0
4.188214E1	3.109485E1	-1.841649E0
4.191546E1	3.120192E1	-1.874550E0
4.194878E1	3.136431E1	-1.852167E0
4.198210E1	3.151399E1	-1.781241E0
4.201542E1	3.162615E1	-1.768474E0
4.204873E1	3.169063E1	-1.796223E0
4.208205E1	3.165027E1	-1.810226E0
4.211537E1	3.152432E1	-1.793103E0
4.214869E1	3.145601E1	-1.786610E0
4.218201E1	3.145004E1	-1.792358E0
4.221533E1	3.146854E1	-1.803060E0
4.224865E1	3.145432E1	-1.792211E0
4.228197E1	3.142742E1	-1.801264E0
4.231529E1	3.141221E1	-1.791513E0
4.234861E1	3.143323E1	-1.794826E0
4.238193E1	3.145636E1	-1.751430E0
4.241524E1	3.148539E1	-1.757759E0
4.244856E1	3.163653E1	-1.757128E0
4.248188E1	3.187526E1	-1.797074E0
4.251520E1	3.215503E1	-1.819675E0
4.254852E1	3.229027E1	-1.802534E0
4.258184E1	3.229687E1	-1.796999E0
4.261516E1	3.230023E1	-1.802787E0
4.264848E1	3.229017E1	-1.799906E0
4.268180E1	3.224656E1	-1.792836E0
4.271512E1	3.207249E1	-1.739035E0
4.274844E1	3.185530E1	-1.687308E0
4.278176E1	3.168654E1	-1.631473E0
4.281507E1	3.162174E1	-1.620753E0
4.284839E1	3.161466E1	-1.670008E0
4.288171E1	3.161782E1	-1.661106E0
4.291503E1	3.170411E1	-1.681875E0
4.294835E1	3.180435E1	-1.665899E0
4.298167E1	3.192224E1	-1.674703E0
4.301499E1	3.203531E1	-1.682247E0
4.304831E1	3.203792E1	-1.641950E0
4.308163E1	3.190758E1	-1.590290E0
4.311495E1	3.178791E1	-1.578313E0
4.314827E1	3.175178E1	-1.591496E0
4.318158E1	3.176161E1	-1.592211E0
4.321490E1	3.176391E1	-1.586497E0
4.324822E1	3.174063E1	-1.570153E0
4.328154E1	3.172984E1	-1.564940E0
4.331486E1	3.172484E1	-1.564262E0
4.334818E1	3.171936E1	-1.561659E0
4.338150E1	3.170691E1	-1.579058E0
4.341482E1	3.174160E1	-1.573725E0
4.344814E1	3.189852E1	-1.582503E0
4.348146E1	3.214479E1	-1.622900E0
4.351478E1	3.245317E1	-1.636990E0
4.354810E1	3.257573E1	-1.671169E0
4.358141E1	3.261471E1	-1.677928E0
4.361473E1	3.261588E1	-1.678726E0
4.364805E1	3.261058E1	-1.676796E0
4.368137E1	3.254679E1	-1.670510E0
4.371469E1	3.239454E1	-1.629772E0
4.374801E1	3.223342E1	-1.583150E0
4.378133E1	3.210096E1	-1.579827E0
4.381465E1	3.205616E1	-1.554281E0
4.384797E1	3.205154E1	-1.574420E0
4.388129E1	3.204492E1	-1.588714E0
4.391461E1	3.212159E1	-1.578722E0
4.394792E1	3.224319E1	-1.616722E0
4.398124E1	3.239903E1	-1.597862E0
4.401456E1	3.240686E1	-1.562105E0
4.404788E1	3.234965E1	-1.552638E0
4.408120E1	3.230470E1	-1.572112E0
4.411452E1	3.226879E1	-1.558770E0
4.414784E1	3.225402E1	-1.588376E0
4.418116E1	3.222811E1	-1.573146E0
4.421448E1	3.219699E1	-1.584343E0
4.424780E1	3.220506E1	-1.587243E0
4.428112E1	3.218794E1	-1.575850E0
4.431444E1	3.216207E1	-1.564963E0
4.434775E1	3.215410E1	-1.588708E0
4.438107E1	3.214908E1	-1.585705E0
4.441439E1	3.222985E1	-1.573071E0
4.444771E1	3.240964E1	-1.589504E0
4.448103E1	3.263714E1	-1.611838E0
4.451435E1	3.289041E1	-1.624162E0
4.454767E1	3.300013E1	-1.645822E0
4.458099E1	3.305220E1	-1.639902E0
4.461431E1	3.305860E1	-1.634485E0
4.464763E1	3.305836E1	-1.630667E0
4.468095E1	3.300701E1	-1.628210E0
4.471426E1	3.289343E1	-1.596534E0
4.474758E1	3.279632E1	-1.586214E0
4.478090E1	3.283256E1	-1.561753E0
4.481422E1	3.295215E1	-1.536365E0
4.484754E1	3.299891E1	-1.504578E0
4.488086E1	3.305207E1	-1.527022E0
4.491418E1	3.311739E1	-1.566700E0
4.494750E1	3.321430E1	-1.551442E0
4.498082E1	3.332825E1	-1.519072E0
4.501414E1	3.344196E1	-1.489301E0
4.504746E1	3.350680E1	-1.502560E0
4.508077E1	3.356106E1	-1.513835E0
4.511409E1	3.359323E1	-1.516420E0
4.514741E1	3.357269E1	-1.536216E0
4.518073E1	3.354634E1	-1.515894E0
4.521405E1	3.354004E1	-1.515299E0
4.524737E1	3.353701E1	-1.512875E0
4.528069E1	3.353711E1	-1.512026E0
4.531401E1	3.354194E1	-1.517240E0
4.534733E1	3.355441E1	-1.524350E0
4.538065E1	3.354728E1	-1.517304E0
4.541397E1	3.357416E1	-1.528981E0
4.544729E1	3.373566E1	-1.524906E0
4.548060E1	3.398170E1	-1.519425E0
4.551392E1	3.421839E1	-1.570156E0
4.554724E1	3.433289E1	-1.621080E0
4.558056E1	3.433903E1	-1.629562E0
4.561388E1	3.433582E1	-1.622517E0
4.564720E1	3.433194E1	-1.623437E0
4.568052E1	3.426143E1	-1.613849E0
4.571384E1	3.409740E1	-1.538016E0
4.574716E1	3.388836E1	-1.515642E0
4.578048E1	3.371031E1	-1.504660E0
4.581380E1	3.368161E1	-1.521150E0
4.584711E1	3.373427E1	-1.524029E0
4.588043E1	3.376876E1	-1.490911E0
4.591375E1	3.383342E1	-1.516972E0
4.594707E1	3.395263E1	-1.529762E0
4.598039E1	3.406538E1	-1.521597E0
4.601371E1	3.416626E1	-1.485324E0
4.604703E1	3.422562E1	-1.493264E0
4.608035E1	3.426757E1	-1.504486E0
4.611367E1	3.427482E1	-1.522426E0
4.614699E1	3.424376E1	-1.534528E0
4.618031E1	3.421085E1	-1.519560E0
4.621363E1	3.419827E1	-1.519093E0
4.624694E1	3.419960E1	-1.519877E0
4.628026E1	3.420406E1	-1.530861E0
4.631358E1	3.420996E1	-1.525187E0
4.634690E1	3.419294E1	-1.513106E0
4.638022E1	3.419370E1	-1.506274E0
4.641354E1	3.423444E1	-1.519234E0
4.644686E1	3.435674E1	-1.502328E0
4.648018E1	3.460265E1	-1.547356E0
4.651350E1	3.495269E1	-1.597102E0
4.654682E1	3.508305E1	-1.576414E0
4.658014E1	3.504777E1	-1.568232E0
4.661345E1	3.503699E1	-1.567487E0
4.664677E1	3.503133E1	-1.568409E0
4.668009E1	3.496688E1	-1.553490E0
4.671341E1	3.478039E1	-1.530940E0
4.674673E1	3.454320E1	-1.469591E0
4.678005E1	3.437499E1	-1.420935E0
4.681337E1	3.428074E1	-1.403619E0
4.684669E1	3.423287E1	-1.435594E0
4.688001E1	3.422763E1	-1.402163E0
4.691333E1	3.428134E1	-1.414791E0
4.694665E1	3.438849E1	-1.442212E0
4.697996E1	3.455710E1	-1.459012E0
4.701328E1	3.472182E1	-1.446766E0
4.704660E1	3.487626E1	-1.430987E0
4.707992E1	3.494604E1	-1.464590E0
4.711324E1	3.499493E1	-1.460600E0
4.714656E1	3.493861E1	-1.419709E0
4.717988E1	3.491292E1	-1.410927E0
4.721320E1	3.489030E1	-1.454128E0
4.724652E1	3.489030E1	-1.452200E0
4.727984E1	3.492042E1	-1.411410E0
4.731316E1	3.492457E1	-1.407691E0
4.734648E1	3.493166E1	-1.409322E0
4.737979E1	3.492648E1	-1.404806E0
4.741311E1	3.495035E1	-1.417620E0
4.744643E1	3.507998E1	-1.406816E0
4.747975E1	3.530709E1	-1.446980E0
4.751307E1	3.561064E1	-1.515239E0
4.754639E1	3.580337E1	-1.521490E0
4.757971E1	3.581882E1	-1.521096E0
4.761303E1	3.580750E1	-1.523152E0
4.764635E1	3.579669E1	-1.518861E0
4.767967E1	3.572770E1	-1.522040E0
4.771299E1	3.553185E1	-1.460753E0
4.774630E1	3.530668E1	-1.419327E0
4.777962E1	3.514689E1	-1.376666E0
4.781294E1	3.509590E1	-1.363582E0
4.784626E1	3.508722E1	-1.393448E0
4.787958E1	3.507321E1	-1.381567E0
4.791290E1	3.515985E1	-1.416944E0
4.794622E1	3.529502E1	-1.392130E0
4.797954E1	3.543336E1	-1.397431E0
4.801286E1	3.556870E1	-1.388555E0
4.804618E1	3.568292E1	-1.405792E0
4.807950E1	3.577121E1	-1.423932E0
4.811282E1	3.580368E1	-1.396690E0
4.814613E1	3.577410E1	-1.416238E0
4.817945E1	3.575717E1	-1.409149E0
4.821277E1	3.575853E1	-1.408179E0
4.824609E1	3.571533E1	-1.419139E0
4.827941E1	3.567300E1	-1.469230E0
4.831273E1	3.569468E1	-1.467685E0
4.834605E1	3.571757E1	-1.482860E0
4.837937E1	3.570868E1	-1.493531E0
4.841269E1	3.576686E1	-1.512170E0
4.844601E1	3.592221E1	-1.514771E0
4.847933E1	3.614031E1	-1.486906E0
4.851264E1	3.635698E1	-1.456604E0
4.854596E1	3.650674E1	-1.459350E0
4.857928E1	3.656487E1	-1.504355E0
4.861260E1	3.654291E1	-1.517223E0
4.864592E1	3.653127E1	-1.505332E0
4.867924E1	3.646780E1	-1.501486E0
4.871256E1	3.627478E1	-1.475454E0
4.874588E1	3.602610E1	-1.451382E0
4.877920E1	3.580003E1	-1.396797E0
4.881252E1	3.569100E1	-1.364393E0
4.884584E1	3.564941E1	-1.417990E0
4.887916E1	3.563956E1	-1.376239E0
4.891247E1	3.569044E1	-1.383086E0
4.894579E1	3.586302E1	-1.413895E0
4.897911E1	3.607616E1	-1.415675E0
4.901243E1	3.626594E1	-1.420457E0
4.904575E1	3.644053E1	-1.425758E0
4.907907E1	3.658580E1	-1.424845E0
4.911239E1	3.667323E1	-1.411227E0
4.914571E1	3.664510E1	-1.410791E0
4.917903E1	3.658722E1	-1.399069E0
4.921235E1	3.659227E1	-1.408461E0
4.924567E1	3.658668E1	-1.403924E0
4.927898E1	3.657398E1	-1.393204E0
4.931230E1	3.657533E1	-1.396292E0
4.934562E1	3.657699E1	-1.393404E0
4.937894E1	3.657872E1	-1.388544E0
4.941226E1	3.663632E1	-1.387543E0
4.944558E1	3.680061E1	-1.404668E0
4.947890E1	3.703005E1	-1.456628E0
4.951222E1	3.731242E1	-1.515152E0
4.954554E1	3.742717E1	-1.527109E0
4.957886E1	3.740831E1	-1.489989E0
4.961218E1	3.735508E1	-1.509300E0
4.964549E1	3.736259E1	-1.518716E0
4.967881E1	3.730136E1	-1.501431E0
4.971213E1	3.713870E1	-1.460946E0
4.974545E1	3.691935E1	-1.414145E0
4.977877E1	3.669486E1	-1.390059E0
4.981209E1	3.658115E1	-1.363300E0
4.984541E1	3.656875E1	-1.359258E0
4.987873E1	3.657255E1	-1.361465E0
4.991205E1	3.664708E1	-1.402178E0
4.994537E1	3.686303E1	-1.378968E0
4.997869E1	3.707531E1	-1.352038E0
5.001201E1	3.726405E1	-1.358080E0
5.004532E1	3.740992E1	-1.353375E0
5.007864E1	3.752322E1	-1.357936E0
5.011196E1	3.759717E1	-1.359622E0
5.014528E1	3.763489E1	-1.322186E0
5.017860E1	3.757940E1	-1.308787E0
5.021192E1	3.756501E1	-1.333064E0
5.024524E1	3.758804E1	-1.324643E0
5.027856E1	3.753153E1	-1.295825E0
5.031188E1	3.751525E1	-1.309977E0
5.034520E1	3.750649E1	-1.331639E0
5.037852E1	3.751386E1	-1.343098E0
5.041183E1	3.754416E1	-1.360685E0
5.044515E1	3.769031E1	-1.361975E0
5.047847E1	3.795642E1	-1.395153E0
5.051179E1	3.821899E1	-1.441440E0
5.054511E1	3.832752E1	-1.469793E0
5.057843E1	3.835235E1	-1.489887E0
5.061175E1	3.834962E1	-1.479077E0
5.064507E1	3.834691E1	-1.472588E0
5.067839E1	3.829390E1	-1.467687E0
5.071171E1	3.813798E1	-1.450613E0
5.074503E1	3.795255E1	-1.385276E0
5.077835E1	3.778352E1	-1.331597E0
5.081166E1	3.768765E1	-1.305275E0
5.084498E1	3.765699E1	-1.338775E0
5.087830E1	3.763813E1	-1.349825E0
5.091162E1	3.771490E1	-1.351702E0
5.094494E1	3.789304E1	-1.382075E0
5.097826E1	3.811447E1	-1.345997E0
5.101158E1	3.830104E1	-1.317725E0
5.104490E1	3.843093E1	-1.289437E0
5.107822E1	3.854747E1	-1.303973E0
5.111154E1	3.861544E1	-1.320905E0
5.114486E1	3.861735E1	-1.318093E0
5.117817E1	3.858253E1	-1.320263E0
5.121149E1	3.854628E1	-1.285465E0
5.124481E1	3.854363E1	-1.297864E0
5.127813E1	3.855053E1	-1.296548E0
5.131145E1	3.853382E1	-1.312927E0
5.134477E1	3.854305E1	-1.288140E0
5.137809E1	3.857758E1	-1.297959E0
5.141141E1	3.860710E1	-1.273341E0
5.144473E1	3.871432E1	-1.270908E0
5.147805E1	3.896610E1	-1.302165E0
5.151137E1	3.928578E1	-1.316604E0
5.154468E1	3.940659E1	-1.360391E0
5.157800E1	3.938059E1	-1.345810E0
5.161132E1	3.936149E1	-1.335455E0
5.164464E1	3.936415E1	-1.339965E0
5.167796E1	3.931572E1	-1.343180E0
5.171128E1	3.912822E1	-1.315643E0
5.174460E1	3.887745E1	-1.245553E0
5.177792E1	3.868719E1	-1.186284E0
5.181124E1	3.862117E1	-1.148823E0
5.184456E1	3.859455E1	-1.222469E0
5.187788E1	3.858400E1	-1.205801E0
5.191120E1	3.866174E1	-1.172469E0
5.194451E1	3.879553E1	-1.212714E0
5.197783E1	3.893365E1	-1.218174E0
5.201115E1	3.910691E1	-1.230899E0
5.204447E1	3.926655E1	-1.209933E0
5.207779E1	3.934315E1	-1.199595E0
5.211111E1	3.937001E1	-1.184532E0
5.214443E1	3.934704E1	-1.214601E0
5.217775E1	3.932117E1	-1.199908E0
5.221107E1	3.932135E1	-1.191503E0
5.224439E1	3.927461E1	-1.216134E0
5.227771E1	3.927964E1	-1.239820E0
5.231102E1	3.926068E1	-1.229875E0
5.234434E1	3.915174E1	-1.227074E0
5.237766E1	3.905467E1	-1.192494E0
5.241098E1	3.894493E1	-1.139987E0
5.244430E1	3.889950E1	-1.129222E0
5.247762E1	3.899094E1	-1.117010E0
5.251094E1	3.917632E1	-1.132979E0
5.254426E1	3.919152E1	-1.136764E0
5.257758E1	3.902837E1	-1.098581E0
