	mass A		
t	x	y	
0.000000E0	-1.267170E-3	2.298217E-3
3.331913E-2	9.674270E-3	-6.609318E-3
6.663825E-2	6.268139E-2	8.036805E-3
9.995738E-2	1.885539E-1	3.892122E-2
1.332765E-1	3.642028E-1	6.088398E-2
1.665956E-1	5.594691E-1	5.959005E-2
1.999148E-1	7.063636E-1	7.802552E-2
2.332339E-1	8.198549E-1	7.890399E-2
2.665530E-1	8.819028E-1	6.770097E-2
2.998721E-1	8.945678E-1	6.930319E-2
3.331913E-1	8.971675E-1	1.123352E-1
3.665104E-1	9.527160E-1	1.251611E-1
3.998295E-1	9.932980E-1	1.292485E-1
4.331487E-1	1.048820E0	1.309309E-1
4.664678E-1	1.132650E0	1.253086E-1
4.997869E-1	1.211604E0	1.344099E-1
5.331060E-1	1.297044E0	1.305772E-1
5.664252E-1	1.388375E0	1.362916E-1
5.997443E-1	1.495065E0	1.293691E-1
6.330634E-1	1.713166E0	1.304259E-1
6.663825E-1	2.003061E0	1.309151E-1
6.997017E-1	2.102037E0	1.098519E-1
7.330208E-1	2.116652E0	1.146610E-1
7.663399E-1	2.099056E0	1.291252E-1
7.996591E-1	2.110026E0	1.285934E-1
8.329782E-1	2.075494E0	1.255765E-1
8.662973E-1	1.866194E0	1.272517E-1
8.996164E-1	1.681968E0	1.301097E-1
9.329356E-1	1.565673E0	9.711336E-2
9.662547E-1	1.581464E0	7.045148E-2
9.995738E-1	1.588918E0	8.812085E-2
1.032893E0	1.620111E0	7.425102E-2
1.066212E0	1.672332E0	7.371925E-2
1.099531E0	1.793032E0	8.654882E-2
1.132850E0	1.979310E0	1.303058E-1
1.166169E0	2.185428E0	1.343019E-1
1.199489E0	2.402213E0	1.428679E-1
1.232808E0	2.565050E0	1.408951E-1
1.266127E0	2.661109E0	1.474070E-1
1.299446E0	2.722277E0	1.327323E-1
1.332765E0	2.748420E0	1.322840E-1
1.366084E0	2.751619E0	1.431549E-1
1.399403E0	2.791768E0	1.413092E-1
1.432722E0	2.813762E0	1.316130E-1
1.466042E0	2.849433E0	1.370859E-1
1.499361E0	2.902852E0	1.416088E-1
1.532680E0	2.957352E0	1.446801E-1
1.565999E0	2.998110E0	1.476346E-1
1.599318E0	3.116885E0	1.347164E-1
1.632637E0	3.349427E0	1.163469E-1
1.665956E0	3.684099E0	1.050953E-1
1.699275E0	3.837929E0	1.038900E-1
1.732595E0	3.828189E0	1.055249E-1
1.765914E0	3.807862E0	9.747790E-2
1.799233E0	3.804722E0	9.774450E-2
1.832552E0	3.769973E0	1.052585E-1
1.865871E0	3.561894E0	1.052430E-1
1.899190E0	3.345064E0	9.360793E-2
1.932509E0	3.181308E0	8.204349E-2
1.965829E0	3.157461E0	8.640315E-2
1.999148E0	3.201959E0	4.339073E-2
2.032467E0	3.233181E0	2.971845E-2
2.065786E0	3.336264E0	1.853104E-2
2.099105E0	3.527653E0	6.556415E-3
2.132424E0	3.763518E0	3.027545E-2
2.165743E0	3.941646E0	7.008788E-2
2.199062E0	4.070658E0	5.473655E-2
2.232382E0	4.196715E0	3.253696E-2
2.265701E0	4.290460E0	3.322605E-2
2.299020E0	4.327262E0	4.810630E-2
2.332339E0	4.343513E0	4.688464E-2
2.365658E0	4.367432E0	3.045351E-2
2.398977E0	4.383279E0	5.304098E-2
2.432296E0	4.412399E0	4.953446E-2
2.465615E0	4.440966E0	6.209763E-2
2.498935E0	4.492619E0	6.218095E-2
2.532254E0	4.548106E0	6.224210E-2
2.565573E0	4.592059E0	4.214341E-2
2.598892E0	4.681373E0	2.943776E-2
2.632211E0	4.909225E0	-1.935585E-3
2.665530E0	5.198066E0	-3.669698E-2
2.698849E0	5.368533E0	-4.616670E-2
2.732168E0	5.361794E0	-3.763790E-2
2.765488E0	5.342696E0	-3.714749E-2
2.798807E0	5.352843E0	-4.296336E-2
2.832126E0	5.321162E0	-4.927946E-2
2.865445E0	5.120329E0	-3.636464E-2
2.898764E0	4.910979E0	-4.897549E-2
2.932083E0	4.731669E0	-5.266242E-2
2.965402E0	4.701299E0	-6.252703E-2
2.998721E0	4.755064E0	-7.245802E-2
3.032041E0	4.783124E0	-6.102365E-2
3.065360E0	4.851167E0	-8.714252E-2
3.098679E0	5.037987E0	-1.073794E-1
3.131998E0	5.285985E0	-9.228145E-2
3.165317E0	5.501198E0	-8.018931E-2
3.198636E0	5.671395E0	-9.775346E-2
3.231955E0	5.792041E0	-1.425885E-1
3.265274E0	5.898511E0	-1.663650E-1
3.298594E0	5.903290E0	-1.852912E-1
3.331913E0	5.869852E0	-1.939489E-1
3.365232E0	5.883402E0	-2.066713E-1
3.398551E0	5.877555E0	-2.045074E-1
3.431870E0	5.886789E0	-2.032310E-1
3.465189E0	5.908255E0	-1.895962E-1
3.498508E0	5.944597E0	-1.887018E-1
3.531827E0	5.982509E0	-2.059738E-1
3.565147E0	6.028744E0	-2.063954E-1
3.598466E0	6.165282E0	-2.296022E-1
3.631785E0	6.394633E0	-2.407768E-1
3.665104E0	6.706101E0	-2.879991E-1
3.698423E0	6.805854E0	-3.045135E-1
3.731742E0	6.777783E0	-3.080059E-1
3.765061E0	6.752582E0	-3.095495E-1
3.798380E0	6.757310E0	-3.091335E-1
3.831700E0	6.723013E0	-3.123710E-1
3.865019E0	6.519749E0	-2.958555E-1
3.898338E0	6.293687E0	-3.078325E-1
3.931657E0	6.094051E0	-3.308141E-1
3.964976E0	6.045671E0	-3.310962E-1
3.998295E0	6.092205E0	-3.244460E-1
4.031614E0	6.102454E0	-3.406253E-1
4.064934E0	6.151281E0	-3.493655E-1
4.098253E0	6.312082E0	-3.571918E-1
4.131572E0	6.566778E0	-3.483112E-1
4.164891E0	6.833447E0	-3.645800E-1
4.198210E0	7.031026E0	-3.717812E-1
4.231529E0	7.140752E0	-4.071973E-1
4.264848E0	7.233471E0	-4.198756E-1
4.298167E0	7.242269E0	-4.210304E-1
4.331487E0	7.196503E0	-4.136004E-1
4.364806E0	7.212212E0	-4.434045E-1
4.398125E0	7.211490E0	-4.550243E-1
4.431444E0	7.237043E0	-4.445314E-1
4.464763E0	7.263685E0	-4.572291E-1
4.498082E0	7.278584E0	-4.669790E-1
4.531401E0	7.304607E0	-4.555758E-1
4.564720E0	7.359845E0	-4.603523E-1
4.598040E0	7.497179E0	-4.808276E-1
4.631359E0	7.744145E0	-4.699262E-1
4.664678E0	8.059936E0	-5.133562E-1
4.697997E0	8.170244E0	-5.263285E-1
4.731316E0	8.151058E0	-5.128558E-1
4.764635E0	8.137227E0	-5.150048E-1
4.797954E0	8.141874E0	-5.138065E-1
4.831273E0	8.108630E0	-5.194995E-1
4.864593E0	7.914502E0	-5.065922E-1
4.897912E0	7.698671E0	-5.304752E-1
4.931231E0	7.494691E0	-5.739231E-1
4.964550E0	7.412237E0	-5.702504E-1
4.997869E0	7.460799E0	-5.725401E-1
5.031188E0	7.484210E0	-6.237662E-1
5.064507E0	7.560825E0	-6.353768E-1
5.097826E0	7.754400E0	-6.216279E-1
5.131146E0	8.001174E0	-6.226979E-1
5.164465E0	8.232635E0	-6.288845E-1
5.197784E0	8.394286E0	-6.388251E-1
5.231103E0	8.511571E0	-6.731083E-1
5.264422E0	8.636338E0	-6.681288E-1
5.297741E0	8.718381E0	-6.997318E-1
5.331060E0	8.761271E0	-6.991180E-1
5.364379E0	8.799916E0	-7.098451E-1
5.397699E0	8.844649E0	-7.492473E-1
5.431018E0	8.846832E0	-7.446194E-1
5.464337E0	8.881185E0	-7.447781E-1
5.497656E0	8.936845E0	-7.551949E-1
5.530975E0	8.920489E0	-7.296657E-1
5.564294E0	8.931041E0	-7.317256E-1
5.597613E0	9.012885E0	-7.430315E-1
5.630932E0	9.268928E0	-7.323167E-1
5.664252E0	9.609918E0	-7.512801E-1
5.697571E0	9.707911E0	-7.635145E-1
5.730890E0	9.638640E0	-7.533395E-1
5.764209E0	9.617156E0	-7.715767E-1
5.797528E0	9.623779E0	-7.786168E-1
5.830847E0	9.585405E0	-7.659624E-1
5.864166E0	9.376607E0	-7.768030E-1
5.897486E0	9.107208E0	-7.928685E-1
5.930805E0	8.866853E0	-8.039217E-1
5.964124E0	8.777006E0	-7.908937E-1
5.997443E0	8.785013E0	-7.829865E-1
6.030762E0	8.808282E0	-7.928120E-1
6.064081E0	8.896901E0	-8.061659E-1
6.097400E0	9.073228E0	-8.009798E-1
6.130719E0	9.287272E0	-7.859511E-1
6.164039E0	9.515099E0	-7.835444E-1
6.197358E0	9.683311E0	-7.994041E-1
6.230677E0	9.783509E0	-8.246788E-1
6.263996E0	9.873591E0	-8.317569E-1
6.297315E0	9.887080E0	-8.651571E-1
6.330634E0	9.900042E0	-8.876742E-1
6.363953E0	9.855604E0	-8.902879E-1
6.397272E0	9.855702E0	-9.022664E-1
6.430592E0	9.874489E0	-8.975962E-1
6.463911E0	9.892714E0	-9.302084E-1
6.497230E0	9.925092E0	-9.341624E-1
6.530549E0	9.981499E0	-9.444093E-1
6.563868E0	1.001669E1	-9.863799E-1
6.597187E0	1.011582E1	-9.928793E-1
6.630506E0	1.036400E1	-9.788232E-1
6.663825E0	1.069283E1	-9.991432E-1
6.697145E0	1.082943E1	-9.979265E-1
6.730464E0	1.079985E1	-1.028334E0
6.763783E0	1.079566E1	-1.033015E0
6.797102E0	1.079200E1	-1.034950E0
6.830421E0	1.074286E1	-1.038893E0
6.863740E0	1.055330E1	-1.027000E0
6.897059E0	1.033574E1	-1.051269E0
6.930378E0	1.010009E1	-1.060576E0
6.963698E0	9.999149E0	-1.059845E0
6.997017E0	1.000813E1	-1.079913E0
7.030336E0	1.000587E1	-1.113157E0
7.063655E0	1.007510E1	-1.125311E0
7.096974E0	1.026104E1	-1.101540E0
7.130293E0	1.048358E1	-1.088456E0
7.163612E0	1.071906E1	-1.084525E0
7.196931E0	1.090008E1	-1.102525E0
7.230251E0	1.102031E1	-1.147928E0
7.263570E0	1.111382E1	-1.155239E0
7.296889E0	1.112026E1	-1.165911E0
7.330208E0	1.110877E1	-1.162163E0
7.363527E0	1.108797E1	-1.208524E0
7.396846E0	1.107685E1	-1.205891E0
7.430165E0	1.104795E1	-1.181198E0
7.463484E0	1.105083E1	-1.192722E0
7.496804E0	1.106372E1	-1.209745E0
7.530123E0	1.106455E1	-1.215463E0
7.563442E0	1.107099E1	-1.224623E0
7.596761E0	1.116551E1	-1.236058E0
7.630080E0	1.142052E1	-1.263372E0
7.663399E0	1.175401E1	-1.266463E0
7.696718E0	1.190125E1	-1.272716E0
7.730037E0	1.185630E1	-1.290894E0
7.763357E0	1.184106E1	-1.291544E0
7.796676E0	1.184205E1	-1.295457E0
7.829995E0	1.181696E1	-1.287762E0
7.863314E0	1.166224E1	-1.295530E0
7.896633E0	1.144423E1	-1.304094E0
7.929952E0	1.125406E1	-1.328830E0
7.963271E0	1.120757E1	-1.320232E0
7.996591E0	1.121963E1	-1.354532E0
8.029910E0	1.122178E1	-1.356701E0
8.063229E0	1.126927E1	-1.355143E0
8.096548E0	1.144102E1	-1.359694E0
8.129867E0	1.164063E1	-1.368048E0
8.163186E0	1.183859E1	-1.341629E0
8.196505E0	1.203189E1	-1.349492E0
8.229824E0	1.217958E1	-1.356223E0
8.263144E0	1.227621E1	-1.356526E0
8.296463E0	1.227900E1	-1.365626E0
8.329782E0	1.221947E1	-1.359021E0
8.363101E0	1.223081E1	-1.374450E0
8.396420E0	1.223568E1	-1.380966E0
8.429739E0	1.223806E1	-1.384887E0
8.463058E0	1.223800E1	-1.383915E0
8.496377E0	1.223169E1	-1.398802E0
8.529697E0	1.223605E1	-1.416787E0
8.563016E0	1.224977E1	-1.431659E0
8.596335E0	1.235709E1	-1.434902E0
8.629654E0	1.258115E1	-1.442259E0
8.662973E0	1.291132E1	-1.454818E0
8.696292E0	1.312702E1	-1.464484E0
8.729611E0	1.314626E1	-1.486225E0
8.762930E0	1.314184E1	-1.479110E0
8.796250E0	1.313573E1	-1.472199E0
8.829569E0	1.311243E1	-1.460421E0
8.862888E0	1.298814E1	-1.474667E0
8.896207E0	1.281049E1	-1.484539E0
8.929526E0	1.266899E1	-1.517835E0
8.962845E0	1.256181E1	-1.481864E0
8.996164E0	1.257201E1	-1.468738E0
9.029483E0	1.256804E1	-1.494649E0
9.062803E0	1.267437E1	-1.511308E0
9.096122E0	1.285966E1	-1.507149E0
9.129441E0	1.308760E1	-1.483668E0
9.162760E0	1.332395E1	-1.452831E0
9.196079E0	1.352360E1	-1.472948E0
9.229398E0	1.364645E1	-1.510121E0
9.262717E0	1.375866E1	-1.524787E0
9.296036E0	1.380969E1	-1.558491E0
9.329356E0	1.386875E1	-1.573923E0
9.362675E0	1.395767E1	-1.575205E0
9.395994E0	1.403014E1	-1.585925E0
9.429313E0	1.408850E1	-1.584289E0
9.462632E0	1.408561E1	-1.603039E0
9.495951E0	1.408184E1	-1.614755E0
9.529270E0	1.406613E1	-1.614338E0
9.562589E0	1.408186E1	-1.622767E0
9.595909E0	1.419487E1	-1.619024E0
9.629228E0	1.444452E1	-1.596875E0
9.662547E0	1.475254E1	-1.604794E0
9.695866E0	1.486145E1	-1.618390E0
9.729185E0	1.481463E1	-1.650920E0
9.762504E0	1.478687E1	-1.615780E0
9.795823E0	1.480348E1	-1.615988E0
9.829143E0	1.477848E1	-1.605305E0
9.862462E0	1.458778E1	-1.614983E0
9.895781E0	1.432384E1	-1.638117E0
9.929100E0	1.408352E1	-1.667714E0
9.962419E0	1.399176E1	-1.692363E0
9.995738E0	1.400074E1	-1.669845E0
1.002906E1	1.398000E1	-1.685247E0
1.006238E1	1.404283E1	-1.692767E0
1.009570E1	1.419081E1	-1.683978E0
1.012901E1	1.440142E1	-1.669826E0
1.016233E1	1.462478E1	-1.656681E0
1.019565E1	1.482888E1	-1.669470E0
1.022897E1	1.497036E1	-1.666726E0
1.026229E1	1.507195E1	-1.663603E0
1.029561E1	1.506981E1	-1.659123E0
1.032893E1	1.501718E1	-1.656791E0
1.036225E1	1.500816E1	-1.664057E0
1.039557E1	1.501279E1	-1.663372E0
1.042889E1	1.501925E1	-1.663777E0
1.046221E1	1.501048E1	-1.665123E0
1.049553E1	1.501498E1	-1.669761E0
1.052884E1	1.502682E1	-1.710675E0
1.056216E1	1.506770E1	-1.722088E0
1.059548E1	1.516086E1	-1.774579E0
1.062880E1	1.539853E1	-1.764957E0
1.066212E1	1.575491E1	-1.779040E0
1.069544E1	1.592264E1	-1.796422E0
1.072876E1	1.590969E1	-1.806045E0
1.076208E1	1.590920E1	-1.808932E0
1.079540E1	1.591125E1	-1.810429E0
1.082872E1	1.586415E1	-1.816903E0
1.086204E1	1.568126E1	-1.803088E0
1.089535E1	1.550294E1	-1.831333E0
1.092867E1	1.535079E1	-1.823282E0
1.096199E1	1.533433E1	-1.845365E0
1.099531E1	1.534580E1	-1.863344E0
1.102863E1	1.532929E1	-1.886682E0
1.106195E1	1.538163E1	-1.893057E0
1.109527E1	1.553806E1	-1.888845E0
1.112859E1	1.574771E1	-1.873347E0
1.116191E1	1.598108E1	-1.867198E0
1.119523E1	1.617632E1	-1.857980E0
1.122855E1	1.632200E1	-1.895645E0
1.126186E1	1.642957E1	-1.918768E0
1.129518E1	1.647445E1	-1.946622E0
1.132850E1	1.643315E1	-1.940733E0
1.136182E1	1.641322E1	-1.931307E0
1.139514E1	1.640958E1	-1.954453E0
1.142846E1	1.640225E1	-1.958309E0
1.146178E1	1.641586E1	-1.970644E0
1.149510E1	1.642999E1	-1.983341E0
1.152842E1	1.642791E1	-1.986472E0
1.156174E1	1.642626E1	-1.989260E0
1.159506E1	1.653327E1	-1.991984E0
1.162838E1	1.676977E1	-2.016342E0
1.166169E1	1.713356E1	-2.015053E0
1.169501E1	1.733810E1	-2.041918E0
1.172833E1	1.731772E1	-2.057235E0
1.176165E1	1.730892E1	-2.063336E0
1.179497E1	1.731117E1	-2.068369E0
1.182829E1	1.729534E1	-2.062568E0
1.186161E1	1.715726E1	-2.072662E0
1.189493E1	1.692002E1	-2.057928E0
1.192825E1	1.669752E1	-2.070724E0
1.196157E1	1.654724E1	-2.067209E0
1.199489E1	1.655168E1	-2.071373E0
1.202820E1	1.656597E1	-2.109010E0
1.206152E1	1.663753E1	-2.085786E0
1.209484E1	1.680316E1	-2.077415E0
1.212816E1	1.702738E1	-2.042407E0
1.216148E1	1.728000E1	-2.041452E0
1.219480E1	1.747033E1	-2.027654E0
1.222812E1	1.760624E1	-2.067864E0
1.226144E1	1.773444E1	-2.078533E0
1.229476E1	1.784488E1	-2.083919E0
1.232808E1	1.796621E1	-2.065009E0
1.236140E1	1.811736E1	-2.116255E0
1.239472E1	1.827395E1	-2.139741E0
1.242803E1	1.837690E1	-2.177763E0
1.246135E1	1.844984E1	-2.237918E0
1.249467E1	1.851560E1	-2.296710E0
1.252799E1	1.858044E1	-2.287051E0
1.256131E1	1.864803E1	-2.303577E0
1.259463E1	1.871833E1	-2.304955E0
1.262795E1	1.889455E1	-2.310519E0
1.266127E1	1.910306E1	-2.275907E0
1.269459E1	1.924882E1	-2.211083E0
1.272791E1	1.926264E1	-2.187930E0
1.276123E1	1.921033E1	-2.202724E0
1.279454E1	1.921695E1	-2.213096E0
1.282786E1	1.917323E1	-2.222089E0
1.286118E1	1.894833E1	-2.223472E0
1.289450E1	1.860937E1	-2.260051E0
1.292782E1	1.824008E1	-2.308271E0
1.296114E1	1.800729E1	-2.336522E0
1.299446E1	1.798972E1	-2.355007E0
1.302778E1	1.798929E1	-2.351889E0
1.306110E1	1.804300E1	-2.348736E0
1.309442E1	1.818789E1	-2.371322E0
1.312774E1	1.839539E1	-2.367555E0
1.316106E1	1.861265E1	-2.365410E0
1.319437E1	1.878660E1	-2.385952E0
1.322769E1	1.894174E1	-2.400933E0
1.326101E1	1.904587E1	-2.428588E0
1.329433E1	1.909624E1	-2.442331E0
1.332765E1	1.909064E1	-2.439105E0
1.336097E1	1.906339E1	-2.482939E0
1.339429E1	1.906907E1	-2.505808E0
1.342761E1	1.908637E1	-2.484387E0
1.346093E1	1.911951E1	-2.504914E0
1.349425E1	1.915793E1	-2.504698E0
1.352757E1	1.920266E1	-2.502062E0
1.356088E1	1.922378E1	-2.517583E0
1.359420E1	1.931440E1	-2.505929E0
1.362752E1	1.956880E1	-2.510789E0
1.366084E1	1.987312E1	-2.489838E0
1.369416E1	1.996616E1	-2.551642E0
1.372748E1	1.995255E1	-2.575815E0
1.376080E1	1.993061E1	-2.554313E0
1.379412E1	1.993366E1	-2.551946E0
1.382744E1	1.991231E1	-2.570514E0
1.386076E1	1.972597E1	-2.558108E0
1.389408E1	1.943996E1	-2.547122E0
1.392740E1	1.918309E1	-2.561821E0
1.396071E1	1.902541E1	-2.563184E0
1.399403E1	1.903420E1	-2.558910E0
1.402735E1	1.901112E1	-2.587007E0
1.406067E1	1.905594E1	-2.596244E0
1.409399E1	1.921258E1	-2.605652E0
1.412731E1	1.941561E1	-2.621978E0
1.416063E1	1.963214E1	-2.610909E0
1.419395E1	1.985000E1	-2.609814E0
1.422727E1	2.004621E1	-2.601805E0
1.426059E1	2.016675E1	-2.607620E0
1.429391E1	2.021959E1	-2.631630E0
1.432722E1	2.023954E1	-2.671741E0
1.436054E1	2.021865E1	-2.665260E0
1.439386E1	2.021952E1	-2.677695E0
1.442718E1	2.022576E1	-2.681143E0
1.446050E1	2.023687E1	-2.708674E0
1.449382E1	2.027758E1	-2.713406E0
1.452714E1	2.032822E1	-2.725022E0
1.456046E1	2.034030E1	-2.755855E0
1.459378E1	2.040918E1	-2.771430E0
1.462710E1	2.062524E1	-2.763050E0
1.466042E1	2.094525E1	-2.741496E0
1.469374E1	2.113195E1	-2.759489E0
1.472705E1	2.112431E1	-2.771082E0
1.476037E1	2.108384E1	-2.777414E0
1.479369E1	2.109753E1	-2.749490E0
1.482701E1	2.106937E1	-2.766011E0
1.486033E1	2.090051E1	-2.759450E0
1.489365E1	2.062595E1	-2.756028E0
1.492697E1	2.040128E1	-2.774233E0
1.496029E1	2.029107E1	-2.795176E0
1.499361E1	2.028747E1	-2.837599E0
1.502693E1	2.027611E1	-2.824873E0
1.506025E1	2.032704E1	-2.823916E0
1.509356E1	2.049743E1	-2.829763E0
1.512688E1	2.072910E1	-2.822426E0
1.516020E1	2.095843E1	-2.815818E0
1.519352E1	2.116956E1	-2.811681E0
1.522684E1	2.129427E1	-2.846385E0
1.526016E1	2.139767E1	-2.859875E0
1.529348E1	2.144497E1	-2.884032E0
1.532680E1	2.141525E1	-2.930220E0
1.536012E1	2.138738E1	-2.915713E0
1.539344E1	2.140834E1	-2.948327E0
1.542676E1	2.139988E1	-2.961644E0
1.546007E1	2.141351E1	-2.989628E0
1.549339E1	2.141599E1	-3.017457E0
1.552671E1	2.142849E1	-3.048749E0
1.556003E1	2.143152E1	-3.059349E0
1.559335E1	2.150098E1	-3.038811E0
1.562667E1	2.171956E1	-3.034592E0
1.565999E1	2.203082E1	-3.040674E0
1.569331E1	2.230052E1	-3.040430E0
1.572663E1	2.232275E1	-3.085944E0
1.575995E1	2.230392E1	-3.081736E0
1.579327E1	2.230984E1	-3.084138E0
1.582659E1	2.226105E1	-3.087364E0
1.585990E1	2.207910E1	-3.065583E0
1.589322E1	2.186000E1	-3.068387E0
1.592654E1	2.167129E1	-3.066172E0
1.595986E1	2.163890E1	-3.090436E0
1.599318E1	2.164327E1	-3.145365E0
1.602650E1	2.162327E1	-3.128929E0
1.605982E1	2.167180E1	-3.125271E0
1.609314E1	2.178363E1	-3.130269E0
1.612646E1	2.195708E1	-3.133332E0
1.615978E1	2.217321E1	-3.129276E0
1.619310E1	2.238256E1	-3.141362E0
1.622641E1	2.253375E1	-3.135341E0
1.625973E1	2.264055E1	-3.140146E0
1.629305E1	2.267905E1	-3.150109E0
1.632637E1	2.263631E1	-3.154376E0
1.635969E1	2.261948E1	-3.171747E0
1.639301E1	2.263919E1	-3.207038E0
1.642633E1	2.262162E1	-3.219374E0
1.645965E1	2.263960E1	-3.243685E0
1.649297E1	2.264843E1	-3.261331E0
1.652629E1	2.264228E1	-3.281056E0
1.655961E1	2.265545E1	-3.309174E0
1.659293E1	2.276278E1	-3.318031E0
1.662624E1	2.298411E1	-3.319977E0
1.665956E1	2.326496E1	-3.308277E0
1.669288E1	2.347086E1	-3.323345E0
1.672620E1	2.350234E1	-3.336292E0
1.675952E1	2.348227E1	-3.356932E0
1.679284E1	2.348117E1	-3.353680E0
1.682616E1	2.345902E1	-3.338283E0
1.685948E1	2.331633E1	-3.338675E0
1.689280E1	2.309326E1	-3.328286E0
1.692612E1	2.291641E1	-3.342894E0
1.695944E1	2.285926E1	-3.350694E0
1.699275E1	2.290158E1	-3.362547E0
1.702607E1	2.290222E1	-3.359457E0
1.705939E1	2.295260E1	-3.353066E0
1.709271E1	2.308068E1	-3.384921E0
1.712603E1	2.328567E1	-3.353682E0
1.715935E1	2.352549E1	-3.360767E0
1.719267E1	2.375022E1	-3.364363E0
1.722599E1	2.391037E1	-3.381354E0
1.725931E1	2.403070E1	-3.412541E0
1.729263E1	2.402992E1	-3.434331E0
1.732595E1	2.397807E1	-3.441398E0
1.735927E1	2.396610E1	-3.449477E0
1.739258E1	2.397158E1	-3.467563E0
1.742590E1	2.396501E1	-3.487913E0
1.745922E1	2.397195E1	-3.499730E0
1.749254E1	2.397546E1	-3.513250E0
1.752586E1	2.397480E1	-3.536185E0
1.755918E1	2.399540E1	-3.569877E0
1.759250E1	2.410153E1	-3.574384E0
1.762582E1	2.431965E1	-3.576488E0
1.765914E1	2.461418E1	-3.581279E0
1.769246E1	2.481961E1	-3.591377E0
1.772578E1	2.485585E1	-3.603701E0
1.775909E1	2.482405E1	-3.616848E0
1.779241E1	2.482419E1	-3.615048E0
1.782573E1	2.480352E1	-3.601495E0
1.785905E1	2.465058E1	-3.593557E0
1.789237E1	2.447642E1	-3.570703E0
1.792569E1	2.431210E1	-3.593447E0
1.795901E1	2.426119E1	-3.571753E0
1.799233E1	2.428796E1	-3.547569E0
1.802565E1	2.431057E1	-3.563183E0
1.805897E1	2.434635E1	-3.548901E0
1.809229E1	2.447958E1	-3.560733E0
1.812561E1	2.468485E1	-3.557593E0
1.815892E1	2.492406E1	-3.556254E0
1.819224E1	2.513216E1	-3.541823E0
1.822556E1	2.531897E1	-3.556868E0
1.825888E1	2.543966E1	-3.574564E0
1.829220E1	2.549344E1	-3.606922E0
1.832552E1	2.544509E1	-3.621162E0
1.835884E1	2.543076E1	-3.622945E0
1.839216E1	2.542733E1	-3.642800E0
1.842548E1	2.543348E1	-3.653591E0
1.845880E1	2.542811E1	-3.657327E0
1.849212E1	2.542764E1	-3.668592E0
1.852543E1	2.542437E1	-3.689325E0
1.855875E1	2.544681E1	-3.726548E0
1.859207E1	2.555313E1	-3.735115E0
1.862539E1	2.576579E1	-3.731971E0
1.865871E1	2.604623E1	-3.745665E0
1.869203E1	2.626567E1	-3.754792E0
1.872535E1	2.631224E1	-3.757345E0
1.875867E1	2.628835E1	-3.777099E0
1.879199E1	2.628364E1	-3.771950E0
1.882531E1	2.625707E1	-3.753975E0
1.885863E1	2.611984E1	-3.762615E0
1.889195E1	2.596892E1	-3.745622E0
1.892526E1	2.585152E1	-3.746105E0
1.895858E1	2.584848E1	-3.774320E0
1.899190E1	2.591603E1	-3.754216E0
1.902522E1	2.593510E1	-3.787509E0
1.905854E1	2.599284E1	-3.806322E0
1.909186E1	2.614944E1	-3.771563E0
1.912518E1	2.631014E1	-3.738755E0
1.915850E1	2.650652E1	-3.775447E0
1.919182E1	2.666642E1	-3.800699E0
1.922514E1	2.679422E1	-3.821980E0
1.925846E1	2.691626E1	-3.797155E0
1.929177E1	2.698865E1	-3.825277E0
1.932509E1	2.694441E1	-3.858176E0
1.935841E1	2.690624E1	-3.872662E0
1.939173E1	2.688116E1	-3.895292E0
1.942505E1	2.689997E1	-3.930501E0
1.945837E1	2.690073E1	-3.940281E0
1.949169E1	2.689062E1	-3.958429E0
1.952501E1	2.688984E1	-3.977257E0
1.955833E1	2.689632E1	-4.007263E0
1.959165E1	2.699451E1	-4.006006E0
1.962497E1	2.722473E1	-3.991387E0
1.965829E1	2.748903E1	-3.968108E0
1.969160E1	2.767401E1	-4.002034E0
1.972492E1	2.772503E1	-4.032288E0
1.975824E1	2.771023E1	-4.027402E0
1.979156E1	2.771081E1	-4.018829E0
1.982488E1	2.767992E1	-4.030277E0
1.985820E1	2.755023E1	-4.016050E0
1.989152E1	2.739130E1	-4.021987E0
1.992484E1	2.726818E1	-4.014960E0
1.995816E1	2.724948E1	-3.999650E0
1.999148E1	2.728228E1	-4.052087E0
2.002480E1	2.726425E1	-4.025558E0
2.005811E1	2.729756E1	-4.043174E0
2.009143E1	2.739755E1	-4.045749E0
2.012475E1	2.756848E1	-4.039915E0
2.015807E1	2.777460E1	-4.022085E0
2.019139E1	2.798513E1	-4.013751E0
2.022471E1	2.815671E1	-4.014353E0
2.025803E1	2.828767E1	-4.021579E0
2.029135E1	2.834677E1	-4.031200E0
2.032467E1	2.834333E1	-4.031185E0
2.035799E1	2.832935E1	-4.041757E0
2.039131E1	2.833196E1	-4.052904E0
2.042462E1	2.834629E1	-4.068036E0
2.045794E1	2.832427E1	-4.072060E0
2.049126E1	2.831905E1	-4.109917E0
2.052458E1	2.833298E1	-4.165588E0
2.055790E1	2.836489E1	-4.203540E0
2.059122E1	2.843738E1	-4.176117E0
2.062454E1	2.864891E1	-4.160556E0
2.065786E1	2.890943E1	-4.181973E0
2.069118E1	2.910745E1	-4.206732E0
2.072450E1	2.917312E1	-4.243554E0
2.075782E1	2.912041E1	-4.256385E0
2.079114E1	2.912727E1	-4.265383E0
2.082445E1	2.911951E1	-4.249256E0
2.085777E1	2.897298E1	-4.249154E0
2.089109E1	2.877087E1	-4.190483E0
2.092441E1	2.856887E1	-4.220985E0
2.095773E1	2.847864E1	-4.169023E0
2.099105E1	2.850257E1	-4.219992E0
2.102437E1	2.848112E1	-4.211656E0
2.105769E1	2.853250E1	-4.245918E0
2.109101E1	2.868333E1	-4.239910E0
2.112433E1	2.889546E1	-4.230645E0
2.115765E1	2.911515E1	-4.220681E0
2.119096E1	2.933658E1	-4.210788E0
2.122428E1	2.951329E1	-4.226987E0
2.125760E1	2.961669E1	-4.234336E0
2.129092E1	2.962211E1	-4.258403E0
2.132424E1	2.958380E1	-4.286414E0
2.135756E1	2.957073E1	-4.284965E0
2.139088E1	2.956402E1	-4.279892E0
2.142420E1	2.956823E1	-4.295183E0
2.145752E1	2.957287E1	-4.330724E0
2.149084E1	2.958611E1	-4.350035E0
2.152416E1	2.959858E1	-4.320966E0
2.155748E1	2.962601E1	-4.347712E0
2.159079E1	2.966619E1	-4.346887E0
2.162411E1	2.985158E1	-4.387546E0
2.165743E1	3.016294E1	-4.373129E0
2.169075E1	3.048968E1	-4.370788E0
2.172407E1	3.052622E1	-4.399641E0
2.175739E1	3.047028E1	-4.422601E0
2.179071E1	3.049856E1	-4.384768E0
2.182403E1	3.046855E1	-4.396202E0
2.185735E1	3.029939E1	-4.377501E0
2.189067E1	3.011198E1	-4.357362E0
2.192399E1	2.995767E1	-4.356166E0
2.195730E1	2.989807E1	-4.333892E0
2.199062E1	2.992331E1	-4.386810E0
2.202394E1	2.991620E1	-4.385476E0
2.205726E1	2.995577E1	-4.385843E0
2.209058E1	3.008155E1	-4.404380E0
2.212390E1	3.027383E1	-4.370924E0
2.215722E1	3.050679E1	-4.347048E0
2.219054E1	3.071992E1	-4.320378E0
2.222386E1	3.085492E1	-4.348151E0
2.225718E1	3.094520E1	-4.350127E0
2.229050E1	3.096332E1	-4.388390E0
2.232382E1	3.092532E1	-4.425366E0
2.235713E1	3.090464E1	-4.420763E0
2.239045E1	3.091394E1	-4.433050E0
2.242377E1	3.088238E1	-4.402563E0
2.245709E1	3.088733E1	-4.421736E0
2.249041E1	3.090009E1	-4.464038E0
2.252373E1	3.094389E1	-4.481029E0
2.255705E1	3.096035E1	-4.498068E0
2.259037E1	3.101589E1	-4.515234E0
2.262369E1	3.121774E1	-4.511131E0
2.265701E1	3.151290E1	-4.518666E0
2.269033E1	3.177981E1	-4.515040E0
2.272364E1	3.181565E1	-4.572070E0
2.275696E1	3.181083E1	-4.579666E0
2.279028E1	3.181108E1	-4.584229E0
2.282360E1	3.178496E1	-4.564335E0
2.285692E1	3.163284E1	-4.561932E0
2.289024E1	3.143807E1	-4.556193E0
2.292356E1	3.123704E1	-4.543936E0
2.295688E1	3.112018E1	-4.522992E0
2.299020E1	3.112863E1	-4.559809E0
2.302352E1	3.108905E1	-4.554572E0
2.305684E1	3.110624E1	-4.530816E0
2.309016E1	3.122566E1	-4.530297E0
2.312347E1	3.139841E1	-4.530017E0
2.315679E1	3.160195E1	-4.548386E0
2.319011E1	3.180455E1	-4.526564E0
2.322343E1	3.198662E1	-4.533827E0
2.325675E1	3.212436E1	-4.518160E0
2.329007E1	3.220885E1	-4.548911E0
2.332339E1	3.224055E1	-4.573967E0
2.335671E1	3.219890E1	-4.585619E0
2.339003E1	3.220282E1	-4.596697E0
2.342335E1	3.221001E1	-4.629371E0
2.345667E1	3.223934E1	-4.632564E0
2.348998E1	3.226260E1	-4.657694E0
2.352330E1	3.226471E1	-4.659465E0
2.355662E1	3.225697E1	-4.679798E0
2.358994E1	3.234846E1	-4.680150E0
2.362326E1	3.256464E1	-4.681055E0
2.365658E1	3.285517E1	-4.656065E0
2.368990E1	3.308128E1	-4.645617E0
2.372322E1	3.311769E1	-4.654435E0
2.375654E1	3.311105E1	-4.695007E0
2.378986E1	3.311221E1	-4.692716E0
2.382318E1	3.307873E1	-4.670566E0
2.385650E1	3.295804E1	-4.667562E0
2.388981E1	3.277730E1	-4.645141E0
2.392313E1	3.265064E1	-4.631456E0
2.395645E1	3.263218E1	-4.624936E0
2.398977E1	3.266125E1	-4.697006E0
2.402309E1	3.262297E1	-4.666146E0
2.405641E1	3.263719E1	-4.663809E0
2.408973E1	3.270796E1	-4.699118E0
2.412305E1	3.287438E1	-4.691470E0
2.415637E1	3.309419E1	-4.684343E0
2.418969E1	3.332266E1	-4.685822E0
2.422301E1	3.350942E1	-4.671298E0
2.425632E1	3.364340E1	-4.690027E0
2.428964E1	3.366079E1	-4.723980E0
2.432296E1	3.361205E1	-4.734911E0
2.435628E1	3.359032E1	-4.736146E0
2.438960E1	3.359375E1	-4.770814E0
2.442292E1	3.361381E1	-4.808785E0
2.445624E1	3.360068E1	-4.818502E0
2.448956E1	3.359854E1	-4.830209E0
2.452288E1	3.360254E1	-4.853772E0
2.455620E1	3.360000E1	-4.880604E0
2.458952E1	3.369683E1	-4.890673E0
2.462283E1	3.388724E1	-4.917306E0
2.465615E1	3.413840E1	-4.873310E0
2.468947E1	3.442402E1	-4.875514E0
2.472279E1	3.452620E1	-4.874469E0
2.475611E1	3.452869E1	-4.880236E0
2.478943E1	3.453104E1	-4.881865E0
2.482275E1	3.451591E1	-4.872182E0
2.485607E1	3.439121E1	-4.888989E0
2.488939E1	3.421439E1	-4.863843E0
2.492271E1	3.406464E1	-4.822906E0
2.495603E1	3.404107E1	-4.807898E0
2.498935E1	3.406253E1	-4.844314E0
2.502266E1	3.403671E1	-4.830018E0
2.505598E1	3.408636E1	-4.844762E0
2.508930E1	3.424221E1	-4.842826E0
2.512262E1	3.445780E1	-4.825174E0
2.515594E1	3.470275E1	-4.826486E0
2.518926E1	3.490749E1	-4.819744E0
2.522258E1	3.505449E1	-4.872690E0
2.525590E1	3.517043E1	-4.894699E0
2.528922E1	3.519862E1	-4.883292E0
2.532254E1	3.514875E1	-4.882344E0
2.535586E1	3.513927E1	-4.887597E0
2.538917E1	3.515605E1	-4.906277E0
2.542249E1	3.515635E1	-4.905184E0
2.545581E1	3.514890E1	-4.927380E0
2.548913E1	3.515458E1	-4.947135E0
2.552245E1	3.515228E1	-4.968048E0
2.555577E1	3.515996E1	-4.999715E0
2.558909E1	3.525117E1	-4.997311E0
2.562241E1	3.542206E1	-5.018433E0
2.565573E1	3.569691E1	-4.999032E0
2.568905E1	3.598418E1	-4.986446E0
2.572237E1	3.606038E1	-4.998481E0
2.575569E1	3.604645E1	-5.012323E0
2.578900E1	3.604666E1	-5.020998E0
2.582232E1	3.604126E1	-5.004492E0
2.585564E1	3.591985E1	-4.982423E0
2.588896E1	3.575191E1	-4.969528E0
2.592228E1	3.565471E1	-4.977697E0
2.595560E1	3.565460E1	-4.947513E0
2.598892E1	3.570043E1	-4.943875E0
2.602224E1	3.570618E1	-4.951542E0
2.605556E1	3.573164E1	-4.987863E0
2.608888E1	3.586050E1	-4.972271E0
2.612220E1	3.607263E1	-4.998249E0
2.615551E1	3.629441E1	-4.987007E0
2.618883E1	3.648295E1	-4.972442E0
2.622215E1	3.660732E1	-5.011988E0
2.625547E1	3.671261E1	-5.028002E0
2.628879E1	3.670518E1	-5.027124E0
2.632211E1	3.666696E1	-5.050652E0
2.635543E1	3.662784E1	-5.057365E0
2.638875E1	3.663941E1	-5.034166E0
2.642207E1	3.664895E1	-5.049782E0
2.645539E1	3.664034E1	-5.069909E0
2.648871E1	3.665801E1	-5.100512E0
2.652203E1	3.666416E1	-5.139332E0
2.655534E1	3.666354E1	-5.174820E0
2.658866E1	3.674615E1	-5.215581E0
2.662198E1	3.693004E1	-5.202919E0
2.665530E1	3.717423E1	-5.232314E0
2.668862E1	3.748145E1	-5.230007E0
2.672194E1	3.758891E1	-5.228421E0
2.675526E1	3.759931E1	-5.241575E0
2.678858E1	3.760301E1	-5.242368E0
2.682190E1	3.759056E1	-5.232627E0
2.685522E1	3.748868E1	-5.231629E0
2.688854E1	3.732496E1	-5.224219E0
2.692185E1	3.722698E1	-5.203758E0
2.695517E1	3.722511E1	-5.180294E0
2.698849E1	3.726511E1	-5.222523E0
2.702181E1	3.727709E1	-5.238250E0
2.705513E1	3.732631E1	-5.209398E0
2.708845E1	3.745724E1	-5.242705E0
2.712177E1	3.765809E1	-5.236404E0
2.715509E1	3.785334E1	-5.250607E0
2.718841E1	3.801075E1	-5.237168E0
2.722173E1	3.811418E1	-5.239113E0
2.725505E1	3.816424E1	-5.264480E0
2.728837E1	3.818497E1	-5.305208E0
2.732168E1	3.817290E1	-5.299127E0
2.735500E1	3.812188E1	-5.290457E0
2.738832E1	3.812442E1	-5.325213E0
2.742164E1	3.813976E1	-5.371010E0
2.745496E1	3.813505E1	-5.403132E0
2.748828E1	3.814222E1	-5.428080E0
2.752160E1	3.812634E1	-5.445947E0
2.755492E1	3.812803E1	-5.464183E0
2.758824E1	3.821830E1	-5.459194E0
2.762156E1	3.840964E1	-5.496453E0
2.765488E1	3.863198E1	-5.488910E0
2.768819E1	3.886110E1	-5.511108E0
2.772151E1	3.899655E1	-5.512583E0
2.775483E1	3.903940E1	-5.576033E0
2.778815E1	3.901688E1	-5.562366E0
2.782147E1	3.900847E1	-5.552997E0
2.785479E1	3.890326E1	-5.522627E0
2.788811E1	3.876972E1	-5.454737E0
2.792143E1	3.879617E1	-5.499780E0
2.795475E1	3.889890E1	-5.507274E0
2.798807E1	3.902103E1	-5.527492E0
2.802139E1	3.907334E1	-5.543049E0
2.805471E1	3.910210E1	-5.538882E0
2.808802E1	3.921436E1	-5.548359E0
2.812134E1	3.939566E1	-5.507932E0
2.815466E1	3.955559E1	-5.504302E0
2.818798E1	3.971961E1	-5.542192E0
2.822130E1	3.987509E1	-5.575144E0
2.825462E1	3.995079E1	-5.548826E0
2.828794E1	3.994166E1	-5.546167E0
2.832126E1	3.989816E1	-5.558702E0
2.835458E1	3.985217E1	-5.566490E0
2.838790E1	3.984926E1	-5.585942E0
2.842122E1	3.985027E1	-5.602349E0
2.845453E1	3.984859E1	-5.612193E0
2.848785E1	3.984402E1	-5.638233E0
2.852117E1	3.986232E1	-5.687767E0
2.855449E1	3.987400E1	-5.734112E0
2.858781E1	3.995422E1	-5.730057E0
2.862113E1	4.012055E1	-5.749123E0
2.865445E1	4.037412E1	-5.776445E0
2.868777E1	4.066909E1	-5.770481E0
2.872109E1	4.076523E1	-5.819961E0
2.875441E1	4.076008E1	-5.828334E0
2.878773E1	4.075486E1	-5.824910E0
2.882104E1	4.074237E1	-5.816405E0
2.885436E1	4.063634E1	-5.811428E0
2.888768E1	4.046339E1	-5.795118E0
2.892100E1	4.031669E1	-5.777322E0
2.895432E1	4.029448E1	-5.749153E0
2.898764E1	4.031133E1	-5.809901E0
2.902096E1	4.030168E1	-5.787773E0
2.905428E1	4.030969E1	-5.814963E0
2.908760E1	4.042503E1	-5.830175E0
2.912092E1	4.058317E1	-5.784370E0
2.915424E1	4.072811E1	-5.768052E0
2.918756E1	4.089096E1	-5.805224E0
2.922087E1	4.102763E1	-5.854146E0
2.925419E1	4.113414E1	-5.862899E0
2.928751E1	4.114843E1	-5.882833E0
2.932083E1	4.111246E1	-5.864981E0
2.935415E1	4.108874E1	-5.889649E0
2.938747E1	4.108214E1	-5.880402E0
2.942079E1	4.105064E1	-5.895325E0
2.945411E1	4.103647E1	-5.918279E0
2.948743E1	4.107698E1	-5.950890E0
2.952075E1	4.108462E1	-6.011899E0
2.955407E1	4.109337E1	-6.051242E0
2.958738E1	4.115401E1	-6.064921E0
2.962070E1	4.134385E1	-6.041451E0
2.965402E1	4.161858E1	-6.029440E0
2.968734E1	4.190514E1	-6.059145E0
2.972066E1	4.201097E1	-6.068922E0
2.975398E1	4.202320E1	-6.088818E0
2.978730E1	4.202644E1	-6.087780E0
2.982062E1	4.201958E1	-6.078600E0
2.985394E1	4.192163E1	-6.055088E0
2.988726E1	4.175601E1	-6.014666E0
2.992058E1	4.163629E1	-6.033271E0
2.995390E1	4.156634E1	-6.013373E0
2.998721E1	4.159569E1	-6.034083E0
3.002053E1	4.158559E1	-6.028935E0
3.005385E1	4.162207E1	-6.026893E0
3.008717E1	4.174036E1	-6.041125E0
3.012049E1	4.187857E1	-6.044243E0
3.015381E1	4.202855E1	-6.027070E0
3.018713E1	4.213927E1	-6.056350E0
3.022045E1	4.222879E1	-6.071833E0
3.025377E1	4.231946E1	-6.100855E0
3.028709E1	4.235027E1	-6.089839E0
3.032041E1	4.233463E1	-6.142507E0
3.035372E1	4.230070E1	-6.123157E0
3.038704E1	4.230346E1	-6.129241E0
3.042036E1	4.231183E1	-6.177106E0
3.045368E1	4.231643E1	-6.209808E0
3.048700E1	4.230531E1	-6.237572E0
3.052032E1	4.231407E1	-6.287376E0
3.055364E1	4.231408E1	-6.331942E0
3.058696E1	4.237520E1	-6.357892E0
3.062028E1	4.253668E1	-6.374301E0
3.065360E1	4.279820E1	-6.361259E0
3.068692E1	4.308360E1	-6.385862E0
3.072024E1	4.320423E1	-6.397015E0
3.075355E1	4.322381E1	-6.419568E0
3.078687E1	4.321298E1	-6.421776E0
3.082019E1	4.320665E1	-6.406453E0
3.085351E1	4.311720E1	-6.402478E0
3.088683E1	4.299472E1	-6.359572E0
3.092015E1	4.292453E1	-6.310215E0
3.095347E1	4.296630E1	-6.276034E0
3.098679E1	4.304970E1	-6.303672E0
3.102011E1	4.306121E1	-6.355221E0
3.105343E1	4.308862E1	-6.335676E0
3.108675E1	4.320133E1	-6.342202E0
3.112006E1	4.338014E1	-6.383468E0
3.115338E1	4.358844E1	-6.393431E0
3.118670E1	4.375926E1	-6.394574E0
3.122002E1	4.389082E1	-6.406197E0
3.125334E1	4.398849E1	-6.450505E0
3.128666E1	4.404332E1	-6.475637E0
3.131998E1	4.403105E1	-6.447681E0
3.135330E1	4.399228E1	-6.477965E0
3.138662E1	4.399165E1	-6.513758E0
3.141994E1	4.400191E1	-6.512526E0
3.145326E1	4.399503E1	-6.544230E0
3.148658E1	4.400743E1	-6.585805E0
3.151989E1	4.400256E1	-6.582556E0
3.155321E1	4.399073E1	-6.574088E0
3.158653E1	4.404822E1	-6.612458E0
3.161985E1	4.422893E1	-6.664838E0
3.165317E1	4.449720E1	-6.659763E0
3.168649E1	4.477586E1	-6.677457E0
3.171981E1	4.483187E1	-6.713867E0
3.175313E1	4.482238E1	-6.716357E0
3.178645E1	4.482250E1	-6.706247E0
3.181977E1	4.482221E1	-6.710652E0
3.185309E1	4.471546E1	-6.709219E0
3.188640E1	4.456250E1	-6.678928E0
3.191972E1	4.441569E1	-6.662998E0
3.195304E1	4.436441E1	-6.665737E0
3.198636E1	4.438516E1	-6.688139E0
3.201968E1	4.437827E1	-6.676271E0
3.205300E1	4.442024E1	-6.658420E0
3.208632E1	4.454839E1	-6.688011E0
3.211964E1	4.472963E1	-6.725287E0
3.215296E1	4.494457E1	-6.723745E0
3.218628E1	4.514683E1	-6.729076E0
3.221960E1	4.527505E1	-6.770275E0
3.225292E1	4.538946E1	-6.785088E0
3.228623E1	4.540434E1	-6.816695E0
3.231955E1	4.538638E1	-6.807680E0
3.235287E1	4.534048E1	-6.818464E0
3.238619E1	4.533818E1	-6.836256E0
3.241951E1	4.533521E1	-6.853998E0
3.245283E1	4.535092E1	-6.895621E0
3.248615E1	4.534726E1	-6.904679E0
3.251947E1	4.534318E1	-6.890597E0
3.255279E1	4.534092E1	-6.885453E0
3.258611E1	4.539043E1	-6.909356E0
3.261943E1	4.557103E1	-6.945931E0
3.265274E1	4.583532E1	-6.935470E0
3.268606E1	4.610644E1	-6.972247E0
3.271938E1	4.617295E1	-7.012316E0
3.275270E1	4.615919E1	-7.018335E0
3.278602E1	4.615612E1	-7.015491E0
3.281934E1	4.616158E1	-7.023191E0
3.285266E1	4.605095E1	-6.994069E0
3.288598E1	4.583961E1	-6.944077E0
3.291930E1	4.562553E1	-6.973804E0
3.295262E1	4.551196E1	-6.997637E0
3.298594E1	4.551159E1	-6.998560E0
3.301925E1	4.552154E1	-7.006480E0
3.305257E1	4.557030E1	-7.000645E0
3.308589E1	4.567476E1	-7.011070E0
3.311921E1	4.585125E1	-7.012517E0
3.315253E1	4.605874E1	-6.989941E0
3.318585E1	4.622443E1	-7.016197E0
3.321917E1	4.637842E1	-7.038002E0
3.325249E1	4.650149E1	-7.066405E0
3.328581E1	4.655313E1	-7.080022E0
3.331913E1	4.653509E1	-7.077536E0
3.335245E1	4.651339E1	-7.104619E0
3.338577E1	4.650359E1	-7.121806E0
3.341908E1	4.651878E1	-7.141138E0
3.345240E1	4.648819E1	-7.125811E0
3.348572E1	4.650207E1	-7.165936E0
3.351904E1	4.651772E1	-7.214479E0
3.355236E1	4.653935E1	-7.234595E0
3.358568E1	4.661306E1	-7.262752E0
3.361900E1	4.677275E1	-7.289130E0
3.365232E1	4.704328E1	-7.282922E0
3.368564E1	4.729514E1	-7.323105E0
3.371896E1	4.737463E1	-7.382742E0
3.375228E1	4.735303E1	-7.402301E0
3.378559E1	4.734673E1	-7.393170E0
3.381891E1	4.734974E1	-7.401093E0
3.385223E1	4.723175E1	-7.362503E0
3.388555E1	4.704367E1	-7.298006E0
3.391887E1	4.683520E1	-7.322241E0
3.395219E1	4.667478E1	-7.350282E0
3.398551E1	4.664905E1	-7.341889E0
3.401883E1	4.663244E1	-7.375110E0
3.405215E1	4.666522E1	-7.358605E0
3.408547E1	4.677903E1	-7.384509E0
3.411879E1	4.695375E1	-7.410492E0
3.415211E1	4.716866E1	-7.404678E0
3.418542E1	4.737288E1	-7.431918E0
3.421874E1	4.756071E1	-7.438245E0
3.425206E1	4.771139E1	-7.444809E0
3.428538E1	4.780678E1	-7.479049E0
3.431870E1	4.785186E1	-7.481863E0
3.435202E1	4.779789E1	-7.493592E0
3.438534E1	4.779324E1	-7.488769E0
3.441866E1	4.778160E1	-7.502313E0
3.445198E1	4.775889E1	-7.576288E0
3.448530E1	4.778516E1	-7.584806E0
3.451862E1	4.780120E1	-7.624928E0
3.455193E1	4.780873E1	-7.638380E0
3.458525E1	4.786783E1	-7.647360E0
3.461857E1	4.803115E1	-7.681073E0
3.465189E1	4.830901E1	-7.693909E0
3.468521E1	4.858477E1	-7.732729E0
3.471853E1	4.863337E1	-7.763771E0
3.475185E1	4.860453E1	-7.799364E0
3.478517E1	4.860134E1	-7.792719E0
3.481849E1	4.859668E1	-7.793467E0
3.485181E1	4.848841E1	-7.788054E0
3.488513E1	4.829360E1	-7.740183E0
3.491845E1	4.808332E1	-7.734845E0
3.495176E1	4.797070E1	-7.733725E0
3.498508E1	4.796735E1	-7.739146E0
3.501840E1	4.796723E1	-7.738142E0
3.505172E1	4.800751E1	-7.737488E0
3.508504E1	4.811206E1	-7.776475E0
3.511836E1	4.831751E1	-7.809901E0
3.515168E1	4.853315E1	-7.803451E0
3.518500E1	4.873403E1	-7.805013E0
3.521832E1	4.887637E1	-7.853016E0
3.525164E1	4.900498E1	-7.839436E0
3.528496E1	4.903510E1	-7.845911E0
3.531827E1	4.899735E1	-7.856832E0
3.535159E1	4.897535E1	-7.863733E0
3.538491E1	4.897269E1	-7.887341E0
3.541823E1	4.899164E1	-7.921437E0
3.545155E1	4.897722E1	-7.929590E0
3.548487E1	4.897599E1	-7.939217E0
3.551819E1	4.897587E1	-7.950807E0
3.555151E1	4.897660E1	-7.970098E0
3.558483E1	4.902575E1	-7.993157E0
3.561815E1	4.920002E1	-8.016996E0
3.565147E1	4.943367E1	-8.048313E0
3.568479E1	4.973931E1	-8.060408E0
3.571810E1	4.985132E1	-8.087921E0
3.575142E1	4.987192E1	-8.121446E0
3.578474E1	4.987081E1	-8.117454E0
3.581806E1	4.986886E1	-8.113528E0
3.585138E1	4.978438E1	-8.087120E0
3.588470E1	4.961687E1	-8.048298E0
3.591802E1	4.947294E1	-8.068779E0
3.595134E1	4.937942E1	-8.058516E0
3.598466E1	4.939223E1	-8.041889E0
3.601798E1	4.941494E1	-8.062955E0
3.605130E1	4.941540E1	-8.061173E0
3.608461E1	4.951896E1	-8.071431E0
3.611793E1	4.968423E1	-8.089662E0
3.615125E1	4.990463E1	-8.096049E0
3.618457E1	5.010613E1	-8.128226E0
3.621789E1	5.023406E1	-8.145013E0
3.625121E1	5.034798E1	-8.158615E0
3.628453E1	5.037642E1	-8.169489E0
3.631785E1	5.032084E1	-8.165425E0
3.635117E1	5.030116E1	-8.163823E0
3.638449E1	5.030531E1	-8.164140E0
3.641781E1	5.030334E1	-8.162168E0
3.645113E1	5.030570E1	-8.163686E0
3.648444E1	5.030361E1	-8.189162E0
3.651776E1	5.032131E1	-8.218843E0
3.655108E1	5.031117E1	-8.215951E0
3.658440E1	5.036191E1	-8.219038E0
3.661772E1	5.051944E1	-8.224229E0
3.665104E1	5.075368E1	-8.261071E0
3.668436E1	5.105035E1	-8.321083E0
3.671768E1	5.122357E1	-8.334923E0
3.675100E1	5.125062E1	-8.315465E0
3.678432E1	5.124023E1	-8.310171E0
3.681764E1	5.124038E1	-8.304653E0
3.685095E1	5.116471E1	-8.325265E0
3.688427E1	5.100581E1	-8.321406E0
3.691759E1	5.090489E1	-8.256061E0
3.695091E1	5.088975E1	-8.286340E0
3.698423E1	5.090130E1	-8.250723E0
3.701755E1	5.092348E1	-8.235567E0
3.705087E1	5.094130E1	-8.248467E0
3.708419E1	5.105463E1	-8.288272E0
3.711751E1	5.121466E1	-8.296439E0
3.715083E1	5.143869E1	-8.294094E0
3.718415E1	5.164016E1	-8.314774E0
3.721746E1	5.176958E1	-8.369776E0
3.725078E1	5.188556E1	-8.377988E0
3.728410E1	5.193456E1	-8.380134E0
3.731742E1	5.192223E1	-8.365727E0
3.735074E1	5.191801E1	-8.354832E0
3.738406E1	5.191816E1	-8.352685E0
3.741738E1	5.192388E1	-8.365777E0
3.745070E1	5.192575E1	-8.365821E0
3.748402E1	5.193474E1	-8.360728E0
3.751734E1	5.193816E1	-8.371648E0
3.755066E1	5.194317E1	-8.382451E0
3.758398E1	5.199481E1	-8.398181E0
3.761729E1	5.215440E1	-8.443973E0
3.765061E1	5.233082E1	-8.485813E0
3.768393E1	5.249879E1	-8.468695E0
3.771725E1	5.266055E1	-8.429763E0
3.775057E1	5.270331E1	-8.411337E0
3.778389E1	5.268731E1	-8.438368E0
3.781721E1	5.266736E1	-8.420917E0
3.785053E1	5.259125E1	-8.405226E0
3.788385E1	5.244490E1	-8.409282E0
3.791717E1	5.232638E1	-8.423660E0
