	mass A		
t	x	y	
0.000000E0	3.117242E-2	-3.255829E-2
3.331913E-2	3.059976E-2	-2.710067E-2
6.663826E-2	3.909363E-2	-2.619426E-2
9.995740E-2	1.042770E-1	-3.164129E-2
1.332765E-1	2.000000E-1	-1.654549E-2
1.665957E-1	3.340167E-1	5.701329E-3
1.999148E-1	4.619056E-1	1.712971E-2
2.332339E-1	5.624970E-1	1.632979E-2
2.665531E-1	6.400725E-1	4.199142E-2
2.998722E-1	7.101907E-1	4.298029E-2
3.331913E-1	7.970881E-1	7.099658E-2
3.665105E-1	8.808976E-1	7.949499E-2
3.998296E-1	9.761111E-1	1.055415E-1
4.331487E-1	1.054921E0	1.146395E-1
4.664678E-1	1.134043E0	1.422342E-1
4.997870E-1	1.211929E0	1.553679E-1
5.331061E-1	1.253319E0	1.795141E-1
5.664252E-1	1.283790E0	1.830688E-1
5.997444E-1	1.331592E0	2.114717E-1
6.330635E-1	1.399302E0	2.154990E-1
6.663826E-1	1.458453E0	2.161631E-1
6.997018E-1	1.502373E0	2.222451E-1
7.330209E-1	1.553720E0	2.343747E-1
7.663400E-1	1.599501E0	2.461011E-1
7.996592E-1	1.644932E0	2.512269E-1
8.329783E-1	1.695605E0	2.487776E-1
8.662974E-1	1.763064E0	2.443375E-1
8.996166E-1	1.829401E0	2.478877E-1
9.329357E-1	1.891137E0	2.495076E-1
9.662548E-1	1.956986E0	2.411945E-1
9.995740E-1	2.034005E0	2.645387E-1
1.032893E0	2.105531E0	2.641314E-1
1.066212E0	2.144539E0	2.825693E-1
1.099531E0	2.163723E0	2.813855E-1
1.132850E0	2.216345E0	2.889616E-1
1.166170E0	2.340704E0	2.937704E-1
1.199489E0	2.480676E0	3.365030E-1
1.232808E0	2.583211E0	3.666415E-1
1.266127E0	2.633022E0	3.787073E-1
1.299446E0	2.656238E0	3.848781E-1
1.332765E0	2.671968E0	3.791862E-1
1.366084E0	2.668203E0	3.810074E-1
1.399404E0	2.645916E0	3.888439E-1
1.432723E0	2.638356E0	3.760851E-1
1.466042E0	2.631460E0	3.803964E-1
1.499361E0	2.627546E0	3.820970E-1
1.532680E0	2.624489E0	3.830377E-1
1.565999E0	2.622552E0	3.841222E-1
1.599318E0	2.620921E0	3.847620E-1
1.632637E0	2.619398E0	3.853647E-1
1.665957E0	2.563843E0	3.838504E-1
1.699276E0	2.370046E0	3.883325E-1
1.732595E0	2.166358E0	3.649372E-1
1.765914E0	1.984638E0	3.542970E-1
1.799233E0	1.926511E0	3.597311E-1
1.832552E0	1.985603E0	3.553851E-1
1.865871E0	2.050260E0	3.001067E-1
1.899191E0	2.055632E0	2.929209E-1
1.932510E0	2.078043E0	2.848150E-1
1.965829E0	2.094372E0	2.968032E-1
1.999148E0	2.098913E0	2.946990E-1
2.032467E0	2.097805E0	2.938682E-1
2.065786E0	2.100530E0	2.913339E-1
2.099105E0	2.157212E0	2.841031E-1
2.132424E0	2.263850E0	2.872685E-1
2.165744E0	2.374506E0	2.996560E-1
2.199063E0	2.462406E0	2.976842E-1
2.232382E0	2.565589E0	3.119229E-1
2.265701E0	2.664574E0	3.281843E-1
2.299020E0	2.749594E0	3.248098E-1
2.332339E0	2.835011E0	3.419349E-1
2.365658E0	2.932618E0	3.665106E-1
2.398978E0	2.998191E0	3.717953E-1
2.432297E0	3.061466E0	3.788423E-1
2.465616E0	3.121306E0	3.801248E-1
2.498935E0	3.160735E0	3.903636E-1
2.532254E0	3.206127E0	3.937307E-1
2.565573E0	3.270638E0	3.970946E-1
2.598892E0	3.343453E0	3.997313E-1
2.632211E0	3.439703E0	4.144984E-1
2.665531E0	3.511005E0	4.269674E-1
2.698850E0	3.570950E0	4.341628E-1
2.732169E0	3.618345E0	4.454929E-1
2.765488E0	3.685773E0	4.641573E-1
2.798807E0	3.757640E0	4.751108E-1
2.832126E0	3.802268E0	4.885400E-1
2.865445E0	3.847434E0	5.132257E-1
2.898764E0	3.920711E0	5.311940E-1
2.932084E0	3.985357E0	5.423880E-1
2.965403E0	4.055332E0	5.834358E-1
2.998722E0	4.121654E0	5.961464E-1
3.032041E0	4.166186E0	6.117074E-1
3.065360E0	4.205343E0	5.924976E-1
3.098679E0	4.189845E0	5.897770E-1
3.131998E0	4.240743E0	5.849289E-1
3.165318E0	4.372905E0	5.761999E-1
3.198637E0	4.533368E0	5.725333E-1
3.231956E0	4.566984E0	5.486285E-1
3.265275E0	4.559805E0	5.391604E-1
3.298594E0	4.573162E0	5.363723E-1
3.331913E0	4.589114E0	5.239079E-1
3.365232E0	4.585190E0	5.272656E-1
3.398551E0	4.564565E0	5.343466E-1
3.431871E0	4.556014E0	5.370220E-1
3.465190E0	4.544611E0	5.264353E-1
3.498509E0	4.536300E0	5.292417E-1
3.531828E0	4.532524E0	5.299025E-1
3.565147E0	4.529563E0	5.310303E-1
3.598466E0	4.527673E0	5.320676E-1
3.631785E0	4.524959E0	5.330516E-1
3.665105E0	4.481204E0	5.298943E-1
3.698424E0	4.355239E0	5.333635E-1
3.731743E0	4.189438E0	5.267609E-1
3.765062E0	4.035759E0	4.945072E-1
3.798381E0	4.005978E0	4.950898E-1
3.831700E0	4.065044E0	4.952608E-1
3.865019E0	4.132120E0	4.682064E-1
3.898338E0	4.143357E0	4.724068E-1
3.931658E0	4.157146E0	4.904399E-1
3.964977E0	4.164852E0	4.883098E-1
3.998296E0	4.168046E0	4.874385E-1
4.031615E0	4.170490E0	4.865341E-1
4.064934E0	4.171808E0	4.860900E-1
4.098253E0	4.227527E0	4.808969E-1
4.131572E0	4.338448E0	4.857063E-1
4.164892E0	4.451789E0	4.904479E-1
4.198211E0	4.571122E0	4.987308E-1
4.231530E0	4.685243E0	5.036138E-1
4.264849E0	4.750640E0	4.934792E-1
4.298168E0	4.812477E0	4.872966E-1
4.331487E0	4.891352E0	5.184511E-1
4.364806E0	4.971357E0	5.208698E-1
4.398125E0	5.030236E0	5.231892E-1
4.431445E0	5.077363E0	5.297089E-1
4.464764E0	5.099712E0	5.303253E-1
4.498083E0	5.109414E0	5.529188E-1
4.531402E0	5.115697E0	5.475199E-1
4.564721E0	5.116140E0	5.444011E-1
4.598040E0	5.111777E0	5.452956E-1
4.631359E0	5.115833E0	5.425463E-1
4.664678E0	5.107640E0	5.464068E-1
4.697998E0	5.112238E0	5.448451E-1
4.731317E0	5.115731E0	5.440094E-1
4.764636E0	5.115876E0	5.477005E-1
4.797955E0	5.122566E0	5.454059E-1
4.831274E0	5.130732E0	5.490751E-1
4.864593E0	5.131006E0	5.465205E-1
4.897912E0	5.137242E0	5.425933E-1
4.931232E0	5.150653E0	5.375294E-1
4.964551E0	5.172887E0	5.542707E-1
4.997870E0	5.204146E0	5.403320E-1
5.031189E0	5.231531E0	5.529418E-1
5.064508E0	5.262464E0	5.399097E-1
5.097827E0	5.286804E0	5.515969E-1
5.131146E0	5.332919E0	5.472401E-1
5.164465E0	5.421279E0	5.300681E-1
5.197785E0	5.538691E0	5.201561E-1
5.231104E0	5.695555E0	5.142238E-1
5.264423E0	5.863059E0	5.020340E-1
5.297742E0	5.929094E0	4.998552E-1
5.331061E0	5.925202E0	5.177724E-1
5.364380E0	5.945601E0	5.173420E-1
5.397699E0	5.985357E0	5.195666E-1
5.431019E0	6.000216E0	5.241497E-1
5.464338E0	5.976363E0	5.271891E-1
5.497657E0	5.976851E0	5.248516E-1
5.530976E0	5.976353E0	5.247498E-1
5.564295E0	5.973449E0	5.256580E-1
5.597614E0	5.973961E0	5.253308E-1
5.630933E0	5.973580E0	5.255050E-1
5.664252E0	5.940178E0	5.211967E-1
5.697572E0	5.803760E0	5.260746E-1
5.730891E0	5.612157E0	5.320153E-1
5.764210E0	5.475043E0	5.135987E-1
5.797529E0	5.458610E0	5.271103E-1
5.830848E0	5.525305E0	5.305624E-1
5.864167E0	5.569081E0	5.214031E-1
5.897486E0	5.585720E0	5.166564E-1
5.930805E0	5.588340E0	5.204516E-1
5.964125E0	5.586853E0	5.213725E-1
5.997444E0	5.580639E0	5.246948E-1
6.030763E0	5.572259E0	5.279370E-1
6.064082E0	5.572881E0	5.304007E-1
6.097401E0	5.599474E0	5.172737E-1
6.130720E0	5.666101E0	5.374818E-1
6.164039E0	5.764329E0	5.359704E-1
6.197359E0	5.860699E0	5.601504E-1
6.230678E0	5.962054E0	5.727354E-1
6.263997E0	6.062390E0	5.837108E-1
6.297316E0	6.146524E0	5.750036E-1
6.330635E0	6.233692E0	5.862178E-1
6.363954E0	6.324899E0	5.818410E-1
6.397273E0	6.404378E0	5.968044E-1
6.430592E0	6.461471E0	5.933571E-1
6.463912E0	6.509888E0	5.936479E-1
6.497231E0	6.528755E0	5.815816E-1
6.530550E0	6.517518E0	5.906137E-1
6.563869E0	6.471704E0	5.946475E-1
6.597188E0	6.486803E0	5.745065E-1
6.630507E0	6.484610E0	5.772103E-1
6.663826E0	6.469017E0	5.884771E-1
6.697146E0	6.472845E0	5.848230E-1
6.730465E0	6.483641E0	5.825531E-1
6.763784E0	6.499462E0	5.783430E-1
6.797103E0	6.524223E0	5.970891E-1
6.830422E0	6.531534E0	5.893576E-1
6.863741E0	6.510994E0	5.838640E-1
6.897060E0	6.526380E0	5.756034E-1
6.930379E0	6.539041E0	5.751106E-1
6.963699E0	6.539847E0	5.763715E-1
6.997018E0	6.539632E0	5.756275E-1
7.030337E0	6.541979E0	5.730477E-1
7.063656E0	6.541786E0	5.734785E-1
7.096975E0	6.556788E0	5.723714E-1
7.130294E0	6.604542E0	5.702715E-1
7.163613E0	6.724429E0	5.633278E-1
7.196933E0	6.866948E0	5.697471E-1
7.230252E0	6.989600E0	5.512206E-1
7.263571E0	7.098415E0	5.240229E-1
7.296890E0	7.194772E0	5.497530E-1
7.330209E0	7.228068E0	5.490130E-1
7.363528E0	7.264860E0	5.640272E-1
7.396847E0	7.325428E0	5.601163E-1
7.430166E0	7.334572E0	5.574506E-1
7.463486E0	7.311216E0	5.602948E-1
7.496805E0	7.320887E0	5.598927E-1
7.530124E0	7.319425E0	5.615976E-1
7.563443E0	7.315452E0	5.640137E-1
7.596762E0	7.316082E0	5.643843E-1
7.630081E0	7.315931E0	5.649240E-1
7.663400E0	7.273047E0	5.615025E-1
7.696719E0	7.141976E0	5.679602E-1
7.730039E0	6.971175E0	5.630373E-1
7.763358E0	6.831295E0	5.113296E-1
7.796677E0	6.803875E0	5.182628E-1
7.829996E0	6.859719E0	5.190299E-1
7.863315E0	6.925135E0	4.856636E-1
7.896634E0	6.939088E0	4.958263E-1
7.929953E0	6.950324E0	4.984184E-1
7.963273E0	6.939471E0	5.029179E-1
7.996592E0	6.929534E0	5.078913E-1
8.029911E0	6.923213E0	5.098352E-1
8.063230E0	6.923081E0	5.099920E-1
8.096549E0	6.949001E0	4.943237E-1
8.129868E0	7.024358E0	5.125920E-1
8.163187E0	7.127413E0	5.283650E-1
8.196506E0	7.250639E0	5.378854E-1
8.229826E0	7.350606E0	5.603986E-1
8.263145E0	7.414423E0	5.588072E-1
8.296464E0	7.473845E0	5.620196E-1
8.329783E0	7.543164E0	5.611481E-1
8.363102E0	7.613188E0	5.561247E-1
8.396421E0	7.653856E0	5.623051E-1
8.429740E0	7.666700E0	5.610364E-1
8.463060E0	7.645319E0	5.758580E-1
8.496379E0	7.647468E0	5.676021E-1
8.529698E0	7.646045E0	5.673961E-1
8.563017E0	7.644307E0	5.701016E-1
8.596336E0	7.644598E0	5.917677E-1
8.629655E0	7.610006E0	5.813252E-1
8.662974E0	7.613286E0	5.639486E-1
8.696293E0	7.648089E0	5.713487E-1
8.729613E0	7.716405E0	5.858569E-1
8.762932E0	7.782162E0	6.052033E-1
8.796251E0	7.865005E0	6.308347E-1
8.829570E0	7.933020E0	6.373386E-1
8.862889E0	7.997000E0	6.547065E-1
8.896208E0	8.049491E0	6.663938E-1
8.929527E0	8.084645E0	6.721214E-1
8.962847E0	8.065772E0	6.232958E-1
8.996166E0	8.060145E0	6.197383E-1
9.029485E0	8.061626E0	6.146436E-1
9.062804E0	8.057953E0	6.142756E-1
9.096123E0	8.055390E0	6.143517E-1
9.129442E0	8.099399E0	6.149499E-1
9.162761E0	8.239323E0	5.987002E-1
9.196080E0	8.413915E0	6.168408E-1
9.229400E0	8.572533E0	5.847394E-1
9.262719E0	8.602406E0	5.737513E-1
9.296038E0	8.654922E0	5.626666E-1
9.329357E0	8.728294E0	5.552006E-1
9.362676E0	8.773298E0	5.567156E-1
9.395995E0	8.780994E0	5.497763E-1
9.429314E0	8.769587E0	5.513947E-1
9.462633E0	8.756274E0	5.557771E-1
9.495953E0	8.762969E0	5.532354E-1
9.529272E0	8.772159E0	5.496949E-1
9.562591E0	8.770538E0	5.504523E-1
9.595910E0	8.771894E0	5.495999E-1
9.629229E0	8.772562E0	5.490455E-1
9.662548E0	8.735242E0	5.425043E-1
9.695867E0	8.607502E0	5.537056E-1
9.729187E0	8.482638E0	5.539089E-1
9.762506E0	8.387891E0	5.122153E-1
9.795825E0	8.424874E0	5.072956E-1
9.829144E0	8.554465E0	5.065444E-1
9.862463E0	8.607728E0	5.156269E-1
9.895782E0	8.607338E0	5.103651E-1
9.929101E0	8.619530E0	4.998309E-1
9.962420E0	8.618166E0	4.984755E-1
9.995740E0	8.602720E0	5.067653E-1
1.002906E1	8.605456E0	5.019974E-1
1.006238E1	8.612121E0	4.969360E-1
1.009570E1	8.647712E0	4.974740E-1
1.012902E1	8.706094E0	4.998352E-1
1.016234E1	8.776604E0	5.033961E-1
1.019565E1	8.885979E0	5.090475E-1
1.022897E1	9.006031E0	4.959302E-1
1.026229E1	9.093508E0	5.020506E-1
1.029561E1	9.156846E0	5.020715E-1
1.032893E1	9.237817E0	4.862993E-1
1.036225E1	9.307964E0	5.009203E-1
1.039557E1	9.389914E0	4.935705E-1
1.042889E1	9.464288E0	4.871662E-1
1.046221E1	9.515284E0	4.846673E-1
1.049553E1	9.544354E0	5.007131E-1
1.052885E1	9.549888E0	4.953040E-1
1.056216E1	9.551819E0	4.910927E-1
1.059548E1	9.554962E0	4.875522E-1
1.062880E1	9.548572E0	4.941403E-1
1.066212E1	9.507016E0	4.857115E-1
1.069544E1	9.492619E0	4.887018E-1
1.072876E1	9.503965E0	4.817323E-1
1.076208E1	9.503384E0	4.801754E-1
1.079540E1	9.502246E0	4.812123E-1
1.082872E1	9.501996E0	4.822836E-1
1.086204E1	9.502613E0	4.769190E-1
1.089536E1	9.508192E0	4.735017E-1
1.092868E1	9.507557E0	4.756354E-1
1.096199E1	9.505777E0	4.777907E-1
1.099531E1	9.511876E0	4.764863E-1
1.102863E1	9.523487E0	4.737561E-1
1.106195E1	9.519209E0	4.760550E-1
1.109527E1	9.515644E0	4.778613E-1
1.112859E1	9.558850E0	4.816131E-1
1.116191E1	9.682439E0	4.744676E-1
1.119523E1	9.819481E0	4.824675E-1
1.122855E1	9.943242E0	4.459615E-1
1.126187E1	1.009364E1	4.238583E-1
1.129519E1	1.017303E1	3.885650E-1
1.132850E1	1.021557E1	4.084503E-1
1.136182E1	1.024100E1	4.091599E-1
1.139514E1	1.027460E1	4.214513E-1
1.142846E1	1.029074E1	4.171947E-1
1.146178E1	1.027976E1	4.226412E-1
1.149510E1	1.027442E1	4.224711E-1
1.152842E1	1.028110E1	4.204664E-1
1.156174E1	1.028204E1	4.207758E-1
1.159506E1	1.028328E1	4.197728E-1
1.162838E1	1.028339E1	4.203401E-1
1.166170E1	1.023575E1	4.167990E-1
1.169502E1	1.009016E1	4.396593E-1
1.172833E1	9.923761E0	4.439918E-1
1.176165E1	9.820241E0	4.306649E-1
1.179497E1	9.828167E0	4.298483E-1
1.182829E1	9.920451E0	4.228090E-1
1.186161E1	1.000281E1	4.272327E-1
1.189493E1	9.990571E0	4.337964E-1
1.192825E1	9.994949E0	4.316485E-1
1.196157E1	9.998009E0	4.301942E-1
1.199489E1	9.999222E0	4.288634E-1
1.202821E1	9.997998E0	4.280919E-1
1.206153E1	9.998132E0	4.273912E-1
1.209484E1	1.004029E1	4.234036E-1
1.212816E1	1.015143E1	4.266539E-1
1.216148E1	1.027504E1	4.295963E-1
1.219480E1	1.038712E1	4.300107E-1
1.222812E1	1.049070E1	4.307628E-1
1.226144E1	1.056645E1	4.202592E-1
1.229476E1	1.063054E1	4.155746E-1
1.232808E1	1.071073E1	4.271513E-1
1.236140E1	1.079590E1	4.178171E-1
1.239472E1	1.087488E1	4.319038E-1
1.242804E1	1.094419E1	4.268614E-1
1.246136E1	1.100120E1	4.252739E-1
1.249467E1	1.102247E1	4.146547E-1
1.252799E1	1.100305E1	4.129533E-1
1.256131E1	1.096773E1	4.085265E-1
1.259463E1	1.097328E1	4.070259E-1
1.262795E1	1.096169E1	4.121853E-1
1.266127E1	1.093295E1	4.204724E-1
1.269459E1	1.095072E1	4.106863E-1
1.272791E1	1.095405E1	4.104480E-1
1.276123E1	1.093305E1	4.268805E-1
1.279455E1	1.091045E1	4.102419E-1
1.282787E1	1.090638E1	4.085488E-1
1.286118E1	1.090677E1	4.058705E-1
1.289450E1	1.091963E1	4.011863E-1
1.292782E1	1.091764E1	4.025897E-1
1.296114E1	1.091191E1	4.047469E-1
1.299446E1	1.090438E1	4.081381E-1
1.302778E1	1.090220E1	4.087539E-1
1.306110E1	1.090066E1	4.100412E-1
1.309442E1	1.090948E1	4.062419E-1
1.312774E1	1.096725E1	4.058473E-1
1.316106E1	1.108313E1	3.993829E-1
1.319438E1	1.121918E1	4.052072E-1
1.322770E1	1.134250E1	3.658091E-1
1.326101E1	1.144486E1	3.561346E-1
1.329433E1	1.150989E1	3.509969E-1
1.332765E1	1.157488E1	3.583721E-1
1.336097E1	1.162364E1	3.630106E-1
1.339429E1	1.163837E1	3.500840E-1
1.342761E1	1.161115E1	3.593249E-1
1.346093E1	1.159095E1	3.430502E-1
1.349425E1	1.158910E1	3.433360E-1
1.352757E1	1.159150E1	3.428173E-1
1.356089E1	1.158516E1	3.448547E-1
1.359421E1	1.158280E1	3.459358E-1
1.362752E1	1.158062E1	3.465855E-1
1.366084E1	1.155763E1	3.537601E-1
1.369416E1	1.142882E1	3.473569E-1
1.372748E1	1.123138E1	3.859696E-1
1.376080E1	1.106819E1	3.840711E-1
1.379412E1	1.099587E1	4.061709E-1
1.382744E1	1.106177E1	4.128608E-1
1.386076E1	1.115793E1	4.121480E-1
1.389408E1	1.115773E1	4.118490E-1
1.392740E1	1.116352E1	4.114403E-1
1.396072E1	1.116819E1	4.113601E-1
1.399404E1	1.117059E1	4.110387E-1
1.402735E1	1.117288E1	4.110080E-1
1.406067E1	1.117826E1	4.093835E-1
1.409399E1	1.121742E1	4.126519E-1
1.412731E1	1.131036E1	3.981947E-1
1.416063E1	1.143921E1	4.169451E-1
1.419395E1	1.156528E1	4.117480E-1
1.422727E1	1.167228E1	4.109452E-1
1.426059E1	1.175134E1	3.967917E-1
1.429391E1	1.180611E1	3.959825E-1
1.432723E1	1.188154E1	4.119444E-1
1.436055E1	1.196825E1	4.018226E-1
1.439387E1	1.202998E1	4.007364E-1
1.442718E1	1.208374E1	4.020841E-1
1.446050E1	1.212931E1	4.118546E-1
1.449382E1	1.215367E1	4.044599E-1
1.452714E1	1.215815E1	3.982807E-1
1.456046E1	1.214577E1	4.018113E-1
1.459378E1	1.213010E1	4.072354E-1
1.462710E1	1.212337E1	4.017906E-1
1.466042E1	1.212593E1	4.011623E-1
1.469374E1	1.212781E1	4.015712E-1
1.472706E1	1.212543E1	4.253840E-1
1.476038E1	1.209075E1	4.298875E-1
1.479369E1	1.208688E1	4.279189E-1
1.482701E1	1.208656E1	4.271334E-1
1.486033E1	1.208576E1	4.299110E-1
1.489365E1	1.208603E1	4.307597E-1
1.492697E1	1.208179E1	4.391675E-1
1.496029E1	1.208003E1	4.437060E-1
1.499361E1	1.208129E1	4.434143E-1
1.502693E1	1.208856E1	4.407886E-1
1.506025E1	1.208323E1	4.453649E-1
1.509357E1	1.208209E1	4.466874E-1
1.512689E1	1.211882E1	4.569054E-1
1.516021E1	1.223394E1	4.544709E-1
1.519352E1	1.236313E1	4.366507E-1
1.522684E1	1.246363E1	4.092211E-1
1.526016E1	1.259779E1	3.720714E-1
1.529348E1	1.269448E1	3.775714E-1
1.532680E1	1.274002E1	3.858438E-1
1.536012E1	1.279425E1	3.939339E-1
1.539344E1	1.285670E1	3.986194E-1
1.542676E1	1.288420E1	3.885202E-1
1.546008E1	1.286479E1	3.895663E-1
1.549340E1	1.284151E1	3.993296E-1
1.552672E1	1.285728E1	3.924968E-1
1.556003E1	1.285397E1	3.941849E-1
1.559335E1	1.285494E1	3.934002E-1
1.562667E1	1.285635E1	3.925721E-1
1.565999E1	1.281315E1	3.887985E-1
1.569331E1	1.267471E1	3.993938E-1
1.572663E1	1.250023E1	4.031636E-1
1.575995E1	1.236701E1	3.843707E-1
1.579327E1	1.232336E1	3.858367E-1
1.582659E1	1.239493E1	4.617767E-1
1.585991E1	1.251770E1	4.523648E-1
1.589323E1	1.251762E1	4.517559E-1
1.592655E1	1.251911E1	4.450900E-1
1.595986E1	1.252114E1	4.447064E-1
1.599318E1	1.251590E1	4.478083E-1
1.602650E1	1.251715E1	4.472784E-1
1.605982E1	1.251947E1	4.446772E-1
1.609314E1	1.253507E1	4.176116E-1
1.612646E1	1.262133E1	4.178067E-1
1.615978E1	1.274951E1	4.065934E-1
1.619310E1	1.286507E1	3.993231E-1
1.622642E1	1.295998E1	4.035259E-1
1.625974E1	1.302861E1	3.928189E-1
1.629306E1	1.308983E1	3.847317E-1
1.632637E1	1.315615E1	3.819510E-1
1.635969E1	1.319850E1	3.903607E-1
1.639301E1	1.324420E1	3.988272E-1
1.642633E1	1.329085E1	4.058710E-1
1.645965E1	1.334923E1	4.053211E-1
1.649297E1	1.341080E1	4.209642E-1
1.652629E1	1.342882E1	4.112167E-1
1.655961E1	1.341907E1	4.220866E-1
1.659293E1	1.340771E1	4.283604E-1
1.662625E1	1.341311E1	4.024441E-1
1.665957E1	1.341390E1	3.962853E-1
1.669289E1	1.340116E1	4.094497E-1
1.672620E1	1.337882E1	3.945937E-1
1.675952E1	1.336830E1	3.888211E-1
1.679284E1	1.337219E1	3.816239E-1
1.682616E1	1.336970E1	3.813221E-1
1.685948E1	1.336717E1	3.805832E-1
1.689280E1	1.337253E1	3.703651E-1
1.692612E1	1.338206E1	3.671680E-1
1.695944E1	1.337226E1	3.768851E-1
1.699276E1	1.337010E1	3.798975E-1
1.702608E1	1.337012E1	3.787409E-1
1.705940E1	1.336965E1	3.799717E-1
1.709271E1	1.338312E1	3.799903E-1
1.712603E1	1.342117E1	3.867879E-1
1.715935E1	1.349340E1	3.771322E-1
1.719267E1	1.359328E1	3.715746E-1
1.722599E1	1.372249E1	3.534012E-1
1.725931E1	1.384505E1	3.492329E-1
1.729263E1	1.396451E1	3.323153E-1
1.732595E1	1.402056E1	3.388445E-1
1.735927E1	1.408951E1	3.486693E-1
1.739259E1	1.415788E1	3.468528E-1
1.742591E1	1.416108E1	3.386328E-1
1.745923E1	1.414974E1	3.531966E-1
1.749254E1	1.414225E1	3.640121E-1
1.752586E1	1.414522E1	3.655458E-1
1.755918E1	1.414489E1	3.733661E-1
1.759250E1	1.414565E1	3.726445E-1
1.762582E1	1.414493E1	3.722159E-1
1.765914E1	1.410514E1	3.693298E-1
1.769246E1	1.396360E1	3.897104E-1
1.772578E1	1.374613E1	4.036294E-1
1.775910E1	1.355242E1	3.915175E-1
1.779242E1	1.348392E1	4.014814E-1
1.782574E1	1.356751E1	4.417833E-1
1.785905E1	1.364016E1	4.172798E-1
1.789237E1	1.365499E1	3.895922E-1
1.792569E1	1.365374E1	3.894049E-1
1.795901E1	1.366779E1	3.792935E-1
1.799233E1	1.366120E1	3.822923E-1
1.802565E1	1.364790E1	3.880001E-1
1.805897E1	1.364337E1	3.879218E-1
1.809229E1	1.365588E1	3.804853E-1
1.812561E1	1.374422E1	3.837568E-1
1.815893E1	1.380571E1	3.758388E-1
1.819225E1	1.388540E1	3.693168E-1
1.822557E1	1.399503E1	3.701856E-1
1.825888E1	1.408922E1	3.774136E-1
1.829220E1	1.416848E1	3.659598E-1
1.832552E1	1.424584E1	3.835343E-1
1.835884E1	1.433256E1	3.703692E-1
1.839216E1	1.439754E1	3.667525E-1
1.842548E1	1.446554E1	3.858331E-1
1.845880E1	1.453822E1	3.781491E-1
1.849212E1	1.457611E1	3.826379E-1
1.852544E1	1.458164E1	3.787120E-1
1.855876E1	1.457335E1	3.741914E-1
1.859208E1	1.457785E1	3.739866E-1
1.862539E1	1.458287E1	3.703340E-1
1.865871E1	1.458391E1	3.696422E-1
1.869203E1	1.459089E1	3.633428E-1
1.872535E1	1.460087E1	3.368129E-1
1.875867E1	1.460925E1	3.147900E-1
1.879199E1	1.460586E1	3.144691E-1
1.882531E1	1.460285E1	3.133805E-1
1.885863E1	1.458850E1	3.189573E-1
1.889195E1	1.459058E1	3.163137E-1
1.892527E1	1.460315E1	3.033046E-1
1.895859E1	1.461617E1	2.954807E-1
1.899191E1	1.459084E1	3.175311E-1
1.902522E1	1.458321E1	3.220525E-1
1.905854E1	1.458605E1	3.183235E-1
1.909186E1	1.459298E1	3.128142E-1
1.912518E1	1.463153E1	3.225140E-1
1.915850E1	1.471865E1	3.037459E-1
1.919182E1	1.485448E1	3.160642E-1
1.922514E1	1.498012E1	3.079342E-1
1.925846E1	1.506790E1	2.947788E-1
1.929178E1	1.514582E1	3.201542E-1
1.932510E1	1.524586E1	3.281970E-1
1.935842E1	1.532353E1	2.966842E-1
1.939173E1	1.536321E1	2.772170E-1
1.942505E1	1.537825E1	2.671045E-1
1.945837E1	1.537951E1	2.634389E-1
1.949169E1	1.537739E1	2.549196E-1
1.952501E1	1.537925E1	2.543722E-1
1.955833E1	1.537857E1	2.555475E-1
1.959165E1	1.537846E1	2.543768E-1
1.962497E1	1.537843E1	2.539143E-1
1.965829E1	1.534351E1	2.476192E-1
1.969161E1	1.519862E1	3.121963E-1
1.972493E1	1.503656E1	3.332816E-1
1.975825E1	1.493215E1	3.508085E-1
1.979156E1	1.492466E1	3.655224E-1
1.982488E1	1.499671E1	3.993879E-1
1.985820E1	1.505720E1	3.478516E-1
1.989152E1	1.508506E1	3.564239E-1
1.992484E1	1.510023E1	3.573304E-1
1.995816E1	1.510468E1	3.578706E-1
1.999148E1	1.510086E1	3.629494E-1
2.002480E1	1.509586E1	3.677370E-1
2.005812E1	1.509354E1	3.692412E-1
2.009144E1	1.510236E1	3.656138E-1
2.012476E1	1.518332E1	3.486501E-1
2.015807E1	1.525660E1	3.637779E-1
2.019139E1	1.533849E1	3.615760E-1
2.022471E1	1.543044E1	3.724160E-1
2.025803E1	1.551236E1	3.536770E-1
2.029135E1	1.558960E1	3.684688E-1
2.032467E1	1.566518E1	3.639470E-1
2.035799E1	1.572634E1	3.597185E-1
2.039131E1	1.576860E1	3.656687E-1
2.042463E1	1.579421E1	3.536742E-1
2.045795E1	1.581689E1	3.688206E-1
2.049127E1	1.584886E1	3.544362E-1
2.052459E1	1.585876E1	3.792096E-1
2.055790E1	1.584631E1	3.599574E-1
2.059122E1	1.583479E1	3.606669E-1
2.062454E1	1.582640E1	3.539734E-1
2.065786E1	1.582491E1	3.555572E-1
2.069118E1	1.582211E1	3.582342E-1
2.072450E1	1.580688E1	3.657676E-1
2.075782E1	1.581092E1	3.634255E-1
2.079114E1	1.581624E1	3.605930E-1
2.082446E1	1.581928E1	3.584930E-1
2.085778E1	1.581404E1	3.593953E-1
2.089110E1	1.581811E1	3.571528E-1
2.092441E1	1.582129E1	3.531166E-1
2.095773E1	1.581398E1	3.580386E-1
2.099105E1	1.581735E1	3.569641E-1
2.102437E1	1.582112E1	3.552311E-1
2.105769E1	1.582106E1	3.562941E-1
2.109101E1	1.583292E1	3.503061E-1
2.112433E1	1.588088E1	3.562906E-1
2.115765E1	1.598070E1	3.612760E-1
2.119097E1	1.610515E1	3.475535E-1
2.122429E1	1.621713E1	3.341509E-1
2.125761E1	1.632269E1	3.177857E-1
2.129093E1	1.644657E1	3.047461E-1
2.132424E1	1.651515E1	3.042924E-1
2.135756E1	1.654631E1	3.160365E-1
2.139088E1	1.658983E1	3.095185E-1
2.142420E1	1.660780E1	3.012123E-1
2.145752E1	1.660581E1	3.033373E-1
2.149084E1	1.660024E1	3.035690E-1
2.152416E1	1.660304E1	3.017030E-1
2.155748E1	1.660416E1	3.005506E-1
2.159080E1	1.660512E1	2.993508E-1
2.162412E1	1.660653E1	2.983773E-1
2.165744E1	1.658578E1	3.071413E-1
2.169075E1	1.650729E1	3.022864E-1
2.172407E1	1.642037E1	3.512095E-1
2.175739E1	1.636661E1	3.544017E-1
2.179071E1	1.637031E1	3.626339E-1
2.182403E1	1.644205E1	3.970774E-1
2.185735E1	1.645840E1	3.266197E-1
2.189067E1	1.644270E1	3.354985E-1
2.192399E1	1.645333E1	3.415346E-1
2.195731E1	1.645100E1	3.436423E-1
2.199063E1	1.643965E1	3.538491E-1
2.202395E1	1.643719E1	3.553863E-1
2.205727E1	1.643695E1	3.553229E-1
2.209058E1	1.644936E1	3.473448E-1
2.212390E1	1.652133E1	3.356855E-1
2.215722E1	1.662638E1	3.321725E-1
2.219054E1	1.672024E1	3.403623E-1
2.222386E1	1.679145E1	3.404889E-1
2.225718E1	1.685795E1	3.393187E-1
2.229050E1	1.691100E1	3.440603E-1
2.232382E1	1.696936E1	3.487217E-1
2.235714E1	1.705738E1	3.733749E-1
2.239046E1	1.712636E1	3.619860E-1
2.242378E1	1.721356E1	3.970235E-1
2.245709E1	1.728830E1	3.924213E-1
2.249041E1	1.734143E1	3.946124E-1
2.252373E1	1.735483E1	3.866742E-1
2.255705E1	1.733805E1	3.970202E-1
2.259037E1	1.730256E1	3.787635E-1
2.262369E1	1.731103E1	3.813587E-1
2.265701E1	1.730583E1	3.889671E-1
2.269033E1	1.727095E1	4.079603E-1
2.272365E1	1.727217E1	4.043243E-1
2.275697E1	1.727615E1	3.995454E-1
2.279029E1	1.727289E1	3.980345E-1
2.282361E1	1.727687E1	3.968390E-1
2.285692E1	1.728765E1	3.914549E-1
2.289024E1	1.730384E1	3.854982E-1
2.292356E1	1.730008E1	3.889353E-1
2.295688E1	1.728299E1	3.956532E-1
2.299020E1	1.728319E1	3.791314E-1
2.302352E1	1.729456E1	3.718213E-1
2.305684E1	1.729914E1	3.784605E-1
2.309016E1	1.729787E1	3.834261E-1
2.312348E1	1.733352E1	3.960837E-1
2.315680E1	1.741447E1	3.764886E-1
2.319012E1	1.755190E1	3.902022E-1
2.322344E1	1.766726E1	3.806940E-1
2.325675E1	1.773595E1	3.454890E-1
2.329007E1	1.785980E1	3.277811E-1
2.332339E1	1.797185E1	3.317491E-1
2.335671E1	1.800922E1	3.495040E-1
2.339003E1	1.800896E1	3.367000E-1
2.342335E1	1.802598E1	3.262131E-1
2.345667E1	1.802569E1	3.293124E-1
2.348999E1	1.802138E1	3.304089E-1
2.352331E1	1.802026E1	3.300295E-1
2.355663E1	1.801888E1	3.302949E-1
2.358995E1	1.801760E1	3.305929E-1
2.362326E1	1.801668E1	3.308472E-1
2.365658E1	1.799560E1	3.404465E-1
2.368990E1	1.789364E1	3.426737E-1
2.372322E1	1.772325E1	3.847693E-1
2.375654E1	1.756209E1	3.955697E-1
2.378986E1	1.746888E1	3.943573E-1
2.382318E1	1.751704E1	4.509692E-1
2.385650E1	1.752876E1	3.961099E-1
2.388982E1	1.755159E1	3.989314E-1
2.392314E1	1.756249E1	4.002244E-1
2.395646E1	1.756491E1	3.961106E-1
2.398978E1	1.755652E1	3.995796E-1
2.402309E1	1.755865E1	3.980995E-1
2.405641E1	1.755987E1	3.978350E-1
2.408973E1	1.758114E1	3.882888E-1
2.412305E1	1.766069E1	3.997071E-1
2.415637E1	1.776683E1	3.927888E-1
2.418969E1	1.785573E1	3.825369E-1
2.422301E1	1.793612E1	4.019601E-1
2.425633E1	1.803056E1	3.748043E-1
2.428965E1	1.812877E1	3.882863E-1
2.432297E1	1.822998E1	4.027676E-1
2.435629E1	1.832270E1	4.102599E-1
2.438960E1	1.841487E1	3.849622E-1
2.442292E1	1.848645E1	3.755396E-1
2.445624E1	1.855847E1	3.963396E-1
2.448956E1	1.862242E1	3.902041E-1
2.452288E1	1.863826E1	3.820411E-1
2.455620E1	1.863012E1	3.862620E-1
2.458952E1	1.863192E1	3.815985E-1
2.462284E1	1.862454E1	3.848744E-1
2.465616E1	1.861894E1	3.874205E-1
2.468948E1	1.863137E1	3.736032E-1
2.472280E1	1.862932E1	3.776758E-1
2.475612E1	1.863141E1	3.796872E-1
2.478943E1	1.863805E1	3.808320E-1
2.482275E1	1.861106E1	3.976646E-1
2.485607E1	1.861623E1	3.849989E-1
2.488939E1	1.862759E1	3.733857E-1
2.492271E1	1.864001E1	3.710244E-1
2.495603E1	1.863677E1	3.783548E-1
2.498935E1	1.863525E1	3.787345E-1
2.502267E1	1.864022E1	3.700869E-1
2.505599E1	1.862908E1	3.802610E-1
2.508931E1	1.863890E1	3.777148E-1
2.512263E1	1.867768E1	3.859476E-1
2.515594E1	1.875850E1	3.711588E-1
2.518926E1	1.888283E1	3.894154E-1
2.522258E1	1.899752E1	3.857919E-1
2.525590E1	1.910121E1	3.549805E-1
2.528922E1	1.918882E1	3.734613E-1
2.532254E1	1.926504E1	3.669273E-1
2.535586E1	1.931510E1	3.693033E-1
2.538918E1	1.935811E1	3.770310E-1
2.542250E1	1.937529E1	3.588291E-1
2.545582E1	1.931468E1	3.669832E-1
2.548914E1	1.932842E1	3.689695E-1
2.552246E1	1.932108E1	3.703090E-1
2.555577E1	1.930678E1	3.746198E-1
2.558909E1	1.931290E1	3.719944E-1
2.562241E1	1.930910E1	3.725574E-1
2.565573E1	1.928590E1	3.832396E-1
2.568905E1	1.918538E1	3.829258E-1
2.572237E1	1.897006E1	3.962623E-1
2.575569E1	1.878506E1	4.292544E-1
2.578901E1	1.868226E1	4.508901E-1
2.582233E1	1.875665E1	4.924164E-1
2.585565E1	1.878763E1	4.951795E-1
2.588897E1	1.878789E1	4.470677E-1
2.592228E1	1.880308E1	4.424761E-1
2.595560E1	1.880957E1	4.357678E-1
2.598892E1	1.880256E1	4.395289E-1
2.602224E1	1.879821E1	4.407280E-1
2.605556E1	1.879731E1	4.404700E-1
2.608888E1	1.880993E1	4.319306E-1
2.612220E1	1.889707E1	4.351277E-1
2.615552E1	1.900390E1	4.267309E-1
2.618884E1	1.911923E1	4.336352E-1
2.622216E1	1.923031E1	4.392011E-1
2.625548E1	1.930803E1	4.254186E-1
2.628880E1	1.937698E1	4.243116E-1
2.632211E1	1.946238E1	4.489366E-1
2.635543E1	1.955679E1	4.528491E-1
2.638875E1	1.962021E1	4.352042E-1
2.642207E1	1.967106E1	4.350721E-1
2.645539E1	1.971166E1	4.199420E-1
2.648871E1	1.973521E1	4.355923E-1
2.652203E1	1.974132E1	4.322031E-1
2.655535E1	1.972283E1	4.465381E-1
2.658867E1	1.972870E1	4.354023E-1
2.662199E1	1.973307E1	4.308527E-1
2.665531E1	1.973387E1	4.292150E-1
2.668862E1	1.972590E1	4.345221E-1
2.672194E1	1.971218E1	4.203802E-1
2.675526E1	1.970689E1	4.209696E-1
2.678858E1	1.970802E1	4.137798E-1
2.682190E1	1.970762E1	4.141709E-1
2.685522E1	1.971010E1	4.149586E-1
2.688854E1	1.970768E1	4.142767E-1
2.692186E1	1.969687E1	4.162387E-1
2.695518E1	1.969757E1	4.173137E-1
2.698850E1	1.970120E1	4.151214E-1
2.702182E1	1.971531E1	4.047464E-1
2.705514E1	1.973054E1	4.287377E-1
2.708845E1	1.974174E1	4.242476E-1
2.712177E1	1.976825E1	4.113744E-1
2.715509E1	1.984680E1	4.282369E-1
2.718841E1	1.996465E1	4.195550E-1
2.722173E1	2.007409E1	4.105118E-1
2.725505E1	2.016477E1	3.602305E-1
2.728837E1	2.029635E1	3.688539E-1
2.732169E1	2.039034E1	3.481165E-1
2.735501E1	2.041825E1	3.675845E-1
2.738833E1	2.043836E1	3.559427E-1
2.742165E1	2.047227E1	3.644938E-1
2.745496E1	2.047731E1	3.617146E-1
2.748828E1	2.047661E1	3.614559E-1
2.752160E1	2.047707E1	3.609215E-1
2.755492E1	2.047691E1	3.612368E-1
2.758824E1	2.047667E1	3.615854E-1
2.762156E1	2.047674E1	3.620414E-1
2.765488E1	2.045870E1	3.720841E-1
2.768820E1	2.035450E1	3.758190E-1
2.772152E1	2.018215E1	4.185394E-1
2.775484E1	2.002429E1	4.294564E-1
2.778816E1	1.996622E1	4.619799E-1
2.782148E1	2.003759E1	5.092120E-1
2.785479E1	2.005685E1	4.695974E-1
2.788811E1	2.004397E1	4.563090E-1
2.792143E1	2.004163E1	4.656573E-1
2.795475E1	2.003664E1	4.725491E-1
2.798807E1	2.003214E1	4.768184E-1
2.802139E1	2.002546E1	4.822016E-1
2.805471E1	2.001879E1	4.876085E-1
2.808803E1	2.003278E1	4.764103E-1
2.812135E1	2.010815E1	4.558942E-1
2.815467E1	2.020237E1	4.462761E-1
2.818799E1	2.031704E1	4.438546E-1
2.822130E1	2.043675E1	4.286723E-1
2.825462E1	2.052902E1	4.235672E-1
2.828794E1	2.059505E1	4.229713E-1
2.832126E1	2.069432E1	4.522103E-1
2.835458E1	2.077263E1	4.254305E-1
2.838790E1	2.085731E1	4.290174E-1
2.842122E1	2.093399E1	4.093914E-1
2.845454E1	2.099185E1	4.055684E-1
2.848786E1	2.102328E1	4.210881E-1
2.852118E1	2.099448E1	4.102415E-1
2.855450E1	2.098630E1	3.956169E-1
2.858782E1	2.097989E1	4.072687E-1
2.862113E1	2.096649E1	4.204092E-1
2.865445E1	2.098403E1	4.043458E-1
2.868777E1	2.096978E1	4.169648E-1
2.872109E1	2.095864E1	4.206293E-1
2.875441E1	2.096791E1	4.164671E-1
2.878773E1	2.097805E1	4.136219E-1
2.882105E1	2.096917E1	4.211017E-1
2.885437E1	2.095927E1	4.214513E-1
2.888769E1	2.098059E1	4.010577E-1
2.892101E1	2.098518E1	3.991522E-1
2.895433E1	2.098171E1	4.050558E-1
2.898764E1	2.099077E1	3.965017E-1
2.902096E1	2.099777E1	3.851924E-1
2.905428E1	2.098447E1	3.940491E-1
2.908760E1	2.098372E1	3.989666E-1
2.912092E1	2.099348E1	3.782972E-1
2.915424E1	2.108440E1	3.962718E-1
2.918756E1	2.120573E1	3.647948E-1
2.922088E1	2.133335E1	3.426153E-1
2.925420E1	2.144055E1	3.370958E-1
2.928752E1	2.153944E1	3.445562E-1
2.932084E1	2.162151E1	3.286296E-1
2.935416E1	2.164921E1	3.493886E-1
2.938747E1	2.166081E1	3.402993E-1
2.942079E1	2.166135E1	3.414063E-1
2.945411E1	2.164368E1	3.572621E-1
2.948743E1	2.163708E1	3.574329E-1
2.952075E1	2.165298E1	3.463188E-1
2.955407E1	2.164969E1	3.495070E-1
2.958739E1	2.165041E1	3.492298E-1
2.962071E1	2.165145E1	3.484018E-1
2.965403E1	2.163565E1	3.594352E-1
2.968735E1	2.154318E1	3.525963E-1
2.972067E1	2.137807E1	3.966676E-1
2.975398E1	2.122357E1	4.056960E-1
2.978730E1	2.115456E1	4.469210E-1
2.982062E1	2.120230E1	4.861032E-1
2.985394E1	2.122536E1	4.379692E-1
2.988726E1	2.120989E1	4.315782E-1
2.992058E1	2.121310E1	4.312660E-1
2.995390E1	2.121212E1	4.225864E-1
2.998722E1	2.121112E1	4.186465E-1
3.002054E1	2.121030E1	4.161204E-1
3.005386E1	2.120801E1	4.158240E-1
3.008718E1	2.122761E1	4.012886E-1
3.012050E1	2.130495E1	4.130071E-1
3.015381E1	2.141129E1	4.127308E-1
3.018713E1	2.154440E1	4.030178E-1
3.022045E1	2.167451E1	3.931236E-1
3.025377E1	2.176575E1	4.019597E-1
3.028709E1	2.182805E1	3.990923E-1
3.032041E1	2.191742E1	4.179401E-1
3.035373E1	2.201948E1	4.170380E-1
3.038705E1	2.210949E1	3.950118E-1
3.042037E1	2.218421E1	3.880492E-1
3.045369E1	2.224717E1	4.113725E-1
3.048701E1	2.227946E1	3.895230E-1
3.052032E1	2.226122E1	3.952784E-1
3.055364E1	2.224564E1	4.165709E-1
3.058696E1	2.224550E1	4.144220E-1
3.062028E1	2.225867E1	4.065076E-1
3.065360E1	2.225040E1	4.103704E-1
3.068692E1	2.224177E1	3.789483E-1
3.072024E1	2.223451E1	3.847080E-1
3.075356E1	2.225013E1	4.144377E-1
3.078688E1	2.225559E1	4.112718E-1
3.082020E1	2.223726E1	3.934652E-1
3.085352E1	2.223039E1	3.952481E-1
3.088684E1	2.224844E1	4.129634E-1
3.092015E1	2.223583E1	3.908051E-1
3.095347E1	2.216564E1	3.901349E-1
3.098679E1	2.216349E1	3.899261E-1
3.102011E1	2.218623E1	3.733978E-1
3.105343E1	2.219395E1	4.016906E-1
3.108675E1	2.219982E1	4.011481E-1
3.112007E1	2.222833E1	3.838233E-1
3.115339E1	2.232078E1	3.896082E-1
3.118671E1	2.244534E1	3.809737E-1
3.122003E1	2.254738E1	3.818821E-1
3.125335E1	2.261788E1	3.554286E-1
3.128666E1	2.271614E1	3.508890E-1
3.131998E1	2.280922E1	3.573397E-1
3.135330E1	2.289113E1	3.344393E-1
3.138662E1	2.294519E1	3.287208E-1
3.141994E1	2.295537E1	2.884287E-1
3.145326E1	2.290187E1	2.842589E-1
3.148658E1	2.289933E1	2.917249E-1
3.151990E1	2.289600E1	2.880529E-1
3.155322E1	2.289314E1	2.828815E-1
3.158654E1	2.289173E1	2.830231E-1
3.161986E1	2.289052E1	2.826499E-1
3.165318E1	2.287514E1	2.900612E-1
3.168649E1	2.277114E1	2.944225E-1
3.171981E1	2.258863E1	3.457906E-1
3.175313E1	2.240137E1	3.406360E-1
3.178645E1	2.228099E1	3.517428E-1
3.181977E1	2.231747E1	4.055951E-1
3.185309E1	2.233491E1	3.848198E-1
3.188641E1	2.231670E1	3.638413E-1
3.191973E1	2.233051E1	3.790753E-1
3.195305E1	2.232942E1	3.850453E-1
3.198637E1	2.232651E1	3.914640E-1
3.201969E1	2.232444E1	3.938523E-1
3.205300E1	2.231967E1	3.982500E-1
3.208632E1	2.232594E1	3.939713E-1
3.211964E1	2.239194E1	3.746173E-1
3.215296E1	2.251180E1	3.730155E-1
3.218628E1	2.263342E1	3.697065E-1
3.221960E1	2.274575E1	3.719757E-1
3.225292E1	2.283606E1	3.898747E-1
3.228624E1	2.291196E1	3.858740E-1
3.231956E1	2.298052E1	4.046566E-1
3.235288E1	2.305797E1	3.930061E-1
3.238620E1	2.312607E1	3.898446E-1
3.241952E1	2.317970E1	3.893411E-1
3.245283E1	2.321555E1	3.996922E-1
3.248615E1	2.321912E1	3.958299E-1
3.251947E1	2.322066E1	3.942251E-1
3.255279E1	2.319173E1	3.808151E-1
3.258611E1	2.316378E1	3.927782E-1
3.261943E1	2.315033E1	4.066835E-1
3.265275E1	2.315540E1	4.013062E-1
3.268607E1	2.315681E1	3.892865E-1
3.271939E1	2.314628E1	3.938021E-1
3.275271E1	2.315217E1	3.921120E-1
3.278603E1	2.314213E1	3.970941E-1
3.281935E1	2.313512E1	3.759845E-1
3.285266E1	2.312910E1	3.787522E-1
3.288598E1	2.313450E1	3.751462E-1
3.291930E1	2.313704E1	3.729990E-1
3.295262E1	2.313034E1	3.766608E-1
3.298594E1	2.312590E1	3.787532E-1
3.301926E1	2.312476E1	3.750845E-1
3.305258E1	2.312144E1	3.750361E-1
3.308590E1	2.311912E1	3.774056E-1
3.311922E1	2.315142E1	3.885532E-1
3.315254E1	2.324415E1	3.619263E-1
3.318586E1	2.334700E1	3.563911E-1
3.321917E1	2.342314E1	3.574557E-1
3.325249E1	2.348269E1	3.441055E-1
3.328581E1	2.356483E1	3.296835E-1
3.331913E1	2.369586E1	3.230048E-1
3.335245E1	2.384553E1	3.277845E-1
3.338577E1	2.387870E1	3.289333E-1
3.341909E1	2.388757E1	3.181127E-1
3.345241E1	2.389504E1	3.180056E-1
3.348573E1	2.389469E1	3.200932E-1
3.351905E1	2.389933E1	3.171815E-1
3.355237E1	2.389747E1	3.199622E-1
3.358569E1	2.389719E1	3.211190E-1
3.361900E1	2.389751E1	3.211377E-1
3.365232E1	2.388715E1	3.276027E-1
3.368564E1	2.379638E1	3.235403E-1
3.371896E1	2.360918E1	3.847186E-1
3.375228E1	2.342483E1	4.101125E-1
3.378560E1	2.332350E1	4.364325E-1
3.381892E1	2.331706E1	4.677854E-1
3.385224E1	2.333050E1	4.564431E-1
3.388556E1	2.334749E1	4.296129E-1
3.391888E1	2.334540E1	4.390742E-1
3.395220E1	2.334432E1	4.406904E-1
3.398551E1	2.334271E1	4.415085E-1
3.401883E1	2.333321E1	4.491746E-1
3.405215E1	2.332676E1	4.525429E-1
3.408547E1	2.333801E1	4.440593E-1
3.411879E1	2.338600E1	4.385898E-1
3.415211E1	2.346171E1	4.264226E-1
3.418543E1	2.356940E1	4.348755E-1
3.421875E1	2.368940E1	4.374962E-1
3.425207E1	2.377733E1	4.395793E-1
3.428539E1	2.385881E1	4.259287E-1
3.431871E1	2.393221E1	4.464079E-1
3.435203E1	2.397164E1	4.235150E-1
3.438534E1	2.396874E1	4.281083E-1
3.441866E1	2.395462E1	4.405562E-1
3.445198E1	2.394036E1	4.484819E-1
3.448530E1	2.390083E1	4.301208E-1
3.451862E1	2.389641E1	4.222368E-1
3.455194E1	2.390499E1	4.320890E-1
3.458526E1	2.389022E1	4.728328E-1
3.461858E1	2.389910E1	4.690580E-1
3.465190E1	2.390012E1	4.715637E-1
3.468522E1	2.388935E1	4.701809E-1
3.471854E1	2.385800E1	4.428591E-1
3.475185E1	2.385371E1	4.404807E-1
3.478517E1	2.385116E1	4.388196E-1
3.481849E1	2.384806E1	4.377875E-1
3.485181E1	2.384599E1	4.370640E-1
3.488513E1	2.384505E1	4.352084E-1
3.491845E1	2.384098E1	4.345729E-1
3.495177E1	2.384093E1	4.348204E-1
3.498509E1	2.383925E1	4.346895E-1
3.501841E1	2.383947E1	4.295833E-1
3.505173E1	2.384096E1	4.297138E-1
3.508505E1	2.384515E1	4.265197E-1
3.511837E1	2.388061E1	4.386155E-1
3.515168E1	2.396041E1	4.156482E-1
3.518500E1	2.407161E1	4.080177E-1
3.521832E1	2.416222E1	4.038889E-1
3.525164E1	2.424766E1	3.702418E-1
3.528496E1	2.435203E1	3.678067E-1
3.531828E1	2.450632E1	3.742972E-1
3.535160E1	2.458750E1	3.675338E-1
3.538492E1	2.459156E1	3.476716E-1
3.541824E1	2.462158E1	3.582551E-1
3.545156E1	2.465951E1	3.758075E-1
3.548488E1	2.465956E1	3.790658E-1
3.551819E1	2.466599E1	3.758865E-1
3.555151E1	2.467019E1	3.732958E-1
3.558483E1	2.467268E1	3.723674E-1
3.561815E1	2.467465E1	3.714595E-1
3.565147E1	2.466537E1	3.789122E-1
3.568479E1	2.458109E1	3.701802E-1
3.571811E1	2.440143E1	4.318958E-1
3.575143E1	2.424188E1	4.297049E-1
3.578475E1	2.412702E1	4.780595E-1
3.581807E1	2.416797E1	5.143591E-1
3.585139E1	2.418169E1	4.822913E-1
3.588471E1	2.416593E1	4.580057E-1
3.591802E1	2.417515E1	4.781626E-1
3.595134E1	2.417505E1	4.808739E-1
3.598466E1	2.417170E1	4.858191E-1
3.601798E1	2.416574E1	4.898330E-1
3.605130E1	2.416547E1	4.906014E-1
3.608462E1	2.417827E1	4.855673E-1
3.611794E1	2.418665E1	4.520414E-1
3.615126E1	2.428439E1	4.706128E-1
3.618458E1	2.439857E1	4.813057E-1
3.621790E1	2.450970E1	4.811395E-1
3.625122E1	2.457618E1	4.489699E-1
3.628453E1	2.461800E1	4.476647E-1
3.631785E1	2.466382E1	4.736023E-1
3.635117E1	2.469825E1	4.589449E-1
3.638449E1	2.470913E1	5.101734E-1
3.641781E1	2.473642E1	4.948958E-1
3.645113E1	2.476496E1	5.005015E-1
3.648445E1	2.478521E1	4.883366E-1
3.651777E1	2.478786E1	4.926814E-1
3.655109E1	2.478933E1	4.892554E-1
3.658441E1	2.476867E1	4.939114E-1
3.661773E1	2.476754E1	4.978140E-1
3.665105E1	2.478150E1	4.935402E-1
3.668436E1	2.477669E1	4.912229E-1
3.671768E1	2.477559E1	4.923223E-1
3.675100E1	2.477290E1	4.942939E-1
3.678432E1	2.478052E1	4.914146E-1
3.681764E1	2.478382E1	4.899368E-1
3.685096E1	2.478596E1	4.884897E-1
3.688428E1	2.478725E1	4.862571E-1
3.691760E1	2.478019E1	4.855813E-1
3.695092E1	2.477936E1	4.885193E-1
3.698424E1	2.478253E1	4.868512E-1
3.701756E1	2.478981E1	4.783274E-1
3.705087E1	2.478818E1	4.801915E-1
3.708419E1	2.478717E1	4.814675E-1
3.711751E1	2.480796E1	4.654927E-1
3.715083E1	2.490634E1	4.693060E-1
3.718415E1	2.501539E1	4.665472E-1
3.721747E1	2.507518E1	4.538490E-1
3.725079E1	2.511700E1	4.642602E-1
3.728411E1	2.518252E1	4.408308E-1
3.731743E1	2.535309E1	4.285806E-1
3.735075E1	2.553796E1	4.082003E-1
3.738407E1	2.558654E1	3.938003E-1
3.741739E1	2.558583E1	3.917590E-1
3.745070E1	2.555812E1	4.264145E-1
3.748402E1	2.555706E1	4.250966E-1
3.751734E1	2.556468E1	4.205371E-1
3.755066E1	2.556692E1	4.204290E-1
3.758398E1	2.556892E1	4.197194E-1
3.761730E1	2.557034E1	4.190103E-1
3.765062E1	2.557032E1	4.197447E-1
3.768394E1	2.547731E1	4.133746E-1
3.771726E1	2.529674E1	4.704320E-1
3.775058E1	2.513074E1	4.902634E-1
3.778390E1	2.506972E1	5.208164E-1
3.781721E1	2.518400E1	5.417233E-1
3.785053E1	2.525237E1	5.298859E-1
3.788385E1	2.523008E1	5.235843E-1
3.791717E1	2.524795E1	5.131097E-1
3.795049E1	2.526175E1	5.072982E-1
3.798381E1	2.525197E1	5.030963E-1
3.801713E1	2.524914E1	4.886287E-1
3.805045E1	2.524229E1	4.871928E-1
3.808377E1	2.525995E1	4.632467E-1
3.811709E1	2.534739E1	4.688213E-1
3.815041E1	2.546054E1	5.073314E-1
3.818373E1	2.555341E1	5.386992E-1
3.821704E1	2.563357E1	5.121319E-1
3.825036E1	2.573202E1	5.311435E-1
3.828368E1	2.582690E1	5.054985E-1
3.831700E1	2.591271E1	5.209391E-1
3.835032E1	2.599288E1	5.076338E-1
3.838364E1	2.604521E1	5.099839E-1
3.841696E1	2.609210E1	5.147763E-1
3.845028E1	2.612511E1	5.312424E-1
3.848360E1	2.615586E1	5.119465E-1
3.851692E1	2.615031E1	5.150567E-1
3.855024E1	2.614042E1	5.221918E-1
3.858355E1	2.612431E1	5.367739E-1
3.861687E1	2.611700E1	5.371260E-1
3.865019E1	2.612008E1	5.286965E-1
3.868351E1	2.612247E1	5.276118E-1
3.871683E1	2.611555E1	5.380899E-1
3.875015E1	2.607124E1	5.486443E-1
3.878347E1	2.608045E1	5.249594E-1
3.881679E1	2.608447E1	5.175876E-1
3.885011E1	2.607862E1	5.215577E-1
3.888343E1	2.607935E1	5.214098E-1
3.891675E1	2.608795E1	5.121253E-1
3.895007E1	2.608632E1	5.143534E-1
3.898338E1	2.609926E1	5.066502E-1
3.901670E1	2.609837E1	5.055032E-1
3.905002E1	2.608945E1	5.112256E-1
3.908334E1	2.609074E1	5.112758E-1
3.911666E1	2.611897E1	5.280443E-1
3.914998E1	2.620279E1	5.037087E-1
3.918330E1	2.630755E1	4.962467E-1
3.921662E1	2.639384E1	4.933827E-1
3.924994E1	2.649991E1	4.788570E-1
3.928326E1	2.663473E1	4.552574E-1
3.931658E1	2.676834E1	4.085463E-1
3.934989E1	2.685268E1	4.126914E-1
3.938321E1	2.687167E1	3.775919E-1
3.941653E1	2.686543E1	3.908451E-1
3.944985E1	2.685240E1	4.119249E-1
3.948317E1	2.683969E1	4.210604E-1
3.951649E1	2.684763E1	4.146453E-1
3.954981E1	2.685442E1	4.092437E-1
3.958313E1	2.685660E1	4.077971E-1
3.961645E1	2.685860E1	4.057475E-1
3.964977E1	2.685863E1	4.057722E-1
3.968309E1	2.677134E1	3.951098E-1
3.971641E1	2.660036E1	4.483500E-1
3.974972E1	2.642704E1	4.494651E-1
3.978304E1	2.626195E1	4.761078E-1
3.981636E1	2.626254E1	4.720798E-1
3.984968E1	2.627240E1	4.455757E-1
3.988300E1	2.628728E1	4.726939E-1
3.991632E1	2.629562E1	4.690855E-1
3.994964E1	2.629940E1	4.677703E-1
3.998296E1	2.630064E1	4.671501E-1
4.001628E1	2.629606E1	4.714835E-1
4.004960E1	2.629515E1	4.740837E-1
4.008292E1	2.630335E1	4.660465E-1
4.011623E1	2.635165E1	4.491710E-1
4.014955E1	2.646307E1	4.558265E-1
4.018287E1	2.659056E1	4.477472E-1
4.021619E1	2.670675E1	4.472665E-1
4.024951E1	2.679068E1	4.655148E-1
4.028283E1	2.686610E1	4.564585E-1
4.031615E1	2.695034E1	4.790453E-1
4.034947E1	2.704133E1	4.484624E-1
4.038279E1	2.712874E1	4.586840E-1
4.041611E1	2.720264E1	4.460726E-1
4.044943E1	2.726123E1	4.420879E-1
4.048275E1	2.731047E1	4.481769E-1
4.051606E1	2.731140E1	4.490048E-1
4.054938E1	2.731044E1	4.496710E-1
4.058270E1	2.730977E1	4.513019E-1
4.061602E1	2.731194E1	4.874296E-1
4.064934E1	2.732878E1	4.923597E-1
4.068266E1	2.732567E1	4.973787E-1
4.071598E1	2.731259E1	4.921596E-1
4.074930E1	2.725781E1	4.578089E-1
4.078262E1	2.727124E1	4.361066E-1
4.081594E1	2.726873E1	4.420840E-1
4.084926E1	2.725055E1	4.619822E-1
4.088257E1	2.724878E1	4.632669E-1
4.091589E1	2.725433E1	4.548606E-1
4.094921E1	2.725961E1	4.452620E-1
4.098253E1	2.726579E1	4.419013E-1
4.101585E1	2.726354E1	4.443471E-1
4.104917E1	2.726696E1	4.430547E-1
4.108249E1	2.726559E1	4.448920E-1
4.111581E1	2.730229E1	4.538649E-1
4.114913E1	2.737594E1	4.238950E-1
4.118245E1	2.748927E1	3.960829E-1
4.121577E1	2.760692E1	3.769424E-1
4.124909E1	2.770334E1	3.648580E-1
4.128240E1	2.781010E1	3.462890E-1
4.131572E1	2.787743E1	3.263637E-1
4.134904E1	2.794470E1	3.172331E-1
4.138236E1	2.800392E1	3.160858E-1
4.141568E1	2.799976E1	3.132093E-1
4.144900E1	2.792633E1	3.297895E-1
4.148232E1	2.792817E1	3.345745E-1
4.151564E1	2.793109E1	3.395892E-1
4.154896E1	2.793117E1	3.319959E-1
4.158228E1	2.793051E1	3.313750E-1
4.161560E1	2.793126E1	3.319885E-1
4.164892E1	2.792728E1	3.347992E-1
4.168223E1	2.784545E1	3.505779E-1
4.171555E1	2.765610E1	3.571888E-1
4.174887E1	2.747088E1	3.931678E-1
4.178219E1	2.732703E1	3.902070E-1
4.181551E1	2.731843E1	4.103184E-1
4.184883E1	2.732736E1	3.903078E-1
4.188215E1	2.733746E1	3.755867E-1
4.191547E1	2.734894E1	4.070860E-1
4.194879E1	2.735324E1	4.055690E-1
4.198211E1	2.735236E1	4.073506E-1
4.201543E1	2.735267E1	4.060266E-1
4.204874E1	2.734550E1	4.101461E-1
4.208206E1	2.736368E1	4.003361E-1
4.211538E1	2.742414E1	3.772210E-1
4.214870E1	2.751977E1	3.861022E-1
4.218202E1	2.762846E1	4.019364E-1
4.221534E1	2.771844E1	3.725922E-1
4.224866E1	2.779354E1	3.971229E-1
4.228198E1	2.787064E1	3.897194E-1
4.231530E1	2.794728E1	3.811290E-1
4.234862E1	2.801753E1	3.995249E-1
4.238194E1	2.806321E1	3.696285E-1
4.241526E1	2.808832E1	3.974859E-1
4.244857E1	2.810321E1	3.883448E-1
4.248189E1	2.810753E1	3.803096E-1
4.251521E1	2.809766E1	3.891399E-1
4.254853E1	2.808941E1	3.982413E-1
4.258185E1	2.809583E1	3.912410E-1
4.261517E1	2.810197E1	3.832174E-1
4.264849E1	2.808805E1	3.973951E-1
4.268181E1	2.807127E1	4.030137E-1
4.271513E1	2.807275E1	3.939848E-1
4.274845E1	2.805715E1	3.315483E-1
4.278177E1	2.805191E1	3.317704E-1
4.281508E1	2.808782E1	3.665853E-1
4.284840E1	2.809991E1	3.655339E-1
4.288172E1	2.810182E1	3.730420E-1
4.291504E1	2.804674E1	3.494001E-1
4.294836E1	2.804642E1	3.265248E-1
4.298168E1	2.806051E1	3.183502E-1
4.301500E1	2.807942E1	3.532037E-1
4.304832E1	2.808525E1	3.480899E-1
4.308164E1	2.808925E1	3.444646E-1
4.311496E1	2.812452E1	3.560593E-1
4.314828E1	2.820591E1	3.333999E-1
4.318160E1	2.832231E1	3.225871E-1
4.321491E1	2.844581E1	3.086033E-1
4.324823E1	2.855662E1	3.086581E-1
4.328155E1	2.864203E1	3.292841E-1
4.331487E1	2.871124E1	3.230904E-1
4.334819E1	2.876594E1	3.209047E-1
4.338151E1	2.882268E1	3.031578E-1
4.341483E1	2.883602E1	2.653670E-1
4.344815E1	2.881348E1	2.841311E-1
4.348147E1	2.876902E1	2.928957E-1
4.351479E1	2.876663E1	2.862335E-1
4.354811E1	2.877274E1	2.718489E-1
4.358142E1	2.877133E1	2.704671E-1
4.361474E1	2.877092E1	2.701934E-1
4.364806E1	2.876980E1	2.702478E-1
4.368138E1	2.869933E1	2.819277E-1
4.371470E1	2.854386E1	3.240232E-1
4.374802E1	2.840994E1	3.421761E-1
4.378134E1	2.827727E1	3.825550E-1
4.381466E1	2.832357E1	4.228658E-1
4.384798E1	2.836754E1	4.245396E-1
4.388130E1	2.834026E1	3.720833E-1
4.391462E1	2.834021E1	3.729172E-1
4.394794E1	2.833388E1	3.779928E-1
4.398125E1	2.832686E1	3.835669E-1
4.401457E1	2.832326E1	3.861238E-1
4.404789E1	2.831449E1	3.911210E-1
4.408121E1	2.832040E1	3.851449E-1
4.411453E1	2.836866E1	3.572925E-1
4.414785E1	2.847976E1	3.431744E-1
4.418117E1	2.860006E1	3.446076E-1
4.421449E1	2.871094E1	3.283685E-1
4.424781E1	2.880845E1	3.346609E-1
4.428113E1	2.889226E1	3.152442E-1
4.431445E1	2.898413E1	3.308954E-1
4.434776E1	2.907647E1	3.400020E-1
4.438108E1	2.916170E1	3.178710E-1
4.441440E1	2.923981E1	2.955855E-1
4.444772E1	2.927812E1	2.858929E-1
4.448104E1	2.931288E1	2.898807E-1
4.451436E1	2.929393E1	2.590402E-1
4.454768E1	2.928360E1	2.710404E-1
4.458100E1	2.927489E1	2.818410E-1
4.461432E1	2.926198E1	3.111698E-1
4.464764E1	2.923229E1	2.666232E-1
4.468096E1	2.923261E1	2.576381E-1
4.471428E1	2.921977E1	2.663247E-1
4.474759E1	2.920887E1	2.728266E-1
4.478091E1	2.920165E1	2.764744E-1
4.481423E1	2.920840E1	2.705763E-1
4.484755E1	2.921115E1	2.679884E-1
4.488087E1	2.921542E1	2.639701E-1
4.491419E1	2.921704E1	2.625577E-1
4.494751E1	2.921722E1	2.630764E-1
4.498083E1	2.921719E1	2.631135E-1
4.501415E1	2.921911E1	2.593630E-1
4.504747E1	2.922074E1	2.567287E-1
4.508079E1	2.922007E1	2.581784E-1
4.511410E1	2.925103E1	2.748531E-1
4.514742E1	2.931172E1	2.671509E-1
4.518074E1	2.938181E1	2.516066E-1
4.521406E1	2.944869E1	2.261468E-1
4.524738E1	2.956904E1	2.104404E-1
4.528070E1	2.972099E1	2.163601E-1
4.531402E1	2.986769E1	2.301233E-1
4.534734E1	2.990655E1	1.977640E-1
4.538066E1	2.993711E1	1.938818E-1
4.541398E1	2.998718E1	1.951482E-1
4.544730E1	2.999317E1	1.706760E-1
4.548062E1	2.998632E1	1.718899E-1
4.551393E1	2.999006E1	1.644240E-1
4.554725E1	2.999206E1	1.590031E-1
4.558057E1	2.999158E1	1.572777E-1
4.561389E1	2.998806E1	1.645053E-1
4.564721E1	2.998967E1	1.601339E-1
4.568053E1	2.991433E1	1.727810E-1
4.571385E1	2.973760E1	2.047529E-1
4.574717E1	2.955386E1	2.486928E-1
4.578049E1	2.941762E1	2.815345E-1
4.581381E1	2.943158E1	2.933691E-1
4.584713E1	2.944458E1	2.639272E-1
4.588044E1	2.943946E1	2.515616E-1
4.591376E1	2.942593E1	2.706118E-1
4.594708E1	2.942181E1	2.744992E-1
4.598040E1	2.942569E1	2.718565E-1
4.601372E1	2.942341E1	2.734797E-1
4.604704E1	2.941780E1	2.767743E-1
4.608036E1	2.942502E1	2.710873E-1
4.611368E1	2.945369E1	2.417071E-1
4.614700E1	2.954401E1	2.478441E-1
4.618032E1	2.966611E1	2.277112E-1
4.621364E1	2.977119E1	2.248887E-1
4.624696E1	2.983752E1	2.135582E-1
4.628027E1	2.988230E1	2.191595E-1
4.631359E1	2.992986E1	2.241299E-1
4.634691E1	2.998747E1	2.388426E-1
4.638023E1	3.003652E1	2.598537E-1
4.641355E1	3.007605E1	2.442272E-1
4.644687E1	3.009574E1	2.808332E-1
4.648019E1	3.011301E1	2.569295E-1
4.651351E1	3.010708E1	2.468491E-1
4.654683E1	3.010776E1	2.519880E-1
4.658015E1	3.009978E1	2.748414E-1
4.661347E1	3.011338E1	2.555390E-1
4.664678E1	3.010438E1	2.626689E-1
4.668010E1	3.006008E1	2.645209E-1
4.671342E1	3.004882E1	2.658698E-1
4.674674E1	3.005982E1	2.491754E-1
4.678006E1	3.005569E1	2.517577E-1
4.681338E1	3.004573E1	2.593335E-1
4.684670E1	3.005245E1	2.548706E-1
4.688002E1	3.006424E1	2.406751E-1
4.691334E1	3.006099E1	2.454693E-1
4.694666E1	3.005935E1	2.485163E-1
4.697998E1	3.005747E1	2.510273E-1
4.701330E1	3.005620E1	2.520963E-1
4.704661E1	3.005705E1	2.516482E-1
4.707993E1	3.005858E1	2.504474E-1
4.711325E1	3.008224E1	2.673699E-1
4.714657E1	3.015112E1	2.591930E-1
4.717989E1	3.027287E1	2.417405E-1
4.721321E1	3.036838E1	2.257872E-1
4.724653E1	3.044103E1	1.985485E-1
4.727985E1	3.051663E1	1.829310E-1
4.731317E1	3.065250E1	2.024064E-1
4.734649E1	3.080117E1	1.830869E-1
4.737981E1	3.084441E1	1.807733E-1
4.741312E1	3.085044E1	1.716091E-1
4.744644E1	3.083319E1	1.975800E-1
4.747976E1	3.083130E1	1.980961E-1
4.751308E1	3.083223E1	1.952603E-1
4.754640E1	3.083270E1	1.947505E-1
4.757972E1	3.083310E1	1.944762E-1
4.761304E1	3.083353E1	1.935867E-1
4.764636E1	3.082941E1	1.974363E-1
4.767968E1	3.076304E1	2.092516E-1
4.771300E1	3.065102E1	2.480137E-1
4.774632E1	3.052954E1	2.334134E-1
4.777964E1	3.045703E1	2.438784E-1
4.781295E1	3.050850E1	2.578828E-1
4.784627E1	3.060744E1	2.585801E-1
4.787959E1	3.061232E1	2.304929E-1
4.791291E1	3.059821E1	2.673244E-1
4.794623E1	3.058901E1	2.708779E-1
4.797955E1	3.059511E1	2.660306E-1
4.801287E1	3.058974E1	2.680835E-1
4.804619E1	3.058476E1	2.422262E-1
4.807951E1	3.057443E1	2.450053E-1
4.811283E1	3.060075E1	2.492748E-1
4.814615E1	3.068714E1	2.278950E-1
4.817946E1	3.081255E1	2.565350E-1
4.821278E1	3.091792E1	2.285608E-1
4.824610E1	3.099242E1	2.536997E-1
4.827942E1	3.103877E1	2.592614E-1
4.831274E1	3.106328E1	2.454203E-1
4.834606E1	3.108628E1	2.425029E-1
4.837938E1	3.111468E1	2.725456E-1
4.841270E1	3.115887E1	2.715407E-1
4.844602E1	3.119547E1	2.424473E-1
4.847934E1	3.121174E1	2.619492E-1
4.851266E1	3.120688E1	2.629550E-1
4.854598E1	3.119161E1	2.359664E-1
4.857929E1	3.118544E1	2.385712E-1
4.861261E1	3.116893E1	2.554421E-1
4.864593E1	3.113585E1	2.366813E-1
4.867925E1	3.115500E1	2.411462E-1
4.871257E1	3.115957E1	2.493092E-1
4.874589E1	3.113133E1	2.325777E-1
4.877921E1	3.112991E1	2.342207E-1
4.881253E1	3.114717E1	2.604235E-1
4.884585E1	3.116517E1	2.532210E-1
4.887917E1	3.116717E1	2.516467E-1
