	mass A		
t	x	y	
0.000000E0	-3.740316E-2	-3.258702E-2
3.331913E-2	-1.778355E-2	-3.994262E-2
6.663826E-2	7.272754E-2	-3.796375E-2
9.995739E-2	1.846716E-1	-4.652808E-2
1.332765E-1	2.920019E-1	-3.633687E-2
1.665957E-1	4.016298E-1	-3.670106E-2
1.999148E-1	5.101442E-1	-4.455089E-2
2.332339E-1	5.875087E-1	-5.629477E-2
2.665531E-1	6.708478E-1	-4.593285E-2
2.998722E-1	7.778350E-1	-4.797642E-2
3.331913E-1	8.661084E-1	-6.715409E-2
3.665104E-1	9.410846E-1	-4.933129E-2
3.998296E-1	1.024211E0	-6.171104E-2
4.331487E-1	1.098004E0	-7.094393E-2
4.664678E-1	1.168616E0	-5.955643E-2
4.997870E-1	1.232361E0	-9.476606E-2
5.331061E-1	1.301145E0	-1.206629E-1
5.664252E-1	1.352471E0	-1.432567E-1
5.997444E-1	1.447498E0	-1.727239E-1
6.330635E-1	1.469492E0	-2.295304E-1
6.663826E-1	1.471800E0	-2.375178E-1
6.997018E-1	1.481747E0	-2.422453E-1
7.330209E-1	1.500621E0	-2.192162E-1
7.663400E-1	1.530432E0	-2.288190E-1
7.996592E-1	1.579095E0	-2.286639E-1
8.329783E-1	1.626314E0	-2.279557E-1
8.662974E-1	1.670163E0	-2.239161E-1
8.996165E-1	1.731889E0	-2.289737E-1
9.329357E-1	1.806478E0	-2.542141E-1
9.662548E-1	1.868907E0	-2.841771E-1
9.995739E-1	1.922196E0	-2.966352E-1
1.032893E0	1.954090E0	-2.971559E-1
1.066212E0	1.962783E0	-3.228814E-1
1.099531E0	2.030478E0	-3.415900E-1
1.132850E0	2.140191E0	-3.385123E-1
1.166170E0	2.261711E0	-3.097646E-1
1.199489E0	2.327538E0	-2.713274E-1
1.232808E0	2.379089E0	-3.028366E-1
1.266127E0	2.407503E0	-3.107431E-1
1.299446E0	2.417666E0	-3.380351E-1
1.332765E0	2.416158E0	-3.448565E-1
1.366084E0	2.420152E0	-3.555399E-1
1.399404E0	2.400006E0	-3.458177E-1
1.432723E0	2.390965E0	-3.428660E-1
1.466042E0	2.407449E0	-3.494685E-1
1.499361E0	2.404619E0	-3.489246E-1
1.532680E0	2.405165E0	-3.489124E-1
1.565999E0	2.405852E0	-3.488159E-1
1.599318E0	2.395967E0	-3.463924E-1
1.632637E0	2.287879E0	-3.422462E-1
1.665957E0	2.085508E0	-3.471768E-1
1.699276E0	1.903061E0	-3.549529E-1
1.732595E0	1.751328E0	-3.750467E-1
1.765914E0	1.783090E0	-3.541501E-1
1.799233E0	1.813082E0	-3.945462E-1
1.832552E0	1.877316E0	-4.212469E-1
1.865871E0	1.887469E0	-3.928344E-1
1.899190E0	1.886412E0	-3.905185E-1
1.932510E0	1.891144E0	-3.890634E-1
1.965829E0	1.889875E0	-3.898245E-1
1.999148E0	1.875631E0	-4.028538E-1
2.032467E0	1.871487E0	-4.023317E-1
2.065786E0	1.910921E0	-4.057292E-1
2.099105E0	2.015755E0	-4.113585E-1
2.132424E0	2.126219E0	-4.109004E-1
2.165744E0	2.230336E0	-4.099422E-1
2.199063E0	2.306624E0	-4.408842E-1
2.232382E0	2.392720E0	-4.396567E-1
2.265701E0	2.482892E0	-4.691444E-1
2.299020E0	2.571707E0	-4.664425E-1
2.332339E0	2.661727E0	-4.652538E-1
2.365658E0	2.724373E0	-5.015120E-1
2.398977E0	2.796149E0	-5.271135E-1
2.432297E0	2.839285E0	-5.376488E-1
2.465616E0	2.849704E0	-5.718899E-1
2.498935E0	2.886748E0	-5.766861E-1
2.532254E0	2.910763E0	-6.196858E-1
2.565573E0	2.941754E0	-6.224110E-1
2.598892E0	2.937135E0	-6.206256E-1
2.632211E0	2.900346E0	-6.232548E-1
2.665531E0	2.901316E0	-6.281215E-1
2.698850E0	2.928169E0	-6.583352E-1
2.732169E0	2.941915E0	-6.410411E-1
2.765488E0	2.958714E0	-6.685854E-1
2.798807E0	2.999107E0	-6.793288E-1
2.832126E0	3.036257E0	-7.060962E-1
2.865445E0	3.077305E0	-7.087309E-1
2.898764E0	3.126624E0	-7.178723E-1
2.932084E0	3.171101E0	-7.299473E-1
2.965403E0	3.243830E0	-7.611567E-1
2.998722E0	3.291933E0	-7.662516E-1
3.032041E0	3.309817E0	-8.030284E-1
3.065360E0	3.350097E0	-8.093868E-1
3.098679E0	3.410669E0	-8.183808E-1
3.131998E0	3.529237E0	-8.253760E-1
3.165317E0	3.648529E0	-8.213378E-1
3.198637E0	3.775636E0	-8.054916E-1
3.231956E0	3.883612E0	-8.192468E-1
3.265275E0	3.862249E0	-8.573859E-1
3.298594E0	3.874236E0	-8.711656E-1
3.331913E0	3.900214E0	-8.670552E-1
3.365232E0	3.910060E0	-8.800307E-1
3.398551E0	3.892957E0	-8.712245E-1
3.431871E0	3.889812E0	-8.676631E-1
3.465190E0	3.899136E0	-8.733458E-1
3.498509E0	3.899910E0	-8.731058E-1
3.531828E0	3.901449E0	-8.736939E-1
3.565147E0	3.903428E0	-8.748814E-1
3.598466E0	3.904064E0	-8.748471E-1
3.631785E0	3.848368E0	-8.727523E-1
3.665104E0	3.656116E0	-8.524872E-1
3.698424E0	3.468945E0	-8.674795E-1
3.731743E0	3.334136E0	-8.616750E-1
3.765062E0	3.352944E0	-8.814148E-1
3.798381E0	3.399910E0	-9.028131E-1
3.831700E0	3.412523E0	-9.158365E-1
3.865019E0	3.411331E0	-9.181778E-1
3.898338E0	3.412770E0	-9.204421E-1
3.931658E0	3.411585E0	-9.211657E-1
3.964977E0	3.410584E0	-9.214822E-1
3.998296E0	3.401997E0	-9.180817E-1
4.031615E0	3.404903E0	-9.209106E-1
4.064934E0	3.463419E0	-9.342956E-1
4.098253E0	3.570577E0	-9.395602E-1
4.131572E0	3.676602E0	-9.308762E-1
4.164891E0	3.786588E0	-9.327085E-1
4.198211E0	3.886847E0	-9.304199E-1
4.231530E0	3.972324E0	-9.704407E-1
4.264849E0	4.068200E0	-9.752917E-1
4.298168E0	4.155105E0	-9.715434E-1
4.331487E0	4.236113E0	-9.960417E-1
4.364806E0	4.292195E0	-1.019602E0
4.398125E0	4.363388E0	-1.056724E0
4.431444E0	4.408519E0	-1.090159E0
4.464764E0	4.424244E0	-1.116348E0
4.498083E0	4.398533E0	-1.094774E0
4.531402E0	4.360045E0	-1.096382E0
4.564721E0	4.375312E0	-1.089979E0
4.598040E0	4.407071E0	-1.117536E0
4.631359E0	4.406663E0	-1.115839E0
4.664678E0	4.414447E0	-1.147849E0
4.697998E0	4.438803E0	-1.140651E0
4.731317E0	4.466545E0	-1.168424E0
4.764636E0	4.508404E0	-1.170953E0
4.797955E0	4.527834E0	-1.206327E0
4.831274E0	4.566702E0	-1.210657E0
4.864593E0	4.617320E0	-1.217283E0
4.897912E0	4.670211E0	-1.228149E0
4.931231E0	4.701794E0	-1.278303E0
4.964551E0	4.741932E0	-1.278183E0
4.997870E0	4.782166E0	-1.274237E0
5.031189E0	4.825288E0	-1.273782E0
5.064508E0	4.862447E0	-1.299819E0
5.097827E0	4.938332E0	-1.285143E0
5.131146E0	5.050850E0	-1.287432E0
5.164465E0	5.133434E0	-1.316139E0
5.197785E0	5.241917E0	-1.321043E0
5.231104E0	5.375627E0	-1.320205E0
5.264423E0	5.451036E0	-1.352604E0
5.297742E0	5.458765E0	-1.361794E0
5.331061E0	5.456766E0	-1.355604E0
5.364380E0	5.461861E0	-1.362673E0
5.397699E0	5.461903E0	-1.363904E0
5.431018E0	5.454637E0	-1.354719E0
5.464338E0	5.462325E0	-1.357756E0
5.497657E0	5.461302E0	-1.355134E0
5.530976E0	5.460495E0	-1.352711E0
5.564295E0	5.460351E0	-1.351510E0
5.597614E0	5.453095E0	-1.347060E0
5.630933E0	5.368872E0	-1.348617E0
5.664252E0	5.178106E0	-1.320214E0
5.697571E0	5.011942E0	-1.324319E0
5.730891E0	4.888445E0	-1.318470E0
5.764210E0	4.889696E0	-1.313258E0
5.797529E0	4.944238E0	-1.332394E0
5.830848E0	4.949470E0	-1.373996E0
5.864167E0	4.971674E0	-1.397013E0
5.897486E0	4.972685E0	-1.398677E0
5.930805E0	4.965357E0	-1.394604E0
5.964125E0	4.963471E0	-1.394102E0
5.997444E0	4.955101E0	-1.390079E0
6.030763E0	4.958972E0	-1.394326E0
6.064082E0	5.014277E0	-1.407839E0
6.097401E0	5.126870E0	-1.432783E0
6.130720E0	5.253940E0	-1.457121E0
6.164039E0	5.358699E0	-1.457549E0
6.197358E0	5.444687E0	-1.448334E0
6.230678E0	5.519656E0	-1.464643E0
6.263997E0	5.620325E0	-1.465325E0
6.297316E0	5.718828E0	-1.459410E0
6.330635E0	5.793285E0	-1.476168E0
6.363954E0	5.850893E0	-1.485842E0
6.397273E0	5.860249E0	-1.484820E0
6.430592E0	5.827096E0	-1.442357E0
6.463912E0	5.827661E0	-1.445964E0
6.497231E0	5.839757E0	-1.463858E0
6.530550E0	5.847283E0	-1.469445E0
6.563869E0	5.846568E0	-1.467804E0
6.597188E0	5.848353E0	-1.469725E0
6.630507E0	5.847711E0	-1.495640E0
6.663826E0	5.870830E0	-1.530263E0
6.697145E0	5.900036E0	-1.529147E0
6.730465E0	5.904565E0	-1.553423E0
6.763784E0	5.929331E0	-1.550697E0
6.797103E0	5.961830E0	-1.583214E0
6.830422E0	5.979673E0	-1.599762E0
6.863741E0	6.003698E0	-1.586838E0
6.897060E0	6.017282E0	-1.620857E0
6.930379E0	6.041814E0	-1.613044E0
6.963698E0	6.073448E0	-1.636677E0
6.997018E0	6.109037E0	-1.632575E0
7.030337E0	6.130781E0	-1.651861E0
7.063656E0	6.130617E0	-1.672611E0
7.096975E0	6.183118E0	-1.687730E0
7.130294E0	6.306003E0	-1.705036E0
7.163613E0	6.435427E0	-1.690552E0
7.196932E0	6.559772E0	-1.708067E0
7.230252E0	6.664832E0	-1.738355E0
7.263571E0	6.735968E0	-1.767946E0
7.296890E0	6.726133E0	-1.782104E0
7.330209E0	6.764415E0	-1.784073E0
7.363528E0	6.815980E0	-1.796534E0
7.396847E0	6.836971E0	-1.815903E0
7.430166E0	6.821834E0	-1.805169E0
7.463485E0	6.827384E0	-1.806208E0
7.496805E0	6.834236E0	-1.809950E0
7.530124E0	6.835611E0	-1.809546E0
7.563443E0	6.836856E0	-1.809653E0
7.596762E0	6.834421E0	-1.807705E0
7.630081E0	6.747907E0	-1.808667E0
7.663400E0	6.561185E0	-1.756435E0
7.696719E0	6.364024E0	-1.753207E0
7.730039E0	6.221179E0	-1.733344E0
7.763358E0	6.236635E0	-1.746332E0
7.796677E0	6.288681E0	-1.759605E0
7.829996E0	6.291878E0	-1.768139E0
7.863315E0	6.301189E0	-1.769484E0
7.896634E0	6.298938E0	-1.764905E0
7.929953E0	6.290219E0	-1.755705E0
7.963272E0	6.289109E0	-1.753744E0
7.996592E0	6.287246E0	-1.752082E0
8.029911E0	6.287005E0	-1.751574E0
8.063230E0	6.330826E0	-1.761155E0
8.096549E0	6.421648E0	-1.806733E0
8.129868E0	6.552428E0	-1.795876E0
8.163187E0	6.665440E0	-1.802414E0
8.196506E0	6.769746E0	-1.808700E0
8.229825E0	6.838995E0	-1.845468E0
8.263145E0	6.903895E0	-1.866112E0
8.296464E0	6.967191E0	-1.882382E0
8.329783E0	7.020311E0	-1.917411E0
8.363102E0	7.083667E0	-1.943530E0
8.396421E0	7.122496E0	-1.971404E0
8.429740E0	7.173859E0	-1.985095E0
8.463059E0	7.213701E0	-1.986862E0
8.496379E0	7.214240E0	-1.980548E0
8.529698E0	7.192884E0	-1.989061E0
8.563017E0	7.196189E0	-1.995180E0
8.596336E0	7.190703E0	-1.995276E0
8.629655E0	7.186470E0	-1.993769E0
8.662974E0	7.188725E0	-2.001467E0
8.696293E0	7.191547E0	-2.031959E0
8.729612E0	7.213662E0	-2.017725E0
8.762932E0	7.259995E0	-2.019085E0
8.796251E0	7.301177E0	-2.058018E0
8.829570E0	7.301559E0	-2.057036E0
8.862889E0	7.303311E0	-2.064571E0
8.896208E0	7.294735E0	-2.056226E0
8.929527E0	7.291815E0	-2.053580E0
8.962846E0	7.287679E0	-2.069738E0
8.996165E0	7.301549E0	-2.097293E0
9.029485E0	7.310597E0	-2.105745E0
9.062804E0	7.332858E0	-2.088953E0
9.096123E0	7.408022E0	-2.114454E0
9.129442E0	7.513466E0	-2.149322E0
9.162761E0	7.668819E0	-2.164442E0
9.196080E0	7.805052E0	-2.217092E0
9.229399E0	7.894578E0	-2.231152E0
9.262719E0	7.914571E0	-2.269772E0
9.296038E0	7.952253E0	-2.265045E0
9.329357E0	7.997797E0	-2.259998E0
9.362676E0	8.016288E0	-2.265751E0
9.395995E0	7.999676E0	-2.254189E0
9.429314E0	7.990666E0	-2.251527E0
9.462633E0	7.997560E0	-2.258743E0
9.495952E0	8.005675E0	-2.265490E0
9.529272E0	8.006847E0	-2.267415E0
9.562591E0	8.007020E0	-2.268146E0
9.595910E0	8.004605E0	-2.266906E0
9.629229E0	7.916545E0	-2.253940E0
9.662548E0	7.727357E0	-2.209242E0
9.695867E0	7.543748E0	-2.185186E0
9.729186E0	7.434111E0	-2.165136E0
9.762506E0	7.455751E0	-2.165891E0
9.795825E0	7.499763E0	-2.181642E0
9.829144E0	7.509004E0	-2.216468E0
9.862463E0	7.510510E0	-2.216489E0
9.895782E0	7.514444E0	-2.218615E0
9.929101E0	7.509883E0	-2.215375E0
9.962420E0	7.507623E0	-2.213659E0
9.995739E0	7.506993E0	-2.213245E0
1.002906E1	7.515714E0	-2.219877E0
1.006238E1	7.552984E0	-2.219230E0
1.009570E1	7.655017E0	-2.215248E0
1.012902E1	7.789557E0	-2.263540E0
1.016234E1	7.900539E0	-2.269469E0
1.019565E1	8.002824E0	-2.272280E0
1.022897E1	8.093598E0	-2.272835E0
1.026229E1	8.168801E0	-2.310599E0
1.029561E1	8.241737E0	-2.339491E0
1.032893E1	8.314044E0	-2.320802E0
1.036225E1	8.397076E0	-2.348555E0
1.039557E1	8.442089E0	-2.375425E0
1.042889E1	8.472852E0	-2.410084E0
1.046221E1	8.450315E0	-2.387371E0
1.049553E1	8.432921E0	-2.370853E0
1.052885E1	8.450806E0	-2.394372E0
1.056216E1	8.453342E0	-2.403898E0
1.059548E1	8.448158E0	-2.406602E0
1.062880E1	8.451895E0	-2.410272E0
1.066212E1	8.444238E0	-2.420279E0
1.069544E1	8.448823E0	-2.436381E0
1.072876E1	8.453213E0	-2.449931E0
1.076208E1	8.461950E0	-2.466677E0
1.079540E1	8.456403E0	-2.481889E0
1.082872E1	8.467232E0	-2.504645E0
1.086204E1	8.488901E0	-2.492132E0
1.089536E1	8.508255E0	-2.515559E0
1.092868E1	8.513228E0	-2.521066E0
1.096199E1	8.511268E0	-2.544810E0
1.099531E1	8.521362E0	-2.565094E0
1.102863E1	8.536660E0	-2.545517E0
1.106195E1	8.554136E0	-2.557937E0
1.109527E1	8.613185E0	-2.568660E0
1.112859E1	8.714694E0	-2.598409E0
1.116191E1	8.842689E0	-2.631993E0
1.119523E1	8.956186E0	-2.641761E0
1.122855E1	9.054254E0	-2.653784E0
1.126187E1	9.149278E0	-2.672535E0
1.129519E1	9.174352E0	-2.705373E0
1.132850E1	9.219405E0	-2.703875E0
1.136182E1	9.261914E0	-2.715029E0
1.139514E1	9.286376E0	-2.740870E0
1.142846E1	9.272933E0	-2.732339E0
1.146178E1	9.274897E0	-2.733749E0
1.149510E1	9.277535E0	-2.736575E0
1.152842E1	9.277924E0	-2.736679E0
1.156174E1	9.278433E0	-2.736814E0
1.159506E1	9.274590E0	-2.734612E0
1.162838E1	9.185014E0	-2.729661E0
1.166170E1	9.001024E0	-2.670472E0
1.169502E1	8.821938E0	-2.628292E0
1.172833E1	8.675972E0	-2.624986E0
1.176165E1	8.680857E0	-2.633314E0
1.179497E1	8.726014E0	-2.637697E0
1.182829E1	8.723483E0	-2.657227E0
1.186161E1	8.750869E0	-2.658993E0
1.189493E1	8.774659E0	-2.675245E0
1.192825E1	8.764004E0	-2.667947E0
1.196157E1	8.759629E0	-2.665075E0
1.199489E1	8.764636E0	-2.667989E0
1.202821E1	8.768179E0	-2.669930E0
1.206153E1	8.788975E0	-2.704207E0
1.209484E1	8.892039E0	-2.725027E0
1.212816E1	9.009988E0	-2.745602E0
1.216148E1	9.122284E0	-2.749035E0
1.219480E1	9.226448E0	-2.754820E0
1.222812E1	9.295019E0	-2.789200E0
1.226144E1	9.354311E0	-2.804583E0
1.229476E1	9.420047E0	-2.787445E0
1.232808E1	9.502702E0	-2.810974E0
1.236140E1	9.562108E0	-2.832963E0
1.239472E1	9.635556E0	-2.864440E0
1.242804E1	9.686821E0	-2.866998E0
1.246136E1	9.729349E0	-2.864439E0
1.249467E1	9.735145E0	-2.867495E0
1.252799E1	9.744591E0	-2.877365E0
1.256131E1	9.748371E0	-2.880075E0
1.259463E1	9.733484E0	-2.897109E0
1.262795E1	9.751997E0	-2.892985E0
1.266127E1	9.772795E0	-2.916042E0
1.269459E1	9.780506E0	-2.929836E0
1.272791E1	9.787772E0	-2.962485E0
1.276123E1	9.822069E0	-2.964233E0
1.279455E1	9.850210E0	-2.994492E0
1.282787E1	9.866624E0	-2.971359E0
1.286118E1	9.886302E0	-2.987648E0
1.289450E1	9.887172E0	-2.984954E0
1.292782E1	9.884852E0	-3.010534E0
1.296114E1	9.905323E0	-3.042134E0
1.299446E1	9.920040E0	-3.021217E0
1.302778E1	9.943046E0	-3.045511E0
1.306110E1	9.943073E0	-3.068018E0
1.309442E1	9.994746E0	-3.077668E0
1.312774E1	1.011017E1	-3.092719E0
1.316106E1	1.022294E1	-3.115938E0
1.319438E1	1.034207E1	-3.135731E0
1.322770E1	1.045815E1	-3.154200E0
1.326101E1	1.050580E1	-3.183978E0
1.329433E1	1.050423E1	-3.195534E0
1.332765E1	1.054304E1	-3.195283E0
1.336097E1	1.059948E1	-3.204114E0
1.339429E1	1.061488E1	-3.234486E0
1.342761E1	1.061717E1	-3.232117E0
1.346093E1	1.061413E1	-3.220394E0
1.349425E1	1.061326E1	-3.215930E0
1.352757E1	1.061233E1	-3.212528E0
1.356089E1	1.061203E1	-3.210246E0
1.359421E1	1.061073E1	-3.208223E0
1.362752E1	1.054841E1	-3.197433E0
1.366084E1	1.036858E1	-3.147499E0
1.369416E1	1.012354E1	-3.149318E0
1.372748E1	9.930563E0	-3.121160E0
1.376080E1	9.932213E0	-3.094535E0
1.379412E1	9.988605E0	-3.107935E0
1.382744E1	9.990141E0	-3.099003E0
1.386076E1	9.992233E0	-3.096351E0
1.389408E1	9.990469E0	-3.089379E0
1.392740E1	9.991701E0	-3.088505E0
1.396072E1	9.991984E0	-3.087589E0
1.399404E1	9.984172E0	-3.082867E0
1.402735E1	9.985629E0	-3.082783E0
1.406067E1	1.001312E1	-3.110278E0
1.409399E1	1.006632E1	-3.135549E0
1.412731E1	1.015143E1	-3.126501E0
1.416063E1	1.025243E1	-3.129385E0
1.419395E1	1.034970E1	-3.170478E0
1.422727E1	1.039059E1	-3.190485E0
1.426059E1	1.044266E1	-3.205620E0
1.429391E1	1.049510E1	-3.237855E0
1.432723E1	1.057377E1	-3.280822E0
1.436055E1	1.064742E1	-3.267194E0
1.439386E1	1.071401E1	-3.287993E0
1.442718E1	1.075626E1	-3.295928E0
1.446050E1	1.078188E1	-3.324408E0
1.449382E1	1.075584E1	-3.296033E0
1.452714E1	1.075726E1	-3.301132E0
1.456046E1	1.077123E1	-3.319940E0
1.459378E1	1.077617E1	-3.326531E0
1.462710E1	1.076599E1	-3.327769E0
1.466042E1	1.076658E1	-3.346566E0
1.469374E1	1.077872E1	-3.375922E0
1.472706E1	1.078502E1	-3.389860E0
1.476038E1	1.079191E1	-3.393896E0
1.479369E1	1.082603E1	-3.386620E0
1.482701E1	1.088488E1	-3.394616E0
1.486033E1	1.093673E1	-3.417394E0
1.489365E1	1.099967E1	-3.441456E0
1.492697E1	1.104664E1	-3.440990E0
1.496029E1	1.106027E1	-3.472570E0
1.499361E1	1.109679E1	-3.472449E0
1.502693E1	1.112461E1	-3.502650E0
1.506025E1	1.114938E1	-3.486719E0
1.509357E1	1.120541E1	-3.495569E0
1.512689E1	1.132686E1	-3.518456E0
1.516020E1	1.143655E1	-3.538737E0
1.519352E1	1.155311E1	-3.548765E0
1.522684E1	1.166255E1	-3.563517E0
1.526016E1	1.171643E1	-3.579241E0
1.529348E1	1.173338E1	-3.617819E0
1.532680E1	1.177861E1	-3.620767E0
1.536012E1	1.181735E1	-3.614109E0
1.539344E1	1.181024E1	-3.603502E0
1.542676E1	1.177282E1	-3.606504E0
1.546008E1	1.178631E1	-3.617331E0
1.549340E1	1.178913E1	-3.620681E0
1.552672E1	1.177296E1	-3.611570E0
1.556003E1	1.177566E1	-3.613189E0
1.559335E1	1.177515E1	-3.613429E0
1.562667E1	1.171428E1	-3.605407E0
1.565999E1	1.154157E1	-3.562667E0
1.569331E1	1.130250E1	-3.536016E0
1.572663E1	1.109351E1	-3.508334E0
1.575995E1	1.100421E1	-3.497218E0
1.579327E1	1.100244E1	-3.497506E0
1.582659E1	1.101371E1	-3.516524E0
1.585991E1	1.102978E1	-3.490580E0
1.589323E1	1.103607E1	-3.491667E0
1.592654E1	1.103087E1	-3.485912E0
1.595986E1	1.103401E1	-3.486844E0
1.599318E1	1.103702E1	-3.488070E0
1.602650E1	1.104172E1	-3.490016E0
1.605982E1	1.106465E1	-3.509698E0
1.609314E1	1.116041E1	-3.507770E0
1.612646E1	1.125677E1	-3.527985E0
1.615978E1	1.136795E1	-3.536021E0
1.619310E1	1.148164E1	-3.544960E0
1.622642E1	1.158042E1	-3.545110E0
1.625974E1	1.166769E1	-3.571837E0
1.629306E1	1.176447E1	-3.569690E0
1.632637E1	1.184273E1	-3.613835E0
1.635969E1	1.192222E1	-3.603474E0
1.639301E1	1.199930E1	-3.635019E0
1.642633E1	1.204431E1	-3.659348E0
1.645965E1	1.206835E1	-3.686075E0
1.649297E1	1.206056E1	-3.678868E0
1.652629E1	1.205508E1	-3.674898E0
1.655961E1	1.206793E1	-3.688591E0
1.659293E1	1.210392E1	-3.691178E0
1.662625E1	1.214168E1	-3.711061E0
1.665957E1	1.221002E1	-3.742278E0
1.669288E1	1.226985E1	-3.780989E0
1.672620E1	1.232850E1	-3.818037E0
1.675952E1	1.239145E1	-3.852399E0
1.679284E1	1.243748E1	-3.853289E0
1.682616E1	1.243398E1	-3.886252E0
1.685948E1	1.243308E1	-3.896309E0
1.689280E1	1.244399E1	-3.932440E0
1.692612E1	1.244105E1	-3.943672E0
1.695944E1	1.244139E1	-3.950541E0
1.699276E1	1.244687E1	-3.959649E0
1.702608E1	1.244457E1	-3.959151E0
1.705940E1	1.244220E1	-3.958003E0
1.709271E1	1.249978E1	-3.966264E0
1.712603E1	1.264553E1	-3.962224E0
1.715935E1	1.278693E1	-3.985795E0
1.719267E1	1.288854E1	-3.986213E0
1.722599E1	1.295372E1	-4.019767E0
1.725931E1	1.301211E1	-4.035963E0
1.729263E1	1.303481E1	-4.022604E0
1.732595E1	1.304369E1	-4.025828E0
1.735927E1	1.305563E1	-4.031359E0
1.739259E1	1.305401E1	-4.028354E0
1.742591E1	1.303278E1	-4.013387E0
1.745922E1	1.303516E1	-4.013882E0
1.749254E1	1.303843E1	-4.016308E0
1.752586E1	1.303905E1	-4.017315E0
1.755918E1	1.304114E1	-4.018748E0
1.759250E1	1.304227E1	-4.019377E0
1.762582E1	1.297718E1	-4.009134E0
1.765914E1	1.280452E1	-3.964094E0
1.769246E1	1.256630E1	-3.964554E0
1.772578E1	1.232858E1	-3.940043E0
1.775910E1	1.226781E1	-3.914050E0
1.779242E1	1.227695E1	-3.933514E0
1.782574E1	1.229308E1	-3.965930E0
1.785905E1	1.230207E1	-3.941202E0
1.789237E1	1.230259E1	-3.941693E0
1.792569E1	1.230649E1	-3.944830E0
1.795901E1	1.230902E1	-3.946616E0
1.799233E1	1.231183E1	-3.949035E0
1.802565E1	1.231472E1	-3.951585E0
1.805897E1	1.235941E1	-3.952558E0
1.809229E1	1.248275E1	-3.987541E0
1.812561E1	1.260774E1	-4.021827E0
1.815893E1	1.273254E1	-4.035902E0
1.819225E1	1.283861E1	-4.039511E0
1.822556E1	1.293630E1	-4.035972E0
1.825888E1	1.302314E1	-4.018738E0
1.829220E1	1.310021E1	-4.050871E0
1.832552E1	1.318384E1	-4.093083E0
1.835884E1	1.325829E1	-4.080632E0
1.839216E1	1.332045E1	-4.113709E0
1.842548E1	1.338593E1	-4.142758E0
1.845880E1	1.341093E1	-4.133206E0
1.849212E1	1.341687E1	-4.136126E0
1.852544E1	1.341200E1	-4.132050E0
1.855876E1	1.341846E1	-4.136301E0
1.859208E1	1.342994E1	-4.169410E0
1.862539E1	1.348359E1	-4.193843E0
1.865871E1	1.353561E1	-4.249892E0
1.869203E1	1.359309E1	-4.309435E0
1.872535E1	1.363112E1	-4.344271E0
1.875867E1	1.365517E1	-4.400923E0
1.879199E1	1.367921E1	-4.442092E0
1.882531E1	1.366245E1	-4.429510E0
1.885863E1	1.365982E1	-4.427772E0
1.889195E1	1.368709E1	-4.414956E0
1.892527E1	1.372927E1	-4.446928E0
1.895859E1	1.377795E1	-4.449392E0
1.899190E1	1.380708E1	-4.452519E0
1.902522E1	1.383040E1	-4.483339E0
1.905854E1	1.384492E1	-4.494973E0
1.909186E1	1.389890E1	-4.502273E0
1.912518E1	1.402558E1	-4.485058E0
1.915850E1	1.415445E1	-4.496467E0
1.919182E1	1.422638E1	-4.496907E0
1.922514E1	1.426392E1	-4.487314E0
1.925846E1	1.435594E1	-4.487952E0
1.929178E1	1.444083E1	-4.542659E0
1.932510E1	1.449088E1	-4.555044E0
1.935842E1	1.450527E1	-4.561825E0
1.939173E1	1.450117E1	-4.558754E0
1.942505E1	1.448514E1	-4.545019E0
1.945837E1	1.449154E1	-4.549918E0
1.949169E1	1.449034E1	-4.549440E0
1.952501E1	1.448944E1	-4.548776E0
1.955833E1	1.448923E1	-4.548647E0
1.959165E1	1.448902E1	-4.548451E0
1.962497E1	1.443502E1	-4.545088E0
1.965829E1	1.423118E1	-4.499266E0
1.969161E1	1.399410E1	-4.443213E0
1.972493E1	1.376790E1	-4.421217E0
1.975824E1	1.367624E1	-4.428108E0
1.979156E1	1.368936E1	-4.417215E0
1.982488E1	1.369867E1	-4.422498E0
1.985820E1	1.371824E1	-4.442492E0
1.989152E1	1.371863E1	-4.437928E0
1.992484E1	1.371290E1	-4.431066E0
1.995816E1	1.370574E1	-4.424609E0
1.999148E1	1.370542E1	-4.424320E0
2.002480E1	1.370709E1	-4.424929E0
2.005812E1	1.371943E1	-4.458321E0
2.009144E1	1.381344E1	-4.465550E0
2.012476E1	1.393811E1	-4.484939E0
2.015807E1	1.406004E1	-4.494058E0
2.019139E1	1.416672E1	-4.500807E0
2.022471E1	1.422093E1	-4.522190E0
2.025803E1	1.430700E1	-4.518661E0
2.029135E1	1.440718E1	-4.517891E0
2.032467E1	1.449834E1	-4.553022E0
2.035799E1	1.457787E1	-4.538377E0
2.039131E1	1.467117E1	-4.568608E0
2.042463E1	1.475461E1	-4.551589E0
2.045795E1	1.480290E1	-4.551393E0
2.049127E1	1.483405E1	-4.573505E0
2.052458E1	1.486764E1	-4.555301E0
2.055790E1	1.491494E1	-4.554576E0
2.059122E1	1.493545E1	-4.598501E0
2.062454E1	1.495203E1	-4.626961E0
2.065786E1	1.494237E1	-4.641896E0
2.069118E1	1.494908E1	-4.670837E0
2.072450E1	1.494341E1	-4.679749E0
2.075782E1	1.494028E1	-4.676488E0
2.079114E1	1.497057E1	-4.661067E0
2.082446E1	1.503381E1	-4.673879E0
2.085778E1	1.509556E1	-4.685895E0
2.089110E1	1.514599E1	-4.699393E0
2.092441E1	1.521738E1	-4.725626E0
2.095773E1	1.528128E1	-4.740779E0
2.099105E1	1.532651E1	-4.761978E0
2.102437E1	1.537418E1	-4.772492E0
2.105769E1	1.541678E1	-4.769327E0
2.109101E1	1.547796E1	-4.785406E0
2.112433E1	1.558414E1	-4.791491E0
2.115765E1	1.567096E1	-4.843356E0
2.119097E1	1.572046E1	-4.845954E0
2.122429E1	1.576436E1	-4.845730E0
2.125761E1	1.584689E1	-4.833910E0
2.129093E1	1.597444E1	-4.845769E0
2.132424E1	1.605638E1	-4.853719E0
2.135756E1	1.608896E1	-4.827058E0
2.139088E1	1.608697E1	-4.821519E0
2.142420E1	1.605820E1	-4.839276E0
2.145752E1	1.605598E1	-4.842464E0
2.149084E1	1.605543E1	-4.844312E0
2.152416E1	1.605014E1	-4.842920E0
2.155748E1	1.604904E1	-4.843887E0
2.159080E1	1.604774E1	-4.844053E0
2.162412E1	1.599409E1	-4.840693E0
2.165744E1	1.581317E1	-4.800037E0
2.169075E1	1.547545E1	-4.783223E0
2.172407E1	1.511078E1	-4.773801E0
2.175739E1	1.492289E1	-4.714322E0
2.179071E1	1.488893E1	-4.732378E0
2.182403E1	1.490963E1	-4.721067E0
2.185735E1	1.493681E1	-4.744880E0
2.189067E1	1.494624E1	-4.742578E0
2.192399E1	1.494046E1	-4.734992E0
2.195731E1	1.493735E1	-4.730610E0
2.199063E1	1.492689E1	-4.723001E0
2.202395E1	1.492860E1	-4.724272E0
2.205727E1	1.495915E1	-4.717654E0
2.209058E1	1.505172E1	-4.747971E0
2.212390E1	1.520771E1	-4.751195E0
2.215722E1	1.533012E1	-4.773678E0
2.219054E1	1.543478E1	-4.777695E0
2.222386E1	1.553232E1	-4.775343E0
2.225718E1	1.562333E1	-4.803934E0
2.229050E1	1.570173E1	-4.786540E0
2.232382E1	1.578360E1	-4.811111E0
2.235714E1	1.586883E1	-4.795340E0
2.239046E1	1.594015E1	-4.819343E0
2.242378E1	1.603590E1	-4.804027E0
2.245709E1	1.608482E1	-4.798001E0
2.249041E1	1.613524E1	-4.794721E0
2.252373E1	1.615316E1	-4.834554E0
2.255705E1	1.613409E1	-4.825693E0
2.259037E1	1.612972E1	-4.832877E0
2.262369E1	1.614147E1	-4.845959E0
2.265701E1	1.615288E1	-4.855568E0
2.269033E1	1.617465E1	-4.866693E0
2.272365E1	1.622139E1	-4.862558E0
2.275697E1	1.630788E1	-4.851252E0
2.279029E1	1.639057E1	-4.868138E0
2.282361E1	1.645120E1	-4.875657E0
2.285692E1	1.650295E1	-4.874501E0
2.289024E1	1.655771E1	-4.875650E0
2.292356E1	1.661483E1	-4.877297E0
2.295688E1	1.669118E1	-4.856965E0
2.299020E1	1.677504E1	-4.872857E0
2.302352E1	1.682743E1	-4.873091E0
2.305684E1	1.683345E1	-4.895968E0
2.309016E1	1.687420E1	-4.905719E0
2.312348E1	1.697908E1	-4.917434E0
2.315680E1	1.708694E1	-4.935847E0
2.319012E1	1.714862E1	-4.967097E0
2.322343E1	1.720948E1	-4.977125E0
2.325675E1	1.725455E1	-4.969726E0
2.329007E1	1.732308E1	-4.977844E0
2.332339E1	1.741165E1	-4.961753E0
2.335671E1	1.750549E1	-4.987455E0
2.339003E1	1.755393E1	-4.977744E0
2.342335E1	1.757767E1	-4.956303E0
2.345667E1	1.758568E1	-4.966202E0
2.348999E1	1.759069E1	-4.971604E0
2.352331E1	1.759353E1	-4.975046E0
2.355663E1	1.759545E1	-4.977264E0
2.358995E1	1.759737E1	-4.978897E0
2.362326E1	1.754964E1	-4.980327E0
2.365658E1	1.736419E1	-4.963801E0
2.368990E1	1.712921E1	-4.919662E0
2.372322E1	1.695353E1	-4.943532E0
2.375654E1	1.686056E1	-4.911274E0
2.378986E1	1.690010E1	-4.938292E0
2.382318E1	1.689072E1	-4.962144E0
2.385650E1	1.691980E1	-4.957860E0
2.388982E1	1.693723E1	-4.970191E0
2.392314E1	1.693368E1	-4.970346E0
2.395646E1	1.693042E1	-4.969187E0
2.398977E1	1.692925E1	-4.969135E0
2.402309E1	1.692942E1	-4.970419E0
2.405641E1	1.695800E1	-4.995439E0
2.408973E1	1.703905E1	-4.983393E0
2.412305E1	1.715896E1	-4.992291E0
2.415637E1	1.726991E1	-4.992107E0
2.418969E1	1.738022E1	-4.991045E0
2.422301E1	1.747083E1	-4.981045E0
2.425633E1	1.754454E1	-4.994632E0
2.428965E1	1.759077E1	-4.991263E0
2.432297E1	1.760402E1	-5.005037E0
2.435629E1	1.758863E1	-5.009243E0
2.438960E1	1.755581E1	-5.036900E0
2.442292E1	1.755739E1	-5.045138E0
2.445624E1	1.758604E1	-5.033363E0
2.448956E1	1.759854E1	-5.042220E0
2.452288E1	1.759696E1	-5.040067E0
2.455620E1	1.759972E1	-5.040971E0
2.458952E1	1.762846E1	-5.034409E0
2.462284E1	1.765100E1	-5.051228E0
2.465616E1	1.766516E1	-5.066515E0
2.468948E1	1.765970E1	-5.071383E0
2.472280E1	1.766925E1	-5.090409E0
2.475611E1	1.765817E1	-5.087377E0
2.478943E1	1.765692E1	-5.090527E0
2.482275E1	1.765967E1	-5.096004E0
2.485607E1	1.768870E1	-5.082193E0
2.488939E1	1.772006E1	-5.101721E0
2.492271E1	1.775905E1	-5.093003E0
2.495603E1	1.777539E1	-5.102966E0
2.498935E1	1.780321E1	-5.088166E0
2.502267E1	1.782791E1	-5.100054E0
2.505599E1	1.785138E1	-5.081044E0
2.508931E1	1.789794E1	-5.109901E0
2.512263E1	1.800949E1	-5.118052E0
2.515594E1	1.811143E1	-5.128661E0
2.518926E1	1.819615E1	-5.154399E0
2.522258E1	1.832499E1	-5.218809E0
2.525590E1	1.842271E1	-5.226816E0
2.528922E1	1.843143E1	-5.231166E0
2.532254E1	1.847005E1	-5.222273E0
2.535586E1	1.854777E1	-5.230666E0
2.538918E1	1.859666E1	-5.216581E0
2.542250E1	1.859460E1	-5.216127E0
2.545582E1	1.858523E1	-5.212710E0
2.548914E1	1.859268E1	-5.217704E0
2.552245E1	1.859287E1	-5.218038E0
2.555577E1	1.859393E1	-5.218904E0
2.558909E1	1.859464E1	-5.219545E0
2.562241E1	1.854600E1	-5.221551E0
2.565573E1	1.837285E1	-5.208132E0
2.568905E1	1.815525E1	-5.213175E0
2.572237E1	1.792658E1	-5.208631E0
2.575569E1	1.781706E1	-5.199844E0
2.578901E1	1.784420E1	-5.225169E0
2.582233E1	1.783742E1	-5.227260E0
2.585565E1	1.787084E1	-5.222834E0
2.588897E1	1.788845E1	-5.227306E0
2.592228E1	1.788566E1	-5.223485E0
2.595560E1	1.788097E1	-5.219504E0
2.598892E1	1.787316E1	-5.214373E0
2.602224E1	1.787338E1	-5.214902E0
2.605556E1	1.792231E1	-5.220323E0
2.608888E1	1.799003E1	-5.227574E0
2.612220E1	1.809571E1	-5.223016E0
2.615552E1	1.822029E1	-5.229904E0
2.618884E1	1.833209E1	-5.227995E0
2.622216E1	1.842219E1	-5.220618E0
2.625548E1	1.850639E1	-5.239636E0
2.628879E1	1.859417E1	-5.221734E0
2.632211E1	1.868869E1	-5.217555E0
2.635543E1	1.877385E1	-5.239381E0
2.638875E1	1.885930E1	-5.226102E0
2.642207E1	1.893875E1	-5.243487E0
2.645539E1	1.899390E1	-5.241509E0
2.648871E1	1.902460E1	-5.224725E0
2.652203E1	1.905735E1	-5.253502E0
2.655535E1	1.905515E1	-5.248016E0
2.658867E1	1.905250E1	-5.245009E0
2.662199E1	1.904272E1	-5.237454E0
2.665531E1	1.904368E1	-5.236775E0
2.668862E1	1.906189E1	-5.249231E0
2.672194E1	1.907423E1	-5.220052E0
2.675526E1	1.908762E1	-5.233225E0
2.678858E1	1.910462E1	-5.244327E0
2.682190E1	1.913355E1	-5.224461E0
2.685522E1	1.916762E1	-5.256462E0
2.688854E1	1.916220E1	-5.262060E0
2.692186E1	1.916043E1	-5.272699E0
2.695518E1	1.917196E1	-5.294442E0
2.698850E1	1.919061E1	-5.268326E0
2.702182E1	1.922144E1	-5.288987E0
2.705513E1	1.924326E1	-5.266978E0
2.708845E1	1.928181E1	-5.295272E0
2.712177E1	1.937563E1	-5.289126E0
2.715509E1	1.950176E1	-5.306297E0
2.718841E1	1.965040E1	-5.304034E0
2.722173E1	1.976789E1	-5.339334E0
2.725505E1	1.977909E1	-5.357717E0
2.728837E1	1.977412E1	-5.355234E0
2.732169E1	1.983895E1	-5.367140E0
2.735501E1	1.991572E1	-5.351800E0
2.738833E1	1.994609E1	-5.373303E0
2.742165E1	1.991656E1	-5.354967E0
2.745496E1	1.988228E1	-5.383184E0
2.748828E1	1.988944E1	-5.398193E0
2.752160E1	1.988296E1	-5.397979E0
2.755492E1	1.988235E1	-5.401674E0
2.758824E1	1.988191E1	-5.404010E0
2.762156E1	1.984293E1	-5.412435E0
2.765488E1	1.967960E1	-5.410615E0
2.768820E1	1.942922E1	-5.400789E0
2.772152E1	1.920575E1	-5.399093E0
2.775484E1	1.908674E1	-5.375282E0
2.778816E1	1.909149E1	-5.380338E0
2.782147E1	1.911320E1	-5.403454E0
2.785479E1	1.914898E1	-5.391747E0
2.788811E1	1.915148E1	-5.393376E0
2.792143E1	1.915356E1	-5.394541E0
2.795475E1	1.915591E1	-5.396549E0
2.798807E1	1.915315E1	-5.394771E0
2.802139E1	1.915101E1	-5.392935E0
2.805471E1	1.916742E1	-5.406442E0
2.808803E1	1.925535E1	-5.394115E0
2.812135E1	1.936886E1	-5.399947E0
2.815467E1	1.947948E1	-5.403650E0
2.818799E1	1.957892E1	-5.396500E0
2.822130E1	1.966562E1	-5.417087E0
2.825462E1	1.975383E1	-5.404517E0
2.828794E1	1.984195E1	-5.425970E0
2.832126E1	1.992531E1	-5.412732E0
2.835458E1	2.001074E1	-5.433330E0
2.838790E1	2.009175E1	-5.416066E0
2.842122E1	2.017541E1	-5.437744E0
2.845454E1	2.021033E1	-5.426663E0
2.848786E1	2.021405E1	-5.434043E0
2.852118E1	2.026445E1	-5.440807E0
2.855450E1	2.032356E1	-5.462697E0
2.858781E1	2.041587E1	-5.465511E0
2.862113E1	2.048775E1	-5.506939E0
2.865445E1	2.054494E1	-5.553781E0
2.868777E1	2.054922E1	-5.593955E0
2.872109E1	2.058710E1	-5.601996E0
2.875441E1	2.058961E1	-5.599361E0
2.878773E1	2.055662E1	-5.634148E0
2.882105E1	2.054890E1	-5.635007E0
2.885437E1	2.053504E1	-5.632413E0
2.888769E1	2.054766E1	-5.646373E0
2.892101E1	2.059097E1	-5.644337E0
2.895433E1	2.064637E1	-5.655243E0
2.898764E1	2.067003E1	-5.703225E0
2.902096E1	2.069170E1	-5.687175E0
2.905428E1	2.071033E1	-5.706188E0
2.908760E1	2.074972E1	-5.701900E0
2.912092E1	2.082321E1	-5.739345E0
2.915424E1	2.097572E1	-5.726470E0
2.918756E1	2.108597E1	-5.708933E0
2.922088E1	2.117008E1	-5.722209E0
2.925420E1	2.125477E1	-5.705637E0
2.928752E1	2.132339E1	-5.726377E0
2.932084E1	2.136512E1	-5.722788E0
2.935415E1	2.137253E1	-5.739567E0
2.938747E1	2.138210E1	-5.754879E0
2.942079E1	2.136716E1	-5.748788E0
2.945411E1	2.136869E1	-5.754320E0
2.948743E1	2.137087E1	-5.759521E0
2.952075E1	2.137118E1	-5.760837E0
2.955407E1	2.137252E1	-5.762392E0
2.958739E1	2.137272E1	-5.762896E0
2.962071E1	2.133748E1	-5.775426E0
2.965403E1	2.116459E1	-5.765202E0
2.968735E1	2.092950E1	-5.750169E0
2.972067E1	2.071491E1	-5.757353E0
2.975398E1	2.060525E1	-5.756846E0
2.978730E1	2.061469E1	-5.773092E0
2.982062E1	2.063640E1	-5.753803E0
2.985394E1	2.066636E1	-5.773236E0
2.988726E1	2.066435E1	-5.769390E0
2.992058E1	2.066160E1	-5.766080E0
2.995390E1	2.065595E1	-5.761024E0
2.998722E1	2.065002E1	-5.756129E0
3.002054E1	2.064140E1	-5.753470E0
3.005386E1	2.065697E1	-5.763539E0
3.008718E1	2.071559E1	-5.764463E0
3.012049E1	2.081347E1	-5.763091E0
3.015381E1	2.091304E1	-5.759247E0
3.018713E1	2.101826E1	-5.754175E0
3.022045E1	2.111153E1	-5.780106E0
3.025377E1	2.120295E1	-5.768969E0
3.028709E1	2.129028E1	-5.787777E0
3.032041E1	2.137426E1	-5.773955E0
3.035373E1	2.147224E1	-5.771335E0
3.038705E1	2.153698E1	-5.789731E0
3.042037E1	2.156153E1	-5.831911E0
3.045369E1	2.159240E1	-5.825713E0
3.048701E1	2.159696E1	-5.829386E0
3.052032E1	2.159752E1	-5.827333E0
3.055364E1	2.159722E1	-5.828356E0
3.058696E1	2.160015E1	-5.846789E0
3.062028E1	2.160350E1	-5.851438E0
3.065360E1	2.159506E1	-5.870412E0
3.068692E1	2.159475E1	-5.880645E0
3.072024E1	2.159104E1	-5.879002E0
3.075356E1	2.159222E1	-5.882013E0
3.078688E1	2.159973E1	-5.891730E0
3.082020E1	2.159767E1	-5.892260E0
3.085352E1	2.159773E1	-5.892362E0
3.088683E1	2.160187E1	-5.896106E0
3.092015E1	2.160268E1	-5.896364E0
3.095347E1	2.161065E1	-5.905212E0
3.098679E1	2.160387E1	-5.916120E0
3.102011E1	2.160548E1	-5.928990E0
3.105343E1	2.161811E1	-5.946355E0
3.108675E1	2.167511E1	-5.954496E0
3.112007E1	2.177589E1	-5.956746E0
3.115339E1	2.188220E1	-5.959472E0
3.118671E1	2.199157E1	-5.961305E0
3.122003E1	2.211332E1	-5.969729E0
3.125335E1	2.220878E1	-5.980972E0
3.128666E1	2.225595E1	-5.992681E0
3.131998E1	2.229353E1	-5.987421E0
3.135330E1	2.235244E1	-5.993259E0
3.138662E1	2.240002E1	-6.028510E0
3.141994E1	2.238721E1	-6.039114E0
3.145326E1	2.238339E1	-6.047038E0
3.148658E1	2.238276E1	-6.051880E0
3.151990E1	2.238106E1	-6.054425E0
3.155322E1	2.238073E1	-6.057128E0
3.158654E1	2.238003E1	-6.058001E0
3.161986E1	2.236016E1	-6.047676E0
3.165317E1	2.222297E1	-6.055885E0
3.168649E1	2.199278E1	-6.041518E0
3.171981E1	2.180802E1	-6.001602E0
3.175313E1	2.174327E1	-5.992284E0
3.178645E1	2.180578E1	-6.022682E0
3.181977E1	2.181798E1	-6.036896E0
3.185309E1	2.183411E1	-6.059341E0
3.188641E1	2.183008E1	-6.056834E0
3.191973E1	2.182724E1	-6.055576E0
3.195305E1	2.181713E1	-6.049152E0
3.198637E1	2.181629E1	-6.050137E0
3.201969E1	2.181614E1	-6.051690E0
3.205300E1	2.183393E1	-6.071761E0
3.208632E1	2.190346E1	-6.047476E0
3.211964E1	2.202854E1	-6.054661E0
3.215296E1	2.215150E1	-6.065549E0
3.218628E1	2.225387E1	-6.059540E0
3.221960E1	2.234116E1	-6.080158E0
3.225292E1	2.241931E1	-6.061994E0
3.228624E1	2.250950E1	-6.086521E0
3.231956E1	2.259312E1	-6.072142E0
3.235288E1	2.267346E1	-6.091873E0
3.238620E1	2.274411E1	-6.070096E0
3.241951E1	2.281525E1	-6.081222E0
3.245283E1	2.283143E1	-6.112914E0
3.248615E1	2.282101E1	-6.112552E0
3.251947E1	2.280883E1	-6.106892E0
3.255279E1	2.280618E1	-6.113357E0
3.258611E1	2.280929E1	-6.117612E0
3.261943E1	2.281403E1	-6.125657E0
3.265275E1	2.281721E1	-6.132387E0
3.268607E1	2.281776E1	-6.133912E0
3.271939E1	2.281887E1	-6.146880E0
3.275271E1	2.281949E1	-6.144931E0
3.278603E1	2.281935E1	-6.142292E0
3.281934E1	2.281951E1	-6.145144E0
3.285266E1	2.281829E1	-6.173556E0
3.288598E1	2.283269E1	-6.194757E0
3.291930E1	2.284985E1	-6.167295E0
3.295262E1	2.286928E1	-6.188456E0
3.298594E1	2.287296E1	-6.196401E0
3.301926E1	2.287361E1	-6.194091E0
3.305258E1	2.287461E1	-6.216098E0
3.308590E1	2.291919E1	-6.218807E0
3.311922E1	2.301641E1	-6.224703E0
3.315254E1	2.314858E1	-6.251442E0
3.318585E1	2.325001E1	-6.241918E0
3.321917E1	2.332857E1	-6.253611E0
3.325249E1	2.342765E1	-6.237676E0
3.328581E1	2.355328E1	-6.253838E0
3.331913E1	2.359044E1	-6.279124E0
3.335245E1	2.363399E1	-6.295428E0
3.338577E1	2.368203E1	-6.290954E0
3.341909E1	2.370360E1	-6.304633E0
3.345241E1	2.370412E1	-6.304817E0
3.348573E1	2.370450E1	-6.304959E0
3.351905E1	2.370474E1	-6.305066E0
3.355237E1	2.370519E1	-6.305675E0
3.358568E1	2.370541E1	-6.305797E0
3.361900E1	2.368179E1	-6.287974E0
3.365232E1	2.353980E1	-6.295224E0
3.368564E1	2.333701E1	-6.303216E0
3.371896E1	2.316479E1	-6.304213E0
3.375228E1	2.310957E1	-6.296929E0
3.378560E1	2.315650E1	-6.285761E0
3.381892E1	2.318037E1	-6.277409E0
3.385224E1	2.321317E1	-6.306587E0
3.388556E1	2.323947E1	-6.287645E0
3.391888E1	2.324476E1	-6.289862E0
3.395219E1	2.324685E1	-6.290127E0
3.398551E1	2.324854E1	-6.290984E0
3.401883E1	2.322130E1	-6.300869E0
3.405215E1	2.325276E1	-6.291649E0
3.408547E1	2.335887E1	-6.298638E0
3.411879E1	2.346742E1	-6.305072E0
3.415211E1	2.357590E1	-6.297567E0
3.418543E1	2.368636E1	-6.294750E0
3.421875E1	2.378443E1	-6.328470E0
3.425207E1	2.384998E1	-6.300133E0
3.428539E1	2.393547E1	-6.321431E0
3.431871E1	2.403598E1	-6.319087E0
3.435202E1	2.410055E1	-6.351555E0
3.438534E1	2.416684E1	-6.369312E0
3.441866E1	2.422459E1	-6.376385E0
3.445198E1	2.425419E1	-6.359479E0
3.448530E1	2.424256E1	-6.354751E0
3.451862E1	2.420770E1	-6.368409E0
3.455194E1	2.420941E1	-6.371894E0
3.458526E1	2.421525E1	-6.381764E0
3.461858E1	2.421321E1	-6.385491E0
3.465190E1	2.420576E1	-6.387004E0
3.468522E1	2.420457E1	-6.389286E0
3.471853E1	2.420496E1	-6.384011E0
3.475185E1	2.421147E1	-6.393352E0
3.478517E1	2.419915E1	-6.397346E0
3.481849E1	2.420090E1	-6.411420E0
3.485181E1	2.420628E1	-6.424254E0
3.488513E1	2.421385E1	-6.437931E0
3.491845E1	2.420928E1	-6.454195E0
3.495177E1	2.421174E1	-6.468740E0
3.498509E1	2.422155E1	-6.486190E0
3.501841E1	2.421667E1	-6.485224E0
3.505173E1	2.421490E1	-6.486610E0
3.508505E1	2.425436E1	-6.483234E0
3.511836E1	2.435830E1	-6.490366E0
3.515168E1	2.448551E1	-6.528188E0
3.518500E1	2.457530E1	-6.520763E0
3.521832E1	2.462806E1	-6.521434E0
3.525164E1	2.471074E1	-6.545424E0
3.528496E1	2.486094E1	-6.538203E0
3.531828E1	2.497169E1	-6.541683E0
3.535160E1	2.499332E1	-6.568548E0
3.538492E1	2.499067E1	-6.589379E0
3.541824E1	2.500282E1	-6.612220E0
3.545156E1	2.499745E1	-6.609004E0
3.548488E1	2.499263E1	-6.606402E0
3.551819E1	2.499066E1	-6.604911E0
3.555151E1	2.498770E1	-6.603243E0
3.558483E1	2.498729E1	-6.603258E0
3.561815E1	2.497277E1	-6.593224E0
3.565147E1	2.486117E1	-6.564705E0
3.568479E1	2.466744E1	-6.562904E0
3.571811E1	2.449354E1	-6.557761E0
3.575143E1	2.440820E1	-6.527449E0
3.578475E1	2.443553E1	-6.571589E0
3.581807E1	2.446916E1	-6.550716E0
3.585139E1	2.448439E1	-6.572367E0
3.588470E1	2.449527E1	-6.588904E0
3.591802E1	2.449208E1	-6.590081E0
3.595134E1	2.448756E1	-6.589122E0
3.598466E1	2.448577E1	-6.590111E0
3.601798E1	2.448750E1	-6.591904E0
3.605130E1	2.449812E1	-6.605149E0
3.608462E1	2.455526E1	-6.615105E0
3.611794E1	2.465477E1	-6.604097E0
3.615126E1	2.476877E1	-6.605340E0
3.618458E1	2.487353E1	-6.603753E0
3.621790E1	2.496636E1	-6.602622E0
3.625122E1	2.504905E1	-6.641747E0
3.628453E1	2.515095E1	-6.648450E0
3.631785E1	2.521955E1	-6.673447E0
3.635117E1	2.527946E1	-6.686187E0
3.638449E1	2.532198E1	-6.690734E0
3.641781E1	2.541546E1	-6.663363E0
3.645113E1	2.543750E1	-6.702102E0
3.648445E1	2.543730E1	-6.713256E0
3.651777E1	2.542612E1	-6.705241E0
3.655109E1	2.543059E1	-6.677248E0
3.658441E1	2.546748E1	-6.658256E0
3.661773E1	2.552151E1	-6.656466E0
3.665104E1	2.558087E1	-6.654371E0
3.668436E1	2.565716E1	-6.666681E0
3.671768E1	2.575164E1	-6.646027E0
3.675100E1	2.582333E1	-6.661824E0
3.678432E1	2.589371E1	-6.678437E0
3.681764E1	2.597094E1	-6.655765E0
3.685096E1	2.605850E1	-6.683893E0
3.688428E1	2.614891E1	-6.671258E0
3.691760E1	2.622771E1	-6.694348E0
3.695092E1	2.629932E1	-6.667256E0
3.698424E1	2.636151E1	-6.672280E0
3.701756E1	2.642337E1	-6.673417E0
3.705087E1	2.646738E1	-6.656392E0
3.708419E1	2.648786E1	-6.677580E0
3.711751E1	2.655652E1	-6.694749E0
3.715083E1	2.669153E1	-6.682443E0
3.718415E1	2.682137E1	-6.734141E0
3.721747E1	2.689614E1	-6.757904E0
3.725079E1	2.695291E1	-6.753796E0
3.728411E1	2.703876E1	-6.728059E0
3.731743E1	2.709194E1	-6.725552E0
3.735075E1	2.710145E1	-6.740222E0
3.738407E1	2.709816E1	-6.738587E0
3.741738E1	2.709937E1	-6.738697E0
3.745070E1	2.710723E1	-6.745297E0
3.748402E1	2.710587E1	-6.744548E0
3.751734E1	2.710464E1	-6.744484E0
3.755066E1	2.710423E1	-6.743999E0
3.758398E1	2.710370E1	-6.743734E0
3.761730E1	2.708561E1	-6.731452E0
3.765062E1	2.694644E1	-6.751573E0
3.768394E1	2.669826E1	-6.740430E0
3.771726E1	2.649106E1	-6.760019E0
3.775058E1	2.637174E1	-6.738750E0
3.778390E1	2.642159E1	-6.739699E0
3.781721E1	2.643488E1	-6.785771E0
3.785053E1	2.645039E1	-6.800693E0
3.788385E1	2.644581E1	-6.798789E0
3.791717E1	2.644157E1	-6.796377E0
3.795049E1	2.643352E1	-6.790081E0
3.798381E1	2.642498E1	-6.784408E0
3.801713E1	2.642707E1	-6.786719E0
3.805045E1	2.643695E1	-6.797843E0
3.808377E1	2.649966E1	-6.813972E0
3.811709E1	2.660659E1	-6.812101E0
3.815041E1	2.671508E1	-6.806786E0
3.818372E1	2.682642E1	-6.807523E0
3.821704E1	2.692848E1	-6.810256E0
3.825036E1	2.699510E1	-6.831899E0
3.828368E1	2.708379E1	-6.806904E0
3.831700E1	2.715942E1	-6.827134E0
3.835032E1	2.722361E1	-6.859026E0
3.838364E1	2.729123E1	-6.834426E0
3.841696E1	2.732925E1	-6.897582E0
3.845028E1	2.736301E1	-6.873578E0
3.848360E1	2.735597E1	-6.861207E0
3.851692E1	2.733800E1	-6.884957E0
3.855024E1	2.732521E1	-6.871234E0
3.858355E1	2.732680E1	-6.879473E0
3.861687E1	2.732529E1	-6.875739E0
3.865019E1	2.731830E1	-6.877063E0
3.868351E1	2.732034E1	-6.876107E0
3.871683E1	2.731555E1	-6.890129E0
3.875015E1	2.732042E1	-6.907855E0
3.878347E1	2.732125E1	-6.915162E0
3.881679E1	2.732266E1	-6.920941E0
3.885011E1	2.732415E1	-6.924607E0
3.888343E1	2.733575E1	-6.943119E0
3.891675E1	2.732914E1	-6.953886E0
3.895006E1	2.732708E1	-6.963503E0
3.898338E1	2.733043E1	-6.979393E0
3.901670E1	2.733458E1	-6.988231E0
3.905002E1	2.735309E1	-6.961598E0
3.908334E1	2.740672E1	-6.965377E0
3.911666E1	2.748433E1	-7.005311E0
3.914998E1	2.760067E1	-7.031027E0
3.918330E1	2.769822E1	-7.027000E0
3.921662E1	2.778434E1	-7.053914E0
3.924994E1	2.788058E1	-7.064978E0
3.928326E1	2.800323E1	-7.092603E0
3.931658E1	2.806176E1	-7.103383E0
3.934989E1	2.808789E1	-7.095603E0
3.938321E1	2.811297E1	-7.113179E0
3.941653E1	2.809694E1	-7.095111E0
3.944985E1	2.809789E1	-7.095158E0
3.948317E1	2.809836E1	-7.095005E0
3.951649E1	2.809873E1	-7.095262E0
3.954981E1	2.810018E1	-7.096801E0
3.958313E1	2.810046E1	-7.096847E0
3.961645E1	2.808191E1	-7.085931E0
3.964977E1	2.797505E1	-7.068040E0
3.968309E1	2.781714E1	-7.038403E0
3.971640E1	2.769815E1	-7.026787E0
3.974972E1	2.767307E1	-7.040078E0
3.978304E1	2.774957E1	-7.029669E0
3.981636E1	2.775655E1	-7.039746E0
3.984968E1	2.775952E1	-7.041198E0
3.988300E1	2.777023E1	-7.049258E0
3.991632E1	2.776898E1	-7.046632E0
3.994964E1	2.776845E1	-7.045137E0
3.998296E1	2.776774E1	-7.043444E0
4.001628E1	2.776789E1	-7.041297E0
4.004960E1	2.776914E1	-7.043525E0
4.008292E1	2.782740E1	-7.053522E0
4.011623E1	2.794446E1	-7.055724E0
4.014955E1	2.805203E1	-7.076051E0
4.018287E1	2.816150E1	-7.081871E0
4.021619E1	2.825644E1	-7.061290E0
4.024951E1	2.830697E1	-7.061838E0
4.028283E1	2.833675E1	-7.111050E0
4.031615E1	2.838508E1	-7.117148E0
4.034947E1	2.841362E1	-7.087383E0
4.038279E1	2.844297E1	-7.109096E0
4.041611E1	2.847973E1	-7.102749E0
4.044943E1	2.852623E1	-7.102669E0
4.048274E1	2.853872E1	-7.111395E0
4.051606E1	2.853933E1	-7.109976E0
4.054938E1	2.853922E1	-7.109837E0
4.058270E1	2.854207E1	-7.115401E0
4.061602E1	2.855047E1	-7.129059E0
4.064934E1	2.853486E1	-7.107604E0
4.068266E1	2.850744E1	-7.122166E0
4.071598E1	2.851491E1	-7.093569E0
4.074930E1	2.852514E1	-7.104180E0
4.078262E1	2.853889E1	-7.121449E0
4.081594E1	2.854346E1	-7.123677E0
4.084926E1	2.854641E1	-7.127869E0
4.088257E1	2.854775E1	-7.128883E0
4.091589E1	2.854292E1	-7.141151E0
4.094921E1	2.855454E1	-7.165086E0
4.098253E1	2.855450E1	-7.168851E0
4.101585E1	2.855199E1	-7.169143E0
4.104917E1	2.856421E1	-7.183866E0
4.108249E1	2.860622E1	-7.177800E0
4.111581E1	2.869374E1	-7.165911E0
4.114913E1	2.880445E1	-7.192061E0
4.118245E1	2.891860E1	-7.202899E0
4.121577E1	2.900728E1	-7.235917E0
4.124908E1	2.911370E1	-7.240077E0
4.128240E1	2.925452E1	-7.233016E0
4.131572E1	2.930317E1	-7.262481E0
4.134904E1	2.932018E1	-7.309860E0
4.138236E1	2.931481E1	-7.311690E0
4.141568E1	2.931677E1	-7.308425E0
4.144900E1	2.931124E1	-7.313706E0
4.148232E1	2.931311E1	-7.322657E0
4.151564E1	2.931412E1	-7.327215E0
4.154896E1	2.931553E1	-7.331128E0
4.158228E1	2.931647E1	-7.333469E0
4.161560E1	2.930269E1	-7.325771E0
4.164891E1	2.918316E1	-7.312069E0
4.168223E1	2.900234E1	-7.294423E0
4.171555E1	2.884712E1	-7.256414E0
4.174887E1	2.880712E1	-7.241231E0
4.178219E1	2.886729E1	-7.252412E0
4.181551E1	2.888313E1	-7.281158E0
4.184883E1	2.889499E1	-7.292697E0
4.188215E1	2.890390E1	-7.261893E0
4.191547E1	2.891039E1	-7.265979E0
4.194879E1	2.891339E1	-7.267762E0
4.198211E1	2.890969E1	-7.264685E0
4.201542E1	2.891403E1	-7.267025E0
4.204874E1	2.892609E1	-7.279456E0
4.208206E1	2.900409E1	-7.301826E0
4.211538E1	2.910618E1	-7.293552E0
4.214870E1	2.920576E1	-7.283232E0
4.218202E1	2.930787E1	-7.277925E0
4.221534E1	2.940291E1	-7.272929E0
4.224866E1	2.948505E1	-7.298384E0
4.228198E1	2.953869E1	-7.314002E0
4.231530E1	2.960696E1	-7.339890E0
4.234862E1	2.968960E1	-7.317018E0
4.238194E1	2.977576E1	-7.353175E0
4.241525E1	2.985935E1	-7.335675E0
4.244857E1	2.992583E1	-7.346560E0
4.248189E1	2.993347E1	-7.358423E0
4.251521E1	2.992820E1	-7.358250E0
4.254853E1	2.992833E1	-7.360877E0
4.258185E1	2.992810E1	-7.357550E0
4.261517E1	2.992770E1	-7.354023E0
4.264849E1	2.991170E1	-7.331575E0
4.268181E1	2.990985E1	-7.341886E0
4.271513E1	2.992619E1	-7.360620E0
4.274845E1	2.993044E1	-7.363320E0
4.278176E1	2.993128E1	-7.360985E0
4.281508E1	2.993727E1	-7.366073E0
4.284840E1	2.994004E1	-7.370007E0
4.288172E1	2.993915E1	-7.370674E0
4.291504E1	2.993788E1	-7.373069E0
4.294836E1	2.992965E1	-7.383887E0
4.298168E1	2.997223E1	-7.363952E0
4.301500E1	2.998712E1	-7.374376E0
4.304832E1	2.997908E1	-7.377346E0
4.308164E1	3.002984E1	-7.364733E0
4.311496E1	3.010780E1	-7.416210E0
4.314828E1	3.021799E1	-7.426466E0
4.318159E1	3.030840E1	-7.413104E0
4.321491E1	3.037728E1	-7.449452E0
4.324823E1	3.049764E1	-7.480276E0
4.328155E1	3.060695E1	-7.512344E0
4.331487E1	3.069322E1	-7.474241E0
4.334819E1	3.071877E1	-7.493378E0
4.338151E1	3.071767E1	-7.517778E0
4.341483E1	3.070339E1	-7.512775E0
4.344815E1	3.070476E1	-7.496514E0
4.348147E1	3.070172E1	-7.500621E0
4.351479E1	3.069690E1	-7.503742E0
4.354810E1	3.070028E1	-7.512915E0
4.358142E1	3.070167E1	-7.516603E0
4.361474E1	3.068424E1	-7.504076E0
4.364806E1	3.055794E1	-7.527327E0
4.368138E1	3.035825E1	-7.456668E0
4.371470E1	3.017979E1	-7.435602E0
4.374802E1	3.009312E1	-7.452668E0
4.378134E1	3.015911E1	-7.454364E0
4.381466E1	3.025019E1	-7.463299E0
4.384798E1	3.025467E1	-7.471624E0
4.388130E1	3.024717E1	-7.459250E0
4.391462E1	3.025041E1	-7.460253E0
4.394793E1	3.025221E1	-7.460897E0
4.398125E1	3.025223E1	-7.461210E0
4.401457E1	3.024843E1	-7.457648E0
4.404789E1	3.025612E1	-7.464091E0
4.408121E1	3.030562E1	-7.468424E0
4.411453E1	3.042738E1	-7.479800E0
4.414785E1	3.057099E1	-7.459867E0
4.418117E1	3.070672E1	-7.478463E0
4.421449E1	3.080091E1	-7.473399E0
4.424781E1	3.087349E1	-7.488259E0
4.428113E1	3.096512E1	-7.468195E0
4.431444E1	3.105521E1	-7.502292E0
4.434776E1	3.115188E1	-7.487344E0
4.438108E1	3.124764E1	-7.472882E0
4.441440E1	3.131346E1	-7.485258E0
4.444772E1	3.132205E1	-7.512013E0
4.448104E1	3.131052E1	-7.485600E0
4.451436E1	3.130417E1	-7.478509E0
4.454768E1	3.131339E1	-7.486435E0
4.458100E1	3.131375E1	-7.483904E0
4.461432E1	3.131364E1	-7.481883E0
4.464764E1	3.129974E1	-7.461523E0
4.468096E1	3.128850E1	-7.505362E0
4.471427E1	3.127736E1	-7.499487E0
4.474759E1	3.126696E1	-7.496687E0
4.478091E1	3.126649E1	-7.493389E0
4.481423E1	3.127382E1	-7.500816E0
4.484755E1	3.127217E1	-7.497872E0
4.488087E1	3.126745E1	-7.512799E0
4.491419E1	3.130019E1	-7.473160E0
4.494751E1	3.130579E1	-7.475752E0
4.498083E1	3.130952E1	-7.480963E0
4.501415E1	3.131184E1	-7.483240E0
4.504747E1	3.132492E1	-7.502774E0
4.508078E1	3.136631E1	-7.492833E0
4.511410E1	3.145091E1	-7.558115E0
4.514742E1	3.154068E1	-7.566625E0
4.518074E1	3.160817E1	-7.602003E0
4.521406E1	3.169137E1	-7.580084E0
4.524738E1	3.183101E1	-7.618135E0
4.528070E1	3.198236E1	-7.615530E0
4.531402E1	3.203165E1	-7.615572E0
4.534734E1	3.200153E1	-7.662793E0
4.538066E1	3.202872E1	-7.641159E0
4.541398E1	3.206151E1	-7.677969E0
4.544730E1	3.205538E1	-7.672906E0
4.548061E1	3.204847E1	-7.667826E0
4.551393E1	3.204625E1	-7.665891E0
4.554725E1	3.204429E1	-7.664087E0
4.558057E1	3.204304E1	-7.662907E0
4.561389E1	3.201344E1	-7.638403E0
4.564721E1	3.187397E1	-7.646722E0
4.568053E1	3.166759E1	-7.653380E0
4.571385E1	3.147184E1	-7.632914E0
4.574717E1	3.137615E1	-7.646239E0
4.578049E1	3.143442E1	-7.646610E0
4.581381E1	3.148704E1	-7.667018E0
4.584712E1	3.148622E1	-7.662594E0
4.588044E1	3.147677E1	-7.643114E0
4.591376E1	3.147785E1	-7.645489E0
4.594708E1	3.147648E1	-7.645026E0
4.598040E1	3.147747E1	-7.645905E0
4.601372E1	3.147866E1	-7.647247E0
4.604704E1	3.149393E1	-7.663294E0
4.608036E1	3.155084E1	-7.667456E0
4.611368E1	3.165363E1	-7.670340E0
4.614700E1	3.176592E1	-7.690296E0
4.618032E1	3.187320E1	-7.698581E0
4.621364E1	3.196802E1	-7.688374E0
4.624695E1	3.206069E1	-7.725594E0
4.628027E1	3.214959E1	-7.709106E0
4.631359E1	3.224264E1	-7.694092E0
4.634691E1	3.232376E1	-7.725921E0
4.638023E1	3.240665E1	-7.706296E0
4.641355E1	3.249065E1	-7.732679E0
4.644687E1	3.254132E1	-7.732729E0
4.648019E1	3.252345E1	-7.715422E0
4.651351E1	3.249346E1	-7.770410E0
4.654683E1	3.250111E1	-7.782580E0
4.658015E1	3.247976E1	-7.749568E0
4.661346E1	3.247948E1	-7.736587E0
4.664678E1	3.247712E1	-7.735787E0
4.668010E1	3.247930E1	-7.733946E0
4.671342E1	3.247484E1	-7.751861E0
4.674674E1	3.248432E1	-7.773494E0
4.678006E1	3.248306E1	-7.775895E0
4.681338E1	3.248231E1	-7.778587E0
4.684670E1	3.249171E1	-7.798293E0
4.688002E1	3.249451E1	-7.827476E0
4.691334E1	3.249291E1	-7.831595E0
4.694666E1	3.249087E1	-7.833811E0
4.697998E1	3.249054E1	-7.839633E0
4.701329E1	3.249115E1	-7.842321E0
4.704661E1	3.250108E1	-7.853510E0
4.707993E1	3.254950E1	-7.856472E0
4.711325E1	3.264058E1	-7.847571E0
4.714657E1	3.275538E1	-7.859297E0
4.717989E1	3.282510E1	-7.896438E0
4.721321E1	3.291553E1	-7.882709E0
4.724653E1	3.304225E1	-7.905809E0
4.727985E1	3.318822E1	-7.895435E0
4.731317E1	3.325696E1	-7.915003E0
4.734649E1	3.327040E1	-7.957393E0
4.737980E1	3.328296E1	-7.971332E0
4.741312E1	3.325063E1	-7.941330E0
4.744644E1	3.324846E1	-7.942127E0
4.747976E1	3.325731E1	-7.951196E0
4.751308E1	3.325423E1	-7.949531E0
4.754640E1	3.325568E1	-7.951645E0
4.757972E1	3.325714E1	-7.953028E0
4.761304E1	3.323155E1	-7.973889E0
4.764636E1	3.311022E1	-7.959627E0
4.767968E1	3.292000E1	-7.898934E0
4.771300E1	3.275356E1	-7.898062E0
4.774632E1	3.264346E1	-7.879470E0
4.777963E1	3.271083E1	-7.881417E0
4.781295E1	3.276159E1	-7.892765E0
4.784627E1	3.276307E1	-7.902119E0
4.787959E1	3.276614E1	-7.903057E0
4.791291E1	3.276528E1	-7.900718E0
4.794623E1	3.276401E1	-7.898983E0
4.797955E1	3.276342E1	-7.898349E0
4.801287E1	3.276184E1	-7.896497E0
4.804619E1	3.277478E1	-7.909848E0
4.807951E1	3.284139E1	-7.913679E0
4.811283E1	3.295884E1	-7.883395E0
4.814614E1	3.309023E1	-7.898947E0
4.817946E1	3.320466E1	-7.901672E0
4.821278E1	3.330197E1	-7.897880E0
4.824610E1	3.337997E1	-7.923658E0
4.827942E1	3.346700E1	-7.895677E0
4.831274E1	3.355626E1	-7.928064E0
4.834606E1	3.364499E1	-7.911598E0
4.837938E1	3.370850E1	-7.939910E0
4.841270E1	3.377446E1	-7.968741E0
4.844602E1	3.382080E1	-7.965733E0
4.847934E1	3.380863E1	-7.951817E0
4.851266E1	3.378501E1	-7.980490E0
4.854597E1	3.379762E1	-7.951452E0
4.857929E1	3.381075E1	-7.961556E0
4.861261E1	3.380664E1	-7.954999E0
4.864593E1	3.380908E1	-7.957783E0
4.867925E1	3.381234E1	-7.965544E0
4.871257E1	3.382582E1	-7.991018E0
4.874589E1	3.382912E1	-7.980181E0
4.877921E1	3.381207E1	-7.954730E0
4.881253E1	3.381711E1	-7.968984E0
4.884585E1	3.381793E1	-7.972399E0
4.887917E1	3.381367E1	-7.997717E0
4.891249E1	3.382478E1	-8.020603E0
4.894580E1	3.383501E1	-8.032215E0
4.897912E1	3.383101E1	-8.031707E0
4.901244E1	3.383317E1	-8.042596E0
4.904576E1	3.385474E1	-8.016769E0
4.907908E1	3.387608E1	-8.057257E0
4.911240E1	3.394340E1	-8.089750E0
4.914572E1	3.405056E1	-8.117150E0
4.917904E1	3.419509E1	-8.092621E0
4.921236E1	3.430780E1	-8.114167E0
4.924568E1	3.443348E1	-8.146188E0
4.927900E1	3.447982E1	-8.143649E0
4.931231E1	3.449438E1	-8.162195E0
4.934563E1	3.455314E1	-8.168876E0
4.937895E1	3.459831E1	-8.185953E0
4.941227E1	3.461218E1	-8.209296E0
4.944559E1	3.459529E1	-8.193730E0
4.947891E1	3.459631E1	-8.196032E0
4.951223E1	3.459736E1	-8.199318E0
4.954555E1	3.459713E1	-8.199891E0
4.957887E1	3.459719E1	-8.200507E0
4.961219E1	3.457627E1	-8.185693E0
4.964551E1	3.447836E1	-8.151883E0
4.967883E1	3.433914E1	-8.151046E0
4.971214E1	3.419259E1	-8.117923E0
4.974546E1	3.415664E1	-8.138268E0
4.977878E1	3.425196E1	-8.133651E0
4.981210E1	3.427425E1	-8.153070E0
4.984542E1	3.427497E1	-8.154187E0
4.987874E1	3.427049E1	-8.148681E0
4.991206E1	3.426706E1	-8.145030E0
4.994538E1	3.426518E1	-8.143190E0
4.997870E1	3.425916E1	-8.137036E0
5.001202E1	3.425901E1	-8.136405E0
5.004534E1	3.426402E1	-8.141303E0
5.007865E1	3.431383E1	-8.146763E0
5.011197E1	3.442929E1	-8.149347E0
5.014529E1	3.457165E1	-8.130280E0
5.017861E1	3.469113E1	-8.141546E0
5.021193E1	3.477128E1	-8.170852E0
5.024525E1	3.486514E1	-8.148145E0
5.027857E1	3.496659E1	-8.147328E0
5.031189E1	3.504060E1	-8.184795E0
5.034521E1	3.514255E1	-8.163080E0
5.037853E1	3.521485E1	-8.179493E0
5.041185E1	3.526047E1	-8.187606E0
5.044517E1	3.530755E1	-8.192657E0
5.047848E1	3.530934E1	-8.180544E0
5.051180E1	3.531123E1	-8.174345E0
5.054512E1	3.531860E1	-8.170061E0
5.057844E1	3.532950E1	-8.175146E0
5.061176E1	3.530103E1	-8.141649E0
5.064508E1	3.530195E1	-8.150808E0
5.067840E1	3.531246E1	-8.165371E0
5.071172E1	3.532054E1	-8.173155E0
5.074504E1	3.532038E1	-8.170675E0
5.077836E1	3.531806E1	-8.178919E0
5.081168E1	3.531172E1	-8.188578E0
5.084499E1	3.532983E1	-8.223296E0
5.087831E1	3.533568E1	-8.234882E0
5.091163E1	3.533068E1	-8.229130E0
5.094495E1	3.532168E1	-8.242621E0
5.097827E1	3.532779E1	-8.268708E0
5.101159E1	3.532664E1	-8.271389E0
5.104491E1	3.535322E1	-8.252632E0
5.107823E1	3.538376E1	-8.311640E0
5.111155E1	3.544376E1	-8.333166E0
5.114487E1	3.555588E1	-8.350584E0
5.117819E1	3.568871E1	-8.320435E0
5.121151E1	3.579806E1	-8.315979E0
5.124482E1	3.588054E1	-8.338147E0
5.127814E1	3.595364E1	-8.356325E0
5.131146E1	3.599211E1	-8.376463E0
5.134478E1	3.607047E1	-8.375049E0
5.137810E1	3.610055E1	-8.421063E0
5.141142E1	3.609207E1	-8.420333E0
5.144474E1	3.605265E1	-8.442299E0
5.147806E1	3.608817E1	-8.408736E0
5.151138E1	3.608529E1	-8.396530E0
5.154470E1	3.608728E1	-8.394734E0
5.157802E1	3.608990E1	-8.394261E0
5.161133E1	3.604608E1	-8.417533E0
5.164465E1	3.593286E1	-8.415028E0
5.167797E1	3.574614E1	-8.360546E0
5.171129E1	3.557737E1	-8.364695E0
5.174461E1	3.547234E1	-8.363152E0
5.177793E1	3.553736E1	-8.368734E0
5.181125E1	3.560643E1	-8.394284E0
5.184457E1	3.562178E1	-8.366967E0
5.187789E1	3.563000E1	-8.371713E0
5.191121E1	3.563464E1	-8.374061E0
5.194453E1	3.563641E1	-8.373799E0
5.197785E1	3.562741E1	-8.365087E0
5.201116E1	3.562344E1	-8.362429E0
5.204448E1	3.563011E1	-8.368025E0
5.207780E1	3.566169E1	-8.419424E0
5.211112E1	3.577352E1	-8.436592E0
5.214444E1	3.592412E1	-8.407068E0
5.217776E1	3.604188E1	-8.408500E0
5.221108E1	3.613393E1	-8.393595E0
5.224440E1	3.621112E1	-8.439156E0
5.227772E1	3.630426E1	-8.425084E0
5.231104E1	3.636358E1	-8.437075E0
5.234436E1	3.643079E1	-8.457347E0
5.237767E1	3.652485E1	-8.440121E0
5.241099E1	3.661423E1	-8.472600E0
5.244431E1	3.665952E1	-8.471567E0
5.247763E1	3.664526E1	-8.455371E0
5.251095E1	3.661963E1	-8.474083E0
5.254427E1	3.660044E1	-8.454691E0
5.257759E1	3.661350E1	-8.469994E0
5.261091E1	3.659573E1	-8.458863E0
5.264423E1	3.658549E1	-8.453954E0
5.267755E1	3.659382E1	-8.462195E0
5.271087E1	3.659237E1	-8.460356E0
5.274419E1	3.659108E1	-8.465119E0
5.277750E1	3.659322E1	-8.469067E0
5.281082E1	3.659699E1	-8.477507E0
5.284414E1	3.658891E1	-8.484320E0
5.287746E1	3.659513E1	-8.506533E0
5.291078E1	3.659999E1	-8.516640E0
5.294410E1	3.660168E1	-8.524254E0
5.297742E1	3.659628E1	-8.545757E0
5.301074E1	3.661067E1	-8.576225E0
5.304406E1	3.661329E1	-8.582988E0
5.307738E1	3.663854E1	-8.562182E0
5.311070E1	3.669896E1	-8.596806E0
5.314401E1	3.683063E1	-8.635793E0
5.317733E1	3.694095E1	-8.643122E0
5.321065E1	3.702534E1	-8.620654E0
5.324397E1	3.710452E1	-8.636303E0
5.327729E1	3.721918E1	-8.639683E0
5.331061E1	3.732382E1	-8.643657E0
5.334393E1	3.736628E1	-8.654415E0
5.337725E1	3.737156E1	-8.678459E0
5.341057E1	3.737326E1	-8.685567E0
5.344389E1	3.735887E1	-8.678939E0
5.347721E1	3.736723E1	-8.685238E0
5.351053E1	3.736807E1	-8.685756E0
5.354384E1	3.736853E1	-8.686296E0
5.357716E1	3.736915E1	-8.686703E0
5.361048E1	3.735223E1	-8.674046E0
5.364380E1	3.726338E1	-8.684267E0
5.367712E1	3.709415E1	-8.664410E0
5.371044E1	3.691833E1	-8.620749E0
5.374376E1	3.680918E1	-8.608628E0
5.377708E1	3.686194E1	-8.586724E0
5.381040E1	3.687786E1	-8.618694E0
5.384372E1	3.687852E1	-8.629860E0
5.387704E1	3.687705E1	-8.627993E0
5.391035E1	3.687457E1	-8.626040E0
5.394367E1	3.687244E1	-8.623902E0
5.397699E1	3.686806E1	-8.619593E0
5.401031E1	3.686544E1	-8.617065E0
5.404363E1	3.686559E1	-8.618436E0
5.407695E1	3.693101E1	-8.638685E0
5.411027E1	3.705451E1	-8.652687E0
5.414359E1	3.717780E1	-8.614697E0
5.417691E1	3.729324E1	-8.619079E0
5.421023E1	3.736797E1	-8.641520E0
5.424355E1	3.743343E1	-8.643633E0
5.427687E1	3.749422E1	-8.667468E0
5.431018E1	3.759513E1	-8.649107E0
5.434350E1	3.766463E1	-8.687617E0
5.437682E1	3.771472E1	-8.694329E0
5.441014E1	3.775411E1	-8.678929E0
5.444346E1	3.776847E1	-8.697496E0
5.447678E1	3.777313E1	-8.706570E0
5.451010E1	3.775661E1	-8.682846E0
5.454342E1	3.774233E1	-8.665032E0
5.457674E1	3.775693E1	-8.686193E0
5.461006E1	3.775029E1	-8.687506E0
5.464338E1	3.774718E1	-8.689721E0
5.467669E1	3.774352E1	-8.684366E0
5.471001E1	3.773654E1	-8.678536E0
5.474333E1	3.774816E1	-8.691095E0
5.477665E1	3.775697E1	-8.704459E0
5.480997E1	3.776199E1	-8.710390E0
5.484329E1	3.775727E1	-8.727837E0
5.487661E1	3.776455E1	-8.750572E0
5.490993E1	3.776474E1	-8.752849E0
5.494325E1	3.776896E1	-8.765284E0
5.497657E1	3.776935E1	-8.771033E0
5.500989E1	3.775911E1	-8.778817E0
5.504321E1	3.776447E1	-8.798411E0
5.507652E1	3.779681E1	-8.787804E0
5.510984E1	3.786369E1	-8.810775E0
5.514316E1	3.798125E1	-8.829951E0
5.517648E1	3.808041E1	-8.842708E0
5.520980E1	3.816114E1	-8.872376E0
5.524312E1	3.824745E1	-8.855222E0
5.527644E1	3.837486E1	-8.874876E0
5.530976E1	3.849528E1	-8.894819E0
5.534308E1	3.851444E1	-8.901403E0
5.537640E1	3.854812E1	-8.942109E0
5.540972E1	3.854783E1	-8.958919E0
5.544303E1	3.854414E1	-8.969175E0
5.547635E1	3.854247E1	-8.975415E0
5.550967E1	3.854041E1	-8.977259E0
5.554299E1	3.853918E1	-8.978690E0
5.557631E1	3.853814E1	-8.979812E0
5.560963E1	3.852486E1	-8.969125E0
5.564295E1	3.842838E1	-8.972478E0
5.567627E1	3.826824E1	-8.939581E0
5.570959E1	3.810079E1	-8.924616E0
5.574291E1	3.802404E1	-8.871996E0
5.577623E1	3.805061E1	-8.872821E0
5.580955E1	3.804687E1	-8.869797E0
5.584286E1	3.804283E1	-8.875225E0
5.587618E1	3.804134E1	-8.865482E0
5.590950E1	3.803997E1	-8.865134E0
5.594282E1	3.803280E1	-8.857750E0
5.597614E1	3.803380E1	-8.859317E0
5.600946E1	3.803267E1	-8.858808E0
5.604278E1	3.804562E1	-8.873784E0
5.607610E1	3.813037E1	-8.854969E0
5.610942E1	3.824519E1	-8.869303E0
5.614274E1	3.836968E1	-8.883447E0
5.617606E1	3.848635E1	-8.883682E0
5.620937E1	3.855668E1	-8.896969E0
5.624269E1	3.860090E1	-8.911381E0
5.627601E1	3.870315E1	-8.899643E0
5.630933E1	3.879901E1	-8.877369E0
5.634265E1	3.887137E1	-8.897801E0
5.637597E1	3.891423E1	-8.881398E0
5.640929E1	3.891698E1	-8.880933E0
5.644261E1	3.887393E1	-8.923460E0
5.647593E1	3.886640E1	-8.924301E0
5.650925E1	3.885932E1	-8.891407E0
5.654257E1	3.886409E1	-8.888430E0
5.657589E1	3.886692E1	-8.888088E0
5.660920E1	3.883115E1	-8.933956E0
5.664252E1	3.881249E1	-8.921922E0
5.667584E1	3.881269E1	-8.925121E0
5.670916E1	3.881643E1	-8.931005E0
5.674248E1	3.880870E1	-8.927499E0
5.677580E1	3.880920E1	-8.930162E0
5.680912E1	3.881350E1	-8.940330E0
5.684244E1	3.881584E1	-8.951823E0
5.687576E1	3.881758E1	-8.956396E0
5.690908E1	3.880887E1	-8.966205E0
5.694240E1	3.881209E1	-8.985407E0
5.697571E1	3.881234E1	-8.988154E0
5.700903E1	3.881749E1	-9.001885E0
5.704235E1	3.880933E1	-8.993104E0
5.707567E1	3.881796E1	-9.025268E0
5.710899E1	3.890117E1	-9.018860E0
5.714231E1	3.902990E1	-9.052415E0
5.717563E1	3.910412E1	-9.096976E0
5.720895E1	3.919708E1	-9.075646E0
5.724227E1	3.931038E1	-9.073936E0
5.727559E1	3.941635E1	-9.081005E0
5.730891E1	3.947364E1	-9.092491E0
5.734223E1	3.949733E1	-9.135690E0
5.737554E1	3.954407E1	-9.147540E0
5.740886E1	3.960825E1	-9.168807E0
5.744218E1	3.963819E1	-9.131340E0
5.747550E1	3.963945E1	-9.122270E0
5.750882E1	3.964173E1	-9.119390E0
5.754214E1	3.964318E1	-9.117370E0
5.757546E1	3.964373E1	-9.116240E0
5.760878E1	3.963268E1	-9.105105E0
5.764210E1	3.955451E1	-9.120281E0
5.767542E1	3.942992E1	-9.051685E0
5.770874E1	3.935302E1	-9.037813E0
5.774205E1	3.936088E1	-9.017929E0
5.777537E1	3.942269E1	-9.039099E0
5.780869E1	3.943578E1	-9.061805E0
5.784201E1	3.943303E1	-9.058701E0
5.787533E1	3.943441E1	-9.060440E0
5.790865E1	3.942221E1	-9.043712E0
5.794197E1	3.942207E1	-9.045238E0
5.797529E1	3.942295E1	-9.047804E0
5.800861E1	3.941772E1	-9.042777E0
5.804193E1	3.942399E1	-9.048816E0
5.807525E1	3.945655E1	-9.041482E0
5.810857E1	3.953603E1	-9.063091E0
5.814188E1	3.964060E1	-9.051624E0
5.817520E1	3.974821E1	-9.050004E0
5.820852E1	3.983183E1	-9.081245E0
5.824184E1	3.988069E1	-9.091137E0
5.827516E1	3.996568E1	-9.061107E0
5.830848E1	4.004212E1	-9.080389E0
5.834180E1	4.013861E1	-9.070400E0
5.837512E1	4.021500E1	-9.121294E0
5.840844E1	4.029760E1	-9.103065E0
5.844176E1	4.035107E1	-9.107330E0
5.847508E1	4.034008E1	-9.147132E0
5.850839E1	4.030477E1	-9.109009E0
5.854171E1	4.031203E1	-9.119068E0
5.857503E1	4.031272E1	-9.121874E0
5.860835E1	4.029521E1	-9.113210E0
5.864167E1	4.030678E1	-9.126929E0
5.867499E1	4.031286E1	-9.134628E0
5.870831E1	4.030636E1	-9.122186E0
5.874163E1	4.027725E1	-9.141439E0
5.877495E1	4.027578E1	-9.145019E0
5.880827E1	4.026877E1	-9.145696E0
5.884159E1	4.025533E1	-9.151933E0
5.887491E1	4.026903E1	-9.185331E0
5.890822E1	4.026716E1	-9.212609E0
5.894154E1	4.026954E1	-9.232104E0
5.897486E1	4.026603E1	-9.235217E0
5.900818E1	4.026358E1	-9.236961E0
5.904150E1	4.026808E1	-9.248608E0
5.907482E1	4.027192E1	-9.281482E0
5.910814E1	4.032688E1	-9.299318E0
5.914146E1	4.042563E1	-9.322503E0
5.917478E1	4.054172E1	-9.344648E0
5.920810E1	4.060620E1	-9.356884E0
5.924142E1	4.066236E1	-9.364145E0
5.927473E1	4.075609E1	-9.353423E0
5.930805E1	4.087604E1	-9.386603E0
5.934137E1	4.096230E1	-9.385547E0
5.937469E1	4.099382E1	-9.433084E0
5.940801E1	4.098238E1	-9.440488E0
5.944133E1	4.096792E1	-9.418770E0
5.947465E1	4.098231E1	-9.426993E0
5.950797E1	4.098094E1	-9.421774E0
5.954129E1	4.097775E1	-9.416138E0
5.957461E1	4.098084E1	-9.417631E0
5.960793E1	4.096438E1	-9.402912E0
5.964125E1	4.086501E1	-9.399599E0
5.967456E1	4.069414E1	-9.349641E0
5.970788E1	4.053134E1	-9.327694E0
5.974120E1	4.058086E1	-9.296902E0
5.977452E1	4.074384E1	-9.280127E0
5.980784E1	4.080558E1	-9.294374E0
5.984116E1	4.081042E1	-9.297986E0
5.987448E1	4.082283E1	-9.312175E0
5.990780E1	4.082399E1	-9.310728E0
5.994112E1	4.085101E1	-9.292358E0
5.997444E1	4.087326E1	-9.307812E0
6.000776E1	4.088251E1	-9.312701E0
6.004107E1	4.088563E1	-9.314637E0
6.007439E1	4.093183E1	-9.314242E0
6.010771E1	4.101172E1	-9.284808E0
6.014103E1	4.110484E1	-9.312428E0
6.017435E1	4.120297E1	-9.313896E0
6.020767E1	4.127275E1	-9.344382E0
6.024099E1	4.136495E1	-9.323688E0
6.027431E1	4.143870E1	-9.362383E0
6.030763E1	4.152512E1	-9.348991E0
6.034095E1	4.159453E1	-9.364183E0
6.037427E1	4.164348E1	-9.368949E0
6.040759E1	4.169545E1	-9.373233E0
6.044090E1	4.171173E1	-9.401249E0
6.047422E1	4.170355E1	-9.402597E0
6.050754E1	4.166711E1	-9.431987E0
6.054086E1	4.164207E1	-9.408371E0
6.057418E1	4.164720E1	-9.421361E0
6.060750E1	4.164659E1	-9.421907E0
6.064082E1	4.163342E1	-9.408080E0
6.067414E1	4.162238E1	-9.404805E0
6.070746E1	4.163214E1	-9.416625E0
6.074078E1	4.163594E1	-9.419770E0
6.077410E1	4.165554E1	-9.441788E0
6.080741E1	4.165774E1	-9.458063E0
6.084073E1	4.166372E1	-9.482707E0
6.087405E1	4.163767E1	-9.476372E0
6.090737E1	4.160879E1	-9.534308E0
6.094069E1	4.163625E1	-9.519230E0
6.097401E1	4.165564E1	-9.547858E0
6.100733E1	4.165465E1	-9.545933E0
6.104065E1	4.166081E1	-9.550574E0
6.107397E1	4.167913E1	-9.525134E0
6.110729E1	4.174363E1	-9.539289E0
6.114061E1	4.185661E1	-9.564780E0
6.117393E1	4.198991E1	-9.584450E0
6.120724E1	4.210488E1	-9.560529E0
6.124056E1	4.220107E1	-9.536409E0
6.127388E1	4.229409E1	-9.533450E0
6.130720E1	4.233789E1	-9.609923E0
6.134052E1	4.235490E1	-9.593711E0
6.137384E1	4.237427E1	-9.612662E0
6.140716E1	4.236061E1	-9.598518E0
6.144048E1	4.233628E1	-9.619538E0
6.147380E1	4.234151E1	-9.619712E0
6.150712E1	4.233325E1	-9.614143E0
6.154044E1	4.232584E1	-9.609093E0
6.157375E1	4.232538E1	-9.610064E0
6.160707E1	4.231225E1	-9.598308E0
6.164039E1	4.224415E1	-9.586185E0
6.167371E1	4.210145E1	-9.565024E0
6.170703E1	4.191762E1	-9.537166E0
6.174035E1	4.176820E1	-9.486083E0
6.177367E1	4.176753E1	-9.467301E0
6.180699E1	4.180259E1	-9.468619E0
