	mass A		
t	x	y	
0.000000E0	-1.421085E-14	0.000000E0
3.331913E-2	6.808774E-2	1.326332E-2
6.663826E-2	1.865088E-1	2.675343E-2
9.995739E-2	2.800418E-1	5.110765E-2
1.332765E-1	3.593201E-1	4.810790E-2
1.665957E-1	4.340165E-1	6.364468E-2
1.999148E-1	5.182989E-1	5.379080E-2
2.332339E-1	6.069560E-1	6.652313E-2
2.665530E-1	6.778476E-1	6.276034E-2
2.998722E-1	7.396233E-1	6.554963E-2
3.331913E-1	8.097167E-1	9.736701E-2
3.665104E-1	8.599044E-1	9.486916E-2
3.998296E-1	8.869689E-1	1.104974E-1
4.331487E-1	9.090487E-1	9.826486E-2
4.664678E-1	9.403821E-1	1.280164E-1
4.997870E-1	9.701480E-1	1.250513E-1
5.331061E-1	1.003612E0	1.473479E-1
5.664252E-1	1.047655E0	1.599394E-1
5.997443E-1	1.095462E0	1.678269E-1
6.330635E-1	1.136459E0	1.556618E-1
6.663826E-1	1.175651E0	1.577027E-1
6.997017E-1	1.219908E0	1.621138E-1
7.330209E-1	1.272934E0	1.923241E-1
7.663400E-1	1.316369E0	2.075620E-1
7.996591E-1	1.375125E0	2.036703E-1
8.329783E-1	1.428995E0	2.126802E-1
8.662974E-1	1.500141E0	2.328220E-1
8.996165E-1	1.556869E0	2.458376E-1
9.329357E-1	1.615788E0	2.525859E-1
9.662548E-1	1.658910E0	2.574503E-1
9.995739E-1	1.688304E0	2.445967E-1
1.032893E0	1.766202E0	2.528707E-1
1.066212E0	1.901656E0	2.402446E-1
1.099531E0	2.073208E0	2.352534E-1
1.132850E0	2.201966E0	2.291272E-1
1.166170E0	2.195672E0	2.286738E-1
1.199489E0	2.190797E0	2.311780E-1
1.232808E0	2.235728E0	2.322257E-1
1.266127E0	2.284782E0	2.306853E-1
1.299446E0	2.285347E0	2.321212E-1
1.332765E0	2.247805E0	2.268916E-1
1.366084E0	2.238120E0	2.290713E-1
1.399403E0	2.244095E0	2.283801E-1
1.432723E0	2.236583E0	2.338940E-1
1.466042E0	2.236882E0	2.314690E-1
1.499361E0	2.237235E0	2.316803E-1
1.532680E0	2.221924E0	2.339301E-1
1.565999E0	2.107958E0	2.389535E-1
1.599318E0	1.893559E0	2.304483E-1
1.632637E0	1.688273E0	1.977945E-1
1.665957E0	1.568038E0	1.909594E-1
1.699276E0	1.572873E0	2.210071E-1
1.732595E0	1.639428E0	1.885508E-1
1.765914E0	1.658030E0	1.592364E-1
1.799233E0	1.671691E0	1.563262E-1
1.832552E0	1.675252E0	1.498749E-1
1.865871E0	1.672960E0	1.472399E-1
1.899190E0	1.671387E0	1.454771E-1
1.932510E0	1.672395E0	1.430282E-1
1.965829E0	1.694133E0	1.281307E-1
1.999148E0	1.781200E0	1.340818E-1
2.032467E0	1.913575E0	1.277291E-1
2.065786E0	2.031733E0	1.294734E-1
2.099105E0	2.133843E0	1.369787E-1
2.132424E0	2.235634E0	1.345445E-1
2.165743E0	2.314751E0	1.416101E-1
2.199063E0	2.399838E0	1.294812E-1
2.232382E0	2.486643E0	1.392472E-1
2.265701E0	2.573858E0	1.244052E-1
2.299020E0	2.626182E0	1.254322E-1
2.332339E0	2.674741E0	1.460954E-1
2.365658E0	2.710734E0	1.686827E-1
2.398977E0	2.731175E0	1.663665E-1
2.432297E0	2.722632E0	1.820106E-1
2.465616E0	2.730321E0	1.775317E-1
2.498935E0	2.737786E0	1.735402E-1
2.532254E0	2.749223E0	1.745156E-1
2.565573E0	2.777889E0	1.889738E-1
2.598892E0	2.791191E0	1.810827E-1
2.632211E0	2.798700E0	1.755298E-1
2.665530E0	2.807407E0	1.728903E-1
2.698850E0	2.838033E0	1.962736E-1
2.732169E0	2.853596E0	2.008991E-1
2.765488E0	2.881803E0	2.248606E-1
2.798807E0	2.915393E0	2.113852E-1
2.832126E0	2.946450E0	2.277337E-1
2.865445E0	2.986105E0	2.424180E-1
2.898764E0	3.029921E0	2.281374E-1
2.932083E0	3.068286E0	2.376337E-1
2.965403E0	3.106839E0	2.614890E-1
2.998722E0	3.137610E0	2.548751E-1
3.032041E0	3.216033E0	2.685053E-1
3.065360E0	3.359591E0	2.431372E-1
3.098679E0	3.522883E0	2.116420E-1
3.131998E0	3.674722E0	1.916057E-1
3.165317E0	3.706230E0	2.041798E-1
3.198637E0	3.727490E0	2.064857E-1
3.231956E0	3.788582E0	2.048508E-1
3.265275E0	3.839814E0	2.158059E-1
3.298594E0	3.847096E0	2.132678E-1
3.331913E0	3.812265E0	2.056573E-1
3.365232E0	3.808175E0	2.047936E-1
3.398551E0	3.806152E0	2.049051E-1
3.431870E0	3.802763E0	2.051201E-1
3.465190E0	3.804303E0	2.039906E-1
3.498509E0	3.802049E0	2.045934E-1
3.531828E0	3.785470E0	2.069828E-1
3.565147E0	3.675974E0	2.098392E-1
3.598466E0	3.475580E0	1.977168E-1
3.631785E0	3.293149E0	1.750136E-1
3.665104E0	3.221136E0	1.681081E-1
3.698423E0	3.240474E0	1.915755E-1
3.731743E0	3.306999E0	1.438418E-1
3.765062E0	3.321782E0	1.195091E-1
3.798381E0	3.340790E0	1.118488E-1
3.831700E0	3.346522E0	1.074496E-1
3.865019E0	3.345888E0	1.059598E-1
3.898338E0	3.345374E0	1.041676E-1
3.931657E0	3.344671E0	1.035094E-1
3.964977E0	3.349978E0	9.813945E-2
3.998296E0	3.428973E0	9.844947E-2
4.031615E0	3.560504E0	9.688211E-2
4.064934E0	3.674692E0	9.719087E-2
4.098253E0	3.726195E0	1.044075E-1
4.131572E0	3.808701E0	9.277995E-2
4.164891E0	3.900547E0	1.019595E-1
4.198210E0	4.009396E0	1.069671E-1
4.231530E0	4.120409E0	1.159984E-1
4.264849E0	4.179905E0	1.271674E-1
4.298168E0	4.237381E0	1.336725E-1
4.331487E0	4.288952E0	1.423613E-1
4.364806E0	4.332808E0	1.472179E-1
4.398125E0	4.320607E0	1.574510E-1
4.431444E0	4.323132E0	1.550380E-1
4.464763E0	4.327936E0	1.501065E-1
4.498083E0	4.311342E0	1.291019E-1
4.531402E0	4.305260E0	1.328650E-1
4.564721E0	4.306955E0	1.330181E-1
4.598040E0	4.302845E0	1.340320E-1
4.631359E0	4.299607E0	1.363558E-1
4.664678E0	4.298364E0	1.365404E-1
4.697997E0	4.300900E0	1.344222E-1
4.731317E0	4.298520E0	1.359641E-1
4.764636E0	4.300278E0	1.339203E-1
4.797955E0	4.300586E0	1.333618E-1
4.831274E0	4.311257E0	1.286805E-1
4.864593E0	4.310902E0	1.309898E-1
4.897912E0	4.323345E0	1.462206E-1
4.931231E0	4.345228E0	1.399255E-1
4.964550E0	4.353355E0	1.380807E-1
4.997870E0	4.363103E0	1.346049E-1
5.031189E0	4.411703E0	1.334563E-1
5.064508E0	4.541423E0	1.369647E-1
5.097827E0	4.683951E0	1.086724E-1
5.131146E0	4.803452E0	7.157549E-2
5.164465E0	4.941416E0	5.234385E-2
5.197784E0	4.985580E0	6.380373E-2
5.231103E0	5.014843E0	6.854929E-2
5.264423E0	5.085146E0	7.754573E-2
5.297742E0	5.130067E0	9.536119E-2
5.331061E0	5.126145E0	9.442148E-2
5.364380E0	5.105490E0	1.111887E-1
5.397699E0	5.111022E0	1.139520E-1
5.431018E0	5.115189E0	1.150353E-1
5.464337E0	5.117562E0	1.157628E-1
5.497657E0	5.119426E0	1.157964E-1
5.530976E0	5.107922E0	1.201815E-1
5.564295E0	5.019901E0	1.124259E-1
5.597614E0	4.854939E0	1.161048E-1
5.630933E0	4.727917E0	1.242060E-1
5.664252E0	4.686580E0	1.140602E-1
5.697571E0	4.725027E0	1.480902E-1
5.730890E0	4.787417E0	9.662997E-2
5.764210E0	4.807925E0	4.467185E-2
5.797529E0	4.818922E0	7.259572E-2
5.830848E0	4.832557E0	6.862276E-2
5.864167E0	4.833404E0	6.901460E-2
5.897486E0	4.834810E0	6.849431E-2
5.930805E0	4.834952E0	6.885513E-2
5.964124E0	4.842314E0	6.228693E-2
5.997443E0	4.901503E0	4.117923E-2
6.030763E0	5.025253E0	3.930167E-2
6.064082E0	5.131646E0	4.851041E-2
6.097401E0	5.230225E0	6.341310E-2
6.130720E0	5.323200E0	7.044958E-2
6.164039E0	5.399174E0	5.900045E-2
6.197358E0	5.467006E0	5.382561E-2
6.230677E0	5.556699E0	6.570399E-2
6.263997E0	5.649175E0	5.441757E-2
6.297316E0	5.720260E0	6.934593E-2
6.330635E0	5.786156E0	6.056041E-2
6.363954E0	5.843354E0	5.887474E-2
6.397273E0	5.871742E0	4.227377E-2
6.430592E0	5.842717E0	5.901487E-2
6.463911E0	5.809564E0	5.540243E-2
6.497230E0	5.825335E0	6.240836E-2
6.530550E0	5.828676E0	5.969698E-2
6.563869E0	5.810087E0	3.536321E-2
6.597188E0	5.818574E0	5.348804E-2
6.630507E0	5.824603E0	5.277846E-2
6.663826E0	5.811303E0	3.445953E-2
6.697145E0	5.811089E0	3.496885E-2
6.730464E0	5.812396E0	3.765454E-2
6.763783E0	5.824774E0	5.737435E-2
6.797103E0	5.835148E0	5.118422E-2
6.830422E0	5.832643E0	5.237850E-2
6.863741E0	5.834917E0	5.197635E-2
6.897060E0	5.837828E0	5.060883E-2
6.930379E0	5.847803E0	4.608702E-2
6.963698E0	5.847478E0	4.623316E-2
6.997017E0	5.875152E0	5.793017E-2
7.030337E0	5.959876E0	4.199696E-2
7.063656E0	6.082052E0	2.736561E-2
7.096975E0	6.202225E0	-9.407301E-3
7.130294E0	6.356542E0	-4.190845E-2
7.163613E0	6.443322E0	-3.919204E-2
7.196932E0	6.447283E0	-2.956728E-2
7.230251E0	6.483658E0	-2.936664E-2
7.263570E0	6.554689E0	-5.685480E-4
7.296890E0	6.620615E0	8.593113E-3
7.330209E0	6.612920E0	-4.675970E-3
7.363528E0	6.578146E0	-1.589067E-2
7.396847E0	6.584489E0	-1.331736E-2
7.430166E0	6.574716E0	-1.655781E-2
7.463485E0	6.573164E0	-1.806046E-2
7.496804E0	6.572186E0	-1.830203E-2
7.530123E0	6.557429E0	-1.313616E-2
7.563443E0	6.472655E0	-2.140323E-2
7.596762E0	6.292537E0	-1.062654E-2
7.630081E0	6.142760E0	-1.900903E-2
7.663400E0	6.076027E0	-1.802749E-2
7.696719E0	6.116695E0	2.213526E-2
7.730038E0	6.136850E0	-1.449660E-2
7.763357E0	6.141803E0	-3.221750E-2
7.796677E0	6.166823E0	-1.819456E-2
7.829996E0	6.170279E0	-1.682011E-2
7.863315E0	6.169136E0	-1.536713E-2
7.896634E0	6.170851E0	-1.564635E-2
7.929953E0	6.169838E0	-1.506330E-2
7.963272E0	6.173499E0	-1.473204E-2
7.996591E0	6.233733E0	-3.362050E-2
8.029910E0	6.318860E0	-1.502843E-2
8.063230E0	6.407157E0	-1.932065E-2
8.096549E0	6.505476E0	-9.430962E-3
8.129868E0	6.614669E0	-1.966420E-2
8.163187E0	6.698374E0	-3.290958E-2
8.196506E0	6.775693E0	-1.613112E-2
8.229825E0	6.850629E0	-2.035312E-2
8.263144E0	6.934128E0	-9.720707E-3
8.296463E0	7.010052E0	-2.686004E-2
8.329783E0	7.057153E0	-2.460124E-2
8.363102E0	7.059573E0	-2.248627E-2
8.396421E0	7.032207E0	-3.238954E-2
8.429740E0	7.023285E0	-3.553958E-2
8.463059E0	7.021130E0	-3.791236E-2
8.496378E0	7.016668E0	-3.047542E-2
8.529697E0	7.004291E0	-2.813752E-2
8.563017E0	6.988320E0	-2.588877E-2
8.596336E0	7.002734E0	-2.947328E-2
8.629655E0	7.003049E0	-2.820791E-2
8.662974E0	6.984131E0	-5.248302E-2
8.696293E0	6.979436E0	-4.890527E-2
8.729612E0	6.982436E0	-4.712657E-2
8.762931E0	6.986055E0	-2.052863E-2
8.796250E0	6.992894E0	-2.438756E-2
8.829570E0	7.000559E0	-3.069991E-2
8.862889E0	7.015681E0	-4.149449E-2
8.896208E0	7.028434E0	-6.744939E-2
8.929527E0	7.022436E0	-7.560904E-2
8.962846E0	7.019066E0	-8.023045E-2
8.996165E0	7.056683E0	-7.933940E-2
9.029484E0	7.139491E0	-9.939850E-2
9.062803E0	7.268690E0	-8.617437E-2
9.096123E0	7.402929E0	-1.031786E-1
9.129442E0	7.520600E0	-1.195182E-1
9.162761E0	7.623449E0	-1.292276E-1
9.196080E0	7.668559E0	-1.259515E-1
9.229399E0	7.684380E0	-1.419715E-1
9.262718E0	7.737017E0	-1.469574E-1
9.296037E0	7.781456E0	-1.448123E-1
9.329357E0	7.781892E0	-1.442698E-1
9.362676E0	7.766141E0	-1.390826E-1
9.395995E0	7.773511E0	-1.436951E-1
9.429314E0	7.776807E0	-1.455459E-1
9.462633E0	7.779356E0	-1.473823E-1
9.495952E0	7.781891E0	-1.496285E-1
9.529271E0	7.773636E0	-1.465403E-1
9.562590E0	7.678655E0	-1.440572E-1
9.595910E0	7.502939E0	-1.028421E-1
9.629229E0	7.340797E0	-9.992017E-2
9.662548E0	7.244332E0	-1.069715E-1
9.695867E0	7.253615E0	-8.503202E-2
9.729186E0	7.275612E0	-8.279160E-2
9.762505E0	7.296411E0	-1.061355E-1
9.795824E0	7.319674E0	-8.836320E-2
9.829143E0	7.325426E0	-8.811546E-2
9.862463E0	7.324750E0	-8.671993E-2
9.895782E0	7.328942E0	-8.802394E-2
9.929101E0	7.331193E0	-8.780474E-2
9.962420E0	7.341675E0	-8.772404E-2
9.995739E0	7.385889E0	-1.009763E-1
1.002906E1	7.465597E0	-1.059558E-1
1.006238E1	7.574071E0	-9.336679E-2
1.009570E1	7.692977E0	-1.003460E-1
1.012902E1	7.779126E0	-9.762584E-2
1.016233E1	7.844779E0	-1.011686E-1
1.019565E1	7.922078E0	-1.025375E-1
1.022897E1	7.995981E0	-8.181803E-2
1.026229E1	8.073002E0	-9.206066E-2
1.029561E1	8.158629E0	-8.484763E-2
1.032893E1	8.251166E0	-1.037635E-1
1.036225E1	8.317491E0	-1.112708E-1
1.039557E1	8.338037E0	-1.013896E-1
1.042889E1	8.332694E0	-1.063172E-1
1.046221E1	8.314010E0	-1.163701E-1
1.049553E1	8.294951E0	-1.019601E-1
1.052885E1	8.277854E0	-9.673029E-2
1.056216E1	8.273998E0	-1.001729E-1
1.059548E1	8.277907E0	-1.028540E-1
1.062880E1	8.280479E0	-1.046942E-1
1.066212E1	8.281560E0	-1.050649E-1
1.069544E1	8.281618E0	-1.048479E-1
1.072876E1	8.283315E0	-1.045774E-1
1.076208E1	8.293427E0	-1.091657E-1
1.079540E1	8.300786E0	-1.122926E-1
1.082872E1	8.306038E0	-1.108480E-1
1.086204E1	8.293064E0	-1.095516E-1
1.089536E1	8.292668E0	-1.237437E-1
1.092867E1	8.303428E0	-1.332410E-1
1.096199E1	8.301692E0	-1.285941E-1
1.099531E1	8.317031E0	-1.305196E-1
1.102863E1	8.395992E0	-1.167743E-1
1.106195E1	8.531133E0	-1.346953E-1
1.109527E1	8.641248E0	-1.339921E-1
1.112859E1	8.725321E0	-1.205332E-1
1.116191E1	8.802605E0	-1.280883E-1
1.119523E1	8.887778E0	-1.132322E-1
1.122855E1	8.951460E0	-1.258286E-1
1.126187E1	9.015101E0	-1.481044E-1
1.129519E1	9.034953E0	-1.716449E-1
1.132850E1	9.029636E0	-1.697008E-1
1.136182E1	9.023429E0	-1.711995E-1
1.139514E1	9.022220E0	-1.756211E-1
1.142846E1	9.020321E0	-1.765744E-1
1.146178E1	9.018396E0	-1.765871E-1
1.149510E1	9.017224E0	-1.772307E-1
1.152842E1	9.007942E0	-1.732948E-1
1.156174E1	8.911720E0	-1.700862E-1
1.159506E1	8.768407E0	-1.240057E-1
1.162838E1	8.651759E0	-1.412722E-1
1.166170E1	8.612726E0	-1.247405E-1
1.169501E1	8.675978E0	-9.193614E-2
1.172833E1	8.741992E0	-1.127183E-1
1.176165E1	8.748774E0	-1.626848E-1
1.179497E1	8.753649E0	-1.679023E-1
1.182829E1	8.777438E0	-1.398771E-1
1.186161E1	8.783096E0	-1.333306E-1
1.189493E1	8.788105E0	-1.324972E-1
1.192825E1	8.793410E0	-1.348924E-1
1.196157E1	8.800551E0	-1.353535E-1
1.199489E1	8.855282E0	-1.373318E-1
1.202821E1	8.951441E0	-1.282343E-1
1.206153E1	9.063130E0	-1.227428E-1
1.209484E1	9.180254E0	-1.258257E-1
1.212816E1	9.280322E0	-1.232387E-1
1.216148E1	9.349770E0	-1.312067E-1
1.219480E1	9.410278E0	-1.297469E-1
1.222812E1	9.499660E0	-1.280526E-1
1.226144E1	9.579263E0	-1.399112E-1
1.229476E1	9.636366E0	-1.431126E-1
1.232808E1	9.677355E0	-1.355559E-1
1.236140E1	9.699736E0	-1.435896E-1
1.239472E1	9.700066E0	-1.444263E-1
1.242804E1	9.670929E0	-1.021139E-1
1.246135E1	9.640425E0	-1.243019E-1
1.249467E1	9.649028E0	-1.464606E-1
1.252799E1	9.640634E0	-1.444445E-1
1.256131E1	9.625377E0	-1.386552E-1
1.259463E1	9.621875E0	-1.391684E-1
1.262795E1	9.624504E0	-1.403882E-1
1.266127E1	9.628904E0	-1.409609E-1
1.269459E1	9.640323E0	-1.451115E-1
1.272791E1	9.636114E0	-1.464159E-1
1.276123E1	9.631397E0	-1.462726E-1
1.279455E1	9.638549E0	-1.504507E-1
1.282787E1	9.635768E0	-1.489786E-1
1.286118E1	9.628663E0	-1.435312E-1
1.289450E1	9.637449E0	-1.479658E-1
1.292782E1	9.635597E0	-1.471026E-1
1.296114E1	9.631058E0	-1.456016E-1
1.299446E1	9.644970E0	-1.533275E-1
1.302778E1	9.701187E0	-1.528411E-1
1.306110E1	9.812248E0	-1.609821E-1
1.309442E1	9.944359E0	-1.570168E-1
1.312774E1	1.005728E1	-1.871919E-1
1.316106E1	1.016005E1	-1.964275E-1
1.319438E1	1.023469E1	-2.070563E-1
1.322769E1	1.030485E1	-2.098211E-1
1.326101E1	1.036845E1	-2.076653E-1
1.329433E1	1.040518E1	-1.959571E-1
1.332765E1	1.041068E1	-2.033143E-1
1.336097E1	1.040598E1	-2.137448E-1
1.339429E1	1.041292E1	-2.165914E-1
1.342761E1	1.041199E1	-2.148627E-1
1.346093E1	1.041111E1	-2.139142E-1
1.349425E1	1.041108E1	-2.134886E-1
1.352757E1	1.040424E1	-2.100650E-1
1.356089E1	1.032001E1	-2.124956E-1
1.359421E1	1.012465E1	-1.771116E-1
1.362752E1	9.963674E0	-1.598782E-1
1.366084E1	9.878073E0	-1.346460E-1
1.369416E1	9.920402E0	-1.252639E-1
1.372748E1	1.001422E1	-1.083891E-1
1.376080E1	1.000742E1	-1.209827E-1
1.379412E1	1.001003E1	-1.309021E-1
1.382744E1	1.001308E1	-1.350606E-1
1.386076E1	1.001454E1	-1.379145E-1
1.389408E1	1.001454E1	-1.397765E-1
1.392740E1	1.001429E1	-1.405318E-1
1.396072E1	1.001630E1	-1.401205E-1
1.399403E1	1.004544E1	-1.404906E-1
1.402735E1	1.013011E1	-1.524104E-1
1.406067E1	1.024028E1	-1.461934E-1
1.409399E1	1.034381E1	-1.490066E-1
1.412731E1	1.042910E1	-1.647650E-1
1.416063E1	1.050051E1	-1.525026E-1
1.419395E1	1.057856E1	-1.650378E-1
1.422727E1	1.063499E1	-1.589300E-1
1.426059E1	1.068257E1	-1.466006E-1
1.429391E1	1.071740E1	-1.417014E-1
1.432723E1	1.074120E1	-1.599694E-1
1.436055E1	1.075210E1	-1.644598E-1
1.439386E1	1.075996E1	-1.692698E-1
1.442718E1	1.075463E1	-1.676112E-1
1.446050E1	1.075570E1	-1.756598E-1
1.449382E1	1.075293E1	-1.725679E-1
1.452714E1	1.073538E1	-1.558101E-1
1.456046E1	1.072355E1	-1.512126E-1
1.459378E1	1.072982E1	-1.562660E-1
1.462710E1	1.073085E1	-1.648979E-1
1.466042E1	1.073308E1	-1.631028E-1
1.469374E1	1.073437E1	-1.626671E-1
1.472706E1	1.073797E1	-1.647586E-1
1.476037E1	1.073900E1	-1.661452E-1
1.479369E1	1.073957E1	-1.684599E-1
1.482701E1	1.073193E1	-1.672209E-1
1.486033E1	1.073332E1	-1.642798E-1
1.489365E1	1.073872E1	-1.661321E-1
1.492697E1	1.074020E1	-1.700609E-1
1.496029E1	1.073398E1	-1.668164E-1
1.499361E1	1.075592E1	-1.812337E-1
1.502693E1	1.083821E1	-1.617769E-1
1.506025E1	1.097021E1	-1.835335E-1
1.509357E1	1.108336E1	-2.049481E-1
1.512689E1	1.118580E1	-2.178303E-1
1.516020E1	1.126348E1	-2.298674E-1
1.519352E1	1.133430E1	-2.052772E-1
1.522684E1	1.140588E1	-2.099375E-1
1.526016E1	1.146477E1	-2.264806E-1
1.529348E1	1.148433E1	-2.330423E-1
1.532680E1	1.146459E1	-2.167658E-1
1.536012E1	1.145681E1	-2.205955E-1
1.539344E1	1.146458E1	-2.255377E-1
1.542676E1	1.146294E1	-2.251358E-1
1.546008E1	1.146277E1	-2.260604E-1
1.549340E1	1.146279E1	-2.262702E-1
1.552671E1	1.146151E1	-2.260316E-1
1.556003E1	1.138953E1	-2.131132E-1
1.559335E1	1.124494E1	-1.835949E-1
1.562667E1	1.109199E1	-1.775749E-1
1.565999E1	1.097412E1	-1.753078E-1
1.569331E1	1.097280E1	-1.424968E-1
1.572663E1	1.108546E1	-1.207047E-1
1.575995E1	1.110335E1	-1.491017E-1
1.579327E1	1.110709E1	-1.525252E-1
1.582659E1	1.112877E1	-1.594945E-1
1.585991E1	1.112945E1	-1.602115E-1
1.589323E1	1.112198E1	-1.572140E-1
1.592654E1	1.112071E1	-1.574304E-1
1.595986E1	1.113032E1	-1.636757E-1
1.599318E1	1.118756E1	-1.692956E-1
1.602650E1	1.130151E1	-1.759068E-1
1.605982E1	1.143939E1	-1.643812E-1
1.609314E1	1.155081E1	-1.655931E-1
1.612646E1	1.164684E1	-1.847586E-1
1.615978E1	1.169899E1	-1.843602E-1
1.619310E1	1.175417E1	-1.843018E-1
1.622642E1	1.183021E1	-1.710514E-1
1.625974E1	1.190372E1	-1.702341E-1
1.629305E1	1.197400E1	-1.775801E-1
1.632637E1	1.204073E1	-1.813823E-1
1.635969E1	1.209328E1	-1.796693E-1
1.639301E1	1.211154E1	-1.687431E-1
1.642633E1	1.211731E1	-1.750084E-1
1.645965E1	1.211824E1	-1.767287E-1
1.649297E1	1.212290E1	-1.848627E-1
1.652629E1	1.211630E1	-1.822063E-1
1.655961E1	1.210898E1	-1.795436E-1
1.659293E1	1.211918E1	-1.846189E-1
1.662625E1	1.212462E1	-1.871887E-1
1.665957E1	1.210919E1	-1.698320E-1
1.669288E1	1.207432E1	-1.714210E-1
1.672620E1	1.207662E1	-1.807153E-1
1.675952E1	1.208030E1	-1.940423E-1
1.679284E1	1.207749E1	-1.929030E-1
1.682616E1	1.207877E1	-1.904886E-1
1.685948E1	1.209542E1	-1.928854E-1
1.689280E1	1.209075E1	-1.919203E-1
1.692612E1	1.207509E1	-1.890620E-1
1.695944E1	1.206409E1	-1.820171E-1
1.699276E1	1.208058E1	-1.894805E-1
1.702608E1	1.213669E1	-1.886529E-1
1.705939E1	1.225847E1	-2.003048E-1
1.709271E1	1.239731E1	-2.001819E-1
1.712603E1	1.254023E1	-2.490065E-1
1.715935E1	1.266689E1	-2.404930E-1
1.719267E1	1.270313E1	-2.540186E-1
1.722599E1	1.272318E1	-2.291835E-1
1.725931E1	1.276024E1	-2.528984E-1
1.729263E1	1.281186E1	-2.194091E-1
1.732595E1	1.284044E1	-2.268483E-1
1.735927E1	1.283641E1	-2.369134E-1
1.739259E1	1.281647E1	-2.537712E-1
1.742591E1	1.282031E1	-2.464205E-1
1.745922E1	1.281133E1	-2.502597E-1
1.749254E1	1.280845E1	-2.515162E-1
1.752586E1	1.280581E1	-2.511116E-1
1.755918E1	1.273183E1	-2.370280E-1
1.759250E1	1.257373E1	-2.210629E-1
1.762582E1	1.240469E1	-1.934588E-1
1.765914E1	1.230262E1	-1.837430E-1
1.769246E1	1.234929E1	-1.362074E-1
1.772578E1	1.245091E1	-8.425483E-2
1.775910E1	1.245150E1	-1.137919E-1
1.779242E1	1.245409E1	-1.254856E-1
1.782573E1	1.245753E1	-1.281993E-1
1.785905E1	1.245953E1	-1.319555E-1
1.789237E1	1.244715E1	-1.267526E-1
1.792569E1	1.244971E1	-1.285161E-1
1.795901E1	1.245606E1	-1.327345E-1
1.799233E1	1.250890E1	-1.416358E-1
1.802565E1	1.258745E1	-1.431552E-1
1.805897E1	1.268325E1	-1.345058E-1
1.809229E1	1.278545E1	-1.349327E-1
1.812561E1	1.288588E1	-1.345141E-1
1.815893E1	1.296266E1	-1.462137E-1
1.819225E1	1.302427E1	-1.459257E-1
1.822556E1	1.308634E1	-1.473515E-1
1.825888E1	1.314470E1	-1.497566E-1
1.829220E1	1.317672E1	-1.427010E-1
1.832552E1	1.321340E1	-1.602721E-1
1.835884E1	1.323924E1	-1.497982E-1
1.839216E1	1.324875E1	-1.532048E-1
1.842548E1	1.324708E1	-1.559176E-1
1.845880E1	1.322797E1	-1.505557E-1
1.849212E1	1.323267E1	-1.512037E-1
1.852544E1	1.324477E1	-1.567599E-1
1.855876E1	1.320867E1	-1.538724E-1
1.859207E1	1.320526E1	-1.557367E-1
1.862539E1	1.320713E1	-1.686257E-1
1.865871E1	1.319200E1	-1.594824E-1
1.869203E1	1.318972E1	-1.559686E-1
1.872535E1	1.319043E1	-1.551771E-1
1.875867E1	1.319005E1	-1.565291E-1
1.879199E1	1.318458E1	-1.541190E-1
1.882531E1	1.318542E1	-1.533229E-1
1.885863E1	1.320090E1	-1.593510E-1
1.889195E1	1.320102E1	-1.567171E-1
1.892527E1	1.319227E1	-1.533930E-1
1.895859E1	1.318064E1	-1.498269E-1
1.899190E1	1.320708E1	-1.640171E-1
1.902522E1	1.327468E1	-1.482431E-1
1.905854E1	1.337870E1	-1.817743E-1
1.909186E1	1.347647E1	-2.074269E-1
1.912518E1	1.358559E1	-2.222232E-1
1.915850E1	1.370260E1	-2.326768E-1
1.919182E1	1.380448E1	-2.257226E-1
1.922514E1	1.385441E1	-2.145248E-1
1.925846E1	1.389057E1	-2.050339E-1
1.929178E1	1.395082E1	-2.118314E-1
1.932510E1	1.398170E1	-2.283146E-1
1.935841E1	1.395545E1	-2.118958E-1
1.939173E1	1.395345E1	-2.125734E-1
1.942505E1	1.395931E1	-2.165688E-1
1.945837E1	1.396043E1	-2.172217E-1
1.949169E1	1.396196E1	-2.187947E-1
1.952501E1	1.396262E1	-2.192576E-1
1.955833E1	1.390045E1	-2.102519E-1
1.959165E1	1.374036E1	-1.600966E-1
1.962497E1	1.359593E1	-1.572536E-1
1.965829E1	1.348884E1	-1.589872E-1
1.969161E1	1.352835E1	-1.407625E-1
1.972493E1	1.366774E1	-1.025177E-1
1.975824E1	1.375359E1	-1.728608E-1
1.979156E1	1.372965E1	-1.525675E-1
1.982488E1	1.374185E1	-1.612025E-1
1.985820E1	1.374269E1	-1.626821E-1
1.989152E1	1.374178E1	-1.613451E-1
1.992484E1	1.374065E1	-1.602720E-1
1.995816E1	1.375123E1	-1.682799E-1
1.999148E1	1.380573E1	-1.749795E-1
2.002480E1	1.389804E1	-1.711950E-1
2.005812E1	1.402625E1	-1.764953E-1
2.009144E1	1.413421E1	-1.726370E-1
2.012475E1	1.423335E1	-1.780026E-1
2.015807E1	1.433456E1	-1.798003E-1
2.019139E1	1.442705E1	-2.002923E-1
2.022471E1	1.448977E1	-1.969436E-1
2.025803E1	1.454666E1	-1.950160E-1
2.029135E1	1.460017E1	-1.933445E-1
2.032467E1	1.465122E1	-1.891752E-1
2.035799E1	1.469510E1	-1.875275E-1
2.039131E1	1.470584E1	-1.927125E-1
2.042463E1	1.471180E1	-1.937854E-1
2.045795E1	1.471004E1	-2.006652E-1
2.049127E1	1.470676E1	-1.996119E-1
2.052458E1	1.469116E1	-2.105722E-1
2.055790E1	1.469821E1	-2.344390E-1
2.059122E1	1.473108E1	-2.352073E-1
2.062454E1	1.475153E1	-2.714045E-1
2.065786E1	1.479027E1	-2.804043E-1
2.069118E1	1.483379E1	-2.811427E-1
2.072450E1	1.487308E1	-3.049476E-1
2.075782E1	1.490314E1	-2.924919E-1
2.079114E1	1.491857E1	-2.995855E-1
2.082446E1	1.492253E1	-2.984552E-1
2.085778E1	1.491985E1	-2.987765E-1
2.089109E1	1.491031E1	-2.997712E-1
2.092441E1	1.488206E1	-3.085134E-1
2.095773E1	1.486474E1	-3.003718E-1
2.099105E1	1.489363E1	-2.883154E-1
2.102437E1	1.497724E1	-3.022494E-1
2.105769E1	1.510394E1	-3.166496E-1
2.109101E1	1.524065E1	-3.110998E-1
2.112433E1	1.537496E1	-3.164931E-1
2.115765E1	1.545336E1	-2.871668E-1
2.119097E1	1.547625E1	-3.120819E-1
2.122429E1	1.551738E1	-3.155947E-1
2.125761E1	1.554566E1	-3.170062E-1
2.129092E1	1.556350E1	-2.985139E-1
2.132424E1	1.556833E1	-2.996056E-1
2.135756E1	1.556049E1	-2.947449E-1
2.139088E1	1.556717E1	-2.997082E-1
2.142420E1	1.557074E1	-3.026027E-1
2.145752E1	1.557312E1	-3.046198E-1
2.149084E1	1.557531E1	-3.063080E-1
2.152416E1	1.557644E1	-3.075021E-1
2.155748E1	1.551865E1	-3.017532E-1
2.159080E1	1.536244E1	-2.586670E-1
2.162412E1	1.520638E1	-2.457605E-1
2.165743E1	1.509118E1	-2.271065E-1
2.169075E1	1.512879E1	-1.903410E-1
2.172407E1	1.522426E1	-1.726105E-1
2.175739E1	1.524638E1	-1.975047E-1
2.179071E1	1.524112E1	-2.029031E-1
2.182403E1	1.524487E1	-1.960508E-1
2.185735E1	1.524582E1	-1.955342E-1
2.189067E1	1.523691E1	-1.874700E-1
2.192399E1	1.523269E1	-1.862713E-1
2.195731E1	1.523858E1	-1.853307E-1
2.199063E1	1.528489E1	-1.895684E-1
2.202395E1	1.540060E1	-2.120997E-1
2.205726E1	1.549802E1	-1.967524E-1
2.209058E1	1.558482E1	-2.041619E-1
2.212390E1	1.568309E1	-2.096287E-1
2.215722E1	1.576925E1	-2.303812E-1
2.219054E1	1.583056E1	-2.238326E-1
2.222386E1	1.589014E1	-2.013914E-1
2.225718E1	1.595842E1	-2.066513E-1
2.229050E1	1.602777E1	-2.130728E-1
2.232382E1	1.609763E1	-2.153770E-1
2.235714E1	1.614739E1	-2.115887E-1
2.239046E1	1.615444E1	-2.174121E-1
2.242377E1	1.614305E1	-2.171363E-1
2.245709E1	1.614475E1	-2.188365E-1
2.249041E1	1.612396E1	-1.980438E-1
2.252373E1	1.609303E1	-2.038461E-1
2.255705E1	1.608457E1	-2.124600E-1
2.259037E1	1.608621E1	-2.198398E-1
2.262369E1	1.607280E1	-2.121232E-1
2.265701E1	1.607348E1	-2.102173E-1
2.269033E1	1.607356E1	-2.090537E-1
2.272365E1	1.607539E1	-2.091263E-1
2.275697E1	1.608148E1	-2.128218E-1
2.279029E1	1.607632E1	-2.110374E-1
2.282360E1	1.607095E1	-2.056643E-1
2.285692E1	1.607409E1	-2.076249E-1
2.289024E1	1.607499E1	-2.113734E-1
2.292356E1	1.607861E1	-2.205546E-1
2.295688E1	1.608041E1	-2.197998E-1
2.299020E1	1.611535E1	-2.073679E-1
2.302352E1	1.619240E1	-2.248027E-1
2.305684E1	1.629985E1	-2.335597E-1
2.309016E1	1.640284E1	-2.502775E-1
2.312348E1	1.653324E1	-2.766347E-1
2.315680E1	1.666169E1	-2.860308E-1
2.319011E1	1.673843E1	-2.541396E-1
2.322343E1	1.676558E1	-2.812752E-1
2.325675E1	1.679393E1	-2.759705E-1
2.329007E1	1.681375E1	-2.852100E-1
2.332339E1	1.683921E1	-2.633242E-1
2.335671E1	1.684961E1	-2.698551E-1
2.339003E1	1.685283E1	-2.737113E-1
2.342335E1	1.685725E1	-2.779370E-1
2.345667E1	1.685552E1	-2.772483E-1
2.348999E1	1.685610E1	-2.784852E-1
2.352331E1	1.685622E1	-2.788908E-1
2.355663E1	1.680026E1	-2.721189E-1
2.358994E1	1.667650E1	-2.218601E-1
2.362326E1	1.656239E1	-2.019793E-1
2.365658E1	1.651559E1	-1.886598E-1
2.368990E1	1.655109E1	-1.789558E-1
2.372322E1	1.661219E1	-1.532001E-1
2.375654E1	1.662751E1	-2.043764E-1
2.378986E1	1.663789E1	-2.114135E-1
2.382318E1	1.665238E1	-2.156761E-1
2.385650E1	1.665056E1	-2.185019E-1
2.388982E1	1.664151E1	-2.149317E-1
2.392314E1	1.663289E1	-2.119271E-1
2.395645E1	1.663786E1	-2.169845E-1
2.398977E1	1.669160E1	-2.175150E-1
2.402309E1	1.676790E1	-2.288735E-1
2.405641E1	1.683173E1	-2.324998E-1
2.408973E1	1.690882E1	-2.213403E-1
2.412305E1	1.699414E1	-2.373011E-1
2.415637E1	1.705680E1	-2.124833E-1
2.418969E1	1.712737E1	-2.110106E-1
2.422301E1	1.719969E1	-2.217498E-1
2.425633E1	1.725929E1	-2.333647E-1
2.428965E1	1.728465E1	-2.098085E-1
2.432297E1	1.730433E1	-2.262441E-1
2.435628E1	1.730760E1	-2.309315E-1
2.438960E1	1.731698E1	-2.338862E-1
2.442292E1	1.730242E1	-2.328319E-1
2.445624E1	1.730232E1	-2.352585E-1
2.448956E1	1.730278E1	-2.356535E-1
2.452288E1	1.729436E1	-2.287569E-1
2.455620E1	1.726736E1	-2.340770E-1
2.458952E1	1.726088E1	-2.394207E-1
2.462284E1	1.726440E1	-2.440832E-1
2.465616E1	1.725925E1	-2.376705E-1
2.468948E1	1.725689E1	-2.351019E-1
2.472279E1	1.725975E1	-2.357458E-1
2.475611E1	1.726800E1	-2.420385E-1
2.478943E1	1.726268E1	-2.397928E-1
2.482275E1	1.725208E1	-2.333923E-1
2.485607E1	1.725308E1	-2.344470E-1
2.488939E1	1.725159E1	-2.351460E-1
2.492271E1	1.724991E1	-2.387590E-1
2.495603E1	1.723414E1	-2.428788E-1
2.498935E1	1.725564E1	-2.539418E-1
2.502267E1	1.731573E1	-2.531631E-1
2.505599E1	1.741682E1	-2.590244E-1
2.508931E1	1.752188E1	-2.792685E-1
2.512262E1	1.763507E1	-2.903557E-1
2.515594E1	1.774900E1	-2.957074E-1
2.518926E1	1.787898E1	-3.043664E-1
2.522258E1	1.794670E1	-2.804512E-1
2.525590E1	1.797253E1	-2.991225E-1
2.528922E1	1.799871E1	-3.138106E-1
2.532254E1	1.801089E1	-2.935905E-1
2.535586E1	1.800497E1	-2.924188E-1
2.538918E1	1.801254E1	-2.963477E-1
2.542250E1	1.801748E1	-2.989845E-1
2.545582E1	1.801979E1	-3.000517E-1
2.548913E1	1.802287E1	-3.019434E-1
2.552245E1	1.802401E1	-3.023812E-1
2.555577E1	1.796457E1	-2.935037E-1
2.558909E1	1.778459E1	-2.307598E-1
2.562241E1	1.758092E1	-2.039595E-1
2.565573E1	1.737207E1	-1.977694E-1
2.568905E1	1.727322E1	-1.773773E-1
2.572237E1	1.730275E1	-1.696794E-1
2.575569E1	1.731117E1	-2.234839E-1
2.578901E1	1.733580E1	-2.065619E-1
2.582233E1	1.735188E1	-2.209201E-1
2.585565E1	1.734995E1	-2.210974E-1
2.588896E1	1.734647E1	-2.216733E-1
2.592228E1	1.734312E1	-2.201832E-1
2.595560E1	1.734581E1	-2.225241E-1
2.598892E1	1.739634E1	-2.350500E-1
2.602224E1	1.748532E1	-2.465939E-1
2.605556E1	1.758015E1	-2.372827E-1
2.608888E1	1.769211E1	-2.423200E-1
2.612220E1	1.779531E1	-2.398382E-1
2.615552E1	1.787263E1	-2.475210E-1
2.618884E1	1.794123E1	-2.544047E-1
2.622216E1	1.800961E1	-2.365328E-1
2.625547E1	1.809886E1	-2.526827E-1
2.628879E1	1.819105E1	-2.421083E-1
2.632211E1	1.827273E1	-2.546881E-1
2.635543E1	1.833185E1	-2.565096E-1
2.638875E1	1.836507E1	-2.534571E-1
2.642207E1	1.837655E1	-2.648526E-1
2.645539E1	1.837187E1	-2.612909E-1
2.648871E1	1.836734E1	-2.606229E-1
2.652203E1	1.836833E1	-2.747172E-1
2.655535E1	1.836828E1	-2.715655E-1
2.658867E1	1.835277E1	-2.517339E-1
2.662199E1	1.835685E1	-2.532190E-1
2.665530E1	1.837118E1	-2.641742E-1
2.668862E1	1.837225E1	-2.647628E-1
2.672194E1	1.836226E1	-2.570803E-1
2.675526E1	1.836693E1	-2.625801E-1
2.678858E1	1.837605E1	-2.695753E-1
2.682190E1	1.836195E1	-2.565957E-1
2.685522E1	1.836024E1	-2.558952E-1
2.688854E1	1.836369E1	-2.624196E-1
2.692186E1	1.836870E1	-2.677561E-1
2.695518E1	1.836240E1	-2.611452E-1
2.698850E1	1.838054E1	-2.699491E-1
2.702181E1	1.842991E1	-2.698610E-1
2.705513E1	1.850893E1	-2.579754E-1
2.708845E1	1.861982E1	-2.646666E-1
2.712177E1	1.874345E1	-2.752815E-1
2.715509E1	1.886776E1	-2.831533E-1
2.718841E1	1.896794E1	-2.737777E-1
2.722173E1	1.902858E1	-2.745710E-1
2.725505E1	1.907700E1	-2.623998E-1
2.728837E1	1.909563E1	-2.700546E-1
2.732169E1	1.907609E1	-2.613803E-1
2.735501E1	1.908214E1	-2.673563E-1
2.738833E1	1.909041E1	-2.718063E-1
2.742164E1	1.908882E1	-2.706828E-1
2.745496E1	1.908813E1	-2.710303E-1
2.748828E1	1.908768E1	-2.708379E-1
2.752160E1	1.908755E1	-2.708512E-1
2.755492E1	1.903112E1	-2.662894E-1
2.758824E1	1.882000E1	-2.503615E-1
2.762156E1	1.856174E1	-1.999105E-1
2.765488E1	1.831478E1	-2.003868E-1
2.768820E1	1.820903E1	-1.804319E-1
2.772152E1	1.829668E1	-1.279435E-1
2.775484E1	1.832508E1	-1.950693E-1
2.778815E1	1.830631E1	-1.902776E-1
2.782147E1	1.831791E1	-1.963547E-1
2.785479E1	1.832465E1	-2.021350E-1
2.788811E1	1.831925E1	-2.008100E-1
2.792143E1	1.830976E1	-1.973271E-1
2.795475E1	1.831029E1	-1.983286E-1
2.798807E1	1.835878E1	-2.032679E-1
2.802139E1	1.846070E1	-2.014903E-1
2.805471E1	1.857872E1	-2.106155E-1
2.808803E1	1.869321E1	-2.156026E-1
2.812135E1	1.879848E1	-2.136384E-1
2.815467E1	1.886822E1	-2.397165E-1
2.818798E1	1.897075E1	-2.357932E-1
2.822130E1	1.903829E1	-2.479847E-1
2.825462E1	1.909927E1	-2.586290E-1
2.828794E1	1.915922E1	-2.668555E-1
2.832126E1	1.922016E1	-2.751059E-1
2.835458E1	1.925948E1	-2.697007E-1
2.838790E1	1.926987E1	-2.778436E-1
2.842122E1	1.926288E1	-2.778849E-1
2.845454E1	1.925649E1	-2.763867E-1
2.848786E1	1.925020E1	-2.757927E-1
2.852118E1	1.924659E1	-2.747745E-1
2.855449E1	1.925293E1	-2.806622E-1
2.858781E1	1.925290E1	-2.774844E-1
2.862113E1	1.925254E1	-2.751303E-1
2.865445E1	1.926208E1	-2.860007E-1
2.868777E1	1.926220E1	-2.918967E-1
2.872109E1	1.925573E1	-2.848681E-1
2.875441E1	1.926336E1	-2.876471E-1
2.878773E1	1.927982E1	-2.967621E-1
2.882105E1	1.927690E1	-2.929283E-1
2.885437E1	1.928349E1	-2.674902E-1
2.888769E1	1.931747E1	-2.839700E-1
2.892101E1	1.935716E1	-2.873371E-1
2.895432E1	1.936130E1	-2.819592E-1
2.898764E1	1.936997E1	-2.841004E-1
2.902096E1	1.941472E1	-2.810444E-1
2.905428E1	1.951326E1	-2.822623E-1
2.908760E1	1.960274E1	-3.242763E-1
2.912092E1	1.971399E1	-3.394970E-1
2.915424E1	1.982132E1	-3.432075E-1
2.918756E1	1.990869E1	-3.306968E-1
2.922088E1	1.998384E1	-3.408691E-1
2.925420E1	2.004391E1	-3.385216E-1
2.928752E1	2.006908E1	-3.177377E-1
2.932083E1	2.008135E1	-3.312954E-1
2.935415E1	2.006422E1	-3.238771E-1
2.938747E1	2.007820E1	-3.328068E-1
2.942079E1	2.007997E1	-3.353633E-1
2.945411E1	2.008137E1	-3.367715E-1
2.948743E1	2.008282E1	-3.382230E-1
2.952075E1	2.008235E1	-3.389973E-1
2.955407E1	2.003852E1	-3.399252E-1
2.958739E1	1.990266E1	-2.912003E-1
2.962071E1	1.971372E1	-2.730779E-1
2.965403E1	1.957858E1	-2.323871E-1
2.968735E1	1.957636E1	-1.854118E-1
2.972066E1	1.969457E1	-1.603667E-1
2.975398E1	1.970938E1	-2.210331E-1
2.978730E1	1.968700E1	-2.160681E-1
2.982062E1	1.968981E1	-2.161221E-1
2.985394E1	1.969366E1	-2.193135E-1
2.988726E1	1.969548E1	-2.217314E-1
2.992058E1	1.969388E1	-2.230703E-1
2.995390E1	1.969766E1	-2.288938E-1
2.998722E1	1.975191E1	-2.381028E-1
3.002054E1	1.983548E1	-2.461790E-1
3.005386E1	1.993398E1	-2.426519E-1
3.008717E1	2.004594E1	-2.567369E-1
3.012049E1	2.015456E1	-2.558569E-1
3.015381E1	2.024276E1	-2.452698E-1
3.018713E1	2.034928E1	-2.430924E-1
3.022045E1	2.046528E1	-2.532813E-1
3.025377E1	2.053834E1	-2.772313E-1
3.028709E1	2.060323E1	-2.908486E-1
3.032041E1	2.065516E1	-2.988360E-1
3.035373E1	2.069570E1	-2.950014E-1
3.038705E1	2.070230E1	-2.969880E-1
3.042037E1	2.069537E1	-2.942265E-1
3.045369E1	2.069382E1	-3.002750E-1
3.048700E1	2.067366E1	-2.890576E-1
3.052032E1	2.068672E1	-3.018413E-1
3.055364E1	2.068146E1	-3.018725E-1
3.058696E1	2.068470E1	-2.996510E-1
3.062028E1	2.066432E1	-3.064815E-1
3.065360E1	2.064618E1	-2.988972E-1
3.068692E1	2.065664E1	-3.132774E-1
3.072024E1	2.066343E1	-3.152997E-1
3.075356E1	2.065995E1	-3.138384E-1
3.078688E1	2.065695E1	-3.139745E-1
3.082020E1	2.065365E1	-3.117065E-1
3.085351E1	2.065129E1	-3.094471E-1
3.088683E1	2.064935E1	-3.088821E-1
3.092015E1	2.065563E1	-3.213874E-1
3.095347E1	2.065566E1	-3.168577E-1
3.098679E1	2.065962E1	-3.166724E-1
3.102011E1	2.070264E1	-3.082315E-1
3.105343E1	2.080905E1	-3.147281E-1
3.108675E1	2.093049E1	-3.383233E-1
3.112007E1	2.104037E1	-3.535434E-1
3.115339E1	2.113940E1	-3.547674E-1
3.118671E1	2.123756E1	-3.514317E-1
3.122003E1	2.132331E1	-3.699532E-1
3.125334E1	2.136425E1	-3.615864E-1
3.128666E1	2.138203E1	-3.748405E-1
3.131998E1	2.137137E1	-3.696102E-1
3.135330E1	2.134029E1	-3.516664E-1
3.138662E1	2.136272E1	-3.631784E-1
3.141994E1	2.136321E1	-3.649950E-1
3.145326E1	2.135947E1	-3.638158E-1
3.148658E1	2.136481E1	-3.666829E-1
3.151990E1	2.136067E1	-3.659658E-1
3.155322E1	2.131882E1	-3.662646E-1
3.158654E1	2.119631E1	-3.244627E-1
3.161985E1	2.103160E1	-3.058523E-1
3.165317E1	2.088511E1	-2.933991E-1
3.168649E1	2.088908E1	-2.717790E-1
3.171981E1	2.095928E1	-2.331991E-1
3.175313E1	2.098663E1	-3.168679E-1
3.178645E1	2.098447E1	-3.323901E-1
3.181977E1	2.098531E1	-3.002965E-1
3.185309E1	2.101186E1	-2.911833E-1
3.188641E1	2.101974E1	-2.944339E-1
3.191973E1	2.102371E1	-2.974523E-1
3.195305E1	2.102608E1	-2.999142E-1
3.198637E1	2.106500E1	-3.025939E-1
3.201968E1	2.114849E1	-3.165238E-1
3.205300E1	2.125355E1	-3.069594E-1
3.208632E1	2.136745E1	-3.160145E-1
3.211964E1	2.146407E1	-3.153547E-1
3.215296E1	2.154032E1	-3.212067E-1
3.218628E1	2.161993E1	-3.125965E-1
3.221960E1	2.171538E1	-3.292450E-1
3.225292E1	2.180332E1	-3.218697E-1
3.228624E1	2.186836E1	-3.270775E-1
3.231956E1	2.192059E1	-3.233299E-1
3.235288E1	2.196792E1	-3.150798E-1
3.238619E1	2.199567E1	-3.318678E-1
3.241951E1	2.198758E1	-3.290938E-1
3.245283E1	2.197491E1	-3.234670E-1
3.248615E1	2.196320E1	-3.176345E-1
3.251947E1	2.193978E1	-3.438924E-1
3.255279E1	2.194296E1	-3.466407E-1
3.258611E1	2.195991E1	-3.263924E-1
3.261943E1	2.193343E1	-3.237334E-1
3.265275E1	2.189092E1	-3.216021E-1
3.268607E1	2.191206E1	-3.235000E-1
3.271939E1	2.191166E1	-3.296319E-1
3.275271E1	2.191499E1	-3.309615E-1
3.278602E1	2.192959E1	-3.386662E-1
3.281934E1	2.192889E1	-3.362184E-1
3.285266E1	2.192501E1	-3.342398E-1
3.288598E1	2.192845E1	-3.373003E-1
3.291930E1	2.193009E1	-3.388844E-1
3.295262E1	2.193563E1	-3.446129E-1
3.298594E1	2.193554E1	-3.597103E-1
3.301926E1	2.202216E1	-3.464749E-1
3.305258E1	2.212914E1	-3.638879E-1
3.308590E1	2.225421E1	-3.893842E-1
3.311922E1	2.235649E1	-3.853520E-1
3.315253E1	2.243240E1	-3.916038E-1
3.318585E1	2.251723E1	-3.746011E-1
3.321917E1	2.261982E1	-3.704806E-1
3.325249E1	2.268725E1	-3.896391E-1
3.328581E1	2.273604E1	-3.910755E-1
3.331913E1	2.276191E1	-4.020515E-1
3.335245E1	2.273117E1	-3.786529E-1
3.338577E1	2.274977E1	-3.909782E-1
3.341909E1	2.275144E1	-3.929785E-1
3.345241E1	2.274882E1	-3.918765E-1
3.348573E1	2.275390E1	-3.955986E-1
3.351905E1	2.275029E1	-3.936638E-1
3.355236E1	2.270082E1	-3.924538E-1
3.358568E1	2.255085E1	-3.787287E-1
3.361900E1	2.236898E1	-3.402529E-1
3.365232E1	2.219548E1	-3.042975E-1
3.368564E1	2.217386E1	-2.953034E-1
3.371896E1	2.225550E1	-2.702896E-1
3.375228E1	2.230189E1	-2.761753E-1
3.378560E1	2.228805E1	-2.690137E-1
3.381892E1	2.229506E1	-2.716137E-1
3.385224E1	2.230032E1	-2.733812E-1
3.388556E1	2.229639E1	-2.698914E-1
3.391887E1	2.229897E1	-2.711117E-1
3.395219E1	2.230409E1	-2.679502E-1
3.398551E1	2.232600E1	-2.864645E-1
3.401883E1	2.240206E1	-2.792788E-1
3.405215E1	2.252756E1	-2.776562E-1
3.408547E1	2.265014E1	-2.851557E-1
3.411879E1	2.275231E1	-2.920845E-1
3.415211E1	2.283845E1	-3.112840E-1
3.418543E1	2.291781E1	-2.945783E-1
3.421875E1	2.299461E1	-3.063709E-1
3.425207E1	2.307022E1	-2.858674E-1
3.428539E1	2.314373E1	-2.957696E-1
3.431870E1	2.320028E1	-2.952792E-1
3.435202E1	2.325249E1	-2.993863E-1
3.438534E1	2.325845E1	-3.037258E-1
3.441866E1	2.325585E1	-3.004326E-1
3.445198E1	2.322080E1	-3.110075E-1
3.448530E1	2.324491E1	-2.995581E-1
3.451862E1	2.322551E1	-3.064262E-1
3.455194E1	2.320305E1	-2.865236E-1
3.458526E1	2.318881E1	-2.863572E-1
3.461858E1	2.319409E1	-3.019256E-1
3.465190E1	2.319433E1	-2.984519E-1
3.468521E1	2.319428E1	-2.961523E-1
3.471853E1	2.319300E1	-2.941278E-1
3.475185E1	2.320035E1	-3.008972E-1
3.478517E1	2.321152E1	-3.113882E-1
3.481849E1	2.320983E1	-3.079161E-1
3.485181E1	2.320861E1	-3.257078E-1
3.488513E1	2.321650E1	-3.459264E-1
3.491845E1	2.323008E1	-3.727084E-1
3.495177E1	2.320717E1	-3.555675E-1
3.498509E1	2.320700E1	-3.537457E-1
3.501841E1	2.324624E1	-3.450321E-1
3.505173E1	2.334982E1	-3.478281E-1
3.508504E1	2.348170E1	-3.851062E-1
3.511836E1	2.360108E1	-4.066405E-1
3.515168E1	2.368979E1	-3.929389E-1
3.518500E1	2.378074E1	-4.170052E-1
3.521832E1	2.387111E1	-4.076753E-1
3.525164E1	2.390169E1	-4.069293E-1
3.528496E1	2.391488E1	-4.127589E-1
3.531828E1	2.392165E1	-4.139471E-1
3.535160E1	2.388546E1	-4.190448E-1
3.538492E1	2.387973E1	-4.183553E-1
3.541824E1	2.387940E1	-4.196218E-1
3.545155E1	2.387479E1	-4.180694E-1
3.548487E1	2.387351E1	-4.185995E-1
3.551819E1	2.387259E1	-4.180905E-1
3.555151E1	2.382726E1	-4.183556E-1
3.558483E1	2.369647E1	-3.745203E-1
3.561815E1	2.349366E1	-3.547325E-1
3.565147E1	2.331674E1	-3.462560E-1
3.568479E1	2.325725E1	-3.353473E-1
3.571811E1	2.332946E1	-3.162724E-1
3.575143E1	2.337313E1	-3.135978E-1
3.578475E1	2.336467E1	-3.061386E-1
3.581807E1	2.337188E1	-3.072373E-1
3.585138E1	2.338095E1	-3.108511E-1
3.588470E1	2.337238E1	-3.041691E-1
3.591802E1	2.336301E1	-2.976391E-1
3.595134E1	2.336247E1	-2.946946E-1
3.598466E1	2.338304E1	-3.081845E-1
3.601798E1	2.346270E1	-3.018786E-1
3.605130E1	2.359956E1	-3.154088E-1
3.608462E1	2.371318E1	-3.232459E-1
3.611794E1	2.381873E1	-3.341874E-1
3.615126E1	2.390943E1	-3.181679E-1
3.618458E1	2.398155E1	-3.277036E-1
3.621789E1	2.402720E1	-3.165505E-1
3.625121E1	2.405009E1	-3.214050E-1
3.628453E1	2.403977E1	-2.994167E-1
3.631785E1	2.403944E1	-3.080604E-1
3.635117E1	2.403768E1	-3.177082E-1
3.638449E1	2.403210E1	-3.164659E-1
3.641781E1	2.402905E1	-3.074568E-1
3.645113E1	2.403038E1	-3.083042E-1
3.648445E1	2.403225E1	-3.100836E-1
3.651777E1	2.400527E1	-3.209896E-1
3.655109E1	2.398968E1	-3.132965E-1
3.658441E1	2.399248E1	-3.193145E-1
3.661772E1	2.398326E1	-3.142193E-1
3.665104E1	2.397372E1	-3.077014E-1
3.668436E1	2.397596E1	-3.087433E-1
3.671768E1	2.397809E1	-3.103907E-1
3.675100E1	2.397955E1	-3.125738E-1
3.678432E1	2.398046E1	-3.136813E-1
3.681764E1	2.397989E1	-3.150313E-1
3.685096E1	2.397524E1	-3.149055E-1
3.688428E1	2.398345E1	-3.213022E-1
3.691760E1	2.399036E1	-3.271428E-1
3.695092E1	2.397610E1	-3.167054E-1
3.698423E1	2.398558E1	-3.251114E-1
3.701755E1	2.404998E1	-3.357119E-1
3.705087E1	2.415775E1	-3.574663E-1
3.708419E1	2.426512E1	-3.696617E-1
3.711751E1	2.431790E1	-3.740027E-1
3.715083E1	2.439080E1	-3.828597E-1
3.718415E1	2.453771E1	-3.635241E-1
3.721747E1	2.469662E1	-3.600218E-1
3.725079E1	2.472296E1	-3.820119E-1
3.728411E1	2.473237E1	-3.930480E-1
3.731743E1	2.476574E1	-3.831313E-1
3.735075E1	2.478799E1	-3.953023E-1
3.738406E1	2.478170E1	-3.926214E-1
3.741738E1	2.477748E1	-3.906000E-1
3.745070E1	2.477392E1	-3.896153E-1
3.748402E1	2.477211E1	-3.891154E-1
3.751734E1	2.477042E1	-3.883970E-1
3.755066E1	2.474218E1	-3.729058E-1
3.758398E1	2.460747E1	-3.588664E-1
3.761730E1	2.446687E1	-3.189535E-1
3.765062E1	2.436343E1	-3.283029E-1
3.768394E1	2.435595E1	-2.977926E-1
3.771726E1	2.447317E1	-2.883543E-1
3.775057E1	2.448420E1	-3.594903E-1
3.778389E1	2.447870E1	-3.546287E-1
3.781721E1	2.449130E1	-3.664022E-1
3.785053E1	2.448945E1	-3.699206E-1
3.788385E1	2.448645E1	-3.713468E-1
3.791717E1	2.447278E1	-3.638009E-1
3.795049E1	2.447395E1	-3.638335E-1
3.798381E1	2.450911E1	-4.003239E-1
3.801713E1	2.460737E1	-3.988984E-1
3.805045E1	2.469606E1	-3.271142E-1
3.808377E1	2.475317E1	-3.148627E-1
3.811709E1	2.481338E1	-3.310294E-1
3.815040E1	2.483934E1	-3.252009E-1
3.818372E1	2.487189E1	-2.890027E-1
3.821704E1	2.488343E1	-3.165942E-1
3.825036E1	2.489881E1	-3.340091E-1
3.828368E1	2.489672E1	-3.326014E-1
3.831700E1	2.490684E1	-3.118359E-1
3.835032E1	2.493942E1	-3.354300E-1
3.838364E1	2.494988E1	-3.379902E-1
3.841696E1	2.493743E1	-3.289322E-1
3.845028E1	2.492470E1	-3.203947E-1
3.848360E1	2.492587E1	-3.242119E-1
3.851691E1	2.492684E1	-3.297094E-1
3.855023E1	2.491956E1	-3.289528E-1
3.858355E1	2.492203E1	-3.291041E-1
3.861687E1	2.490557E1	-3.154743E-1
3.865019E1	2.490099E1	-3.434555E-1
3.868351E1	2.489309E1	-3.535017E-1
3.871683E1	2.487330E1	-3.677763E-1
3.875015E1	2.487744E1	-3.772075E-1
3.878347E1	2.487325E1	-3.791884E-1
3.881679E1	2.487136E1	-3.817149E-1
3.885011E1	2.488243E1	-3.814689E-1
3.888343E1	2.489017E1	-3.800727E-1
3.891674E1	2.488930E1	-3.808779E-1
3.895006E1	2.488064E1	-3.799649E-1
3.898338E1	2.488659E1	-3.840671E-1
3.901670E1	2.493556E1	-3.837214E-1
3.905002E1	2.504766E1	-3.931191E-1
3.908334E1	2.517633E1	-4.136719E-1
3.911666E1	2.526305E1	-4.009622E-1
3.914998E1	2.533628E1	-3.989516E-1
3.918330E1	2.543734E1	-3.909273E-1
3.921662E1	2.555284E1	-3.955067E-1
3.924994E1	2.561439E1	-4.223591E-1
3.928325E1	2.565906E1	-4.252968E-1
3.931657E1	2.566236E1	-4.086119E-1
3.934989E1	2.561594E1	-4.007692E-1
3.938321E1	2.562870E1	-3.937349E-1
3.941653E1	2.563758E1	-3.949295E-1
3.944985E1	2.564091E1	-3.959044E-1
3.948317E1	2.564619E1	-3.976494E-1
3.951649E1	2.564705E1	-3.968181E-1
3.954981E1	2.561497E1	-4.028848E-1
3.958313E1	2.549294E1	-3.520225E-1
3.961645E1	2.532187E1	-2.889826E-1
3.964977E1	2.517493E1	-2.787426E-1
3.968308E1	2.515242E1	-2.415323E-1
3.971640E1	2.528237E1	-2.384695E-1
3.974972E1	2.535145E1	-2.187284E-1
3.978304E1	2.534420E1	-2.421162E-1
3.981636E1	2.532944E1	-2.292387E-1
3.984968E1	2.532773E1	-2.283077E-1
3.988300E1	2.532585E1	-2.270128E-1
3.991632E1	2.532169E1	-2.246796E-1
3.994964E1	2.532092E1	-2.244712E-1
3.998296E1	2.534407E1	-2.374722E-1
4.001628E1	2.541966E1	-2.282665E-1
4.004959E1	2.553333E1	-2.311953E-1
4.008291E1	2.564756E1	-2.384832E-1
4.011623E1	2.575601E1	-2.487871E-1
4.014955E1	2.583180E1	-2.627242E-1
4.018287E1	2.587672E1	-2.508840E-1
4.021619E1	2.592001E1	-2.388412E-1
4.024951E1	2.593526E1	-2.363504E-1
4.028283E1	2.595573E1	-2.514755E-1
4.031615E1	2.597276E1	-2.269756E-1
4.034947E1	2.598155E1	-2.266052E-1
4.038279E1	2.597344E1	-2.231583E-1
4.041611E1	2.597178E1	-2.361786E-1
4.044942E1	2.597617E1	-2.382906E-1
4.048274E1	2.597944E1	-2.360104E-1
4.051606E1	2.595574E1	-2.403454E-1
4.054938E1	2.594725E1	-2.413087E-1
4.058270E1	2.594682E1	-2.563552E-1
4.061602E1	2.592736E1	-2.448836E-1
4.064934E1	2.592689E1	-2.417338E-1
4.068266E1	2.593284E1	-2.442041E-1
4.071598E1	2.592852E1	-2.470205E-1
4.074930E1	2.593600E1	-2.608774E-1
4.078262E1	2.594157E1	-2.640872E-1
4.081593E1	2.594704E1	-2.579978E-1
4.084925E1	2.595542E1	-2.627192E-1
4.088257E1	2.593612E1	-2.824852E-1
4.091589E1	2.593593E1	-3.048279E-1
4.094921E1	2.592857E1	-2.963561E-1
4.098253E1	2.593737E1	-3.016137E-1
4.101585E1	2.597522E1	-2.962940E-1
4.104917E1	2.608304E1	-3.011224E-1
4.108249E1	2.625307E1	-2.986048E-1
4.111581E1	2.642874E1	-2.758504E-1
4.114913E1	2.649358E1	-2.837593E-1
4.118245E1	2.650609E1	-3.138827E-1
4.121576E1	2.654614E1	-3.220999E-1
4.124908E1	2.660656E1	-3.231703E-1
4.128240E1	2.666023E1	-3.127019E-1
4.131572E1	2.667614E1	-3.130517E-1
4.134904E1	2.665692E1	-3.021390E-1
4.138236E1	2.665167E1	-3.087394E-1
4.141568E1	2.665724E1	-3.119404E-1
4.144900E1	2.665686E1	-3.104628E-1
4.148232E1	2.665607E1	-3.106578E-1
4.151564E1	2.665655E1	-3.113950E-1
4.154896E1	2.661057E1	-3.150890E-1
4.158227E1	2.647449E1	-2.522368E-1
4.161559E1	2.629118E1	-2.522335E-1
4.164891E1	2.614897E1	-2.122878E-1
4.168223E1	2.609875E1	-1.830530E-1
4.171555E1	2.615127E1	-1.584444E-1
4.174887E1	2.616538E1	-2.014851E-1
4.178219E1	2.616465E1	-2.229099E-1
4.181551E1	2.616368E1	-2.282215E-1
4.184883E1	2.616296E1	-2.343017E-1
4.188215E1	2.615731E1	-2.311094E-1
4.191547E1	2.614944E1	-2.288443E-1
4.194879E1	2.614839E1	-2.290808E-1
4.198210E1	2.616447E1	-2.529314E-1
4.201542E1	2.625802E1	-2.361505E-1
4.204874E1	2.637611E1	-2.381935E-1
4.208206E1	2.647646E1	-2.447302E-1
4.211538E1	2.655976E1	-2.533268E-1
4.214870E1	2.661954E1	-2.561317E-1
4.218202E1	2.667337E1	-2.563873E-1
4.221534E1	2.672828E1	-2.575865E-1
4.224866E1	2.678054E1	-2.557876E-1
4.228198E1	2.682120E1	-2.320683E-1
4.231530E1	2.687404E1	-2.292236E-1
4.234861E1	2.687953E1	-2.442787E-1
4.238193E1	2.688323E1	-2.495451E-1
4.241525E1	2.687794E1	-2.473989E-1
4.244857E1	2.687113E1	-2.603951E-1
4.248189E1	2.687453E1	-2.620108E-1
4.251521E1	2.687281E1	-2.540277E-1
4.254853E1	2.683147E1	-2.507003E-1
4.258185E1	2.684154E1	-2.760464E-1
4.261517E1	2.683143E1	-2.935444E-1
4.264849E1	2.682565E1	-2.794541E-1
4.268181E1	2.682008E1	-2.721134E-1
4.271513E1	2.683276E1	-2.758019E-1
4.274844E1	2.683896E1	-2.737269E-1
4.278176E1	2.684999E1	-2.766279E-1
4.281508E1	2.684845E1	-2.740583E-1
4.284840E1	2.683112E1	-2.634750E-1
4.288172E1	2.683121E1	-2.632349E-1
4.291504E1	2.683381E1	-2.669088E-1
4.294836E1	2.682876E1	-2.627137E-1
4.298168E1	2.683887E1	-2.683860E-1
4.301500E1	2.688308E1	-2.653077E-1
4.304832E1	2.696844E1	-2.598925E-1
4.308164E1	2.708516E1	-2.704798E-1
4.311495E1	2.720408E1	-2.811108E-1
4.314827E1	2.731894E1	-2.902544E-1
4.318159E1	2.742484E1	-3.020135E-1
4.321491E1	2.751654E1	-3.316346E-1
4.324823E1	2.753962E1	-3.200412E-1
4.328155E1	2.756117E1	-3.462541E-1
4.331487E1	2.757236E1	-3.489477E-1
4.334819E1	2.753694E1	-3.215548E-1
4.338151E1	2.754829E1	-3.281318E-1
4.341483E1	2.755169E1	-3.303706E-1
4.344815E1	2.754543E1	-3.272791E-1
4.348147E1	2.755123E1	-3.307464E-1
4.351478E1	2.754983E1	-3.299273E-1
4.354810E1	2.752288E1	-3.174128E-1
4.358142E1	2.740124E1	-3.109173E-1
4.361474E1	2.720179E1	-2.474204E-1
4.364806E1	2.703120E1	-2.102065E-1
4.368138E1	2.693794E1	-1.924443E-1
4.371470E1	2.698278E1	-1.607918E-1
4.374802E1	2.699499E1	-2.050919E-1
4.378134E1	2.699449E1	-2.086004E-1
4.381466E1	2.699240E1	-2.038436E-1
4.384798E1	2.697772E1	-1.888971E-1
4.388129E1	2.697274E1	-1.878028E-1
4.391461E1	2.696909E1	-1.867052E-1
4.394793E1	2.698290E1	-1.930304E-1
4.398125E1	2.700810E1	-2.127561E-1
4.401457E1	2.710540E1	-2.369694E-1
4.404789E1	2.723260E1	-2.663016E-1
4.408121E1	2.735064E1	-2.735997E-1
4.411453E1	2.743118E1	-2.692073E-1
4.414785E1	2.749171E1	-2.710240E-1
4.418117E1	2.754999E1	-2.682743E-1
4.421449E1	2.761477E1	-2.774480E-1
4.424781E1	2.766175E1	-2.755056E-1
4.428112E1	2.770918E1	-2.669574E-1
4.431444E1	2.773195E1	-2.778305E-1
4.434776E1	2.775779E1	-2.605596E-1
4.438108E1	2.776169E1	-2.651004E-1
4.441440E1	2.774313E1	-2.566537E-1
4.444772E1	2.773730E1	-2.881891E-1
4.448104E1	2.773583E1	-2.959116E-1
4.451436E1	2.772604E1	-2.897714E-1
4.454768E1	2.769104E1	-2.690999E-1
4.458100E1	2.769654E1	-2.706565E-1
4.461432E1	2.772196E1	-2.866033E-1
4.464763E1	2.771607E1	-2.779767E-1
4.468095E1	2.769358E1	-2.707478E-1
4.471427E1	2.771475E1	-2.868905E-1
4.474759E1	2.776246E1	-2.713549E-1
4.478091E1	2.779435E1	-2.802840E-1
4.481423E1	2.782794E1	-2.643091E-1
4.484755E1	2.784733E1	-2.751177E-1
4.488087E1	2.782911E1	-2.708853E-1
4.491419E1	2.781828E1	-2.849922E-1
4.494751E1	2.781457E1	-2.892139E-1
4.498083E1	2.782684E1	-2.980607E-1
4.501415E1	2.787162E1	-2.926858E-1
4.504746E1	2.798367E1	-2.974052E-1
4.508078E1	2.810746E1	-3.209351E-1
4.511410E1	2.821954E1	-3.235081E-1
4.514742E1	2.825624E1	-3.210427E-1
4.518074E1	2.827876E1	-3.693147E-1
4.521406E1	2.834513E1	-4.049419E-1
4.524738E1	2.843507E1	-4.078528E-1
4.528070E1	2.849030E1	-4.059838E-1
4.531402E1	2.849166E1	-4.033200E-1
4.534734E1	2.845358E1	-4.107563E-1
4.538066E1	2.844573E1	-4.051382E-1
4.541397E1	2.844799E1	-4.023225E-1
4.544729E1	2.844314E1	-4.014042E-1
4.548061E1	2.844189E1	-4.019468E-1
4.551393E1	2.844132E1	-4.016405E-1
4.554725E1	2.840316E1	-4.006793E-1
4.558057E1	2.826000E1	-3.501454E-1
4.561389E1	2.808941E1	-3.338086E-1
4.564721E1	2.793818E1	-3.249972E-1
4.568053E1	2.790368E1	-2.967576E-1
4.571385E1	2.795540E1	-2.738209E-1
4.574717E1	2.794911E1	-3.300672E-1
4.578049E1	2.793035E1	-3.302663E-1
4.581380E1	2.791358E1	-3.126273E-1
4.584712E1	2.791572E1	-3.152004E-1
4.588044E1	2.791434E1	-3.154119E-1
4.591376E1	2.791394E1	-3.174873E-1
4.594708E1	2.792007E1	-3.241745E-1
4.598040E1	2.793784E1	-3.410760E-1
4.601372E1	2.801078E1	-3.576850E-1
4.604704E1	2.811649E1	-3.536867E-1
4.608036E1	2.820813E1	-3.456747E-1
4.611368E1	2.828133E1	-3.502928E-1
4.614700E1	2.833824E1	-3.463224E-1
4.618031E1	2.840037E1	-3.542655E-1
4.621363E1	2.847893E1	-3.373462E-1
4.624695E1	2.855950E1	-3.482615E-1
4.628027E1	2.863879E1	-3.410923E-1
4.631359E1	2.871825E1	-3.536438E-1
4.634691E1	2.877539E1	-3.551520E-1
4.638023E1	2.880271E1	-3.427057E-1
4.641355E1	2.878320E1	-3.721857E-1
4.644687E1	2.876518E1	-3.577099E-1
4.648019E1	2.877697E1	-3.561916E-1
4.651351E1	2.877014E1	-3.517782E-1
4.654683E1	2.876510E1	-3.524577E-1
4.658014E1	2.873914E1	-3.544512E-1
4.661346E1	2.871775E1	-3.391008E-1
4.664678E1	2.871641E1	-3.444162E-1
4.668010E1	2.871875E1	-3.553633E-1
4.671342E1	2.872525E1	-3.589241E-1
4.674674E1	2.872481E1	-3.573478E-1
4.678006E1	2.872393E1	-3.580487E-1
4.681338E1	2.872524E1	-3.596976E-1
4.684670E1	2.872383E1	-3.582513E-1
4.688002E1	2.872377E1	-3.584899E-1
4.691334E1	2.872801E1	-3.630853E-1
4.694665E1	2.872430E1	-3.609646E-1
4.697997E1	2.873390E1	-3.696193E-1
4.701329E1	2.877294E1	-3.613687E-1
4.704661E1	2.885470E1	-3.522568E-1
4.707993E1	2.898498E1	-3.687884E-1
4.711325E1	2.910783E1	-3.900394E-1
4.714657E1	2.921808E1	-4.013207E-1
4.717989E1	2.932232E1	-3.884790E-1
4.721321E1	2.938606E1	-3.818850E-1
4.724653E1	2.943060E1	-4.046351E-1
4.727985E1	2.948726E1	-4.223457E-1
4.731317E1	2.949997E1	-4.175967E-1
4.734648E1	2.947796E1	-3.943869E-1
4.737980E1	2.948356E1	-4.062060E-1
4.741312E1	2.948634E1	-4.148443E-1
4.744644E1	2.948881E1	-4.169496E-1
4.747976E1	2.949031E1	-4.179709E-1
4.751308E1	2.949161E1	-4.196032E-1
4.754640E1	2.944971E1	-4.225754E-1
4.757972E1	2.932475E1	-3.753644E-1
4.761304E1	2.915756E1	-3.570585E-1
4.764636E1	2.899253E1	-3.551225E-1
4.767968E1	2.893318E1	-3.391384E-1
4.771299E1	2.897116E1	-2.952585E-1
4.774631E1	2.898707E1	-3.239747E-1
4.777963E1	2.899028E1	-3.190000E-1
4.781295E1	2.899580E1	-3.170766E-1
4.784627E1	2.899235E1	-3.091519E-1
4.787959E1	2.899154E1	-3.047282E-1
4.791291E1	2.898196E1	-2.964160E-1
4.794623E1	2.898339E1	-2.969082E-1
4.797955E1	2.903282E1	-3.071602E-1
4.801287E1	2.909223E1	-2.999135E-1
4.804619E1	2.918927E1	-2.869184E-1
4.807951E1	2.931066E1	-3.034980E-1
4.811282E1	2.940337E1	-3.256139E-1
4.814614E1	2.944582E1	-3.168815E-1
4.817946E1	2.947668E1	-2.961214E-1
4.821278E1	2.949427E1	-2.864057E-1
4.824610E1	2.949784E1	-2.996778E-1
4.827942E1	2.949954E1	-3.080705E-1
4.831274E1	2.950272E1	-3.130354E-1
4.834606E1	2.949467E1	-3.060460E-1
4.837938E1	2.949361E1	-3.098990E-1
4.841270E1	2.949262E1	-3.105128E-1
4.844602E1	2.947779E1	-2.964367E-1
4.847933E1	2.948180E1	-2.988365E-1
4.851265E1	2.948624E1	-3.027172E-1
4.854597E1	2.946507E1	-3.259448E-1
4.857929E1	2.944832E1	-3.170172E-1
4.861261E1	2.944939E1	-3.179349E-1
4.864593E1	2.943386E1	-3.069834E-1
4.867925E1	2.942778E1	-3.027063E-1
4.871257E1	2.943057E1	-3.048733E-1
4.874589E1	2.943259E1	-3.088327E-1
4.877921E1	2.943693E1	-3.146054E-1
4.881253E1	2.944087E1	-3.164782E-1
4.884585E1	2.944167E1	-3.163519E-1
4.887916E1	2.943955E1	-3.150667E-1
4.891248E1	2.943816E1	-3.176066E-1
4.894580E1	2.943639E1	-3.165137E-1
4.897912E1	2.944381E1	-3.236688E-1
4.901244E1	2.948940E1	-3.164127E-1
4.904576E1	2.955886E1	-3.326367E-1
4.907908E1	2.965167E1	-3.201469E-1
4.911240E1	2.976323E1	-3.240233E-1
4.914572E1	2.988050E1	-3.304299E-1
4.917904E1	3.000445E1	-3.633508E-1
4.921236E1	3.015733E1	-3.403855E-1
4.924567E1	3.015912E1	-3.601751E-1
4.927899E1	3.017232E1	-3.872149E-1
4.931231E1	3.019686E1	-3.677682E-1
4.934563E1	3.019863E1	-3.707174E-1
4.937895E1	3.020100E1	-3.731531E-1
4.941227E1	3.020517E1	-3.754908E-1
4.944559E1	3.020570E1	-3.753818E-1
4.947891E1	3.020881E1	-3.769599E-1
4.951223E1	3.021039E1	-3.777715E-1
4.954555E1	3.017104E1	-3.810016E-1
4.957887E1	3.004445E1	-3.541770E-1
4.961219E1	2.982883E1	-2.982345E-1
4.964550E1	2.966604E1	-2.775392E-1
4.967882E1	2.956788E1	-2.589161E-1
4.971214E1	2.963009E1	-2.165557E-1
4.974546E1	2.967629E1	-2.563321E-1
4.977878E1	2.969815E1	-2.496629E-1
4.981210E1	2.970696E1	-2.537819E-1
4.984542E1	2.970176E1	-2.497685E-1
4.987874E1	2.969055E1	-2.315369E-1
4.991206E1	2.968089E1	-2.620498E-1
4.994538E1	2.966638E1	-2.550835E-1
4.997870E1	2.967636E1	-2.591488E-1
5.001201E1	2.973433E1	-2.848836E-1
5.004533E1	2.984860E1	-2.803011E-1
5.007865E1	2.996084E1	-2.797048E-1
5.011197E1	3.005863E1	-2.746387E-1
5.014529E1	3.011322E1	-2.849641E-1
5.017861E1	3.012600E1	-2.797299E-1
5.021193E1	3.012904E1	-2.700454E-1
5.024525E1	3.012347E1	-2.709512E-1
5.027857E1	3.010818E1	-2.509828E-1
5.031189E1	3.011204E1	-2.520579E-1
5.034521E1	3.009827E1	-2.514261E-1
5.037853E1	3.010514E1	-2.665170E-1
5.041184E1	3.010796E1	-2.697188E-1
5.044516E1	3.009944E1	-2.602730E-1
5.047848E1	3.007627E1	-2.692977E-1
5.051180E1	3.007843E1	-2.918660E-1
5.054512E1	3.005795E1	-2.925360E-1
5.057844E1	3.003541E1	-2.690865E-1
5.061176E1	3.004036E1	-2.712279E-1
5.064508E1	3.003429E1	-2.640802E-1
5.067840E1	3.004596E1	-2.658108E-1
5.071172E1	3.006077E1	-2.758520E-1
5.074504E1	3.006168E1	-2.769539E-1
5.077835E1	3.005981E1	-2.789133E-1
5.081167E1	3.005787E1	-2.753756E-1
5.084499E1	3.005315E1	-2.695652E-1
5.087831E1	3.004772E1	-2.666094E-1
5.091163E1	3.005006E1	-2.686217E-1
5.094495E1	3.005083E1	-2.692735E-1
5.097827E1	3.007566E1	-2.868863E-1
5.101159E1	3.010779E1	-2.745391E-1
5.104491E1	3.017566E1	-3.058594E-1
5.107823E1	3.030910E1	-3.050134E-1
5.111155E1	3.042297E1	-3.198855E-1
5.114487E1	3.050812E1	-3.461910E-1
5.117818E1	3.061377E1	-3.496997E-1
5.121150E1	3.074203E1	-3.576222E-1
5.124482E1	3.077977E1	-3.671658E-1
5.127814E1	3.079081E1	-3.899487E-1
5.131146E1	3.078297E1	-3.784346E-1
5.134478E1	3.076185E1	-3.724045E-1
5.137810E1	3.076641E1	-3.794782E-1
5.141142E1	3.077089E1	-3.841083E-1
5.144474E1	3.077202E1	-3.868210E-1
5.147806E1	3.077342E1	-3.919047E-1
5.151138E1	3.077432E1	-3.912458E-1
5.154469E1	3.075355E1	-3.785064E-1
5.157801E1	3.065839E1	-3.481896E-1
5.161133E1	3.054094E1	-2.799352E-1
5.164465E1	3.044279E1	-2.779037E-1
5.167797E1	3.043514E1	-2.702772E-1
5.171129E1	3.049773E1	-2.508282E-1
5.174461E1	3.050939E1	-2.843892E-1
5.177793E1	3.050417E1	-3.111014E-1
5.181125E1	3.050173E1	-3.146060E-1
5.184457E1	3.049287E1	-3.179625E-1
5.187789E1	3.048545E1	-3.084516E-1
5.191121E1	3.048677E1	-3.137467E-1
5.194452E1	3.047095E1	-3.103277E-1
5.197784E1	3.049058E1	-3.262619E-1
5.201116E1	3.054866E1	-3.374374E-1
5.204448E1	3.064863E1	-3.323932E-1
5.207780E1	3.075326E1	-3.291992E-1
5.211112E1	3.083722E1	-3.491559E-1
5.214444E1	3.088646E1	-3.450826E-1
5.217776E1	3.092448E1	-3.157744E-1
5.221108E1	3.098194E1	-2.971592E-1
5.224440E1	3.101906E1	-3.111556E-1
5.227772E1	3.106877E1	-2.970820E-1
5.231103E1	3.114272E1	-2.736452E-1
5.234435E1	3.121546E1	-2.914821E-1
5.237767E1	3.123419E1	-3.034455E-1
5.241099E1	3.119959E1	-2.839867E-1
5.244431E1	3.118292E1	-3.021003E-1
5.247763E1	3.118315E1	-2.945580E-1
5.251095E1	3.118874E1	-2.964966E-1
5.254427E1	3.114263E1	-2.624733E-1
5.257759E1	3.114107E1	-2.762694E-1
5.261091E1	3.115308E1	-3.018295E-1
5.264423E1	3.112334E1	-3.123012E-1
5.267755E1	3.110724E1	-3.457698E-1
5.271086E1	3.111571E1	-3.502626E-1
5.274418E1	3.111421E1	-3.382292E-1
5.277750E1	3.112132E1	-3.423706E-1
5.281082E1	3.112655E1	-3.441165E-1
5.284414E1	3.110596E1	-3.230712E-1
5.287746E1	3.110759E1	-3.119415E-1
5.291078E1	3.110679E1	-3.020335E-1
5.294410E1	3.111165E1	-3.041183E-1
5.297742E1	3.111866E1	-3.071007E-1
5.301074E1	3.113846E1	-2.776550E-1
5.304406E1	3.122148E1	-2.955513E-1
5.307737E1	3.134120E1	-3.067153E-1
5.311069E1	3.144300E1	-3.185859E-1
5.314401E1	3.148667E1	-3.236694E-1
5.317733E1	3.157298E1	-3.519228E-1
5.321065E1	3.173632E1	-3.685774E-1
5.324397E1	3.183439E1	-3.879333E-1
5.327729E1	3.187228E1	-4.077284E-1
5.331061E1	3.187393E1	-3.987062E-1
5.334393E1	3.182662E1	-3.954670E-1
5.337725E1	3.182769E1	-4.024252E-1
5.341057E1	3.184660E1	-4.173487E-1
5.344389E1	3.183154E1	-4.110869E-1
5.347720E1	3.183368E1	-4.134071E-1
5.351052E1	3.183543E1	-4.147158E-1
5.354384E1	3.181377E1	-4.016145E-1
5.357716E1	3.171638E1	-3.762418E-1
5.361048E1	3.155640E1	-3.353817E-1
5.364380E1	3.144847E1	-2.933849E-1
