	mass A		
t	x	y	
0.000000E0	-1.083406E-3	-1.512806E-3
3.331913E-2	2.148470E-2	3.559453E-3
6.663825E-2	3.855181E-2	4.603173E-3
9.995738E-2	4.893525E-2	6.170451E-3
1.332765E-1	5.522884E-2	7.672795E-3
1.665956E-1	5.494002E-2	8.490805E-3
1.999148E-1	5.683384E-2	9.057307E-3
2.332339E-1	6.100820E-2	1.175253E-2
2.665530E-1	7.119293E-2	1.497558E-2
2.998721E-1	8.294415E-2	1.644650E-2
3.331913E-1	9.404055E-2	1.685399E-2
3.665104E-1	9.903012E-2	1.890579E-2
3.998295E-1	1.092867E-1	1.964796E-2
4.331486E-1	1.233474E-1	1.702857E-2
4.664678E-1	1.349849E-1	1.672429E-2
4.997869E-1	1.501632E-1	1.960055E-2
5.331060E-1	1.665878E-1	1.941199E-2
5.664251E-1	1.690545E-1	1.763077E-2
5.997443E-1	1.691630E-1	1.695308E-2
6.330634E-1	1.640154E-1	1.730071E-2
6.663825E-1	1.430894E-1	1.672758E-2
6.997016E-1	1.186946E-1	1.782488E-2
7.330208E-1	1.036256E-1	1.790623E-2
7.663399E-1	1.024616E-1	1.902298E-2
7.996590E-1	1.038958E-1	1.729944E-2
8.329782E-1	1.053547E-1	1.566487E-2
8.662973E-1	1.041866E-1	1.733567E-2
8.996164E-1	1.049475E-1	1.652384E-2
9.329355E-1	1.050479E-1	1.659881E-2
9.662547E-1	1.049680E-1	1.658598E-2
9.995738E-1	1.081667E-1	1.707897E-2
1.032893E0	1.278623E-1	1.631446E-2
1.066212E0	1.514795E-1	2.283443E-2
1.099531E0	1.792330E-1	2.811376E-2
1.132850E0	1.998218E-1	3.321898E-2
1.166169E0	2.072782E-1	3.692998E-2
1.199489E0	2.102261E-1	3.967837E-2
1.232808E0	2.115117E-1	4.092997E-2
1.266127E0	2.125138E-1	4.397027E-2
1.299446E0	2.166019E-1	4.778850E-2
1.332765E0	2.233131E-1	4.988206E-2
1.366084E0	2.286241E-1	5.054202E-2
1.399403E0	2.405089E-1	4.960917E-2
1.432722E0	2.600543E-1	4.810987E-2
1.466042E0	2.808128E-1	4.594224E-2
1.499361E0	2.939603E-1	4.501394E-2
1.532680E0	2.973382E-1	4.783170E-2
1.565999E0	2.969683E-1	4.756717E-2
1.599318E0	2.980174E-1	4.671901E-2
1.632637E0	2.987815E-1	4.656428E-2
1.665956E0	2.931305E-1	4.683644E-2
1.699275E0	2.729574E-1	4.542033E-2
1.732595E0	2.484892E-1	4.567933E-2
1.765914E0	2.300005E-1	4.464755E-2
1.799233E0	2.295099E-1	4.501090E-2
1.832552E0	2.329847E-1	4.550239E-2
1.865871E0	2.405941E-1	4.389470E-2
1.899190E0	2.576764E-1	4.609650E-2
1.932509E0	2.788358E-1	5.131814E-2
1.965828E0	3.003228E-1	5.577430E-2
1.999148E0	3.138045E-1	5.777148E-2
2.032467E0	3.224712E-1	5.770601E-2
2.065786E0	3.281179E-1	6.174377E-2
2.099105E0	3.333238E-1	6.600688E-2
2.132424E0	3.400276E-1	6.788119E-2
2.165743E0	3.435441E-1	6.885518E-2
2.199062E0	3.444256E-1	6.943594E-2
2.232381E0	3.457578E-1	7.019044E-2
2.265701E0	3.495402E-1	7.325380E-2
2.299020E0	3.540028E-1	7.459137E-2
2.332339E0	3.570605E-1	7.380388E-2
2.365658E0	3.607516E-1	7.508125E-2
2.398977E0	3.726037E-1	7.444507E-2
2.432296E0	3.910091E-1	7.457164E-2
2.465615E0	4.096476E-1	7.731351E-2
2.498934E0	4.294605E-1	7.607107E-2
2.532254E0	4.349507E-1	7.397697E-2
2.565573E0	4.333945E-1	7.373680E-2
2.598892E0	4.336909E-1	7.452623E-2
2.632211E0	4.335996E-1	7.483446E-2
2.665530E0	4.188733E-1	7.478519E-2
2.698849E0	3.972432E-1	7.425622E-2
2.732168E0	3.730190E-1	7.297737E-2
2.765487E0	3.568923E-1	7.104645E-2
2.798807E0	3.543378E-1	7.793871E-2
2.832126E0	3.558095E-1	7.948696E-2
2.865445E0	3.665712E-1	7.612867E-2
2.898764E0	3.838261E-1	7.907461E-2
2.932083E0	4.045044E-1	8.442042E-2
2.965402E0	4.245402E-1	8.526624E-2
2.998721E0	4.413005E-1	8.652509E-2
3.032040E0	4.533492E-1	9.243725E-2
3.065360E0	4.594175E-1	9.668629E-2
3.098679E0	4.612291E-1	9.848285E-2
3.131998E0	4.609456E-1	1.028936E-1
3.165317E0	4.629122E-1	1.032736E-1
3.198636E0	4.650885E-1	1.049527E-1
3.231955E0	4.667870E-1	1.049539E-1
3.265274E0	4.679954E-1	1.055103E-1
3.298593E0	4.722646E-1	1.074534E-1
3.331913E0	4.731734E-1	1.075963E-1
3.365232E0	4.749425E-1	1.098286E-1
3.398551E0	4.900861E-1	1.076180E-1
3.431870E0	5.098597E-1	1.069188E-1
3.465189E0	5.329440E-1	1.040222E-1
3.498508E0	5.474567E-1	1.059219E-1
3.531827E0	5.505056E-1	1.085026E-1
3.565146E0	5.491988E-1	1.092633E-1
3.598466E0	5.505781E-1	1.077507E-1
3.631785E0	5.433143E-1	1.097013E-1
3.665104E0	5.237416E-1	1.079609E-1
3.698423E0	4.995969E-1	1.087438E-1
3.731742E0	4.825847E-1	1.102135E-1
3.765061E0	4.831453E-1	1.099608E-1
3.798380E0	4.870627E-1	1.103273E-1
3.831699E0	4.899655E-1	1.086539E-1
3.865019E0	5.001412E-1	1.064950E-1
3.898338E0	5.204139E-1	1.091089E-1
3.931657E0	5.400611E-1	1.132202E-1
3.964976E0	5.562894E-1	1.151562E-1
3.998295E0	5.706678E-1	1.171385E-1
4.031614E0	5.786128E-1	1.173963E-1
4.064933E0	5.815873E-1	1.217003E-1
4.098253E0	5.798915E-1	1.202094E-1
4.131572E0	5.734003E-1	1.223815E-1
4.164891E0	5.745002E-1	1.222580E-1
4.198210E0	5.764815E-1	1.237807E-1
4.231529E0	5.764155E-1	1.242943E-1
4.264848E0	5.773739E-1	1.261368E-1
4.298167E0	5.784809E-1	1.269363E-1
4.331486E0	5.782771E-1	1.275606E-1
4.364806E0	5.778311E-1	1.281164E-1
4.398125E0	5.778382E-1	1.280761E-1
4.431444E0	5.779766E-1	1.279183E-1
4.464763E0	5.847210E-1	1.275909E-1
4.498082E0	6.067111E-1	1.271710E-1
4.531401E0	6.291827E-1	1.269788E-1
4.564720E0	6.434517E-1	1.291568E-1
4.598039E0	6.482617E-1	1.293951E-1
4.631359E0	6.401341E-1	1.273878E-1
4.664678E0	6.236234E-1	1.241445E-1
4.697997E0	6.025385E-1	1.254821E-1
4.731316E0	5.855048E-1	1.270755E-1
4.764635E0	5.833552E-1	1.289660E-1
4.797954E0	5.894343E-1	1.277378E-1
4.831273E0	5.921304E-1	1.282872E-1
4.864592E0	6.019659E-1	1.260034E-1
4.897912E0	6.178977E-1	1.289197E-1
4.931231E0	6.394550E-1	1.334443E-1
4.964550E0	6.577667E-1	1.330967E-1
4.997869E0	6.713204E-1	1.349011E-1
5.031188E0	6.795690E-1	1.365474E-1
5.064507E0	6.816121E-1	1.396212E-1
5.097826E0	6.796599E-1	1.375619E-1
5.131145E0	6.789071E-1	1.394292E-1
5.164465E0	6.808156E-1	1.394358E-1
5.197784E0	6.798877E-1	1.393978E-1
5.231103E0	6.837212E-1	1.401767E-1
5.264422E0	6.887794E-1	1.415862E-1
5.297741E0	6.881855E-1	1.461179E-1
5.331060E0	6.850621E-1	1.522220E-1
5.364379E0	6.914900E-1	1.548018E-1
5.397698E0	7.057945E-1	1.551414E-1
5.431018E0	7.295631E-1	1.510656E-1
5.464337E0	7.561494E-1	1.515822E-1
5.497656E0	7.677407E-1	1.523532E-1
5.530975E0	7.662087E-1	1.521681E-1
5.564294E0	7.659288E-1	1.517539E-1
5.597613E0	7.664848E-1	1.517060E-1
5.630932E0	7.604956E-1	1.521624E-1
5.664251E0	7.415443E-1	1.507756E-1
5.697571E0	7.199501E-1	1.522985E-1
5.730890E0	7.057774E-1	1.534816E-1
5.764209E0	7.065768E-1	1.543214E-1
5.797528E0	7.071434E-1	1.529605E-1
5.830847E0	7.072462E-1	1.514308E-1
5.864166E0	7.139716E-1	1.510823E-1
5.897485E0	7.283391E-1	1.534231E-1
5.930804E0	7.472436E-1	1.555218E-1
5.964124E0	7.652588E-1	1.585321E-1
5.997443E0	7.731009E-1	1.576510E-1
6.030762E0	7.733768E-1	1.564857E-1
6.064081E0	7.732022E-1	1.614505E-1
6.097400E0	7.685472E-1	1.637244E-1
6.130719E0	7.683103E-1	1.616653E-1
6.164038E0	7.687724E-1	1.592270E-1
6.197357E0	7.710139E-1	1.618560E-1
6.230677E0	7.707245E-1	1.634228E-1
6.263996E0	7.712676E-1	1.634025E-1
6.297315E0	7.726654E-1	1.624429E-1
6.330634E0	7.747971E-1	1.623875E-1
6.363953E0	7.741119E-1	1.637149E-1
6.397272E0	7.779892E-1	1.656280E-1
6.430591E0	7.909741E-1	1.656121E-1
6.463910E0	8.083594E-1	1.631183E-1
6.497230E0	8.329231E-1	1.618382E-1
6.530549E0	8.495249E-1	1.624000E-1
6.563868E0	8.454395E-1	1.634391E-1
6.597187E0	8.468347E-1	1.622934E-1
6.630506E0	8.421597E-1	1.616768E-1
6.663825E0	8.226648E-1	1.638821E-1
6.697144E0	8.008432E-1	1.673313E-1
6.730463E0	7.833404E-1	1.690005E-1
6.763783E0	7.794387E-1	1.702621E-1
6.797102E0	7.812829E-1	1.705583E-1
6.830421E0	7.826371E-1	1.675932E-1
6.863740E0	7.872242E-1	1.687138E-1
6.897059E0	7.989556E-1	1.686064E-1
6.930378E0	8.161503E-1	1.699672E-1
6.963697E0	8.348404E-1	1.708395E-1
6.997016E0	8.516189E-1	1.710024E-1
7.030336E0	8.629972E-1	1.734626E-1
7.063655E0	8.667712E-1	1.761199E-1
7.096974E0	8.670818E-1	1.759224E-1
7.130293E0	8.657636E-1	1.758003E-1
7.163612E0	8.621327E-1	1.749855E-1
7.196931E0	8.627092E-1	1.740839E-1
7.230250E0	8.630149E-1	1.731847E-1
7.263569E0	8.639914E-1	1.734163E-1
7.296889E0	8.634434E-1	1.737937E-1
7.330208E0	8.614135E-1	1.746259E-1
7.363527E0	8.646243E-1	1.734274E-1
7.396846E0	8.801788E-1	1.738286E-1
7.430165E0	9.059309E-1	1.746814E-1
7.463484E0	9.272587E-1	1.720822E-1
7.496803E0	9.415721E-1	1.682991E-1
7.530122E0	9.435685E-1	1.660215E-1
7.563442E0	9.424496E-1	1.639014E-1
7.596761E0	9.424819E-1	1.639053E-1
7.630080E0	9.419213E-1	1.639728E-1
7.663399E0	9.414322E-1	1.640826E-1
7.696718E0	9.411858E-1	1.641549E-1
7.730037E0	9.367983E-1	1.637244E-1
7.763356E0	9.317882E-1	1.624671E-1
7.796675E0	9.291183E-1	1.633882E-1
7.829995E0	9.226805E-1	1.638703E-1
7.863314E0	9.079851E-1	1.628311E-1
7.896633E0	8.880976E-1	1.648448E-1
7.929952E0	8.685243E-1	1.648776E-1
7.963271E0	8.576190E-1	1.688603E-1
7.996590E0	8.589430E-1	1.729096E-1
8.029909E0	8.695189E-1	1.738438E-1
8.063228E0	8.774310E-1	1.720169E-1
8.096548E0	8.812691E-1	1.691858E-1
8.129867E0	8.822851E-1	1.745084E-1
8.163186E0	8.834173E-1	1.748775E-1
8.196505E0	8.854643E-1	1.726298E-1
8.229824E0	8.846644E-1	1.708259E-1
8.263143E0	8.858355E-1	1.696004E-1
8.296462E0	8.875922E-1	1.713963E-1
8.329782E0	8.908474E-1	1.703374E-1
8.363101E0	8.952413E-1	1.714930E-1
8.396420E0	9.080828E-1	1.695922E-1
8.429739E0	9.226769E-1	1.699662E-1
8.463058E0	9.250316E-1	1.683481E-1
8.496377E0	9.212152E-1	1.702328E-1
8.529696E0	9.250280E-1	1.690670E-1
8.563015E0	9.357141E-1	1.698841E-1
8.596335E0	9.553154E-1	1.714156E-1
8.629654E0	9.619944E-1	1.750242E-1
8.662973E0	9.444352E-1	1.760794E-1
8.696292E0	9.230722E-1	1.771449E-1
8.729611E0	9.070808E-1	1.778547E-1
8.762930E0	9.091236E-1	1.755196E-1
8.796249E0	9.124122E-1	1.756562E-1
8.829568E0	9.123623E-1	1.754273E-1
8.862888E0	9.235933E-1	1.744399E-1
8.896207E0	9.410728E-1	1.744623E-1
8.929526E0	9.592766E-1	1.753177E-1
8.962845E0	9.770464E-1	1.780236E-1
8.996164E0	9.953397E-1	1.768857E-1
9.029483E0	1.011946E0	1.771098E-1
9.062802E0	1.018866E0	1.772063E-1
9.096121E0	1.017866E0	1.803232E-1
9.129441E0	1.012323E0	1.826026E-1
9.162760E0	1.012750E0	1.815929E-1
9.196079E0	1.014688E0	1.802981E-1
9.229398E0	1.014449E0	1.813058E-1
9.262717E0	1.013463E0	1.818224E-1
9.296036E0	1.013306E0	1.818837E-1
9.329355E0	1.013006E0	1.818984E-1
9.362674E0	1.014640E0	1.813001E-1
9.395994E0	1.027407E0	1.824627E-1
9.429313E0	1.042707E0	1.805508E-1
9.462632E0	1.046283E0	1.811524E-1
9.495951E0	1.042636E0	1.805202E-1
9.529270E0	1.044459E0	1.824934E-1
9.562589E0	1.056529E0	1.822651E-1
9.595908E0	1.073549E0	1.814330E-1
9.629227E0	1.077568E0	1.822786E-1
9.662547E0	1.057864E0	1.813026E-1
9.695866E0	1.033181E0	1.823415E-1
9.729185E0	1.014370E0	1.816037E-1
9.762504E0	1.011497E0	1.836181E-1
9.795823E0	1.012816E0	1.825011E-1
9.829142E0	1.013747E0	1.803867E-1
9.862461E0	1.024482E0	1.795545E-1
9.895780E0	1.041176E0	1.791571E-1
9.929100E0	1.060869E0	1.820639E-1
9.962419E0	1.080550E0	1.815944E-1
9.995738E0	1.098158E0	1.813093E-1
1.002906E1	1.112222E0	1.823536E-1
1.006238E1	1.119373E0	1.815483E-1
1.009570E1	1.116416E0	1.835490E-1
1.012901E1	1.113805E0	1.826533E-1
1.016233E1	1.107100E0	1.843327E-1
1.019565E1	1.107655E0	1.839622E-1
1.022897E1	1.107681E0	1.837882E-1
1.026229E1	1.109336E0	1.828491E-1
1.029561E1	1.114308E0	1.827980E-1
1.032893E1	1.116192E0	1.830424E-1
1.036225E1	1.113370E0	1.818347E-1
1.039557E1	1.128003E0	1.826321E-1
1.042889E1	1.151170E0	1.814452E-1
1.046221E1	1.181172E0	1.777820E-1
1.049552E1	1.197983E0	1.761347E-1
1.052884E1	1.197277E0	1.748399E-1
1.056216E1	1.197006E0	1.735330E-1
1.059548E1	1.197107E0	1.731479E-1
1.062880E1	1.191911E0	1.734122E-1
1.066212E1	1.174800E0	1.768432E-1
1.069544E1	1.154891E0	1.780735E-1
1.072876E1	1.136682E0	1.773780E-1
1.076208E1	1.130344E0	1.804794E-1
1.079540E1	1.130510E0	1.799347E-1
1.082872E1	1.133224E0	1.782995E-1
1.086204E1	1.142418E0	1.770173E-1
1.089535E1	1.159271E0	1.777789E-1
1.092867E1	1.180201E0	1.790175E-1
1.096199E1	1.199098E0	1.784146E-1
1.099531E1	1.211615E0	1.798149E-1
1.102863E1	1.219304E0	1.793903E-1
1.106195E1	1.221557E0	1.785104E-1
1.109527E1	1.217684E0	1.824095E-1
1.112859E1	1.217239E0	1.836248E-1
1.116191E1	1.218333E0	1.834277E-1
1.119523E1	1.222965E0	1.847400E-1
1.122855E1	1.224491E0	1.853655E-1
1.126186E1	1.223593E0	1.838442E-1
1.129518E1	1.217795E0	1.845989E-1
1.132850E1	1.218552E0	1.837150E-1
1.136182E1	1.225137E0	1.824353E-1
1.139514E1	1.237924E0	1.793176E-1
1.142846E1	1.261727E0	1.795762E-1
1.146178E1	1.294899E0	1.751354E-1
1.149510E1	1.310580E0	1.716701E-1
1.152842E1	1.308270E0	1.705781E-1
1.156174E1	1.305174E0	1.678940E-1
1.159506E1	1.305283E0	1.678588E-1
1.162837E1	1.299336E0	1.688186E-1
1.166169E1	1.280593E0	1.691884E-1
1.169501E1	1.259756E0	1.665896E-1
1.172833E1	1.235247E0	1.739289E-1
1.176165E1	1.234728E0	1.772775E-1
1.179497E1	1.236411E0	1.746403E-1
1.182829E1	1.238419E0	1.719251E-1
1.186161E1	1.246539E0	1.730377E-1
1.189493E1	1.265270E0	1.712383E-1
1.192825E1	1.286927E0	1.722624E-1
1.196157E1	1.299043E0	1.727486E-1
1.199489E1	1.296122E0	1.727164E-1
1.202820E1	1.299290E0	1.718069E-1
1.206152E1	1.301923E0	1.763111E-1
1.209484E1	1.299164E0	1.749549E-1
1.212816E1	1.298940E0	1.726281E-1
1.216148E1	1.296034E0	1.740021E-1
1.219480E1	1.297312E0	1.732888E-1
1.222812E1	1.299741E0	1.722278E-1
1.226144E1	1.300890E0	1.731085E-1
1.229476E1	1.300181E0	1.735499E-1
1.232808E1	1.301552E0	1.729271E-1
1.236140E1	1.297089E0	1.733146E-1
1.239471E1	1.297103E0	1.734667E-1
1.242803E1	1.302458E0	1.734298E-1
1.246135E1	1.314943E0	1.699593E-1
1.249467E1	1.335170E0	1.688801E-1
1.252799E1	1.358876E0	1.663561E-1
1.256131E1	1.370996E0	1.659961E-1
1.259463E1	1.364151E0	1.680500E-1
1.262795E1	1.362582E0	1.692037E-1
1.266127E1	1.350834E0	1.693455E-1
1.269459E1	1.331976E0	1.686893E-1
1.272791E1	1.317836E0	1.703067E-1
1.276123E1	1.320011E0	1.707154E-1
1.279454E1	1.326940E0	1.693372E-1
1.282786E1	1.325697E0	1.687421E-1
1.286118E1	1.333111E0	1.658761E-1
1.289450E1	1.346066E0	1.685266E-1
1.292782E1	1.361363E0	1.681224E-1
1.296114E1	1.374705E0	1.702200E-1
1.299446E1	1.384335E0	1.713396E-1
1.302778E1	1.390686E0	1.706097E-1
1.306110E1	1.395417E0	1.703357E-1
1.309442E1	1.393399E0	1.687111E-1
1.312774E1	1.389204E0	1.690967E-1
1.316105E1	1.387966E0	1.684195E-1
1.319437E1	1.387448E0	1.659305E-1
1.322769E1	1.386587E0	1.655907E-1
1.326101E1	1.386598E0	1.650701E-1
1.329433E1	1.386608E0	1.649422E-1
1.332765E1	1.386938E0	1.652386E-1
1.336097E1	1.392615E0	1.661557E-1
1.339429E1	1.404133E0	1.650804E-1
1.342761E1	1.428841E0	1.644732E-1
1.346093E1	1.460287E0	1.583256E-1
1.349425E1	1.480906E0	1.580919E-1
1.352757E1	1.482212E0	1.578570E-1
1.356088E1	1.481175E0	1.584780E-1
1.359420E1	1.481296E0	1.584720E-1
1.362752E1	1.477365E0	1.583696E-1
1.366084E1	1.459550E0	1.607495E-1
1.369416E1	1.441208E0	1.633528E-1
1.372748E1	1.426266E0	1.625741E-1
1.376080E1	1.424311E0	1.639720E-1
1.379412E1	1.424560E0	1.640466E-1
1.382744E1	1.426568E0	1.620770E-1
1.386076E1	1.429831E0	1.624580E-1
1.389408E1	1.436965E0	1.639468E-1
1.392739E1	1.448420E0	1.639548E-1
1.396071E1	1.464916E0	1.641858E-1
1.399403E1	1.484960E0	1.670256E-1
1.402735E1	1.505524E0	1.652095E-1
1.406067E1	1.520413E0	1.678444E-1
1.409399E1	1.525572E0	1.671901E-1
1.412731E1	1.525072E0	1.659808E-1
1.416063E1	1.522952E0	1.632611E-1
1.419395E1	1.520788E0	1.645119E-1
1.422727E1	1.519612E0	1.653942E-1
1.426059E1	1.519391E0	1.650398E-1
1.429391E1	1.518935E0	1.651422E-1
1.432722E1	1.519107E0	1.651069E-1
1.436054E1	1.524152E0	1.649249E-1
1.439386E1	1.538510E0	1.612923E-1
1.442718E1	1.562685E0	1.618944E-1
1.446050E1	1.594438E0	1.584136E-1
1.449382E1	1.604983E0	1.581502E-1
1.452714E1	1.603449E0	1.586372E-1
1.456046E1	1.600056E0	1.581604E-1
1.459378E1	1.601554E0	1.602799E-1
1.462710E1	1.601060E0	1.584264E-1
1.466042E1	1.599102E0	1.594634E-1
1.469373E1	1.580058E0	1.610076E-1
1.472705E1	1.550424E0	1.629024E-1
1.476037E1	1.521834E0	1.638214E-1
1.479369E1	1.505361E0	1.645791E-1
1.482701E1	1.507765E0	1.656983E-1
1.486033E1	1.512742E0	1.654442E-1
1.489365E1	1.527213E0	1.626044E-1
1.492697E1	1.547088E0	1.651096E-1
1.496029E1	1.568401E0	1.668981E-1
1.499361E1	1.585371E0	1.657001E-1
1.502693E1	1.597053E0	1.650377E-1
1.506024E1	1.601101E0	1.647703E-1
1.509356E1	1.600405E0	1.649543E-1
1.512688E1	1.599266E0	1.643356E-1
1.516020E1	1.599293E0	1.605974E-1
1.519352E1	1.604310E0	1.557659E-1
1.522684E1	1.613781E0	1.533685E-1
1.526016E1	1.620035E0	1.515746E-1
1.529348E1	1.625191E0	1.540523E-1
1.532680E1	1.631642E0	1.525931E-1
1.536012E1	1.631813E0	1.505752E-1
1.539344E1	1.633630E0	1.483404E-1
1.542676E1	1.636228E0	1.501606E-1
1.546007E1	1.642802E0	1.493895E-1
1.549339E1	1.663296E0	1.506744E-1
1.552671E1	1.699646E0	1.504733E-1
1.556003E1	1.719727E0	1.548786E-1
1.559335E1	1.711031E0	1.523258E-1
1.562667E1	1.705287E0	1.502421E-1
1.565999E1	1.693213E0	1.533605E-1
1.569331E1	1.678206E0	1.542451E-1
1.572663E1	1.663558E0	1.609320E-1
1.575995E1	1.662912E0	1.622395E-1
1.579327E1	1.664986E0	1.599121E-1
1.582658E1	1.664990E0	1.602707E-1
1.585990E1	1.669851E0	1.607582E-1
1.589322E1	1.680694E0	1.601987E-1
1.592654E1	1.694507E0	1.573009E-1
1.595986E1	1.713723E0	1.616136E-1
1.599318E1	1.730088E0	1.632961E-1
1.602650E1	1.744173E0	1.623601E-1
1.605982E1	1.753138E0	1.631608E-1
1.609314E1	1.752630E0	1.630984E-1
1.612646E1	1.748966E0	1.616462E-1
1.615978E1	1.748901E0	1.614189E-1
1.619310E1	1.744819E0	1.615412E-1
1.622641E1	1.746502E0	1.626408E-1
1.625973E1	1.748985E0	1.607575E-1
1.629305E1	1.747193E0	1.618998E-1
1.632637E1	1.747660E0	1.617767E-1
1.635969E1	1.748829E0	1.610367E-1
1.639301E1	1.749096E0	1.609564E-1
1.642633E1	1.762168E0	1.594808E-1
1.645965E1	1.790015E0	1.607041E-1
1.649297E1	1.823282E0	1.566332E-1
1.652629E1	1.834109E0	1.556891E-1
1.655961E1	1.827881E0	1.535206E-1
1.659292E1	1.831133E0	1.561125E-1
1.662624E1	1.831211E0	1.567317E-1
1.665956E1	1.814621E0	1.571489E-1
1.669288E1	1.791625E0	1.590406E-1
1.672620E1	1.772996E0	1.612640E-1
1.675952E1	1.765619E0	1.672353E-1
1.679284E1	1.769218E0	1.689492E-1
1.682616E1	1.771570E0	1.622307E-1
1.685948E1	1.777316E0	1.615370E-1
1.689280E1	1.794162E0	1.610100E-1
1.692612E1	1.817690E0	1.598214E-1
1.695944E1	1.838108E0	1.620142E-1
1.699275E1	1.853956E0	1.629634E-1
1.702607E1	1.867607E0	1.612863E-1
1.705939E1	1.875659E0	1.640682E-1
1.709271E1	1.877525E0	1.643625E-1
1.712603E1	1.876570E0	1.648412E-1
1.715935E1	1.877503E0	1.625059E-1
1.719267E1	1.876216E0	1.633702E-1
1.722599E1	1.874138E0	1.617825E-1
1.725931E1	1.873749E0	1.619677E-1
1.729263E1	1.877990E0	1.626289E-1
1.732595E1	1.878580E0	1.621091E-1
1.735926E1	1.878158E0	1.621089E-1
1.739258E1	1.889247E0	1.598596E-1
1.742590E1	1.909732E0	1.588813E-1
1.745922E1	1.938513E0	1.554545E-1
1.749254E1	1.961052E0	1.530178E-1
1.752586E1	1.960394E0	1.535130E-1
1.755918E1	1.956963E0	1.514347E-1
1.759250E1	1.958834E0	1.532253E-1
1.762582E1	1.956016E0	1.524338E-1
1.765914E1	1.933969E0	1.569346E-1
1.769246E1	1.902022E0	1.607294E-1
1.772578E1	1.869204E0	1.627894E-1
1.775909E1	1.849932E0	1.681645E-1
1.779241E1	1.849100E0	1.677140E-1
1.782573E1	1.850817E0	1.631567E-1
1.785905E1	1.852142E0	1.621244E-1
1.789237E1	1.851980E0	1.619845E-1
1.792569E1	1.851457E0	1.620591E-1
1.795901E1	1.859164E0	1.624131E-1
1.799233E1	1.882346E0	1.587201E-1
1.802565E1	1.912647E0	1.580171E-1
1.805897E1	1.945357E0	1.584210E-1
1.809229E1	1.967495E0	1.575011E-1
1.812560E1	1.973917E0	1.573052E-1
1.815892E1	1.971847E0	1.580033E-1
1.819224E1	1.971852E0	1.578280E-1
1.822556E1	1.973399E0	1.565530E-1
1.825888E1	1.973264E0	1.577414E-1
1.829220E1	1.974814E0	1.572601E-1
1.832552E1	1.977466E0	1.564419E-1
1.835884E1	1.977705E0	1.540713E-1
1.839216E1	1.989935E0	1.526725E-1
1.842548E1	2.013276E0	1.515689E-1
1.845880E1	2.040785E0	1.487640E-1
1.849211E1	2.055590E0	1.490710E-1
1.852543E1	2.054135E0	1.490427E-1
1.855875E1	2.049310E0	1.490101E-1
1.859207E1	2.052233E0	1.481084E-1
1.862539E1	2.047372E0	1.476261E-1
1.865871E1	2.027666E0	1.522571E-1
1.869203E1	1.999907E0	1.567170E-1
1.872535E1	1.972636E0	1.599240E-1
1.875867E1	1.958416E0	1.626187E-1
1.879199E1	1.957188E0	1.640933E-1
1.882531E1	1.956504E0	1.597998E-1
1.885863E1	1.962338E0	1.572754E-1
1.889194E1	1.978133E0	1.569685E-1
1.892526E1	1.998817E0	1.582015E-1
1.895858E1	2.017576E0	1.580065E-1
1.899190E1	2.033907E0	1.578482E-1
1.902522E1	2.047078E0	1.567584E-1
1.905854E1	2.055847E0	1.594986E-1
1.909186E1	2.058181E0	1.586772E-1
1.912518E1	2.056905E0	1.583631E-1
1.915850E1	2.056544E0	1.583717E-1
1.919182E1	2.054347E0	1.608749E-1
1.922514E1	2.056028E0	1.596456E-1
1.925845E1	2.060038E0	1.584248E-1
1.929177E1	2.061128E0	1.554818E-1
1.932509E1	2.061879E0	1.541135E-1
1.935841E1	2.063882E0	1.526929E-1
1.939173E1	2.074493E0	1.525988E-1
1.942505E1	2.095992E0	1.511764E-1
1.945837E1	2.120912E0	1.495223E-1
1.949169E1	2.141936E0	1.473378E-1
1.952501E1	2.141126E0	1.488249E-1
1.955833E1	2.138594E0	1.497228E-1
1.959165E1	2.140964E0	1.482311E-1
1.962497E1	2.135787E0	1.486854E-1
1.965828E1	2.116872E0	1.534105E-1
1.969160E1	2.089588E0	1.549527E-1
1.972492E1	2.065498E0	1.594306E-1
1.975824E1	2.055837E0	1.643165E-1
1.979156E1	2.059444E0	1.702026E-1
1.982488E1	2.059553E0	1.670565E-1
1.985820E1	2.065682E0	1.654826E-1
1.989152E1	2.078238E0	1.616123E-1
1.992484E1	2.099384E0	1.606617E-1
1.995816E1	2.119473E0	1.600861E-1
1.999148E1	2.135412E0	1.607755E-1
2.002479E1	2.146899E0	1.586348E-1
2.005811E1	2.151647E0	1.552347E-1
2.009143E1	2.150834E0	1.582796E-1
2.012475E1	2.148581E0	1.601587E-1
2.015807E1	2.149624E0	1.594546E-1
2.019139E1	2.147776E0	1.588757E-1
2.022471E1	2.146707E0	1.586828E-1
2.025803E1	2.148543E0	1.569329E-1
2.029135E1	2.150537E0	1.548691E-1
2.032467E1	2.149358E0	1.559116E-1
2.035799E1	2.150645E0	1.552996E-1
2.039131E1	2.161955E0	1.542230E-1
2.042462E1	2.184087E0	1.532873E-1
2.045794E1	2.200820E0	1.518986E-1
2.049126E1	2.208655E0	1.497956E-1
2.052458E1	2.205405E0	1.539718E-1
2.055790E1	2.205882E0	1.540611E-1
2.059122E1	2.208025E0	1.530021E-1
2.062454E1	2.206600E0	1.544514E-1
2.065786E1	2.198065E0	1.536275E-1
2.069118E1	2.174217E0	1.577673E-1
2.072450E1	2.154187E0	1.655352E-1
2.075782E1	2.151119E0	1.692250E-1
2.079113E1	2.155292E0	1.667217E-1
2.082445E1	2.151452E0	1.657279E-1
2.085777E1	2.158505E0	1.646226E-1
2.089109E1	2.172833E0	1.646531E-1
2.092441E1	2.191285E0	1.650052E-1
2.095773E1	2.211638E0	1.664484E-1
2.099105E1	2.233113E0	1.672253E-1
2.102437E1	2.250793E0	1.668752E-1
2.105769E1	2.262703E0	1.659555E-1
2.109101E1	2.264758E0	1.649574E-1
2.112433E1	2.258621E0	1.650849E-1
2.115765E1	2.256728E0	1.665520E-1
2.119096E1	2.258233E0	1.631459E-1
2.122428E1	2.258311E0	1.610978E-1
2.125760E1	2.254639E0	1.627770E-1
2.129092E1	2.257035E0	1.613080E-1
2.132424E1	2.257936E0	1.605494E-1
2.135756E1	2.258537E0	1.592187E-1
2.139088E1	2.267144E0	1.597662E-1
2.142420E1	2.272870E0	1.599844E-1
2.145752E1	2.279705E0	1.571276E-1
2.149084E1	2.295753E0	1.575878E-1
2.152416E1	2.318081E0	1.567320E-1
2.155747E1	2.326124E0	1.560340E-1
2.159079E1	2.322336E0	1.566446E-1
2.162411E1	2.319871E0	1.549711E-1
2.165743E1	2.306914E0	1.571069E-1
2.169075E1	2.286398E0	1.594989E-1
2.172407E1	2.266891E0	1.662587E-1
2.175739E1	2.261429E0	1.715991E-1
2.179071E1	2.266263E0	1.729632E-1
2.182403E1	2.267051E0	1.707370E-1
2.185735E1	2.274188E0	1.667971E-1
2.189067E1	2.291456E0	1.646353E-1
2.192398E1	2.310838E0	1.678895E-1
2.195730E1	2.329324E0	1.673058E-1
2.199062E1	2.345659E0	1.671351E-1
2.202394E1	2.358031E0	1.661265E-1
2.205726E1	2.365866E0	1.681264E-1
2.209058E1	2.366196E0	1.680713E-1
2.212390E1	2.362301E0	1.672734E-1
2.215722E1	2.363335E0	1.649425E-1
2.219054E1	2.363868E0	1.658339E-1
2.222386E1	2.359932E0	1.670824E-1
2.225718E1	2.360680E0	1.686938E-1
2.229050E1	2.361733E0	1.680865E-1
2.232381E1	2.361270E0	1.685958E-1
2.235713E1	2.362698E0	1.676539E-1
2.239045E1	2.366054E0	1.685202E-1
2.242377E1	2.384487E0	1.658919E-1
2.245709E1	2.409673E0	1.616590E-1
2.249041E1	2.434054E0	1.598645E-1
2.252373E1	2.438040E0	1.554286E-1
2.255705E1	2.433062E0	1.583996E-1
2.259037E1	2.436035E0	1.568453E-1
2.262369E1	2.434918E0	1.577907E-1
2.265701E1	2.420610E0	1.570822E-1
2.269032E1	2.399216E0	1.597747E-1
2.272364E1	2.380797E0	1.629105E-1
2.275696E1	2.374695E0	1.671324E-1
2.279028E1	2.374009E0	1.673057E-1
2.282360E1	2.374020E0	1.658175E-1
2.285692E1	2.380884E0	1.632397E-1
2.289024E1	2.396128E0	1.613643E-1
2.292356E1	2.413229E0	1.626067E-1
2.295688E1	2.430278E0	1.627862E-1
2.299020E1	2.441702E0	1.599199E-1
2.302352E1	2.449007E0	1.564287E-1
2.305684E1	2.450400E0	1.626149E-1
2.309015E1	2.447728E0	1.616811E-1
2.312347E1	2.447570E0	1.602440E-1
2.315679E1	2.443759E0	1.563686E-1
2.319011E1	2.436131E0	1.596896E-1
2.322343E1	2.435917E0	1.577666E-1
2.325675E1	2.436523E0	1.570025E-1
2.329007E1	2.436434E0	1.570161E-1
2.332339E1	2.442321E0	1.562013E-1
2.335671E1	2.444901E0	1.569483E-1
2.339003E1	2.453261E0	1.516317E-1
2.342335E1	2.470342E0	1.483444E-1
2.345666E1	2.494777E0	1.481639E-1
2.348998E1	2.524097E0	1.458989E-1
2.352330E1	2.532784E0	1.453436E-1
2.355662E1	2.531437E0	1.455291E-1
2.358994E1	2.532690E0	1.443052E-1
2.362326E1	2.527007E0	1.459166E-1
2.365658E1	2.514463E0	1.471389E-1
2.368990E1	2.499223E0	1.459903E-1
2.372322E1	2.484099E0	1.544358E-1
2.375654E1	2.484313E0	1.637788E-1
2.378986E1	2.488123E0	1.628100E-1
2.382318E1	2.486717E0	1.587346E-1
2.385649E1	2.493159E0	1.563900E-1
2.388981E1	2.506972E0	1.570489E-1
2.392313E1	2.522819E0	1.589708E-1
2.395645E1	2.538346E0	1.571189E-1
2.398977E1	2.549139E0	1.573373E-1
2.402309E1	2.558611E0	1.605268E-1
2.405641E1	2.567712E0	1.641718E-1
2.408973E1	2.569364E0	1.608562E-1
2.412305E1	2.565148E0	1.589281E-1
2.415637E1	2.563576E0	1.593259E-1
2.418969E1	2.562458E0	1.633530E-1
2.422300E1	2.562908E0	1.635304E-1
2.425632E1	2.562983E0	1.602757E-1
2.428964E1	2.564126E0	1.573900E-1
2.432296E1	2.564166E0	1.575259E-1
2.435628E1	2.564081E0	1.576594E-1
2.438960E1	2.564312E0	1.574539E-1
2.442292E1	2.564909E0	1.552883E-1
2.445624E1	2.581348E0	1.529309E-1
2.448956E1	2.605602E0	1.512157E-1
2.452288E1	2.631240E0	1.492796E-1
2.455620E1	2.639589E0	1.508614E-1
2.458952E1	2.636397E0	1.478711E-1
2.462283E1	2.635269E0	1.480609E-1
2.465615E1	2.625106E0	1.488303E-1
2.468947E1	2.608753E0	1.534471E-1
2.472279E1	2.596480E0	1.594145E-1
2.475611E1	2.593914E0	1.621365E-1
2.478943E1	2.592178E0	1.603326E-1
2.482275E1	2.590148E0	1.614911E-1
2.485607E1	2.596318E0	1.601857E-1
2.488939E1	2.608892E0	1.576836E-1
2.492271E1	2.624787E0	1.582484E-1
2.495603E1	2.646186E0	1.581141E-1
2.498934E1	2.665859E0	1.553997E-1
2.502266E1	2.683172E0	1.530015E-1
2.505598E1	2.692658E0	1.510052E-1
2.508930E1	2.692770E0	1.511189E-1
2.512262E1	2.689167E0	1.528713E-1
2.515594E1	2.691087E0	1.540954E-1
2.518926E1	2.691302E0	1.510531E-1
2.522258E1	2.689862E0	1.513521E-1
2.525590E1	2.690610E0	1.506045E-1
2.528922E1	2.694547E0	1.478661E-1
2.532254E1	2.695063E0	1.464010E-1
2.535585E1	2.693218E0	1.447016E-1
2.538917E1	2.700751E0	1.424656E-1
2.542249E1	2.720142E0	1.434254E-1
2.545581E1	2.747368E0	1.406343E-1
2.548913E1	2.776452E0	1.372835E-1
2.552245E1	2.782257E0	1.371296E-1
2.555577E1	2.781277E0	1.380316E-1
2.558909E1	2.782535E0	1.372481E-1
2.562241E1	2.777021E0	1.376970E-1
2.565573E1	2.758676E0	1.432824E-1
2.568905E1	2.734730E0	1.497645E-1
2.572237E1	2.716203E0	1.531017E-1
2.575568E1	2.708562E0	1.589354E-1
2.578900E1	2.709397E0	1.545586E-1
2.582232E1	2.708257E0	1.544766E-1
2.585564E1	2.715535E0	1.525013E-1
2.588896E1	2.729517E0	1.538341E-1
2.592228E1	2.746752E0	1.540682E-1
2.595560E1	2.764563E0	1.509328E-1
2.598892E1	2.783183E0	1.483357E-1
2.602224E1	2.792379E0	1.503721E-1
2.605556E1	2.789672E0	1.474578E-1
2.608888E1	2.791229E0	1.502481E-1
2.612219E1	2.797074E0	1.505124E-1
2.615551E1	2.799410E0	1.505545E-1
2.618883E1	2.804063E0	1.499045E-1
2.622215E1	2.802313E0	1.459286E-1
2.625547E1	2.804458E0	1.436833E-1
2.628879E1	2.805885E0	1.440540E-1
2.632211E1	2.809038E0	1.477150E-1
2.635543E1	2.810433E0	1.479291E-1
2.638875E1	2.811613E0	1.472832E-1
2.642207E1	2.822883E0	1.444121E-1
2.645539E1	2.844258E0	1.407175E-1
2.648871E1	2.873913E0	1.349351E-1
2.652202E1	2.888458E0	1.271955E-1
2.655534E1	2.884854E0	1.264298E-1
2.658866E1	2.886123E0	1.283713E-1
2.662198E1	2.882022E0	1.282580E-1
2.665530E1	2.867113E0	1.316647E-1
2.668862E1	2.849002E0	1.341071E-1
2.672194E1	2.836500E0	1.381713E-1
2.675526E1	2.836392E0	1.397332E-1
2.678858E1	2.841317E0	1.335789E-1
2.682190E1	2.837747E0	1.339135E-1
2.685522E1	2.844908E0	1.317060E-1
2.688853E1	2.858753E0	1.280608E-1
2.692185E1	2.880499E0	1.251081E-1
2.695517E1	2.903375E0	1.236144E-1
2.698849E1	2.908376E0	1.235649E-1
2.702181E1	2.913812E0	1.226641E-1
2.705513E1	2.925668E0	1.221908E-1
2.708845E1	2.937640E0	1.194014E-1
2.712177E1	2.942473E0	1.189521E-1
2.715509E1	2.941097E0	1.203580E-1
2.718841E1	2.943014E0	1.169942E-1
2.722173E1	2.942612E0	1.144547E-1
2.725505E1	2.943501E0	1.128769E-1
2.728836E1	2.944728E0	1.113485E-1
2.732168E1	2.945514E0	1.097660E-1
2.735500E1	2.944482E0	1.081656E-1
2.738832E1	2.954423E0	1.064328E-1
2.742164E1	2.977190E0	1.011399E-1
2.745496E1	3.009599E0	9.566406E-2
2.748828E1	3.031621E0	9.160547E-2
2.752160E1	3.033250E0	8.946510E-2
2.755492E1	3.033808E0	8.822573E-2
2.758824E1	3.032697E0	9.008284E-2
2.762156E1	3.033766E0	8.961495E-2
2.765487E1	3.032774E0	9.043165E-2
2.768819E1	3.031553E0	9.177850E-2
2.772151E1	3.027588E0	8.986344E-2
2.775483E1	3.022985E0	8.787733E-2
2.778815E1	3.026498E0	9.029471E-2
2.782147E1	3.022215E0	8.996805E-2
2.785479E1	3.006332E0	9.198878E-2
2.788811E1	2.993636E0	9.633821E-2
2.792143E1	2.982360E0	1.009753E-1
2.795475E1	2.973193E0	9.484280E-2
2.798807E1	2.978308E0	9.055529E-2
2.802138E1	2.998580E0	9.499535E-2
2.805470E1	3.011888E0	9.169427E-2
2.808802E1	3.017204E0	8.971329E-2
2.812134E1	3.013659E0	8.872897E-2
2.815466E1	3.015227E0	9.073382E-2
2.818798E1	3.017240E0	8.794098E-2
2.822130E1	3.016427E0	8.587713E-2
2.825462E1	3.016445E0	8.513294E-2
2.828794E1	3.017311E0	8.342122E-2
2.832126E1	3.017955E0	8.233390E-2
2.835458E1	3.016923E0	8.062242E-2
2.838790E1	3.025889E0	7.991775E-2
2.842121E1	3.048291E0	7.468871E-2
2.845453E1	3.076247E0	6.930860E-2
2.848785E1	3.103572E0	6.428625E-2
2.852117E1	3.103411E0	6.543989E-2
2.855449E1	3.101541E0	6.271824E-2
2.858781E1	3.102381E0	6.179015E-2
2.862113E1	3.101673E0	6.248235E-2
2.865445E1	3.098706E0	6.473229E-2
2.868777E1	3.083324E0	6.718247E-2
2.872109E1	3.062081E0	7.027677E-2
2.875441E1	3.049688E0	7.580172E-2
2.878772E1	3.055778E0	7.717574E-2
2.882104E1	3.057468E0	7.273939E-2
2.885436E1	3.062827E0	7.321661E-2
2.888768E1	3.077598E0	7.065749E-2
2.892100E1	3.095390E0	6.524824E-2
2.895432E1	3.113747E0	6.195330E-2
2.898764E1	3.127682E0	6.303974E-2
2.902096E1	3.134654E0	5.936169E-2
2.905428E1	3.139570E0	5.986251E-2
2.908760E1	3.139354E0	6.300864E-2
2.912092E1	3.138383E0	6.415859E-2
2.915424E1	3.136026E0	6.214596E-2
2.918755E1	3.133410E0	6.274987E-2
2.922087E1	3.133402E0	6.015591E-2
2.925419E1	3.133308E0	5.853337E-2
2.928751E1	3.132943E0	5.830530E-2
2.932083E1	3.133635E0	5.773673E-2
2.935415E1	3.134730E0	5.667103E-2
2.938747E1	3.144148E0	5.686520E-2
2.942079E1	3.163203E0	5.112150E-2
2.945411E1	3.188100E0	4.786168E-2
2.948743E1	3.204951E0	4.339710E-2
2.952075E1	3.208348E0	4.085344E-2
2.955406E1	3.213436E0	4.140808E-2
2.958738E1	3.212768E0	4.230542E-2
2.962070E1	3.207620E0	4.210176E-2
2.965402E1	3.196813E0	4.578619E-2
2.968734E1	3.184373E0	4.923303E-2
2.972066E1	3.183035E0	4.906128E-2
2.975398E1	3.194999E0	4.702576E-2
2.978730E1	3.200003E0	4.291215E-2
2.982062E1	3.197397E0	4.185454E-2
2.985394E1	3.202997E0	4.095829E-2
2.988726E1	3.218002E0	4.018510E-2
2.992058E1	3.233548E0	3.926198E-2
2.995389E1	3.252604E0	3.705673E-2
2.998721E1	3.270275E0	3.600724E-2
3.002053E1	3.284470E0	3.381236E-2
3.005385E1	3.294517E0	3.264861E-2
3.008717E1	3.294649E0	3.259472E-2
3.012049E1	3.290236E0	3.329870E-2
3.015381E1	3.290149E0	3.541788E-2
3.018713E1	3.290073E0	3.319177E-2
3.022045E1	3.289769E0	3.259573E-2
3.025377E1	3.289925E0	3.230560E-2
3.028709E1	3.290148E0	3.155419E-2
3.032040E1	3.290575E0	3.020679E-2
3.035372E1	3.290452E0	3.055790E-2
3.038704E1	3.291379E0	2.972123E-2
3.042036E1	3.290293E0	2.926358E-2
3.045368E1	3.302543E0	2.329953E-2
3.048700E1	3.334167E0	1.993109E-2
3.052032E1	3.367927E0	1.226236E-2
3.055364E1	3.383420E0	1.348208E-2
3.058696E1	3.379590E0	1.236548E-2
3.062028E1	3.376624E0	9.196080E-3
3.065360E1	3.363160E0	1.312859E-2
3.068692E1	3.350020E0	1.801560E-2
3.072023E1	3.342092E0	1.713112E-2
3.075355E1	3.347828E0	1.898744E-2
3.078687E1	3.353938E0	1.408334E-2
3.082019E1	3.351884E0	1.887827E-2
3.085351E1	3.357540E0	1.753701E-2
3.088683E1	3.374673E0	1.118587E-2
3.092015E1	3.393461E0	8.419953E-3
3.095347E1	3.413695E0	9.804555E-3
3.098679E1	3.431830E0	6.343401E-3
3.102011E1	3.445662E0	5.569910E-3
3.105343E1	3.453023E0	8.169542E-4
3.108674E1	3.450883E0	5.990020E-3
3.112006E1	3.449055E0	3.746307E-3
3.115338E1	3.449043E0	3.379491E-3
3.118670E1	3.446136E0	5.342257E-3
3.122002E1	3.442347E0	2.624737E-3
3.125334E1	3.442148E0	1.446559E-3
3.128666E1	3.443122E0	-9.001354E-4
3.131998E1	3.442141E0	-9.801027E-4
3.135330E1	3.441276E0	-5.907483E-4
3.138662E1	3.441987E0	-3.110077E-3
3.141994E1	3.443731E0	-6.063614E-3
3.145325E1	3.444489E0	-2.964348E-3
3.148657E1	3.456343E0	-5.012754E-3
3.151989E1	3.480729E0	-9.573009E-3
3.155321E1	3.512540E0	-1.312508E-2
3.158653E1	3.527183E0	-1.703759E-2
3.161985E1	3.516688E0	-1.757039E-2
3.165317E1	3.497058E0	-1.225628E-2
3.168649E1	3.479320E0	-5.979133E-3
3.171981E1	3.468476E0	-1.126985E-3
3.175313E1	3.471221E0	-2.288376E-3
3.178645E1	3.475047E0	-1.138449E-2
3.181977E1	3.473212E0	-8.741737E-3
3.185308E1	3.480201E0	-1.020881E-2
3.188640E1	3.493512E0	-1.605441E-2
3.191972E1	3.512332E0	-1.557903E-2
3.195304E1	3.531441E0	-1.924434E-2
3.198636E1	3.548873E0	-2.207235E-2
3.201968E1	3.559643E0	-2.310176E-2
3.205300E1	3.565496E0	-2.335513E-2
3.208632E1	3.565028E0	-2.203643E-2
3.211964E1	3.562525E0	-1.908464E-2
3.215296E1	3.558145E0	-1.905867E-2
3.218628E1	3.558595E0	-2.136822E-2
3.221959E1	3.558479E0	-2.144473E-2
3.225291E1	3.557965E0	-2.143267E-2
3.228623E1	3.559392E0	-2.328446E-2
3.231955E1	3.559615E0	-2.596453E-2
3.235287E1	3.562784E0	-2.628642E-2
3.238619E1	3.572188E0	-3.224521E-2
3.241951E1	3.583488E0	-3.430908E-2
3.245283E1	3.594587E0	-3.772157E-2
3.248615E1	3.620658E0	-3.856885E-2
3.251947E1	3.652429E0	-4.176693E-2
3.255279E1	3.658910E0	-4.299278E-2
3.258611E1	3.650261E0	-4.730224E-2
3.261942E1	3.649526E0	-4.737063E-2
3.265274E1	3.642094E0	-4.296908E-2
3.268606E1	3.636615E0	-3.855328E-2
3.271938E1	3.638154E0	-3.751572E-2
3.275270E1	3.648230E0	-3.711256E-2
3.278602E1	3.660199E0	-4.383266E-2
3.281934E1	3.659604E0	-4.523888E-2
3.285266E1	3.666210E0	-4.749875E-2
3.288598E1	3.681659E0	-4.970615E-2
3.291930E1	3.698974E0	-5.257041E-2
3.295262E1	3.718074E0	-5.392618E-2
3.298593E1	3.733275E0	-5.789508E-2
3.301925E1	3.748494E0	-6.188924E-2
3.305257E1	3.759653E0	-6.508425E-2
3.308589E1	3.754486E0	-6.718498E-2
3.311921E1	3.749093E0	-6.745609E-2
3.315253E1	3.747180E0	-6.688356E-2
3.318585E1	3.748988E0	-6.950976E-2
3.321917E1	3.747692E0	-6.876046E-2
3.325249E1	3.748261E0	-6.917507E-2
3.328581E1	3.748877E0	-6.973457E-2
3.331913E1	3.748307E0	-6.913807E-2
3.335245E1	3.748871E0	-6.952672E-2
3.338576E1	3.748920E0	-6.954371E-2
3.341908E1	3.749037E0	-6.956711E-2
3.345240E1	3.750245E0	-7.281487E-2
3.348572E1	3.766064E0	-7.899987E-2
3.351904E1	3.790507E0	-8.253441E-2
3.355236E1	3.813615E0	-8.299362E-2
3.358568E1	3.816820E0	-8.585220E-2
3.361900E1	3.814532E0	-8.951626E-2
3.365232E1	3.807963E0	-9.238373E-2
3.368564E1	3.794751E0	-8.980963E-2
3.371896E1	3.789793E0	-8.784136E-2
3.375227E1	3.792789E0	-8.694231E-2
3.378559E1	3.792560E0	-9.081591E-2
3.381891E1	3.788530E0	-8.690276E-2
3.385223E1	3.794245E0	-8.804590E-2
3.388555E1	3.801267E0	-9.310651E-2
3.391887E1	3.811048E0	-9.467201E-2
3.395219E1	3.826577E0	-9.664459E-2
3.398551E1	3.839724E0	-1.024384E-1
3.401883E1	3.851042E0	-1.042384E-1
3.405215E1	3.854685E0	-1.031693E-1
3.408547E1	3.849576E0	-1.051069E-1
3.411879E1	3.846240E0	-1.083980E-1
3.415210E1	3.844514E0	-1.041928E-1
3.418542E1	3.844323E0	-1.034137E-1
3.421874E1	3.842372E0	-1.047478E-1
3.425206E1	3.843449E0	-1.071636E-1
3.428538E1	3.843159E0	-1.076802E-1
3.431870E1	3.843461E0	-1.076425E-1
3.435202E1	3.843709E0	-1.076603E-1
3.438534E1	3.843967E0	-1.077164E-1
3.441866E1	3.848590E0	-1.079570E-1
3.445198E1	3.866689E0	-1.172319E-1
3.448530E1	3.896395E0	-1.290957E-1
3.451861E1	3.928550E0	-1.389051E-1
3.455193E1	3.926953E0	-1.372129E-1
3.458525E1	3.923370E0	-1.390497E-1
3.461857E1	3.924128E0	-1.402727E-1
3.465189E1	3.912413E0	-1.382484E-1
3.468521E1	3.901468E0	-1.344502E-1
3.471853E1	3.897205E0	-1.305832E-1
3.475185E1	3.901640E0	-1.305618E-1
3.478517E1	3.901448E0	-1.384907E-1
3.481849E1	3.900370E0	-1.345403E-1
3.485181E1	3.906023E0	-1.352770E-1
3.488512E1	3.914484E0	-1.421831E-1
3.491844E1	3.925914E0	-1.430653E-1
3.495176E1	3.941884E0	-1.473148E-1
3.498508E1	3.951144E0	-1.454616E-1
3.501840E1	3.954406E0	-1.442466E-1
3.505172E1	3.954504E0	-1.435807E-1
3.508504E1	3.950834E0	-1.441071E-1
3.511836E1	3.950669E0	-1.467132E-1
3.515168E1	3.949424E0	-1.460351E-1
3.518500E1	3.946306E0	-1.469871E-1
3.521832E1	3.943315E0	-1.446154E-1
3.525164E1	3.944192E0	-1.451395E-1
3.528495E1	3.944601E0	-1.453482E-1
3.531827E1	3.944793E0	-1.454349E-1
3.535159E1	3.945108E0	-1.456468E-1
3.538491E1	3.949606E0	-1.488337E-1
3.541823E1	3.967249E0	-1.563931E-1
3.545155E1	3.991928E0	-1.667307E-1
3.548487E1	4.024683E0	-1.770437E-1
3.551819E1	4.032913E0	-1.758648E-1
3.555151E1	4.030253E0	-1.784322E-1
3.558483E1	4.031643E0	-1.795184E-1
3.561815E1	4.030968E0	-1.790405E-1
3.565146E1	4.024584E0	-1.773817E-1
3.568478E1	4.014457E0	-1.734035E-1
3.571810E1	4.008386E0	-1.680354E-1
3.575142E1	4.011194E0	-1.675694E-1
3.578474E1	4.011993E0	-1.735636E-1
3.581806E1	4.008191E0	-1.727170E-1
3.585138E1	4.012701E0	-1.732904E-1
3.588470E1	4.022777E0	-1.740767E-1
3.591802E1	4.033852E0	-1.770970E-1
3.595134E1	4.047511E0	-1.795423E-1
3.598466E1	4.057361E0	-1.782427E-1
3.601798E1	4.062304E0	-1.774290E-1
3.605129E1	4.061996E0	-1.745223E-1
3.608461E1	4.056120E0	-1.758064E-1
3.611793E1	4.055548E0	-1.771601E-1
3.615125E1	4.054655E0	-1.766136E-1
3.618457E1	4.053686E0	-1.795151E-1
3.621789E1	4.051780E0	-1.781569E-1
3.625121E1	4.050031E0	-1.777652E-1
3.628453E1	4.046137E0	-1.809760E-1
3.631785E1	4.047375E0	-1.833654E-1
3.635117E1	4.047107E0	-1.833925E-1
3.638449E1	4.046844E0	-1.833515E-1
3.641780E1	4.046712E0	-1.834298E-1
3.645112E1	4.049741E0	-1.826945E-1
3.648444E1	4.068410E0	-1.910513E-1
3.651776E1	4.092335E0	-2.045110E-1
3.655108E1	4.118972E0	-2.142139E-1
3.658440E1	4.135237E0	-2.164630E-1
3.661772E1	4.129482E0	-2.143534E-1
3.665104E1	4.118441E0	-2.101265E-1
3.668436E1	4.105080E0	-2.039588E-1
3.671768E1	4.095503E0	-2.002043E-1
3.675100E1	4.096020E0	-1.999343E-1
3.678432E1	4.101693E0	-2.055484E-1
3.681763E1	4.098836E0	-2.063024E-1
3.685095E1	4.103895E0	-2.067193E-1
3.688427E1	4.115115E0	-2.112893E-1
3.691759E1	4.131105E0	-2.112450E-1
3.695091E1	4.144560E0	-2.083465E-1
3.698423E1	4.150307E0	-2.089217E-1
3.701755E1	4.152101E0	-2.114674E-1
3.705087E1	4.149921E0	-2.095153E-1
3.708419E1	4.148012E0	-2.113734E-1
3.711751E1	4.145023E0	-2.093029E-1
3.715083E1	4.141762E0	-2.131993E-1
3.718414E1	4.139717E0	-2.133401E-1
3.721746E1	4.136976E0	-2.158074E-1
3.725078E1	4.135379E0	-2.150351E-1
3.728410E1	4.136408E0	-2.159904E-1
3.731742E1	4.135267E0	-2.152766E-1
3.735074E1	4.135349E0	-2.153856E-1
3.738406E1	4.135201E0	-2.153258E-1
3.741738E1	4.135246E0	-2.154141E-1
3.745070E1	4.135442E0	-2.156079E-1
3.748402E1	4.140679E0	-2.165230E-1
3.751734E1	4.160448E0	-2.276147E-1
3.755066E1	4.181582E0	-2.370567E-1
3.758397E1	4.203342E0	-2.465311E-1
3.761729E1	4.208270E0	-2.445298E-1
3.765061E1	4.198738E0	-2.429789E-1
3.768393E1	4.186474E0	-2.342468E-1
3.771725E1	4.173718E0	-2.300157E-1
3.775057E1	4.169070E0	-2.314746E-1
3.778389E1	4.170463E0	-2.379986E-1
3.781721E1	4.167821E0	-2.363369E-1
3.785053E1	4.172609E0	-2.365868E-1
3.788385E1	4.185311E0	-2.385343E-1
3.791717E1	4.199503E0	-2.400305E-1
3.795048E1	4.212581E0	-2.385633E-1
3.798380E1	4.219546E0	-2.428341E-1
3.801712E1	4.226756E0	-2.448937E-1
3.805044E1	4.227603E0	-2.450087E-1
3.808376E1	4.224511E0	-2.429718E-1
3.811708E1	4.220462E0	-2.442182E-1
3.815040E1	4.217793E0	-2.419907E-1
3.818372E1	4.215775E0	-2.436472E-1
3.821704E1	4.214680E0	-2.442948E-1
3.825036E1	4.212389E0	-2.437345E-1
3.828368E1	4.212871E0	-2.435891E-1
3.831699E1	4.214471E0	-2.445557E-1
3.835031E1	4.214209E0	-2.440889E-1
3.838363E1	4.218841E0	-2.447543E-1
3.841695E1	4.232146E0	-2.529652E-1
3.845027E1	4.256225E0	-2.571034E-1
3.848359E1	4.287953E0	-2.692844E-1
3.851691E1	4.303736E0	-2.721385E-1
3.855023E1	4.297743E0	-2.736596E-1
3.858355E1	4.299036E0	-2.753360E-1
3.861687E1	4.298090E0	-2.746367E-1
3.865019E1	4.291764E0	-2.708398E-1
3.868351E1	4.277328E0	-2.669577E-1
3.871682E1	4.264483E0	-2.645334E-1
3.875014E1	4.259958E0	-2.655614E-1
3.878346E1	4.263272E0	-2.707594E-1
3.881678E1	4.262428E0	-2.695631E-1
3.885010E1	4.269364E0	-2.668828E-1
3.888342E1	4.279322E0	-2.697652E-1
3.891674E1	4.291753E0	-2.753297E-1
3.895006E1	4.304669E0	-2.771936E-1
3.898338E1	4.312474E0	-2.749252E-1
3.901670E1	4.315976E0	-2.775867E-1
3.905002E1	4.314214E0	-2.762631E-1
3.908333E1	4.310701E0	-2.804633E-1
3.911665E1	4.309476E0	-2.778572E-1
3.914997E1	4.307717E0	-2.754567E-1
3.918329E1	4.306118E0	-2.779990E-1
3.921661E1	4.303566E0	-2.760813E-1
3.924993E1	4.303318E0	-2.758367E-1
3.928325E1	4.304042E0	-2.766394E-1
3.931657E1	4.303877E0	-2.768366E-1
3.934989E1	4.302980E0	-2.773922E-1
3.938321E1	4.309845E0	-2.823122E-1
3.941653E1	4.326702E0	-2.902851E-1
3.944985E1	4.348794E0	-2.943083E-1
3.948316E1	4.372147E0	-3.037607E-1
3.951648E1	4.387059E0	-3.067291E-1
3.954980E1	4.390188E0	-3.096124E-1
3.958312E1	4.388473E0	-3.085272E-1
3.961644E1	4.387223E0	-3.078295E-1
3.964976E1	4.377858E0	-3.044768E-1
3.968308E1	4.364687E0	-2.973633E-1
3.971640E1	4.353153E0	-2.957572E-1
3.974972E1	4.348596E0	-2.980168E-1
3.978304E1	4.347409E0	-3.011442E-1
3.981636E1	4.343575E0	-3.013175E-1
3.984967E1	4.347950E0	-3.016449E-1
3.988299E1	4.355670E0	-3.083714E-1
3.991631E1	4.368912E0	-3.076615E-1
3.994963E1	4.385554E0	-3.076920E-1
3.998295E1	4.402091E0	-3.074554E-1
4.001627E1	4.415994E0	-3.106881E-1
4.004959E1	4.422032E0	-3.180148E-1
4.008291E1	4.421843E0	-3.196051E-1
4.011623E1	4.416080E0	-3.192484E-1
4.014955E1	4.411241E0	-3.207532E-1
4.018287E1	4.410129E0	-3.189355E-1
4.021619E1	4.411764E0	-3.209148E-1
4.024950E1	4.410940E0	-3.242689E-1
4.028282E1	4.410262E0	-3.278545E-1
4.031614E1	4.410237E0	-3.292377E-1
4.034946E1	4.410756E0	-3.316056E-1
4.038278E1	4.418350E0	-3.367746E-1
4.041610E1	4.435894E0	-3.392628E-1
4.044942E1	4.458801E0	-3.458122E-1
4.048274E1	4.484698E0	-3.570897E-1
4.051606E1	4.494930E0	-3.610889E-1
4.054938E1	4.494705E0	-3.620109E-1
4.058270E1	4.494589E0	-3.624254E-1
4.061601E1	4.493547E0	-3.617419E-1
4.064933E1	4.482357E0	-3.569425E-1
4.068265E1	4.459918E0	-3.472961E-1
4.071597E1	4.437273E0	-3.416353E-1
4.074929E1	4.422496E0	-3.397985E-1
4.078261E1	4.418794E0	-3.448693E-1
4.081593E1	4.414471E0	-3.449867E-1
4.084925E1	4.420326E0	-3.408806E-1
4.088257E1	4.426146E0	-3.449514E-1
4.091589E1	4.434156E0	-3.521018E-1
4.094921E1	4.449397E0	-3.530625E-1
4.098253E1	4.465029E0	-3.549181E-1
4.101584E1	4.479670E0	-3.597317E-1
4.104916E1	4.485598E0	-3.638792E-1
4.108248E1	4.482543E0	-3.612889E-1
4.111580E1	4.478769E0	-3.627498E-1
4.114912E1	4.477717E0	-3.599265E-1
4.118244E1	4.477884E0	-3.600883E-1
4.121576E1	4.473675E0	-3.633698E-1
4.124908E1	4.473070E0	-3.634207E-1
4.128240E1	4.473630E0	-3.645397E-1
4.131572E1	4.473279E0	-3.642494E-1
4.134904E1	4.472924E0	-3.642363E-1
4.138235E1	4.479142E0	-3.687447E-1
4.141567E1	4.496130E0	-3.746606E-1
4.144899E1	4.517090E0	-3.801538E-1
4.148231E1	4.544501E0	-3.873954E-1
4.151563E1	4.555340E0	-3.897058E-1
4.154895E1	4.554867E0	-3.892579E-1
4.158227E1	4.554884E0	-3.895866E-1
4.161559E1	4.553382E0	-3.888590E-1
4.164891E1	4.539779E0	-3.845079E-1
4.168223E1	4.516144E0	-3.776584E-1
4.171555E1	4.490175E0	-3.734969E-1
4.174886E1	4.473276E0	-3.699498E-1
4.178218E1	4.467843E0	-3.736949E-1
4.181550E1	4.466483E0	-3.728699E-1
4.184882E1	4.471617E0	-3.709374E-1
4.188214E1	4.484325E0	-3.750456E-1
4.191546E1	4.500269E0	-3.762330E-1
4.194878E1	4.511770E0	-3.784345E-1
4.198210E1	4.521129E0	-3.782751E-1
4.201542E1	4.526861E0	-3.789029E-1
4.204874E1	4.528669E0	-3.808329E-1
4.208206E1	4.525521E0	-3.785149E-1
4.211538E1	4.522330E0	-3.823462E-1
4.214869E1	4.519780E0	-3.788339E-1
4.218201E1	4.519311E0	-3.815413E-1
4.221533E1	4.518925E0	-3.818874E-1
4.224865E1	4.516793E0	-3.814053E-1
4.228197E1	4.516738E0	-3.809419E-1
4.231529E1	4.516638E0	-3.804533E-1
4.234861E1	4.516715E0	-3.802808E-1
4.238193E1	4.523847E0	-3.847434E-1
4.241525E1	4.540231E0	-3.903426E-1
4.244857E1	4.559606E0	-3.947490E-1
4.248189E1	4.583852E0	-4.023345E-1
4.251520E1	4.597765E0	-4.072233E-1
4.254852E1	4.596484E0	-4.055417E-1
4.258184E1	4.596746E0	-4.075272E-1
4.261516E1	4.594132E0	-4.059369E-1
4.264848E1	4.583585E0	-4.017979E-1
4.268180E1	4.560592E0	-3.922305E-1
4.271512E1	4.534163E0	-3.875315E-1
4.274844E1	4.516972E0	-3.822047E-1
4.278176E1	4.511817E0	-3.850444E-1
4.281508E1	4.510086E0	-3.837227E-1
4.284840E1	4.515858E0	-3.839246E-1
4.288172E1	4.527555E0	-3.879129E-1
4.291503E1	4.544487E0	-3.906510E-1
4.294835E1	4.558124E0	-3.927770E-1
4.298167E1	4.567193E0	-3.918349E-1
4.301499E1	4.572466E0	-3.927885E-1
4.304831E1	4.573024E0	-3.926314E-1
4.308163E1	4.570493E0	-3.897080E-1
4.311495E1	4.568599E0	-3.926487E-1
4.314827E1	4.563760E0	-3.919129E-1
4.318159E1	4.561969E0	-3.919485E-1
4.321491E1	4.560614E0	-3.932510E-1
4.324823E1	4.560806E0	-3.940974E-1
4.328154E1	4.561008E0	-3.947211E-1
4.331486E1	4.561160E0	-3.953336E-1
4.334818E1	4.561140E0	-3.955701E-1
4.338150E1	4.566987E0	-3.993592E-1
4.341482E1	4.582059E0	-4.043241E-1
4.344814E1	4.598760E0	-4.101919E-1
4.348146E1	4.616406E0	-4.161251E-1
4.351478E1	4.634932E0	-4.220146E-1
4.354810E1	4.639227E0	-4.216914E-1
4.358142E1	4.638474E0	-4.216269E-1
4.361474E1	4.638080E0	-4.216490E-1
4.364806E1	4.627276E0	-4.174232E-1
4.368137E1	4.602789E0	-4.083945E-1
4.371469E1	4.573850E0	-4.024810E-1
4.374801E1	4.551118E0	-3.971047E-1
4.378133E1	4.544743E0	-3.975742E-1
4.381465E1	4.539625E0	-3.991638E-1
4.384797E1	4.542695E0	-3.990501E-1
4.388129E1	4.556798E0	-4.030914E-1
4.391461E1	4.573753E0	-4.032731E-1
4.394793E1	4.585919E0	-4.024063E-1
4.398125E1	4.590868E0	-4.023412E-1
4.401457E1	4.590762E0	-4.023407E-1
4.404788E1	4.587740E0	-3.997398E-1
4.408120E1	4.584244E0	-4.015713E-1
4.411452E1	4.582182E0	-4.009094E-1
4.414784E1	4.579697E0	-4.027354E-1
4.418116E1	4.579369E0	-4.029273E-1
4.421448E1	4.579153E0	-4.026999E-1
4.424780E1	4.578239E0	-4.016750E-1
4.428112E1	4.576969E0	-4.009262E-1
4.431444E1	4.577053E0	-4.016191E-1
4.434776E1	4.578198E0	-4.038919E-1
4.438108E1	4.583961E0	-4.068590E-1
4.441439E1	4.598788E0	-4.110290E-1
4.444771E1	4.613769E0	-4.184707E-1
4.448103E1	4.628120E0	-4.183502E-1
4.451435E1	4.645448E0	-4.224104E-1
4.454767E1	4.651614E0	-4.223986E-1
4.458099E1	4.650624E0	-4.220813E-1
4.461431E1	4.649736E0	-4.224471E-1
4.464763E1	4.639346E0	-4.211172E-1
4.468095E1	4.618461E0	-4.141637E-1
4.471427E1	4.593550E0	-4.066466E-1
4.474759E1	4.574208E0	-4.058546E-1
4.478091E1	4.567717E0	-4.111781E-1
4.481422E1	4.562526E0	-4.119620E-1
4.484754E1	4.566403E0	-4.100094E-1
4.488086E1	4.577352E0	-4.122768E-1
4.491418E1	4.590457E0	-4.174937E-1
4.494750E1	4.606300E0	-4.178285E-1
4.498082E1	4.618735E0	-4.186821E-1
4.501414E1	4.622455E0	-4.161930E-1
4.504746E1	4.618716E0	-4.171265E-1
4.508078E1	4.614113E0	-4.185373E-1
4.511410E1	4.610491E0	-4.156188E-1
4.514742E1	4.610870E0	-4.161674E-1
4.518073E1	4.610016E0	-4.161102E-1
4.521405E1	4.608297E0	-4.183163E-1
4.524737E1	4.606624E0	-4.172930E-1
4.528069E1	4.605907E0	-4.172118E-1
4.531401E1	4.606033E0	-4.180770E-1
4.534733E1	4.606430E0	-4.188630E-1
4.538065E1	4.613066E0	-4.230448E-1
4.541397E1	4.628875E0	-4.279290E-1
4.544729E1	4.645726E0	-4.310018E-1
4.548061E1	4.657962E0	-4.342932E-1
4.551393E1	4.672384E0	-4.333451E-1
4.554725E1	4.673840E0	-4.343506E-1
4.558056E1	4.672881E0	-4.347221E-1
4.561388E1	4.673362E0	-4.356290E-1
4.564720E1	4.662852E0	-4.333680E-1
4.568052E1	4.641789E0	-4.249119E-1
4.571384E1	4.616382E0	-4.166010E-1
4.574716E1	4.596017E0	-4.124606E-1
4.578048E1	4.589053E0	-4.124551E-1
4.581380E1	4.586540E0	-4.145581E-1
4.584712E1	4.589496E0	-4.127696E-1
4.588044E1	4.601222E0	-4.143957E-1
4.591376E1	4.613242E0	-4.171673E-1
4.594707E1	4.627093E0	-4.162230E-1
4.598039E1	4.639430E0	-4.178583E-1
4.601371E1	4.646134E0	-4.183736E-1
4.604703E1	4.645764E0	-4.179107E-1
4.608035E1	4.642110E0	-4.190634E-1
4.611367E1	4.639290E0	-4.167075E-1
4.614699E1	4.635700E0	-4.159507E-1
4.618031E1	4.635222E0	-4.166932E-1
4.621363E1	4.633758E0	-4.169791E-1
4.624695E1	4.632365E0	-4.160787E-1
4.628027E1	4.633197E0	-4.165770E-1
4.631359E1	4.634167E0	-4.172720E-1
4.634690E1	4.634095E0	-4.172227E-1
4.638022E1	4.641120E0	-4.196052E-1
4.641354E1	4.655810E0	-4.226916E-1
4.644686E1	4.672915E0	-4.282538E-1
4.648018E1	4.690209E0	-4.370905E-1
4.651350E1	4.707746E0	-4.413396E-1
4.654682E1	4.707383E0	-4.402165E-1
4.658014E1	4.706478E0	-4.396350E-1
4.661346E1	4.706616E0	-4.395338E-1
4.664678E1	4.696047E0	-4.350425E-1
4.668010E1	4.672810E0	-4.232054E-1
4.671341E1	4.645735E0	-4.152149E-1
4.674673E1	4.626525E0	-4.059402E-1
4.678005E1	4.616945E0	-4.106413E-1
4.681337E1	4.611051E0	-4.100775E-1
4.684669E1	4.616247E0	-4.065619E-1
4.688001E1	4.628733E0	-4.118075E-1
4.691333E1	4.641310E0	-4.180088E-1
4.694665E1	4.656498E0	-4.192221E-1
4.697997E1	4.667547E0	-4.178292E-1
4.701329E1	4.673008E0	-4.168383E-1
4.704661E1	4.671202E0	-4.157001E-1
4.707993E1	4.667816E0	-4.180547E-1
4.711324E1	4.664260E0	-4.192248E-1
4.714656E1	4.662873E0	-4.177235E-1
4.717988E1	4.662801E0	-4.172187E-1
4.721320E1	4.661343E0	-4.159052E-1
4.724652E1	4.659150E0	-4.183446E-1
4.727984E1	4.658180E0	-4.180807E-1
4.731316E1	4.657796E0	-4.180882E-1
4.734648E1	4.657897E0	-4.180279E-1
4.737980E1	4.663711E0	-4.186726E-1
4.741312E1	4.677000E0	-4.202867E-1
4.744644E1	4.695263E0	-4.263522E-1
4.747975E1	4.714037E0	-4.331956E-1
4.751307E1	4.729157E0	-4.331574E-1
4.754639E1	4.728731E0	-4.317777E-1
4.757971E1	4.729067E0	-4.328088E-1
4.761303E1	4.727871E0	-4.325522E-1
4.764635E1	4.718235E0	-4.295323E-1
4.767967E1	4.694743E0	-4.214550E-1
4.771299E1	4.667613E0	-4.152142E-1
4.774631E1	4.646370E0	-4.111034E-1
4.777963E1	4.638659E0	-4.116435E-1
4.781295E1	4.633404E0	-4.116145E-1
4.784626E1	4.636844E0	-4.129826E-1
4.787958E1	4.646712E0	-4.162913E-1
4.791290E1	4.662509E0	-4.181454E-1
4.794622E1	4.679490E0	-4.189725E-1
4.797954E1	4.690409E0	-4.173538E-1
4.801286E1	4.693073E0	-4.143173E-1
4.804618E1	4.689409E0	-4.123048E-1
4.807950E1	4.683937E0	-4.119016E-1
4.811282E1	4.681361E0	-4.139630E-1
4.814614E1	4.680688E0	-4.133036E-1
4.817946E1	4.679057E0	-4.119440E-1
4.821278E1	4.676940E0	-4.103819E-1
4.824609E1	4.675976E0	-4.128537E-1
4.827941E1	4.675308E0	-4.125574E-1
4.831273E1	4.675366E0	-4.127226E-1
4.834605E1	4.674861E0	-4.124803E-1
4.837937E1	4.679674E0	-4.147100E-1
4.841269E1	4.696085E0	-4.182027E-1
4.844601E1	4.711651E0	-4.220634E-1
4.847933E1	4.722980E0	-4.306521E-1
4.851265E1	4.731567E0	-4.356564E-1
4.854597E1	4.736140E0	-4.323734E-1
4.857929E1	4.738694E0	-4.271330E-1
4.861260E1	4.735259E0	-4.307303E-1
4.864592E1	4.725815E0	-4.336668E-1
4.867924E1	4.706792E0	-4.267804E-1
4.871256E1	4.685601E0	-4.181151E-1
4.874588E1	4.666986E0	-4.094115E-1
4.877920E1	4.659372E0	-4.100954E-1
4.881252E1	4.656217E0	-4.131336E-1
4.884584E1	4.656860E0	-4.114124E-1
4.887916E1	4.667386E0	-4.124759E-1
4.891248E1	4.679115E0	-4.161675E-1
4.894580E1	4.694491E0	-4.152622E-1
4.897912E1	4.706327E0	-4.143359E-1
4.901243E1	4.712036E0	-4.124244E-1
4.904575E1	4.706992E0	-4.140133E-1
4.907907E1	4.702614E0	-4.162040E-1
4.911239E1	4.701213E0	-4.125998E-1
4.914571E1	4.701294E0	-4.122189E-1
4.917903E1	4.699554E0	-4.108494E-1
4.921235E1	4.696493E0	-4.122888E-1
4.924567E1	4.695175E0	-4.113985E-1
4.927899E1	4.695600E0	-4.118459E-1
4.931231E1	4.695561E0	-4.117682E-1
4.934563E1	4.695371E0	-4.116369E-1
4.937894E1	4.700492E0	-4.122312E-1
4.941226E1	4.713865E0	-4.175591E-1
4.944558E1	4.730387E0	-4.226470E-1
4.947890E1	4.746364E0	-4.297405E-1
4.951222E1	4.756663E0	-4.327306E-1
4.954554E1	4.762969E0	-4.299249E-1
4.957886E1	4.761460E0	-4.265155E-1
4.961218E1	4.762017E0	-4.287949E-1
4.964550E1	4.749628E0	-4.262373E-1
4.967882E1	4.729966E0	-4.216954E-1
4.971214E1	4.708258E0	-4.129934E-1
4.974546E1	4.690179E0	-4.051108E-1
4.977877E1	4.684411E0	-4.079896E-1
4.981209E1	4.676493E0	-4.085729E-1
4.984541E1	4.679952E0	-4.080354E-1
4.987873E1	4.689011E0	-4.093413E-1
4.991205E1	4.703609E0	-4.135620E-1
4.994537E1	4.718735E0	-4.140942E-1
4.997869E1	4.737934E0	-4.139402E-1
5.001201E1	4.751957E0	-4.164197E-1
5.004533E1	4.758346E0	-4.173506E-1
5.007865E1	4.757257E0	-4.172371E-1
5.011197E1	4.754449E0	-4.153319E-1
5.014528E1	4.753148E0	-4.175494E-1
5.017860E1	4.752673E0	-4.172255E-1
5.021192E1	4.752510E0	-4.170976E-1
5.024524E1	4.752304E0	-4.171636E-1
5.027856E1	4.751716E0	-4.179016E-1
5.031188E1	4.750495E0	-4.190130E-1
5.034520E1	4.750762E0	-4.204621E-1
5.037852E1	4.757917E0	-4.241052E-1
5.041184E1	4.774231E0	-4.279790E-1
5.044516E1	4.796310E0	-4.358931E-1
5.047848E1	4.823746E0	-4.403426E-1
5.051180E1	4.835808E0	-4.438591E-1
5.054511E1	4.839184E0	-4.416411E-1
5.057843E1	4.839603E0	-4.420407E-1
5.061175E1	4.839565E0	-4.421935E-1
5.064507E1	4.831488E0	-4.432958E-1
5.067839E1	4.817359E0	-4.375252E-1
5.071171E1	4.806939E0	-4.349500E-1
5.074503E1	4.802241E0	-4.332243E-1
5.077835E1	4.806710E0	-4.334519E-1
5.081167E1	4.806598E0	-4.366595E-1
5.084499E1	4.809264E0	-4.380236E-1
5.087831E1	4.825511E0	-4.401000E-1
5.091162E1	4.843204E0	-4.455137E-1
5.094494E1	4.862985E0	-4.475715E-1
5.097826E1	4.880320E0	-4.513636E-1
5.101158E1	4.893827E0	-4.553284E-1
5.104490E1	4.902199E0	-4.549472E-1
5.107822E1	4.901646E0	-4.538354E-1
5.111154E1	4.895970E0	-4.529258E-1
5.114486E1	4.895967E0	-4.530834E-1
5.117818E1	4.896074E0	-4.531651E-1
5.121150E1	4.895524E0	-4.522520E-1
5.124482E1	4.895508E0	-4.522484E-1
5.127813E1	4.896715E0	-4.533507E-1
5.131145E1	4.898617E0	-4.552491E-1
5.134477E1	4.898165E0	-4.549385E-1
5.137809E1	4.902773E0	-4.555280E-1
5.141141E1	4.917628E0	-4.587678E-1
5.144473E1	4.940623E0	-4.662437E-1
5.147805E1	4.964973E0	-4.752060E-1
5.151137E1	4.979514E0	-4.750684E-1
5.154469E1	4.979351E0	-4.738731E-1
5.157801E1	4.979720E0	-4.744129E-1
5.161133E1	4.978607E0	-4.743630E-1
5.164465E1	4.970128E0	-4.738203E-1
5.167796E1	4.952008E0	-4.640389E-1
5.171128E1	4.929747E0	-4.599608E-1
5.174460E1	4.909613E0	-4.586642E-1
5.177792E1	4.906572E0	-4.589722E-1
5.181124E1	4.902647E0	-4.603750E-1
5.184456E1	4.902677E0	-4.601534E-1
5.187788E1	4.914561E0	-4.650567E-1
5.191120E1	4.930699E0	-4.684219E-1
5.194452E1	4.948903E0	-4.700749E-1
5.197784E1	4.969132E0	-4.705068E-1
5.201116E1	4.982167E0	-4.744033E-1
5.204447E1	4.995605E0	-4.751724E-1
5.207779E1	5.000987E0	-4.790966E-1
5.211111E1	4.997013E0	-4.762863E-1
5.214443E1	4.993169E0	-4.764804E-1
5.217775E1	4.992654E0	-4.794573E-1
5.221107E1	4.996115E0	-4.794858E-1
5.224439E1	4.998571E0	-4.806927E-1
5.227771E1	4.999936E0	-4.817287E-1
5.231103E1	4.996352E0	-4.796890E-1
5.234435E1	4.992980E0	-4.806794E-1
5.237767E1	4.999298E0	-4.811686E-1
5.241099E1	5.015164E0	-4.829074E-1
5.244430E1	5.032908E0	-4.862920E-1
5.247762E1	5.056354E0	-4.884753E-1
5.251094E1	5.070582E0	-4.951143E-1
5.254426E1	5.074253E0	-4.960747E-1
5.257758E1	5.075223E0	-4.962887E-1
5.261090E1	5.074288E0	-4.962629E-1
5.264422E1	5.065592E0	-4.961608E-1
5.267754E1	5.050065E0	-4.923133E-1
5.271086E1	5.032566E0	-4.915570E-1
5.274418E1	5.021706E0	-4.878062E-1
5.277750E1	5.022007E0	-4.917387E-1
5.281081E1	5.020668E0	-4.944609E-1
5.284413E1	5.021690E0	-4.936523E-1
5.287745E1	5.029552E0	-4.942610E-1
5.291077E1	5.049273E0	-4.993968E-1
5.294409E1	5.070503E0	-5.009426E-1
5.297741E1	5.095129E0	-5.034116E-1
5.301073E1	5.109591E0	-5.054074E-1
5.304405E1	5.118854E0	-5.066480E-1
5.307737E1	5.124267E0	-5.071100E-1
5.311069E1	5.122296E0	-5.075550E-1
5.314401E1	5.118465E0	-5.053056E-1
5.317733E1	5.121903E0	-5.086540E-1
5.321064E1	5.122711E0	-5.097129E-1
5.324396E1	5.120969E0	-5.086511E-1
5.327728E1	5.121302E0	-5.103249E-1
5.331060E1	5.125267E0	-5.124517E-1
5.334392E1	5.126244E0	-5.170361E-1
5.337724E1	5.132761E0	-5.191490E-1
5.341056E1	5.149061E0	-5.229125E-1
5.344388E1	5.171753E0	-5.285673E-1
5.347720E1	5.201335E0	-5.361914E-1
5.351052E1	5.210868E0	-5.386978E-1
5.354384E1	5.210376E0	-5.391999E-1
5.357715E1	5.211447E0	-5.399368E-1
5.361047E1	5.211011E0	-5.398570E-1
5.364379E1	5.203193E0	-5.374024E-1
5.367711E1	5.187036E0	-5.323197E-1
5.371043E1	5.171138E0	-5.308919E-1
5.374375E1	5.160635E0	-5.306877E-1
5.377707E1	5.160332E0	-5.342213E-1
5.381039E1	5.160066E0	-5.351672E-1
5.384371E1	5.159486E0	-5.339218E-1
5.387703E1	5.170705E0	-5.366889E-1
5.391035E1	5.187606E0	-5.406958E-1
5.394367E1	5.206491E0	-5.449129E-1
5.397698E1	5.228273E0	-5.458688E-1
5.401030E1	5.244830E0	-5.470962E-1
5.404362E1	5.254684E0	-5.479718E-1
5.407694E1	5.260324E0	-5.493578E-1
5.411026E1	5.259116E0	-5.492347E-1
5.414358E1	5.256019E0	-5.504536E-1
5.417690E1	5.256338E0	-5.510631E-1
5.421022E1	5.257693E0	-5.523666E-1
5.424354E1	5.254894E0	-5.513417E-1
5.427686E1	5.255944E0	-5.525936E-1
5.431018E1	5.258858E0	-5.514519E-1
5.434349E1	5.260381E0	-5.523554E-1
5.437681E1	5.265561E0	-5.539471E-1
5.441013E1	5.281320E0	-5.559155E-1
5.444345E1	5.300852E0	-5.609718E-1
5.447677E1	5.327027E0	-5.650515E-1
5.451009E1	5.345140E0	-5.717813E-1
5.454341E1	5.350135E0	-5.739378E-1
5.457673E1	5.350361E0	-5.733866E-1
5.461005E1	5.350076E0	-5.727713E-1
5.464337E1	5.343481E0	-5.712411E-1
