	mass A		
t	x	y	
0.000000E0	-3.254429E1	-2.938279E0
3.331912E-2	-3.254751E1	-2.937122E0
6.663824E-2	-3.255033E1	-2.936899E0
9.995737E-2	-3.250167E1	-2.932258E0
1.332765E-1	-3.238172E1	-2.929241E0
1.665956E-1	-3.220323E1	-2.938769E0
1.999147E-1	-3.202740E1	-2.928821E0
2.332339E-1	-3.191591E1	-2.926178E0
2.665530E-1	-3.181216E1	-2.951571E0
2.998721E-1	-3.172641E1	-2.959963E0
3.331912E-1	-3.165721E1	-2.985367E0
3.665103E-1	-3.157859E1	-2.981472E0
3.998295E-1	-3.151778E1	-2.990348E0
4.331486E-1	-3.147999E1	-3.006514E0
4.664677E-1	-3.143092E1	-3.000853E0
4.997868E-1	-3.136532E1	-2.996756E0
5.331059E-1	-3.129730E1	-2.966253E0
5.664251E-1	-3.120114E1	-2.985457E0
5.997442E-1	-3.113268E1	-2.994853E0
6.330633E-1	-3.105055E1	-3.003061E0
6.663824E-1	-3.086673E1	-3.032980E0
6.997016E-1	-3.058363E1	-3.056735E0
7.330207E-1	-3.037299E1	-3.063423E0
7.663398E-1	-3.034913E1	-3.067980E0
7.996589E-1	-3.037744E1	-3.054405E0
8.329780E-1	-3.037476E1	-3.054280E0
8.662972E-1	-3.039696E1	-3.041137E0
8.996163E-1	-3.058749E1	-3.051789E0
9.329354E-1	-3.089948E1	-3.044464E0
9.662545E-1	-3.119566E1	-3.097336E0
9.995737E-1	-3.135778E1	-3.101258E0
1.032893E0	-3.133647E1	-3.095325E0
1.066212E0	-3.131574E1	-3.104561E0
1.099531E0	-3.129300E1	-3.095585E0
1.132850E0	-3.120426E1	-3.119998E0
1.166169E0	-3.102923E1	-3.128038E0
1.199488E0	-3.080563E1	-3.118838E0
1.232808E0	-3.059079E1	-3.111161E0
1.266127E0	-3.038706E1	-3.116334E0
1.299446E0	-3.028003E1	-3.140004E0
1.332765E0	-3.021392E1	-3.193404E0
1.366084E0	-3.017517E1	-3.214803E0
1.399403E0	-3.014374E1	-3.243510E0
1.432722E0	-3.009838E1	-3.265789E0
1.466041E0	-3.008422E1	-3.302896E0
1.499360E0	-3.010700E1	-3.266697E0
1.532680E0	-3.007247E1	-3.282266E0
1.565999E0	-3.002588E1	-3.294189E0
1.599318E0	-2.999027E1	-3.322265E0
1.632637E0	-2.988004E1	-3.338469E0
1.665956E0	-2.968581E1	-3.374855E0
1.699275E0	-2.939708E1	-3.388851E0
1.732594E0	-2.927265E1	-3.386322E0
1.765913E0	-2.936232E1	-3.404984E0
1.799233E0	-2.937211E1	-3.385408E0
1.832552E0	-2.935776E1	-3.391555E0
1.865871E0	-2.938849E1	-3.379031E0
1.899190E0	-2.954235E1	-3.376663E0
1.932509E0	-2.980600E1	-3.385233E0
1.965828E0	-3.008677E1	-3.375539E0
1.999147E0	-3.012570E1	-3.393805E0
2.032466E0	-3.007537E1	-3.426626E0
2.065786E0	-3.008024E1	-3.428567E0
2.099105E0	-3.005452E1	-3.420722E0
2.132424E0	-2.993955E1	-3.436278E0
2.165743E0	-2.972118E1	-3.444529E0
2.199062E0	-2.947175E1	-3.462153E0
2.232381E0	-2.925526E1	-3.461651E0
2.265700E0	-2.909805E1	-3.479387E0
2.299019E0	-2.898149E1	-3.488951E0
2.332339E0	-2.894361E1	-3.522851E0
2.365658E0	-2.898308E1	-3.492878E0
2.398977E0	-2.896329E1	-3.518297E0
2.432296E0	-2.895949E1	-3.555384E0
2.465615E0	-2.894268E1	-3.580552E0
2.498934E0	-2.892647E1	-3.592008E0
2.532253E0	-2.888102E1	-3.598982E0
2.565572E0	-2.885218E1	-3.614261E0
2.598891E0	-2.884427E1	-3.619386E0
2.632211E0	-2.884490E1	-3.619232E0
2.665530E0	-2.879744E1	-3.619635E0
2.698849E0	-2.860233E1	-3.606729E0
2.732168E0	-2.828925E1	-3.625376E0
2.765487E0	-2.805318E1	-3.670099E0
2.798806E0	-2.807900E1	-3.679570E0
2.832125E0	-2.811931E1	-3.709131E0
2.865444E0	-2.811463E1	-3.693098E0
2.898764E0	-2.825815E1	-3.660694E0
2.932083E0	-2.852196E1	-3.658088E0
2.965402E0	-2.875361E1	-3.660858E0
2.998721E0	-2.881783E1	-3.660050E0
3.032040E0	-2.874469E1	-3.677751E0
3.065359E0	-2.875244E1	-3.667103E0
3.098678E0	-2.872035E1	-3.683492E0
3.131997E0	-2.862174E1	-3.675840E0
3.165317E0	-2.848188E1	-3.678216E0
3.198636E0	-2.830210E1	-3.711104E0
3.231955E0	-2.810107E1	-3.743838E0
3.265274E0	-2.794923E1	-3.749461E0
3.298593E0	-2.786224E1	-3.751869E0
3.331912E0	-2.781915E1	-3.759993E0
3.365231E0	-2.786453E1	-3.760206E0
3.398550E0	-2.784425E1	-3.799441E0
3.431870E0	-2.783109E1	-3.845057E0
3.465189E0	-2.779988E1	-3.855204E0
3.498508E0	-2.779088E1	-3.885883E0
3.531827E0	-2.774136E1	-3.891766E0
3.565146E0	-2.769819E1	-3.893600E0
3.598465E0	-2.768069E1	-3.935435E0
3.631784E0	-2.761599E1	-3.955587E0
3.665103E0	-2.751450E1	-3.952820E0
3.698423E0	-2.732314E1	-3.962924E0
3.731742E0	-2.705572E1	-3.977248E0
3.765061E0	-2.684434E1	-4.010435E0
3.798380E0	-2.689180E1	-4.042738E0
3.831699E0	-2.690316E1	-4.037693E0
3.865018E0	-2.689766E1	-4.023009E0
3.898337E0	-2.706491E1	-4.007366E0
3.931656E0	-2.733664E1	-3.989087E0
3.964975E0	-2.756790E1	-3.990821E0
3.998295E0	-2.768431E1	-3.996102E0
4.031614E0	-2.767437E1	-4.045353E0
4.064933E0	-2.768769E1	-4.038226E0
4.098252E0	-2.764713E1	-4.037926E0
4.131571E0	-2.752720E1	-4.048866E0
4.164890E0	-2.736556E1	-4.050394E0
4.198209E0	-2.717886E1	-4.062407E0
4.231528E0	-2.707452E1	-4.061020E0
4.264848E0	-2.705631E1	-4.106549E0
4.298167E0	-2.699954E1	-4.115684E0
4.331486E0	-2.696718E1	-4.088767E0
4.364805E0	-2.689734E1	-4.126264E0
4.398124E0	-2.690162E1	-4.166224E0
4.431443E0	-2.688947E1	-4.193056E0
4.464762E0	-2.689023E1	-4.210149E0
4.498081E0	-2.687373E1	-4.238692E0
4.531401E0	-2.683567E1	-4.244701E0
4.564720E0	-2.681433E1	-4.285775E0
4.598039E0	-2.678349E1	-4.286939E0
4.631358E0	-2.672105E1	-4.317739E0
4.664677E0	-2.651781E1	-4.326874E0
4.697996E0	-2.623126E1	-4.336312E0
4.731315E0	-2.599372E1	-4.393319E0
4.764634E0	-2.598662E1	-4.442784E0
4.797954E0	-2.599186E1	-4.449386E0
4.831273E0	-2.599421E1	-4.448821E0
4.864592E0	-2.601878E1	-4.433734E0
4.897911E0	-2.616293E1	-4.412015E0
4.931230E0	-2.642976E1	-4.387550E0
4.964549E0	-2.665076E1	-4.397855E0
4.997868E0	-2.674451E1	-4.385416E0
5.031187E0	-2.672675E1	-4.401510E0
5.064506E0	-2.672803E1	-4.397977E0
5.097826E0	-2.671552E1	-4.416239E0
5.131145E0	-2.671841E1	-4.410227E0
5.164464E0	-2.665838E1	-4.427905E0
5.197783E0	-2.642753E1	-4.446661E0
5.231102E0	-2.614015E1	-4.467569E0
5.264421E0	-2.587927E1	-4.477157E0
5.297740E0	-2.573238E1	-4.490140E0
5.331059E0	-2.566620E1	-4.507771E0
5.364379E0	-2.565596E1	-4.525959E0
5.397698E0	-2.572612E1	-4.506677E0
5.431017E0	-2.571380E1	-4.531617E0
5.464336E0	-2.570356E1	-4.561452E0
5.497655E0	-2.569884E1	-4.581522E0
5.530974E0	-2.569248E1	-4.591179E0
5.564293E0	-2.570050E1	-4.618040E0
5.597612E0	-2.567047E1	-4.623413E0
5.630932E0	-2.559408E1	-4.671108E0
5.664251E0	-2.537739E1	-4.684295E0
5.697570E0	-2.510117E1	-4.691201E0
5.730889E0	-2.493030E1	-4.735999E0
5.764208E0	-2.490246E1	-4.800200E0
5.797527E0	-2.491103E1	-4.797467E0
5.830846E0	-2.492544E1	-4.787968E0
5.864165E0	-2.493366E1	-4.784684E0
5.897485E0	-2.507901E1	-4.786300E0
5.930804E0	-2.529887E1	-4.747323E0
5.964123E0	-2.550621E1	-4.719210E0
5.997442E0	-2.559929E1	-4.723528E0
6.030761E0	-2.554710E1	-4.729471E0
6.064080E0	-2.554554E1	-4.735591E0
6.097399E0	-2.549349E1	-4.737718E0
6.130718E0	-2.533037E1	-4.774318E0
6.164038E0	-2.511521E1	-4.793130E0
6.197357E0	-2.491589E1	-4.845125E0
6.230676E0	-2.474338E1	-4.868092E0
6.263995E0	-2.459244E1	-4.898456E0
6.297314E0	-2.446780E1	-4.952102E0
6.330633E0	-2.441382E1	-5.008713E0
6.363952E0	-2.443210E1	-5.035296E0
6.397271E0	-2.443633E1	-5.019585E0
6.430590E0	-2.447277E1	-5.011832E0
6.463910E0	-2.442739E1	-5.013034E0
6.497229E0	-2.442885E1	-5.040890E0
6.530548E0	-2.440184E1	-5.082430E0
6.563867E0	-2.438030E1	-5.070923E0
6.597186E0	-2.436525E1	-5.111128E0
6.630505E0	-2.429345E1	-5.140444E0
6.663824E0	-2.408405E1	-5.150387E0
6.697143E0	-2.379686E1	-5.173725E0
6.730463E0	-2.358901E1	-5.224321E0
6.763782E0	-2.358282E1	-5.272987E0
6.797101E0	-2.360052E1	-5.238679E0
6.830420E0	-2.359532E1	-5.235504E0
6.863739E0	-2.359414E1	-5.236024E0
6.897058E0	-2.375886E1	-5.224726E0
6.930377E0	-2.399495E1	-5.177424E0
6.963696E0	-2.423287E1	-5.194840E0
6.997016E0	-2.437605E1	-5.177292E0
7.030335E0	-2.436197E1	-5.210568E0
7.063654E0	-2.437675E1	-5.209474E0
7.096973E0	-2.436929E1	-5.224987E0
7.130292E0	-2.425952E1	-5.242136E0
7.163611E0	-2.407571E1	-5.287760E0
7.196930E0	-2.385485E1	-5.295030E0
7.230249E0	-2.364465E1	-5.287394E0
7.263569E0	-2.345836E1	-5.320561E0
7.296888E0	-2.334112E1	-5.365106E0
7.330207E0	-2.328593E1	-5.412130E0
7.363526E0	-2.332285E1	-5.392607E0
7.396845E0	-2.332019E1	-5.403671E0
7.430164E0	-2.330431E1	-5.452792E0
7.463483E0	-2.328913E1	-5.489643E0
7.496802E0	-2.327678E1	-5.536568E0
7.530122E0	-2.324861E1	-5.533478E0
7.563441E0	-2.322480E1	-5.579067E0
7.596760E0	-2.319920E1	-5.570902E0
7.630079E0	-2.309448E1	-5.579204E0
7.663398E0	-2.288947E1	-5.639891E0
7.696717E0	-2.261889E1	-5.641195E0
7.730036E0	-2.245061E1	-5.687155E0
7.763355E0	-2.239295E1	-5.743858E0
7.796674E0	-2.239394E1	-5.746249E0
7.829994E0	-2.242192E1	-5.721544E0
7.863313E0	-2.242365E1	-5.724013E0
7.896632E0	-2.256523E1	-5.728338E0
7.929951E0	-2.281406E1	-5.665155E0
7.963270E0	-2.307163E1	-5.668104E0
7.996589E0	-2.324658E1	-5.671393E0
8.029908E0	-2.320462E1	-5.688606E0
8.063227E0	-2.318682E1	-5.731020E0
8.096547E0	-2.313547E1	-5.741683E0
8.129866E0	-2.296262E1	-5.769011E0
8.163185E0	-2.274327E1	-5.769809E0
8.196504E0	-2.252983E1	-5.781543E0
8.229823E0	-2.233506E1	-5.824992E0
8.263142E0	-2.221166E1	-5.875192E0
8.296461E0	-2.209428E1	-5.891516E0
8.329780E0	-2.203064E1	-5.939636E0
8.363100E0	-2.201981E1	-5.957276E0
8.396419E0	-2.203167E1	-5.955815E0
8.429738E0	-2.201677E1	-5.977865E0
8.463057E0	-2.199293E1	-6.030661E0
8.496376E0	-2.195747E1	-6.030788E0
8.529695E0	-2.190629E1	-6.039412E0
8.563014E0	-2.187574E1	-6.088038E0
8.596333E0	-2.183311E1	-6.086491E0
8.629653E0	-2.174251E1	-6.080041E0
8.662972E0	-2.157933E1	-6.109257E0
8.696291E0	-2.135987E1	-6.126163E0
8.729610E0	-2.113153E1	-6.178045E0
8.762929E0	-2.099541E1	-6.242851E0
8.796248E0	-2.098065E1	-6.262412E0
8.829567E0	-2.100256E1	-6.248436E0
8.862886E0	-2.100348E1	-6.246380E0
8.896205E0	-2.113647E1	-6.195443E0
8.929525E0	-2.140189E1	-6.146409E0
8.962844E0	-2.173755E1	-6.114029E0
8.996163E0	-2.197154E1	-6.068960E0
9.029482E0	-2.201788E1	-6.107921E0
9.062801E0	-2.202306E1	-6.081341E0
9.096120E0	-2.198986E1	-6.104120E0
9.129439E0	-2.189638E1	-6.100597E0
9.162758E0	-2.176625E1	-6.138823E0
9.196078E0	-2.156179E1	-6.135251E0
9.229397E0	-2.134317E1	-6.139293E0
9.262716E0	-2.115839E1	-6.183532E0
9.296035E0	-2.099923E1	-6.188983E0
9.329354E0	-2.089945E1	-6.191434E0
9.362673E0	-2.080745E1	-6.270937E0
9.395992E0	-2.073537E1	-6.282843E0
9.429311E0	-2.067817E1	-6.291634E0
9.462631E0	-2.069071E1	-6.284941E0
9.495950E0	-2.064523E1	-6.317543E0
9.529269E0	-2.058932E1	-6.323132E0
9.562588E0	-2.056657E1	-6.302243E0
9.595907E0	-2.056531E1	-6.340706E0
9.629226E0	-2.050461E1	-6.371313E0
9.662545E0	-2.031200E1	-6.434085E0
9.695864E0	-2.000947E1	-6.461057E0
9.729184E0	-1.986518E1	-6.533038E0
9.762503E0	-1.987749E1	-6.537980E0
9.795822E0	-1.992317E1	-6.537365E0
9.829141E0	-1.991569E1	-6.540372E0
9.862460E0	-1.992783E1	-6.533594E0
9.895779E0	-2.006476E1	-6.504870E0
9.929098E0	-2.032720E1	-6.459055E0
9.962417E0	-2.061703E1	-6.405620E0
9.995737E0	-2.084259E1	-6.352879E0
1.002906E1	-2.085149E1	-6.393152E0
1.006237E1	-2.083395E1	-6.407441E0
1.009569E1	-2.077786E1	-6.427547E0
1.012901E1	-2.066170E1	-6.458677E0
1.016233E1	-2.045791E1	-6.464499E0
1.019565E1	-2.026053E1	-6.524295E0
1.022897E1	-2.012948E1	-6.558709E0
1.026229E1	-2.005405E1	-6.634137E0
1.029561E1	-2.000970E1	-6.672585E0
1.032893E1	-1.998427E1	-6.702613E0
1.036225E1	-1.998591E1	-6.700648E0
1.039557E1	-1.995546E1	-6.685195E0
1.042889E1	-1.993498E1	-6.745010E0
1.046220E1	-1.988351E1	-6.788711E0
1.049552E1	-1.977723E1	-6.768293E0
1.052884E1	-1.965878E1	-6.766022E0
1.056216E1	-1.953105E1	-6.810038E0
1.059548E1	-1.939353E1	-6.803231E0
1.062880E1	-1.932647E1	-6.844750E0
1.066212E1	-1.920504E1	-6.868680E0
1.069544E1	-1.899161E1	-6.881735E0
1.072876E1	-1.875022E1	-6.888100E0
1.076208E1	-1.860417E1	-6.855322E0
1.079540E1	-1.860230E1	-6.855831E0
1.082871E1	-1.860327E1	-6.853650E0
1.086203E1	-1.860222E1	-6.854568E0
1.089535E1	-1.873931E1	-6.865030E0
1.092867E1	-1.898471E1	-6.858601E0
1.096199E1	-1.933172E1	-6.800794E0
1.099531E1	-1.953482E1	-6.799331E0
1.102863E1	-1.958715E1	-6.822617E0
1.106195E1	-1.964898E1	-6.806942E0
1.109527E1	-1.964197E1	-6.811941E0
1.112859E1	-1.948035E1	-6.834598E0
1.116191E1	-1.929393E1	-6.874912E0
1.119522E1	-1.909395E1	-6.859147E0
1.122854E1	-1.889103E1	-6.851713E0
1.126186E1	-1.871366E1	-6.895078E0
1.129518E1	-1.858270E1	-6.949686E0
1.132850E1	-1.848560E1	-6.967456E0
1.136182E1	-1.841103E1	-6.998491E0
1.139514E1	-1.835876E1	-7.017024E0
1.142846E1	-1.832380E1	-7.023452E0
1.146178E1	-1.836924E1	-7.073096E0
1.149510E1	-1.834204E1	-7.105800E0
1.152842E1	-1.829389E1	-7.098315E0
1.156174E1	-1.821012E1	-7.081422E0
1.159505E1	-1.813756E1	-7.100588E0
1.162837E1	-1.808362E1	-7.130562E0
1.166169E1	-1.790849E1	-7.162354E0
1.169501E1	-1.768047E1	-7.199943E0
1.172833E1	-1.747547E1	-7.164017E0
1.176165E1	-1.740920E1	-7.156071E0
1.179497E1	-1.746547E1	-7.152167E0
1.182829E1	-1.744426E1	-7.161929E0
1.186161E1	-1.746056E1	-7.151283E0
1.189493E1	-1.759146E1	-7.125795E0
1.192825E1	-1.789413E1	-7.101555E0
1.196156E1	-1.823642E1	-7.084473E0
1.199488E1	-1.852563E1	-7.069457E0
1.202820E1	-1.857450E1	-7.106734E0
1.206152E1	-1.859117E1	-7.093489E0
1.209484E1	-1.856761E1	-7.109785E0
1.212816E1	-1.846961E1	-7.135900E0
1.216148E1	-1.826957E1	-7.134264E0
1.219480E1	-1.804398E1	-7.141037E0
1.222812E1	-1.784392E1	-7.198210E0
1.226144E1	-1.768366E1	-7.207247E0
1.229476E1	-1.756299E1	-7.258071E0
1.232808E1	-1.747986E1	-7.264652E0
1.236139E1	-1.748078E1	-7.307263E0
1.239471E1	-1.749173E1	-7.298194E0
1.242803E1	-1.747579E1	-7.319298E0
1.246135E1	-1.745214E1	-7.371805E0
1.249467E1	-1.740349E1	-7.385521E0
1.252799E1	-1.733711E1	-7.447292E0
1.256131E1	-1.727364E1	-7.503621E0
1.259463E1	-1.723356E1	-7.531678E0
1.262795E1	-1.716277E1	-7.551449E0
1.266127E1	-1.699483E1	-7.559933E0
1.269459E1	-1.676802E1	-7.555937E0
1.272790E1	-1.651070E1	-7.500907E0
1.276122E1	-1.640840E1	-7.522300E0
1.279454E1	-1.638947E1	-7.559066E0
1.282786E1	-1.640269E1	-7.541406E0
1.286118E1	-1.640646E1	-7.531814E0
1.289450E1	-1.653120E1	-7.514873E0
1.292782E1	-1.685818E1	-7.481553E0
1.296114E1	-1.723192E1	-7.445708E0
1.299446E1	-1.752616E1	-7.404867E0
1.302778E1	-1.757863E1	-7.408820E0
1.306110E1	-1.756223E1	-7.432679E0
1.309441E1	-1.750284E1	-7.452820E0
1.312773E1	-1.739604E1	-7.481812E0
1.316105E1	-1.719541E1	-7.476622E0
1.319437E1	-1.696515E1	-7.511891E0
1.322769E1	-1.678248E1	-7.558105E0
1.326101E1	-1.667826E1	-7.606359E0
1.329433E1	-1.659076E1	-7.641646E0
1.332765E1	-1.653857E1	-7.681001E0
1.336097E1	-1.649257E1	-7.718759E0
1.339429E1	-1.646399E1	-7.692861E0
1.342761E1	-1.641288E1	-7.685856E0
1.346093E1	-1.629152E1	-7.718032E0
1.349424E1	-1.606392E1	-7.761013E0
1.352756E1	-1.577265E1	-7.784039E0
1.356088E1	-1.553335E1	-7.830537E0
1.359420E1	-1.540205E1	-7.818677E0
1.362752E1	-1.535172E1	-7.821679E0
1.366084E1	-1.526307E1	-7.881276E0
1.369416E1	-1.506535E1	-7.882638E0
1.372748E1	-1.494836E1	-7.894169E0
1.376080E1	-1.493481E1	-7.890099E0
1.379412E1	-1.500897E1	-7.864824E0
1.382744E1	-1.499362E1	-7.876298E0
1.386075E1	-1.499284E1	-7.878112E0
1.389407E1	-1.510734E1	-7.873250E0
1.392739E1	-1.534611E1	-7.848411E0
1.396071E1	-1.562565E1	-7.810859E0
1.399403E1	-1.583345E1	-7.818694E0
1.402735E1	-1.585633E1	-7.814913E0
1.406067E1	-1.583935E1	-7.826186E0
1.409399E1	-1.582406E1	-7.833024E0
1.412731E1	-1.577126E1	-7.861941E0
1.416063E1	-1.558316E1	-7.857815E0
1.419395E1	-1.532817E1	-7.886699E0
1.422726E1	-1.511502E1	-7.882969E0
1.426058E1	-1.494078E1	-7.921395E0
1.429390E1	-1.476870E1	-7.945946E0
1.432722E1	-1.470034E1	-7.993498E0
1.436054E1	-1.471485E1	-8.031144E0
1.439386E1	-1.472335E1	-8.020648E0
1.442718E1	-1.472099E1	-8.030755E0
1.446050E1	-1.472040E1	-8.041441E0
1.449382E1	-1.471266E1	-8.043963E0
1.452714E1	-1.466748E1	-8.031119E0
1.456046E1	-1.459469E1	-8.055856E0
1.459378E1	-1.453573E1	-8.059098E0
1.462709E1	-1.446434E1	-8.021079E0
1.466041E1	-1.430396E1	-8.056436E0
1.469373E1	-1.404735E1	-8.076356E0
1.472705E1	-1.377239E1	-8.135181E0
1.476037E1	-1.375601E1	-8.190790E0
1.479369E1	-1.376522E1	-8.166830E0
1.482701E1	-1.375601E1	-8.166721E0
1.486033E1	-1.375897E1	-8.163082E0
1.489365E1	-1.376046E1	-8.160445E0
1.492697E1	-1.376058E1	-8.158960E0
1.496029E1	-1.378657E1	-8.140833E0
1.499360E1	-1.381535E1	-8.153510E0
1.502692E1	-1.381967E1	-8.151286E0
1.506024E1	-1.381079E1	-8.157544E0
1.509356E1	-1.389985E1	-8.138247E0
1.512688E1	-1.410618E1	-8.112802E0
1.516020E1	-1.434416E1	-8.083152E0
1.519352E1	-1.454174E1	-8.092213E0
1.522684E1	-1.455431E1	-8.097289E0
1.526016E1	-1.440813E1	-8.074047E0
1.529348E1	-1.415410E1	-8.064180E0
1.532680E1	-1.392084E1	-8.098056E0
1.536012E1	-1.370292E1	-8.152560E0
1.539343E1	-1.353420E1	-8.210216E0
1.542675E1	-1.338486E1	-8.209042E0
1.546007E1	-1.324664E1	-8.226491E0
1.549339E1	-1.309020E1	-8.219491E0
1.552671E1	-1.291959E1	-8.232650E0
1.556003E1	-1.283100E1	-8.259300E0
1.559335E1	-1.277590E1	-8.312755E0
1.562667E1	-1.274334E1	-8.365296E0
1.565999E1	-1.262295E1	-8.382505E0
1.569331E1	-1.253755E1	-8.330921E0
1.572663E1	-1.254217E1	-8.318536E0
1.575994E1	-1.246240E1	-8.334656E0
1.579326E1	-1.231241E1	-8.335748E0
1.582658E1	-1.230669E1	-8.364971E0
1.585990E1	-1.232241E1	-8.354264E0
1.589322E1	-1.241894E1	-8.355686E0
1.592654E1	-1.265121E1	-8.323887E0
1.595986E1	-1.292163E1	-8.329383E0
1.599318E1	-1.315712E1	-8.308731E0
1.602650E1	-1.320224E1	-8.318595E0
1.605982E1	-1.315601E1	-8.341309E0
1.609314E1	-1.310538E1	-8.328125E0
1.612645E1	-1.298659E1	-8.365888E0
1.615977E1	-1.275013E1	-8.390180E0
1.619309E1	-1.251362E1	-8.430446E0
1.622641E1	-1.235559E1	-8.469192E0
1.625973E1	-1.220042E1	-8.493165E0
1.629305E1	-1.203277E1	-8.509818E0
1.632637E1	-1.192874E1	-8.543085E0
1.635969E1	-1.185825E1	-8.610283E0
1.639301E1	-1.180553E1	-8.625752E0
1.642633E1	-1.181776E1	-8.600584E0
1.645965E1	-1.180374E1	-8.610661E0
1.649297E1	-1.175897E1	-8.640978E0
1.652628E1	-1.174501E1	-8.696784E0
1.655960E1	-1.174092E1	-8.713685E0
1.659292E1	-1.171044E1	-8.699381E0
1.662624E1	-1.168042E1	-8.746721E0
1.665956E1	-1.152873E1	-8.748858E0
1.669288E1	-1.141742E1	-8.722058E0
1.672620E1	-1.144443E1	-8.736676E0
1.675952E1	-1.142607E1	-8.691325E0
1.679284E1	-1.122725E1	-8.721365E0
1.682616E1	-1.100241E1	-8.772502E0
1.685948E1	-1.096296E1	-8.778608E0
1.689279E1	-1.110463E1	-8.799037E0
1.692611E1	-1.139932E1	-8.730667E0
1.695943E1	-1.168269E1	-8.713117E0
1.699275E1	-1.190576E1	-8.677618E0
1.702607E1	-1.197267E1	-8.664248E0
1.705939E1	-1.197654E1	-8.659046E0
1.709271E1	-1.196185E1	-8.673956E0
1.712603E1	-1.184197E1	-8.718855E0
1.715935E1	-1.163419E1	-8.718064E0
1.719267E1	-1.139023E1	-8.729293E0
1.722599E1	-1.119222E1	-8.713384E0
1.725931E1	-1.105786E1	-8.775056E0
1.729262E1	-1.091664E1	-8.778011E0
1.732594E1	-1.084024E1	-8.830803E0
1.735926E1	-1.083296E1	-8.840724E0
1.739258E1	-1.085269E1	-8.831818E0
1.742590E1	-1.084037E1	-8.851235E0
1.745922E1	-1.084214E1	-8.844721E0
1.749254E1	-1.079944E1	-8.831465E0
1.752586E1	-1.077079E1	-8.898460E0
1.755918E1	-1.074983E1	-8.926507E0
1.759250E1	-1.077726E1	-8.992141E0
1.762582E1	-1.073494E1	-8.992123E0
1.765913E1	-1.052822E1	-8.988542E0
1.769245E1	-1.021998E1	-9.040861E0
1.772577E1	-9.939498E0	-9.077024E0
1.775909E1	-9.949548E0	-9.105846E0
1.779241E1	-9.981938E0	-9.123811E0
1.782573E1	-9.972767E0	-9.087898E0
1.785905E1	-9.966444E0	-9.094112E0
1.789237E1	-1.005436E1	-9.105241E0
1.792569E1	-1.027411E1	-9.057044E0
1.795901E1	-1.051804E1	-9.014804E0
1.799233E1	-1.074833E1	-8.978606E0
1.802564E1	-1.078809E1	-8.990102E0
1.805896E1	-1.079127E1	-8.990267E0
1.809228E1	-1.078851E1	-8.998196E0
1.812560E1	-1.068842E1	-9.003874E0
1.815892E1	-1.052643E1	-8.995132E0
1.819224E1	-1.033631E1	-9.036404E0
1.822556E1	-1.015482E1	-9.060271E0
1.825888E1	-1.012468E1	-9.043934E0
1.829220E1	-1.010587E1	-9.064122E0
1.832552E1	-1.008688E1	-9.036683E0
1.835884E1	-1.006936E1	-9.059358E0
1.839216E1	-1.010445E1	-9.107870E0
1.842547E1	-1.010749E1	-9.151884E0
1.845879E1	-1.006510E1	-9.131965E0
1.849211E1	-1.006365E1	-9.153936E0
1.852543E1	-1.003696E1	-9.189582E0
1.855875E1	-1.001469E1	-9.167520E0
1.859207E1	-9.963943E0	-9.165297E0
1.862539E1	-9.939467E0	-9.184525E0
1.865871E1	-9.934373E0	-9.217940E0
1.869203E1	-9.782333E0	-9.223412E0
1.872535E1	-9.569154E0	-9.259706E0
1.875867E1	-9.285290E0	-9.315647E0
1.879198E1	-9.174211E0	-9.323970E0
1.882530E1	-9.234310E0	-9.318603E0
1.885862E1	-9.217074E0	-9.332278E0
1.889194E1	-9.290984E0	-9.316208E0
1.892526E1	-9.507086E0	-9.263773E0
1.895858E1	-9.687664E0	-9.213488E0
1.899190E1	-9.806724E0	-9.197794E0
1.902522E1	-9.750872E0	-9.204129E0
1.905854E1	-9.719238E0	-9.219851E0
1.909186E1	-9.732937E0	-9.211801E0
1.912518E1	-9.666820E0	-9.222563E0
1.915849E1	-9.533798E0	-9.240540E0
1.919181E1	-9.377711E0	-9.256393E0
1.922513E1	-9.186601E0	-9.257844E0
1.925845E1	-8.984705E0	-9.296021E0
1.929177E1	-8.821302E0	-9.298653E0
1.932509E1	-8.748787E0	-9.341480E0
1.935841E1	-8.722571E0	-9.325569E0
1.939173E1	-8.755076E0	-9.344123E0
1.942505E1	-8.762131E0	-9.376923E0
1.945837E1	-8.748827E0	-9.411645E0
1.949169E1	-8.759997E0	-9.432458E0
1.952501E1	-8.757277E0	-9.446238E0
1.955832E1	-8.759380E0	-9.451426E0
1.959164E1	-8.761720E0	-9.461088E0
1.962496E1	-8.715694E0	-9.476521E0
1.965828E1	-8.522987E0	-9.524808E0
1.969160E1	-8.261475E0	-9.542878E0
1.972492E1	-7.950468E0	-9.548884E0
1.975824E1	-7.892407E0	-9.586977E0
1.979156E1	-7.905477E0	-9.628302E0
1.982488E1	-7.911597E0	-9.623853E0
1.985820E1	-7.915698E0	-9.621063E0
1.989152E1	-7.994887E0	-9.596388E0
1.992483E1	-8.184124E0	-9.571375E0
1.995815E1	-8.408889E0	-9.563842E0
1.999147E1	-8.588779E0	-9.551132E0
2.002479E1	-8.590211E0	-9.547352E0
2.005811E1	-8.589842E0	-9.555293E0
2.009143E1	-8.559099E0	-9.547272E0
2.012475E1	-8.435679E0	-9.568049E0
2.015807E1	-8.257050E0	-9.599341E0
2.019139E1	-8.036954E0	-9.599252E0
2.022471E1	-7.821298E0	-9.623709E0
2.025803E1	-7.652989E0	-9.659393E0
2.029135E1	-7.509941E0	-9.694231E0
2.032466E1	-7.425048E0	-9.709007E0
2.035798E1	-7.384997E0	-9.718712E0
2.039130E1	-7.417050E0	-9.761335E0
2.042462E1	-7.435465E0	-9.731766E0
2.045794E1	-7.433965E0	-9.730665E0
2.049126E1	-7.414075E0	-9.772934E0
2.052458E1	-7.371489E0	-9.750678E0
2.055790E1	-7.388074E0	-9.765915E0
2.059122E1	-7.421056E0	-9.817276E0
2.062454E1	-7.346966E0	-9.852688E0
2.065786E1	-7.141137E0	-9.857720E0
2.069117E1	-6.871271E0	-9.887163E0
2.072449E1	-6.603035E0	-9.933925E0
2.075781E1	-6.545749E0	-9.982197E0
2.079113E1	-6.573126E0	-1.001069E1
2.082445E1	-6.576607E0	-1.000769E1
2.085777E1	-6.577850E0	-1.000731E1
2.089109E1	-6.641522E0	-9.999315E0
2.092441E1	-6.827546E0	-9.935927E0
2.095773E1	-7.023871E0	-9.934472E0
2.099105E1	-7.133305E0	-9.909802E0
2.102437E1	-7.103854E0	-9.888700E0
2.105768E1	-7.138623E0	-9.931316E0
2.109100E1	-7.139914E0	-9.938443E0
2.112432E1	-7.060427E0	-9.967653E0
2.115764E1	-6.909600E0	-9.963763E0
2.119096E1	-6.711153E0	-9.949570E0
2.122428E1	-6.523988E0	-9.997733E0
2.125760E1	-6.313531E0	-9.998941E0
2.129092E1	-6.152031E0	-9.998544E0
2.132424E1	-6.075794E0	-1.004996E1
2.135756E1	-6.076061E0	-1.007099E1
2.139088E1	-6.082918E0	-1.006932E1
2.142420E1	-6.059509E0	-1.007714E1
2.145751E1	-6.047855E0	-1.004486E1
2.149083E1	-6.026020E0	-1.011107E1
2.152415E1	-6.027896E0	-1.015686E1
2.155747E1	-6.008555E0	-1.018706E1
2.159079E1	-5.980632E0	-1.017417E1
2.162411E1	-5.953896E0	-1.022068E1
2.165743E1	-5.796019E0	-1.023615E1
2.169075E1	-5.513021E0	-1.028078E1
2.172407E1	-5.172244E0	-1.034096E1
2.175739E1	-5.077778E0	-1.034842E1
2.179071E1	-5.112791E0	-1.039351E1
2.182402E1	-5.104696E0	-1.040508E1
2.185734E1	-5.114331E0	-1.039935E1
2.189066E1	-5.182131E0	-1.038402E1
2.192398E1	-5.345974E0	-1.034981E1
2.195730E1	-5.547421E0	-1.035403E1
2.199062E1	-5.673987E0	-1.033656E1
2.202394E1	-5.630865E0	-1.029793E1
2.205726E1	-5.622963E0	-1.030004E1
2.209058E1	-5.622435E0	-1.029732E1
2.212390E1	-5.571429E0	-1.030226E1
2.215722E1	-5.558849E0	-1.030752E1
2.219054E1	-5.564999E0	-1.029592E1
2.222385E1	-5.517910E0	-1.030344E1
2.225717E1	-5.334432E0	-1.034303E1
2.229049E1	-5.069035E0	-1.030555E1
2.232381E1	-4.788026E0	-1.033787E1
2.235713E1	-4.573897E0	-1.039119E1
2.239045E1	-4.482712E0	-1.046560E1
2.242377E1	-4.445546E0	-1.046377E1
2.245709E1	-4.431489E0	-1.048216E1
2.249041E1	-4.444817E0	-1.049138E1
2.252373E1	-4.457319E0	-1.045551E1
2.255705E1	-4.438238E0	-1.048223E1
2.259036E1	-4.444130E0	-1.051349E1
2.262368E1	-4.392144E0	-1.054303E1
2.265700E1	-4.220506E0	-1.057272E1
2.269032E1	-3.936368E0	-1.061622E1
2.272364E1	-3.662500E0	-1.064614E1
2.275696E1	-3.641225E0	-1.070495E1
2.279028E1	-3.701357E0	-1.070385E1
2.282360E1	-3.712055E0	-1.068675E1
2.285692E1	-3.711643E0	-1.068650E1
2.289024E1	-3.780368E0	-1.067398E1
2.292356E1	-3.989481E0	-1.063678E1
2.295687E1	-4.173267E0	-1.059017E1
2.299019E1	-4.308798E0	-1.054015E1
2.302351E1	-4.300315E0	-1.054934E1
2.305683E1	-4.273422E0	-1.058813E1
2.309015E1	-4.282754E0	-1.058407E1
2.312347E1	-4.176148E0	-1.057794E1
2.315679E1	-3.997255E0	-1.061992E1
2.319011E1	-3.763918E0	-1.063794E1
2.322343E1	-3.540995E0	-1.064801E1
2.325675E1	-3.393741E0	-1.067003E1
2.329007E1	-3.264488E0	-1.071755E1
2.332339E1	-3.172330E0	-1.071468E1
2.335670E1	-3.162287E0	-1.071907E1
2.339002E1	-3.160331E0	-1.072528E1
2.342334E1	-3.156124E0	-1.077778E1
2.345666E1	-3.148453E0	-1.079949E1
2.348998E1	-3.134345E0	-1.081094E1
2.352330E1	-3.108655E0	-1.078782E1
2.355662E1	-3.093830E0	-1.082445E1
2.358994E1	-3.060104E0	-1.082339E1
2.362326E1	-3.012828E0	-1.082647E1
2.365658E1	-2.862198E0	-1.090096E1
2.368990E1	-2.598446E0	-1.093326E1
2.372321E1	-2.307667E0	-1.100394E1
2.375653E1	-2.254057E0	-1.105379E1
2.378985E1	-2.250131E0	-1.109327E1
2.382317E1	-2.252499E0	-1.108817E1
2.385649E1	-2.254563E0	-1.108217E1
2.388981E1	-2.325732E0	-1.106051E1
2.392313E1	-2.547435E0	-1.098657E1
2.395645E1	-2.754046E0	-1.097093E1
2.398977E1	-2.891221E0	-1.094399E1
2.402309E1	-2.944311E0	-1.094720E1
2.405641E1	-3.034144E0	-1.095995E1
2.408972E1	-3.114228E0	-1.093693E1
2.412304E1	-3.117537E0	-1.094691E1
2.415636E1	-3.041244E0	-1.097551E1
2.418968E1	-2.856379E0	-1.098027E1
2.422300E1	-2.654331E0	-1.100048E1
2.425632E1	-2.432850E0	-1.101886E1
2.428964E1	-2.280226E0	-1.101419E1
2.432296E1	-2.200203E0	-1.105698E1
2.435628E1	-2.157782E0	-1.104905E1
2.438960E1	-2.154587E0	-1.102889E1
2.442292E1	-2.158876E0	-1.105851E1
2.445624E1	-2.153780E0	-1.107710E1
2.448955E1	-2.172360E0	-1.106045E1
2.452287E1	-2.153242E0	-1.107527E1
2.455619E1	-2.151958E0	-1.107459E1
2.458951E1	-2.150618E0	-1.107465E1
2.462283E1	-2.100479E0	-1.107785E1
2.465615E1	-1.960783E0	-1.114077E1
2.468947E1	-1.718049E0	-1.115680E1
2.472279E1	-1.436264E0	-1.121287E1
2.475611E1	-1.357609E0	-1.127387E1
2.478943E1	-1.379502E0	-1.128056E1
2.482275E1	-1.400122E0	-1.131021E1
2.485606E1	-1.379538E0	-1.127771E1
2.488938E1	-1.381181E0	-1.127204E1
2.492270E1	-1.534926E0	-1.124591E1
2.495602E1	-1.706167E0	-1.120495E1
2.498934E1	-1.819594E0	-1.118044E1
2.502266E1	-1.766156E0	-1.117547E1
2.505598E1	-1.742139E0	-1.119236E1
2.508930E1	-1.738841E0	-1.119996E1
2.512262E1	-1.633284E0	-1.123097E1
2.515594E1	-1.423439E0	-1.120817E1
2.518926E1	-1.200419E0	-1.120722E1
2.522258E1	-1.035705E0	-1.123532E1
2.525589E1	-8.547941E-1	-1.125147E1
2.528921E1	-6.837339E-1	-1.126559E1
2.532253E1	-6.175778E-1	-1.130445E1
2.535585E1	-6.419194E-1	-1.128337E1
2.538917E1	-6.397634E-1	-1.128700E1
2.542249E1	-5.959529E-1	-1.128104E1
2.545581E1	-6.264761E-1	-1.130133E1
2.548913E1	-6.608282E-1	-1.127699E1
2.552245E1	-6.808709E-1	-1.129811E1
2.555577E1	-6.565501E-1	-1.128340E1
2.558909E1	-6.406355E-1	-1.132697E1
2.562240E1	-5.842940E-1	-1.134378E1
2.565572E1	-4.551548E-1	-1.139680E1
2.568904E1	-1.944954E-1	-1.141497E1
2.572236E1	1.004701E-1	-1.147914E1
2.575568E1	1.834787E-1	-1.149618E1
2.578900E1	1.546180E-1	-1.155302E1
2.582232E1	1.468682E-1	-1.155408E1
2.585564E1	1.472682E-1	-1.156110E1
2.588896E1	8.280087E-2	-1.152425E1
2.592228E1	-1.453922E-1	-1.146289E1
2.595560E1	-3.980411E-1	-1.145759E1
2.598891E1	-5.681452E-1	-1.145589E1
2.602223E1	-5.692131E-1	-1.142849E1
2.605555E1	-5.836831E-1	-1.140316E1
2.608887E1	-5.759924E-1	-1.141904E1
2.612219E1	-5.132857E-1	-1.142511E1
2.615551E1	-3.490103E-1	-1.143099E1
2.618883E1	-1.812126E-1	-1.144837E1
2.622215E1	-1.733026E-1	-1.146908E1
2.625547E1	-1.954012E-1	-1.144997E1
2.628879E1	-1.909586E-1	-1.145589E1
2.632211E1	-1.682701E-1	-1.147646E1
2.635543E1	-1.234565E-1	-1.146792E1
2.638874E1	-1.227004E-1	-1.147025E1
2.642206E1	-1.221558E-1	-1.150506E1
2.645538E1	-1.455073E-1	-1.151270E1
2.648870E1	-1.519352E-1	-1.150477E1
2.652202E1	-1.151815E-1	-1.152675E1
2.655534E1	-1.053990E-1	-1.153342E1
2.658866E1	-8.417014E-2	-1.150848E1
2.662198E1	-7.120621E-2	-1.148894E1
2.665530E1	-8.068527E-2	-1.147089E1
2.668862E1	-3.389894E-2	-1.146556E1
2.672194E1	9.488729E-2	-1.151841E1
2.675525E1	3.048711E-1	-1.155295E1
2.678857E1	5.974083E-1	-1.159135E1
2.682189E1	6.153007E-1	-1.159000E1
2.685521E1	5.644586E-1	-1.159442E1
2.688853E1	5.453644E-1	-1.158288E1
2.692185E1	3.969172E-1	-1.157935E1
2.695517E1	2.347038E-1	-1.153793E1
2.698849E1	1.123488E-1	-1.152250E1
2.702181E1	1.554700E-1	-1.150638E1
2.705513E1	1.894605E-1	-1.149708E1
2.708845E1	1.956665E-1	-1.150493E1
2.712177E1	2.062310E-1	-1.151738E1
2.715508E1	2.714239E-1	-1.154111E1
2.718840E1	4.879079E-1	-1.153837E1
2.722172E1	7.667914E-1	-1.155093E1
2.725504E1	1.029546E0	-1.156389E1
2.728836E1	1.176654E0	-1.164097E1
2.732168E1	1.270424E0	-1.164285E1
2.735500E1	1.297432E0	-1.166053E1
2.738832E1	1.290749E0	-1.165363E1
2.742164E1	1.285274E0	-1.165359E1
2.745496E1	1.254199E0	-1.162307E1
2.748828E1	1.279365E0	-1.165255E1
2.752159E1	1.300771E0	-1.170605E1
2.755491E1	1.320020E0	-1.172491E1
2.758823E1	1.359704E0	-1.173542E1
2.762155E1	1.425440E0	-1.174916E1
2.765487E1	1.559399E0	-1.180355E1
2.768819E1	1.839615E0	-1.184324E1
2.772151E1	2.173293E0	-1.188121E1
2.775483E1	2.228392E0	-1.188319E1
2.778815E1	2.157489E0	-1.188941E1
2.782147E1	2.159891E0	-1.189665E1
2.785479E1	2.164480E0	-1.190290E1
2.788810E1	2.072123E0	-1.191151E1
2.792142E1	1.843360E0	-1.184680E1
2.795474E1	1.637328E0	-1.181305E1
2.798806E1	1.535624E0	-1.177424E1
2.802138E1	1.562647E0	-1.181105E1
2.805470E1	1.603210E0	-1.181762E1
2.808802E1	1.605085E0	-1.181040E1
2.812134E1	1.617873E0	-1.181495E1
2.815466E1	1.614790E0	-1.183505E1
2.818798E1	1.792242E0	-1.187171E1
2.822130E1	2.100253E0	-1.185612E1
2.825462E1	2.447557E0	-1.188118E1
2.828793E1	2.672827E0	-1.192860E1
2.832125E1	2.743314E0	-1.197190E1
2.835457E1	2.754992E0	-1.198246E1
2.838789E1	2.718709E0	-1.194492E1
2.842121E1	2.711619E0	-1.194661E1
2.845453E1	2.710134E0	-1.195450E1
2.848785E1	2.724279E0	-1.197701E1
2.852117E1	2.731494E0	-1.200982E1
2.855449E1	2.753728E0	-1.203935E1
2.858781E1	2.746979E0	-1.203550E1
2.862113E1	2.776352E0	-1.202836E1
2.865444E1	2.906315E0	-1.208233E1
2.868776E1	3.164879E0	-1.212446E1
2.872108E1	3.492048E0	-1.218474E1
2.875440E1	3.603923E0	-1.222863E1
2.878772E1	3.607995E0	-1.223741E1
2.882104E1	3.614907E0	-1.224168E1
2.885436E1	3.617770E0	-1.224284E1
2.888768E1	3.619345E0	-1.224363E1
2.892100E1	3.621520E0	-1.224501E1
2.895432E1	3.607094E0	-1.223122E1
2.898764E1	3.527510E0	-1.224643E1
2.902095E1	3.466378E0	-1.224123E1
2.905427E1	3.450844E0	-1.223290E1
2.908759E1	3.341042E0	-1.223199E1
2.912091E1	3.171400E0	-1.218468E1
2.915423E1	3.009314E0	-1.217518E1
2.918755E1	2.896721E0	-1.214914E1
2.922087E1	2.902090E0	-1.223073E1
2.925419E1	3.065304E0	-1.223079E1
2.928751E1	3.286366E0	-1.223837E1
2.932083E1	3.454885E0	-1.226462E1
2.935415E1	3.528113E0	-1.231737E1
2.938747E1	3.525793E0	-1.230563E1
2.942078E1	3.534606E0	-1.231574E1
2.945410E1	3.530883E0	-1.232430E1
2.948742E1	3.529744E0	-1.233109E1
2.952074E1	3.529680E0	-1.232826E1
2.955406E1	3.525812E0	-1.233658E1
2.958738E1	3.526238E0	-1.234925E1
2.962070E1	3.575165E0	-1.235773E1
2.965402E1	3.701168E0	-1.241337E1
2.968734E1	3.972333E0	-1.244588E1
2.972066E1	4.262685E0	-1.249620E1
2.975398E1	4.313601E0	-1.251760E1
2.978729E1	4.312684E0	-1.254410E1
2.982061E1	4.357083E0	-1.253866E1
2.985393E1	4.354212E0	-1.253261E1
2.988725E1	4.268450E0	-1.254393E1
2.992057E1	4.121050E0	-1.246771E1
2.995389E1	3.971658E0	-1.246756E1
2.998721E1	3.876512E0	-1.244060E1
3.002053E1	3.915525E0	-1.244598E1
3.005385E1	3.913548E0	-1.243565E1
3.008717E1	3.903369E0	-1.241759E1
3.012049E1	3.969638E0	-1.246068E1
3.015381E1	4.170923E0	-1.246155E1
3.018712E1	4.422199E0	-1.249741E1
3.022044E1	4.640303E0	-1.252772E1
3.025376E1	4.806401E0	-1.256238E1
3.028708E1	4.947767E0	-1.261117E1
3.032040E1	5.030147E0	-1.260021E1
3.035372E1	5.007930E0	-1.257772E1
3.038704E1	4.987422E0	-1.259471E1
3.042036E1	5.017851E0	-1.258281E1
3.045368E1	5.056149E0	-1.260662E1
3.048700E1	5.038239E0	-1.259623E1
3.052032E1	4.995486E0	-1.261189E1
3.055363E1	4.981271E0	-1.259464E1
3.058695E1	5.011310E0	-1.257424E1
3.062027E1	5.059755E0	-1.260879E1
3.065359E1	5.192523E0	-1.260389E1
3.068691E1	5.419428E0	-1.265221E1
3.072023E1	5.727655E0	-1.275775E1
3.075355E1	5.924458E0	-1.277243E1
3.078687E1	5.890405E0	-1.281033E1
3.082019E1	5.886107E0	-1.281277E1
3.085351E1	5.884532E0	-1.281481E1
3.088683E1	5.818777E0	-1.280058E1
3.092014E1	5.664323E0	-1.276274E1
3.095346E1	5.533635E0	-1.271189E1
3.098678E1	5.430403E0	-1.270180E1
3.102010E1	5.438171E0	-1.269389E1
3.105342E1	5.439126E0	-1.269507E1
3.108674E1	5.439115E0	-1.271396E1
3.112006E1	5.526137E0	-1.269746E1
3.115338E1	5.706788E0	-1.271697E1
3.118670E1	5.924725E0	-1.274068E1
3.122002E1	6.164908E0	-1.276723E1
3.125334E1	6.315531E0	-1.279289E1
3.128666E1	6.416965E0	-1.280841E1
3.131997E1	6.446402E0	-1.283028E1
3.135329E1	6.417171E0	-1.278741E1
3.138661E1	6.421745E0	-1.279341E1
3.141993E1	6.434324E0	-1.280724E1
3.145325E1	6.462000E0	-1.282209E1
3.148657E1	6.439378E0	-1.281369E1
3.151989E1	6.397628E0	-1.282441E1
3.155321E1	6.388933E0	-1.281798E1
3.158653E1	6.398358E0	-1.282873E1
3.161985E1	6.430892E0	-1.281466E1
3.165317E1	6.547488E0	-1.285731E1
3.168648E1	6.783426E0	-1.292788E1
3.171980E1	7.119645E0	-1.299775E1
3.175312E1	7.308956E0	-1.301605E1
3.178644E1	7.276768E0	-1.303496E1
3.181976E1	7.277337E0	-1.304107E1
3.185308E1	7.286340E0	-1.304743E1
3.188640E1	7.217061E0	-1.302600E1
3.191972E1	7.106805E0	-1.299096E1
3.195304E1	6.994821E0	-1.295833E1
3.198636E1	6.949780E0	-1.296823E1
3.201968E1	7.001178E0	-1.294959E1
3.205300E1	6.998024E0	-1.292759E1
3.208631E1	6.991561E0	-1.293319E1
3.211963E1	7.051070E0	-1.295293E1
3.215295E1	7.175509E0	-1.297819E1
3.218627E1	7.272861E0	-1.298944E1
3.221959E1	7.380952E0	-1.302234E1
3.225291E1	7.611254E0	-1.302148E1
3.228623E1	7.845505E0	-1.304315E1
3.231955E1	7.984448E0	-1.306977E1
3.235287E1	8.025350E0	-1.311212E1
3.238619E1	8.004141E0	-1.308823E1
3.241951E1	7.982079E0	-1.306877E1
3.245282E1	7.958423E0	-1.309077E1
3.248614E1	7.956383E0	-1.309523E1
3.251946E1	7.966114E0	-1.310933E1
3.255278E1	7.982699E0	-1.308108E1
3.258610E1	7.996242E0	-1.308960E1
3.261942E1	8.014690E0	-1.310374E1
3.265274E1	8.133194E0	-1.314969E1
3.268606E1	8.365169E0	-1.321159E1
3.271938E1	8.656568E0	-1.324943E1
3.275270E1	8.843653E0	-1.331085E1
3.278602E1	8.847307E0	-1.334961E1
3.281933E1	8.846068E0	-1.335641E1
3.285265E1	8.846945E0	-1.336092E1
3.288597E1	8.800356E0	-1.336787E1
3.291929E1	8.629668E0	-1.331192E1
3.295261E1	8.416540E0	-1.327506E1
3.298593E1	8.245780E0	-1.326458E1
3.301925E1	8.184395E0	-1.326518E1
3.305257E1	8.167676E0	-1.327155E1
3.308589E1	8.173594E0	-1.325555E1
3.311921E1	8.192716E0	-1.327278E1
3.315253E1	8.233967E0	-1.328531E1
3.318585E1	8.411033E0	-1.331688E1
3.321916E1	8.713370E0	-1.330868E1
3.325248E1	8.995330E0	-1.334998E1
3.328580E1	9.190043E0	-1.339949E1
3.331912E1	9.234183E0	-1.341242E1
3.335244E1	9.235516E0	-1.341687E1
3.338576E1	9.200756E0	-1.343235E1
3.341908E1	9.196359E0	-1.343189E1
3.345240E1	9.188062E0	-1.339555E1
3.348572E1	9.184648E0	-1.340622E1
3.351904E1	9.195956E0	-1.343256E1
3.355236E1	9.194153E0	-1.343248E1
3.358567E1	9.189483E0	-1.342782E1
3.361899E1	9.241955E0	-1.343037E1
3.365231E1	9.399200E0	-1.346161E1
3.368563E1	9.647000E0	-1.353404E1
3.371895E1	9.963119E0	-1.356668E1
3.375227E1	1.005294E1	-1.362536E1
3.378559E1	1.002150E1	-1.363454E1
3.381891E1	1.000369E1	-1.363018E1
3.385223E1	1.001312E1	-1.363826E1
3.388555E1	1.001836E1	-1.364231E1
3.391887E1	1.002041E1	-1.364492E1
3.395219E1	1.002209E1	-1.364675E1
3.398550E1	1.002036E1	-1.364363E1
3.401882E1	9.988631E0	-1.365619E1
3.405214E1	9.927406E0	-1.365518E1
3.408546E1	9.800413E0	-1.363880E1
3.411878E1	9.613455E0	-1.358604E1
3.415210E1	9.399054E0	-1.353786E1
3.418542E1	9.185257E0	-1.347648E1
3.421874E1	9.123517E0	-1.347606E1
3.425206E1	9.222407E0	-1.347319E1
3.428538E1	9.400213E0	-1.348891E1
3.431870E1	9.501699E0	-1.347797E1
3.435201E1	9.475025E0	-1.348824E1
3.438533E1	9.485254E0	-1.350425E1
3.441865E1	9.412276E0	-1.332919E1
3.445197E1	9.404299E0	-1.333431E1
3.448529E1	9.401016E0	-1.333007E1
3.451861E1	9.404407E0	-1.332940E1
3.455193E1	9.405159E0	-1.333085E1
3.458525E1	9.398494E0	-1.333582E1
3.461857E1	9.430867E0	-1.334740E1
3.465189E1	9.580834E0	-1.339210E1
3.468521E1	9.780168E0	-1.344529E1
3.471852E1	9.890096E0	-1.345445E1
3.475184E1	9.896721E0	-1.344747E1
3.478516E1	9.860408E0	-1.343229E1
3.481848E1	9.864011E0	-1.343446E1
3.485180E1	9.887193E0	-1.343879E1
3.488512E1	9.906493E0	-1.345442E1
3.491844E1	9.866095E0	-1.342054E1
3.495176E1	9.666134E0	-1.338361E1
3.498508E1	9.508611E0	-1.334007E1
