;mass A;;
t;x;y;
0.000000E0;3.744894E0;6.546865E-3
3.331913E-2;3.722709E0;2.987957E-2
6.663825E-2;3.731800E0;1.641606E-2
9.995738E-2;3.739610E0;1.243955E-2
1.332765E-1;3.742246E0;1.144549E-2
1.665956E-1;3.735579E0;1.331333E-2
1.999148E-1;3.769307E0;2.461618E-2
2.332339E-1;3.824241E0;3.143083E-2
2.665530E-1;4.038789E0;-9.169892E-2
2.998721E-1;4.580331E0;-1.438173E-1
3.331913E-1;4.621196E0;-1.360371E-1
3.665104E-1;4.767794E0;-1.616253E-1
3.998295E-1;4.745202E0;-1.449632E-1
4.331486E-1;4.752154E0;-1.550120E-1
4.664678E-1;4.755711E0;-1.604238E-1
4.997869E-1;4.766682E0;-1.648040E-1
5.331060E-1;4.759453E0;-1.749845E-1
5.664252E-1;4.759263E0;-1.652468E-1
5.997443E-1;4.757177E0;-1.648719E-1
6.330634E-1;4.751635E0;-1.560978E-1
6.663825E-1;4.749905E0;-1.602401E-1
6.997017E-1;4.760985E0;-1.661668E-1
7.330208E-1;4.763314E0;-1.717560E-1
7.663399E-1;4.760232E0;-1.705362E-1
7.996590E-1;4.735434E0;-1.557256E-1
8.329782E-1;4.689792E0;-1.206831E-1
8.662973E-1;4.616452E0;-7.548667E-2
8.996164E-1;4.589441E0;-4.834747E-2
9.329355E-1;4.559947E0;-6.365618E-2
9.662547E-1;4.553514E0;-5.985466E-2
9.995738E-1;4.495639E0;-5.076557E-2
1.032893E0;4.452806E0;-4.829718E-2
1.066212E0;4.463272E0;-4.973339E-2
1.099531E0;4.467323E0;-6.103263E-2
1.132850E0;4.473871E0;-5.885576E-2
1.166169E0;4.473759E0;-6.107385E-2
1.199489E0;4.479350E0;-5.909193E-2
1.232808E0;4.541120E0;-3.035944E-2
1.266127E0;4.663546E0;-5.228423E-2
1.299446E0;5.092548E0;-1.602204E-1
1.332765E0;5.211672E0;-1.192856E-1
1.366084E0;5.302366E0;-7.222643E-2
1.399403E0;5.280079E0;-7.795668E-2
1.432722E0;5.270231E0;-7.825963E-2
1.466042E0;5.260765E0;-8.544605E-2
1.499361E0;5.261255E0;-8.518345E-2
1.532680E0;5.266641E0;-8.797244E-2
1.565999E0;5.262864E0;-9.261605E-2
1.599318E0;5.259981E0;-8.152789E-2
1.632637E0;5.259496E0;-8.465232E-2
1.665956E0;5.256724E0;-8.508858E-2
1.699275E0;5.260835E0;-7.905436E-2
1.732595E0;5.262310E0;-8.779304E-2
1.765914E0;5.263796E0;-9.111665E-2
1.799233E0;5.249924E0;-7.969023E-2
1.832552E0;5.210660E0;-6.566246E-2
1.865871E0;5.133153E0;-9.897990E-3
1.899190E0;5.106234E0;3.775212E-2
1.932509E0;5.069836E0;2.049416E-2
1.965828E0;5.071342E0;2.337040E-2
1.999148E0;5.058217E0;3.237186E-2
2.032467E0;5.066798E0;3.467886E-2
2.065786E0;5.076026E0;3.020684E-2
2.099105E0;5.079018E0;2.640543E-2
2.132424E0;5.080558E0;2.224182E-2
2.165743E0;5.081020E0;2.313158E-2
2.199062E0;5.117387E0;2.686546E-2
2.232381E0;5.218491E0;3.831406E-2
2.265701E0;5.402242E0;-3.879806E-2
2.299020E0;5.912863E0;-5.570281E-2
2.332339E0;5.916054E0;-8.156671E-2
2.365658E0;6.033973E0;-5.738386E-2
2.398977E0;6.014081E0;-2.394395E-2
2.432296E0;6.033145E0;8.489797E-3
2.465615E0;6.025414E0;-1.960655E-3
2.498935E0;6.030552E0;1.572810E-3
2.532254E0;6.028855E0;-6.366899E-4
2.565573E0;6.031552E0;-4.475619E-3
2.598892E0;6.025653E0;3.507184E-3
2.632211E0;6.028251E0;5.136966E-3
2.665530E0;6.025480E0;-1.727201E-3
2.698849E0;6.027380E0;5.700098E-3
2.732168E0;6.030604E0;-5.868210E-3
2.765488E0;6.028300E0;2.102293E-4
2.798807E0;6.009323E0;1.301739E-2
2.832126E0;5.975068E0;2.293582E-2
2.865445E0;5.883962E0;7.248033E-2
2.898764E0;5.826083E0;7.424822E-2
2.932083E0;5.768220E0;1.011107E-1
2.965402E0;5.725281E0;1.102641E-1
2.998721E0;5.728540E0;1.118218E-1
3.032041E0;5.726667E0;1.103710E-1
3.065360E0;5.744337E0;1.070109E-1
3.098679E0;5.735212E0;1.043120E-1
3.131998E0;5.737915E0;1.028743E-1
3.165317E0;5.740462E0;1.084444E-1
3.198636E0;5.742707E0;1.047796E-1
3.231955E0;5.823606E0;1.277448E-1
3.265274E0;5.919677E0;1.339571E-1
3.298594E0;6.283894E0;6.086753E-2
3.331913E0;6.481947E0;8.267012E-2
3.365232E0;6.573944E0;7.311271E-2
3.398551E0;6.577042E0;7.551179E-2
3.431870E0;6.587723E0;7.904649E-2
3.465189E0;6.583568E0;7.818400E-2
3.498508E0;6.587228E0;7.622837E-2
3.531827E0;6.583938E0;8.159847E-2
3.565147E0;6.585515E0;7.358235E-2
3.598466E0;6.580983E0;7.915201E-2
3.631785E0;6.586154E0;7.917196E-2
3.665104E0;6.583559E0;7.717083E-2
3.698423E0;6.583861E0;7.890411E-2
3.731742E0;6.585229E0;7.809532E-2
3.765061E0;6.583002E0;7.704804E-2
3.798380E0;6.582214E0;8.521381E-2
3.831700E0;6.535859E0;9.858328E-2
3.865019E0;6.439885E0;1.000730E-1
3.898338E0;6.377191E0;1.451585E-1
3.931657E0;6.332220E0;1.344843E-1
3.964976E0;6.296730E0;1.293772E-1
3.998295E0;6.291783E0;1.363935E-1
4.031614E0;6.291009E0;1.351959E-1
4.064933E0;6.301875E0;1.304630E-1
4.098253E0;6.299986E0;1.348610E-1
4.131572E0;6.301360E0;1.386657E-1
4.164891E0;6.304341E0;1.395951E-1
4.198210E0;6.331227E0;1.416160E-1
4.231529E0;6.409126E0;1.425505E-1
4.264848E0;6.636092E0;3.014739E-2
4.298167E0;7.122857E0;-2.125530E-2
4.331486E0;7.170546E0;6.359764E-2
4.364806E0;7.231883E0;4.489250E-2
4.398125E0;7.199563E0;6.361558E-2
4.431444E0;7.207982E0;5.768857E-2
4.464763E0;7.207175E0;5.592688E-2
4.498082E0;7.206187E0;5.768551E-2
4.531401E0;7.206366E0;5.679648E-2
4.564720E0;7.208572E0;5.553797E-2
4.598039E0;7.204064E0;5.835876E-2
4.631359E0;7.207251E0;5.733928E-2
4.664678E0;7.205702E0;5.702860E-2
4.697997E0;7.205818E0;5.685880E-2
4.731316E0;7.207133E0;5.771974E-2
4.764635E0;7.205017E0;5.711757E-2
4.797954E0;7.195406E0;6.692870E-2
4.831273E0;7.149848E0;8.376176E-2
4.864592E0;7.074120E0;1.330242E-1
4.897912E0;7.055730E0;1.763616E-1
4.931231E0;7.023053E0;1.603695E-1
4.964550E0;7.019921E0;1.681077E-1
4.997869E0;7.013079E0;1.742218E-1
5.031188E0;7.017435E0;1.751100E-1
5.064507E0;7.021368E0;1.657644E-1
5.097826E0;7.002473E0;1.691309E-1
5.131146E0;6.976833E0;1.637929E-1
5.164465E0;6.969282E0;1.657541E-1
5.197784E0;6.982880E0;1.644170E-1
5.231103E0;7.048043E0;1.691092E-1
5.264422E0;7.165166E0;1.628685E-1
5.297741E0;7.517826E0;6.031005E-2
5.331060E0;7.849274E0;9.468418E-2
5.364379E0;8.009274E0;1.040107E-1
5.397699E0;7.984023E0;9.589035E-2
5.431018E0;7.999771E0;9.052138E-2
5.464337E0;7.985718E0;9.438257E-2
5.497656E0;7.983592E0;9.257303E-2
5.530975E0;7.986124E0;9.488930E-2
5.564294E0;7.984526E0;9.252954E-2
5.597613E0;7.984096E0;9.392401E-2
5.630932E0;7.985752E0;9.501454E-2
5.664252E0;7.983308E0;9.281737E-2
5.697571E0;7.984798E0;9.470290E-2
5.730890E0;7.984922E0;9.456045E-2
5.764209E0;7.983808E0;9.234954E-2
5.797528E0;7.981790E0;1.000896E-1
5.830847E0;7.939655E0;1.150327E-1
5.864166E0;7.851733E0;1.748200E-1
5.897485E0;7.815116E0;2.228104E-1
5.930805E0;7.780799E0;2.552396E-1
5.964124E0;7.738124E0;2.454258E-1
5.997443E0;7.736986E0;2.598633E-1
6.030762E0;7.744333E0;2.583098E-1
6.064081E0;7.747816E0;2.517716E-1
6.097400E0;7.748560E0;2.578382E-1
6.130719E0;7.749065E0;2.538754E-1
6.164038E0;7.751693E0;2.558443E-1
6.197358E0;7.777484E0;2.635039E-1
6.230677E0;7.853807E0;2.687388E-1
6.263996E0;8.073231E0;1.969742E-1
6.297315E0;8.527825E0;1.802483E-1
6.330634E0;8.593005E0;2.118198E-1
6.363953E0;8.691807E0;2.292374E-1
6.397272E0;8.688750E0;2.416570E-1
6.430591E0;8.699629E0;2.360935E-1
6.463911E0;8.699959E0;2.349780E-1
6.497230E0;8.700142E0;2.345149E-1
6.530549E0;8.699437E0;2.350615E-1
6.563868E0;8.699738E0;2.357555E-1
6.597187E0;8.698057E0;2.363666E-1
6.630506E0;8.704260E0;2.361325E-1
6.663825E0;8.698792E0;2.350587E-1
6.697144E0;8.699952E0;2.350634E-1
6.730464E0;8.699984E0;2.351766E-1
6.763783E0;8.698544E0;2.349132E-1
6.797102E0;8.695736E0;2.383261E-1
6.830421E0;8.664257E0;2.591471E-1
6.863740E0;8.561454E0;3.029073E-1
6.897059E0;8.473628E0;3.184400E-1
6.930378E0;8.443969E0;3.436718E-1
6.963697E0;8.399621E0;3.422806E-1
6.997017E0;8.380086E0;3.507547E-1
7.030336E0;8.331635E0;3.453025E-1
7.063655E0;8.292737E0;3.426026E-1
7.096974E0;8.301849E0;3.471996E-1
7.130293E0;8.300029E0;3.451280E-1
7.163612E0;8.303868E0;3.597989E-1
7.196931E0;8.327476E0;4.045479E-1
7.230250E0;8.425143E0;4.152415E-1
7.263570E0;8.626766E0;3.395239E-1
7.296889E0;9.073430E0;2.284266E-1
7.330208E0;9.199800E0;3.457258E-1
7.363527E0;9.331974E0;3.677253E-1
7.396846E0;9.310000E0;3.724574E-1
7.430165E0;9.315439E0;3.708332E-1
7.463484E0;9.312008E0;3.689747E-1
7.496804E0;9.313651E0;3.689136E-1
7.530123E0;9.312923E0;3.696727E-1
7.563442E0;9.312511E0;3.691409E-1
7.596761E0;9.312330E0;3.709871E-1
7.630080E0;9.313682E0;3.676638E-1
7.663399E0;9.312018E0;3.690728E-1
7.696718E0;9.311640E0;3.699111E-1
7.730037E0;9.312584E0;3.693895E-1
7.763357E0;9.311801E0;3.686961E-1
7.796676E0;9.305120E0;3.714983E-1
7.829995E0;9.273327E0;3.995897E-1
7.863314E0;9.173941E0;4.321380E-1
7.896633E0;9.151249E0;4.442439E-1
7.929952E0;9.115553E0;4.770131E-1
7.963271E0;9.119204E0;4.787385E-1
7.996590E0;9.119334E0;4.818547E-1
8.029910E0;9.127591E0;4.750053E-1
8.063229E0;9.130273E0;4.839089E-1
8.096548E0;9.130868E0;4.829413E-1
8.129867E0;9.132593E0;4.848850E-1
8.163186E0;9.135968E0;4.854115E-1
8.196505E0;9.157442E0;4.876602E-1
8.229824E0;9.230604E0;5.037947E-1
8.263143E0;9.405378E0;4.850739E-1
8.296463E0;9.798084E0;3.748042E-1
8.329782E0;9.937598E0;4.799685E-1
8.363101E0;1.004726E1;5.171318E-1
8.396420E0;1.002428E1;5.172597E-1
8.429739E0;1.004431E1;5.065312E-1
8.463058E0;1.003136E1;5.104994E-1
8.496377E0;1.003190E1;5.099510E-1
8.529696E0;1.003163E1;5.097690E-1
8.563016E0;1.003158E1;5.093525E-1
8.596335E0;1.003179E1;5.099008E-1
8.629654E0;1.003315E1;5.100804E-1
8.662973E0;1.003145E1;5.095434E-1
8.696292E0;1.003150E1;5.110806E-1
8.729611E0;1.003190E1;5.101782E-1
8.762930E0;1.003136E1;5.099072E-1
8.796249E0;1.002461E1;5.132567E-1
8.829569E0;9.990723E0;5.294127E-1
8.862888E0;9.892218E0;5.290040E-1
8.896207E0;9.869143E0;5.376327E-1
8.929526E0;9.845619E0;5.666623E-1
8.962845E0;9.848276E0;5.686831E-1
8.996164E0;9.840013E0;5.789909E-1
9.029483E0;9.851102E0;5.772523E-1
9.062802E0;9.859872E0;5.719413E-1
9.096122E0;9.857226E0;5.749816E-1
9.129441E0;9.860440E0;5.809574E-1
9.162760E0;9.865873E0;5.804456E-1
9.196079E0;9.886443E0;5.827862E-1
9.229398E0;9.972474E0;6.010102E-1
9.262717E0;1.014993E1;5.418034E-1
9.296036E0;1.051420E1;4.280939E-1
9.329355E0;1.063670E1;5.326506E-1
9.362675E0;1.076432E1;5.508847E-1
9.395994E0;1.075161E1;5.632318E-1
9.429313E0;1.075637E1;5.533457E-1
9.462632E0;1.075388E1;5.516018E-1
9.495951E0;1.075559E1;5.552456E-1
9.529270E0;1.075249E1;5.525959E-1
9.562589E0;1.075392E1;5.535286E-1
9.595908E0;1.075350E1;5.535571E-1
9.629228E0;1.075562E1;5.502018E-1
9.662547E0;1.075343E1;5.530483E-1
9.695866E0;1.075439E1;5.529726E-1
9.729185E0;1.075364E1;5.517078E-1
9.762504E0;1.075312E1;5.524123E-1
9.795823E0;1.074390E1;5.585696E-1
9.829142E0;1.070651E1;5.719945E-1
9.862461E0;1.061452E1;6.298323E-1
9.895781E0;1.058947E1;6.736295E-1
9.929100E0;1.056353E1;6.535442E-1
9.962419E0;1.057093E1;6.647200E-1
9.995738E0;1.056543E1;6.694098E-1
1.002906E1;1.057332E1;6.626832E-1
1.006238E1;1.058140E1;6.655275E-1
1.009570E1;1.057721E1;6.604224E-1
1.012901E1;1.057976E1;6.592412E-1
1.016233E1;1.058203E1;6.616487E-1
1.019565E1;1.059080E1;6.636022E-1
1.022897E1;1.067612E1;6.763205E-1
1.026229E1;1.083683E1;6.491973E-1
1.029561E1;1.119563E1;5.786083E-1
1.032893E1;1.141517E1;6.669236E-1
1.036225E1;1.154550E1;7.125684E-1
1.039557E1;1.151788E1;7.063637E-1
1.042889E1;1.153705E1;6.974012E-1
1.046221E1;1.152939E1;6.979768E-1
1.049552E1;1.152787E1;6.979281E-1
1.052884E1;1.152847E1;7.002104E-1
1.056216E1;1.152776E1;6.984130E-1
1.059548E1;1.152752E1;6.988016E-1
1.062880E1;1.152842E1;6.995074E-1
1.066212E1;1.152766E1;6.967830E-1
1.069544E1;1.152842E1;6.996719E-1
1.072876E1;1.152855E1;6.983236E-1
1.076208E1;1.152748E1;6.980897E-1
1.079540E1;1.152554E1;7.029272E-1
1.082872E1;1.150078E1;7.134079E-1
1.086204E1;1.139608E1;7.138722E-1
1.089535E1;1.135377E1;7.782439E-1
1.092867E1;1.130963E1;8.078961E-1
1.096199E1;1.127469E1;8.028892E-1
1.099531E1;1.123221E1;8.079295E-1
1.102863E1;1.123419E1;8.091311E-1
1.106195E1;1.124776E1;8.064247E-1
1.109527E1;1.124534E1;8.100076E-1
1.112859E1;1.124842E1;8.075841E-1
1.116191E1;1.125224E1;8.069302E-1
1.119523E1;1.126669E1;8.094388E-1
1.122855E1;1.136036E1;8.315452E-1
1.126186E1;1.153758E1;7.967666E-1
1.129518E1;1.188211E1;6.947331E-1
1.132850E1;1.200740E1;8.068657E-1
1.136182E1;1.215047E1;8.351349E-1
1.139514E1;1.212484E1;8.424268E-1
1.142846E1;1.215075E1;8.383960E-1
1.146178E1;1.214002E1;8.361198E-1
1.149510E1;1.213969E1;8.365311E-1
1.152842E1;1.214098E1;8.383998E-1
1.156174E1;1.213911E1;8.344437E-1
1.159506E1;1.213917E1;8.366918E-1
1.162838E1;1.214098E1;8.357108E-1
1.166169E1;1.213844E1;8.344419E-1
1.169501E1;1.214123E1;8.371663E-1
1.172833E1;1.214003E1;8.368055E-1
1.176165E1;1.213768E1;8.349308E-1
1.179497E1;1.213155E1;8.420108E-1
1.182829E1;1.209539E1;8.540251E-1
1.186161E1;1.199177E1;9.017814E-1
1.189493E1;1.191023E1;9.136217E-1
1.192825E1;1.185836E1;9.351559E-1
1.196157E1;1.183740E1;9.422096E-1
1.199489E1;1.183845E1;9.477096E-1
1.202820E1;1.184301E1;9.415391E-1
1.206152E1;1.185918E1;9.444016E-1
1.209484E1;1.185445E1;9.481520E-1
1.212816E1;1.185326E1;9.415106E-1
1.216148E1;1.185432E1;9.439263E-1
1.219480E1;1.186202E1;9.502977E-1
1.222812E1;1.195591E1;9.566038E-1
1.226144E1;1.211600E1;9.422585E-1
1.229476E1;1.246107E1;8.562256E-1
1.232808E1;1.269535E1;9.114483E-1
1.236140E1;1.281311E1;9.279379E-1
1.239472E1;1.279291E1;9.315372E-1
1.242803E1;1.281750E1;9.304111E-1
1.246135E1;1.280257E1;9.223843E-1
1.249467E1;1.280151E1;9.219808E-1
1.252799E1;1.280407E1;9.254132E-1
1.256131E1;1.280284E1;9.234299E-1
1.259463E1;1.280284E1;9.244928E-1
1.262795E1;1.280469E1;9.268228E-1
1.266127E1;1.280257E1;9.211675E-1
1.269459E1;1.280302E1;9.262225E-1
1.272791E1;1.280362E1;9.250470E-1
1.276123E1;1.280234E1;9.239643E-1
1.279454E1;1.279461E1;9.279906E-1
1.282786E1;1.277278E1;9.527256E-1
1.286118E1;1.266451E1;9.885232E-1
1.289450E1;1.263455E1;1.003122E0
1.292782E1;1.260703E1;1.034365E0
1.296114E1;1.260580E1;1.034251E0
1.299446E1;1.252980E1;1.042383E0
1.302778E1;1.246946E1;1.079621E0
1.306110E1;1.241204E1;1.079054E0
1.309442E1;1.236156E1;1.079888E0
1.312774E1;1.230924E1;1.080409E0
1.316106E1;1.226340E1;1.078187E0
1.319437E1;1.225577E1;1.076702E0
1.322769E1;1.236396E1;1.094310E0
1.326101E1;1.255953E1;1.056671E0
1.329433E1;1.291635E1;9.871227E-1
1.332765E1;1.303948E1;1.053616E0
1.336097E1;1.312678E1;1.028929E0
1.339429E1;1.312772E1;1.055810E0
1.342761E1;1.314047E1;1.050197E0
1.346093E1;1.313655E1;1.047714E0
1.349425E1;1.313702E1;1.048015E0
1.352757E1;1.313744E1;1.048806E0
1.356088E1;1.313740E1;1.047208E0
1.359420E1;1.313652E1;1.048266E0
1.362752E1;1.313920E1;1.046527E0
1.366084E1;1.313466E1;1.047959E0
1.369416E1;1.313668E1;1.048055E0
1.372748E1;1.313782E1;1.048114E0
1.376080E1;1.313540E1;1.047592E0
1.379412E1;1.312119E1;1.058523E0
1.382744E1;1.307668E1;1.074363E0
1.386076E1;1.298917E1;1.121660E0
1.389408E1;1.289859E1;1.163074E0
1.392739E1;1.285379E1;1.149739E0
1.396071E1;1.280441E1;1.154826E0
1.399403E1;1.274794E1;1.160225E0
1.402735E1;1.268176E1;1.151520E0
1.406067E1;1.262193E1;1.142066E0
1.409399E1;1.254876E1;1.152747E0
1.412731E1;1.246007E1;1.204919E0
1.416063E1;1.234838E1;1.251004E0
1.419395E1;1.234104E1;1.241839E0
1.422727E1;1.246965E1;1.283877E0
1.426059E1;1.263291E1;1.217623E0
1.429391E1;1.296512E1;1.116485E0
1.432722E1;1.314050E1;1.191446E0
1.436054E1;1.324527E1;1.215289E0
1.439386E1;1.323238E1;1.213573E0
1.442718E1;1.325175E1;1.204956E0
1.446050E1;1.324349E1;1.206807E0
1.449382E1;1.324339E1;1.207710E0
1.452714E1;1.324613E1;1.210089E0
1.456046E1;1.324313E1;1.207158E0
1.459378E1;1.324403E1;1.209112E0
1.462710E1;1.324480E1;1.209971E0
1.466042E1;1.324232E1;1.207579E0
1.469373E1;1.324394E1;1.209224E0
1.472705E1;1.324520E1;1.208697E0
1.476037E1;1.324286E1;1.207665E0
1.479369E1;1.323675E1;1.213587E0
1.482701E1;1.320258E1;1.226855E0
1.486033E1;1.310907E1;1.226031E0
1.489365E1;1.306740E1;1.232818E0
1.492697E1;1.301761E1;1.268619E0
1.496029E1;1.295475E1;1.261786E0
1.499361E1;1.288377E1;1.267566E0
1.502693E1;1.283226E1;1.265092E0
1.506025E1;1.276330E1;1.258351E0
1.509356E1;1.264087E1;1.261303E0
1.512688E1;1.251532E1;1.267264E0
1.516020E1;1.242416E1;1.302607E0
1.519352E1;1.241662E1;1.303482E0
1.522684E1;1.252960E1;1.312446E0
1.526016E1;1.272667E1;1.215337E0
1.529348E1;1.311141E1;1.097327E0
1.532680E1;1.326278E1;1.213007E0
1.536012E1;1.334672E1;1.240362E0
1.539344E1;1.335090E1;1.231632E0
1.542676E1;1.336218E1;1.225161E0
1.546007E1;1.335310E1;1.224310E0
1.549339E1;1.335348E1;1.224706E0
1.552671E1;1.335456E1;1.224976E0
1.556003E1;1.335314E1;1.225308E0
1.559335E1;1.335298E1;1.225509E0
1.562667E1;1.335502E1;1.224332E0
1.565999E1;1.335282E1;1.225120E0
1.569331E1;1.335419E1;1.225336E0
1.572663E1;1.335501E1;1.225165E0
1.575995E1;1.335373E1;1.225409E0
1.579327E1;1.334918E1;1.228530E0
1.582659E1;1.332603E1;1.239299E0
1.585990E1;1.329165E1;1.242021E0
1.589322E1;1.322818E1;1.306723E0
1.592654E1;1.317735E1;1.339825E0
1.595986E1;1.312154E1;1.333646E0
1.599318E1;1.306552E1;1.328280E0
1.602650E1;1.299684E1;1.324242E0
1.605982E1;1.291526E1;1.324685E0
1.609314E1;1.279887E1;1.322814E0
1.612646E1;1.272202E1;1.322324E0
1.615978E1;1.265509E1;1.316786E0
1.619310E1;1.262333E1;1.308095E0
1.622641E1;1.274335E1;1.349619E0
1.625973E1;1.290155E1;1.343101E0
1.629305E1;1.318338E1;1.259029E0
1.632637E1;1.340856E1;1.337120E0
1.635969E1;1.350431E1;1.331629E0
1.639301E1;1.349142E1;1.343388E0
1.642633E1;1.353384E1;1.344904E0
1.645965E1;1.351353E1;1.340969E0
1.649297E1;1.351384E1;1.340428E0
1.652629E1;1.351614E1;1.338275E0
1.655961E1;1.351336E1;1.340444E0
1.659293E1;1.351322E1;1.340545E0
1.662624E1;1.351397E1;1.340373E0
1.665956E1;1.351336E1;1.341543E0
1.669288E1;1.351447E1;1.339943E0
1.672620E1;1.351482E1;1.339471E0
1.675952E1;1.351375E1;1.340388E0
1.679284E1;1.350974E1;1.341669E0
1.682616E1;1.347881E1;1.352096E0
1.685948E1;1.338328E1;1.359310E0
1.689280E1;1.333259E1;1.403953E0
1.692612E1;1.327888E1;1.393200E0
1.695944E1;1.322780E1;1.390036E0
1.699275E1;1.317895E1;1.391829E0
1.702607E1;1.312102E1;1.383459E0
1.705939E1;1.307231E1;1.381381E0
1.709271E1;1.300783E1;1.378683E0
1.712603E1;1.296378E1;1.379420E0
1.715935E1;1.295165E1;1.382239E0
1.719267E1;1.296085E1;1.376330E0
1.722599E1;1.306353E1;1.414293E0
1.725931E1;1.323720E1;1.407595E0
1.729263E1;1.349935E1;1.383034E0
1.732595E1;1.358853E1;1.345179E0
1.735926E1;1.362131E1;1.331026E0
1.739258E1;1.362799E1;1.344762E0
1.742590E1;1.362814E1;1.341962E0
1.745922E1;1.362718E1;1.340824E0
1.749254E1;1.362779E1;1.339482E0
1.752586E1;1.362687E1;1.340756E0
1.755918E1;1.362713E1;1.341568E0
1.759250E1;1.362632E1;1.341394E0
1.762582E1;1.362854E1;1.339968E0
1.765914E1;1.362756E1;1.338795E0
1.769246E1;1.362725E1;1.340393E0
1.772578E1;1.362761E1;1.339790E0
1.775909E1;1.362571E1;1.340200E0
1.779241E1;1.361763E1;1.343734E0
1.782573E1;1.357682E1;1.359505E0
1.785905E1;1.346974E1;1.354548E0
1.789237E1;1.336269E1;1.360990E0
1.792569E1;1.324753E1;1.371713E0
1.795901E1;1.313030E1;1.378674E0
1.799233E1;1.301836E1;1.381256E0
1.802565E1;1.294905E1;1.370456E0
1.805897E1;1.290146E1;1.368096E0
1.809229E1;1.282379E1;1.369022E0
1.812560E1;1.278270E1;1.371839E0
1.815892E1;1.273318E1;1.363586E0
1.819224E1;1.267775E1;1.361265E0
1.822556E1;1.278341E1;1.395246E0
1.825888E1;1.293491E1;1.418922E0
1.829220E1;1.319504E1;1.327713E0
1.832552E1;1.346806E1;1.386553E0
1.835884E1;1.358285E1;1.386153E0
1.839216E1;1.357645E1;1.393701E0
1.842548E1;1.359665E1;1.397104E0
1.845880E1;1.362453E1;1.396813E0
1.849212E1;1.362358E1;1.395727E0
1.852543E1;1.362479E1;1.395475E0
1.855875E1;1.362491E1;1.394829E0
1.859207E1;1.362355E1;1.395616E0
1.862539E1;1.362456E1;1.396695E0
1.865871E1;1.362360E1;1.395058E0
1.869203E1;1.362441E1;1.395549E0
1.872535E1;1.362499E1;1.396514E0
1.875867E1;1.362479E1;1.396187E0
1.879199E1;1.361674E1;1.397438E0
1.882531E1;1.360395E1;1.411966E0
1.885863E1;1.353827E1;1.412794E0
1.889194E1;1.341052E1;1.420553E0
1.892526E1;1.329648E1;1.440699E0
1.895858E1;1.317054E1;1.434764E0
1.899190E1;1.305682E1;1.431705E0
1.902522E1;1.297617E1;1.431022E0
1.905854E1;1.289005E1;1.424429E0
1.909186E1;1.283078E1;1.422085E0
1.912518E1;1.280263E1;1.428620E0
1.915850E1;1.277849E1;1.421884E0
1.919182E1;1.280284E1;1.428141E0
1.922514E1;1.289461E1;1.452635E0
1.925846E1;1.309396E1;1.440671E0
1.929177E1;1.339484E1;1.370168E0
1.932509E1;1.348513E1;1.385701E0
1.935841E1;1.358310E1;1.392594E0
1.939173E1;1.356592E1;1.393695E0
1.942505E1;1.356588E1;1.395555E0
1.945837E1;1.356523E1;1.394683E0
1.949169E1;1.356515E1;1.393880E0
1.952501E1;1.356678E1;1.393462E0
1.955833E1;1.356684E1;1.393574E0
1.959165E1;1.356440E1;1.393655E0
1.962497E1;1.356660E1;1.393674E0
1.965828E1;1.356576E1;1.395368E0
1.969160E1;1.356569E1;1.393775E0
1.972492E1;1.356612E1;1.393302E0
1.975824E1;1.356456E1;1.394265E0
1.979156E1;1.356470E1;1.394664E0
1.982488E1;1.353954E1;1.408800E0
1.985820E1;1.348408E1;1.411229E0
1.989152E1;1.341202E1;1.416096E0
1.992484E1;1.329011E1;1.445136E0
1.995816E1;1.317692E1;1.429865E0
1.999148E1;1.304762E1;1.431183E0
2.002480E1;1.296187E1;1.432010E0
2.005811E1;1.288581E1;1.424659E0
2.009143E1;1.280520E1;1.423051E0
2.012475E1;1.271604E1;1.424437E0
2.015807E1;1.268204E1;1.425626E0
2.019139E1;1.261840E1;1.420251E0
2.022471E1;1.273862E1;1.449463E0
2.025803E1;1.290327E1;1.448474E0
2.029135E1;1.318621E1;1.339701E0
2.032467E1;1.344969E1;1.389423E0
2.035799E1;1.357726E1;1.387746E0
2.039131E1;1.356710E1;1.409887E0
2.042462E1;1.359713E1;1.394117E0
2.045794E1;1.362056E1;1.398915E0
2.049126E1;1.362202E1;1.396979E0
2.052458E1;1.362231E1;1.397446E0
2.055790E1;1.362212E1;1.397316E0
2.059122E1;1.362321E1;1.398613E0
2.062454E1;1.362260E1;1.397076E0
2.065786E1;1.362214E1;1.398910E0
2.069118E1;1.362252E1;1.397201E0
2.072450E1;1.362265E1;1.398318E0
2.075782E1;1.362246E1;1.398301E0
2.079114E1;1.361396E1;1.399928E0
2.082445E1;1.358271E1;1.415805E0
2.085777E1;1.348196E1;1.423511E0
2.089109E1;1.336067E1;1.462674E0
2.092441E1;1.323572E1;1.441804E0
2.095773E1;1.310587E1;1.431736E0
2.099105E1;1.300206E1;1.439869E0
2.102437E1;1.292042E1;1.428297E0
2.105769E1;1.283442E1;1.430172E0
2.109101E1;1.276064E1;1.424712E0
2.112433E1;1.273677E1;1.429563E0
2.115765E1;1.269060E1;1.422593E0
2.119096E1;1.265253E1;1.428481E0
2.122428E1;1.279517E1;1.461140E0
2.125760E1;1.296796E1;1.434720E0
2.129092E1;1.329173E1;1.337462E0
2.132424E1;1.339921E1;1.324746E0
2.135756E1;1.349421E1;1.322557E0
2.139088E1;1.350524E1;1.343136E0
2.142420E1;1.352263E1;1.340023E0
2.145752E1;1.351407E1;1.339330E0
2.149084E1;1.351507E1;1.342432E0
2.152416E1;1.351398E1;1.339086E0
2.155747E1;1.351469E1;1.339342E0
2.159079E1;1.351350E1;1.340773E0
2.162411E1;1.351514E1;1.339668E0
2.165743E1;1.351327E1;1.340774E0
2.169075E1;1.351393E1;1.341253E0
2.172407E1;1.351470E1;1.338230E0
2.175739E1;1.351543E1;1.338967E0
2.179071E1;1.351165E1;1.341075E0
2.182403E1;1.348792E1;1.350071E0
2.185735E1;1.342601E1;1.375656E0
2.189067E1;1.329314E1;1.408391E0
2.192399E1;1.317153E1;1.434313E0
2.195730E1;1.305510E1;1.428231E0
2.199062E1;1.292446E1;1.427886E0
2.202394E1;1.284438E1;1.423300E0
2.205726E1;1.277252E1;1.423437E0
2.209058E1;1.268774E1;1.418698E0
2.212390E1;1.260856E1;1.418672E0
2.215722E1;1.261553E1;1.417458E0
2.219054E1;1.261666E1;1.414594E0
2.222386E1;1.271924E1;1.431604E0
2.225718E1;1.285557E1;1.408763E0
2.229050E1;1.311380E1;1.322389E0
2.232381E1;1.334517E1;1.392697E0
2.235713E1;1.347093E1;1.366855E0
2.239045E1;1.345768E1;1.392696E0
2.242377E1;1.346860E1;1.384619E0
2.245709E1;1.345807E1;1.388775E0
2.249041E1;1.345941E1;1.390172E0
2.252373E1;1.345761E1;1.389762E0
2.255705E1;1.345678E1;1.388616E0
2.259037E1;1.345889E1;1.389382E0
2.262369E1;1.345885E1;1.386680E0
2.265701E1;1.345637E1;1.389217E0
2.269033E1;1.345619E1;1.391731E0
2.272364E1;1.345883E1;1.388748E0
2.275696E1;1.345661E1;1.388401E0
2.279028E1;1.345622E1;1.390264E0
2.282360E1;1.341951E1;1.406559E0
2.285692E1;1.331596E1;1.415329E0
2.289024E1;1.323349E1;1.459156E0
2.292356E1;1.311835E1;1.438638E0
2.295688E1;1.301312E1;1.427906E0
2.299020E1;1.290294E1;1.432193E0
2.302352E1;1.280708E1;1.422071E0
2.305684E1;1.273884E1;1.427144E0
2.309015E1;1.267597E1;1.423737E0
2.312347E1;1.262056E1;1.416505E0
2.315679E1;1.262065E1;1.424748E0
2.319011E1;1.262281E1;1.417453E0
2.322343E1;1.273466E1;1.441551E0
2.325675E1;1.289650E1;1.420074E0
2.329007E1;1.319376E1;1.352362E0
2.332339E1;1.334004E1;1.435646E0
2.335671E1;1.344334E1;1.439916E0
2.339003E1;1.344884E1;1.447026E0
2.342335E1;1.345542E1;1.445263E0
2.345667E1;1.345556E1;1.445508E0
2.348998E1;1.345605E1;1.444957E0
2.352330E1;1.345686E1;1.446732E0
2.355662E1;1.345595E1;1.444865E0
2.358994E1;1.345379E1;1.446601E0
2.362326E1;1.345563E1;1.445401E0
2.365658E1;1.345348E1;1.445193E0
2.368990E1;1.345699E1;1.445638E0
2.372322E1;1.345884E1;1.442515E0
2.375654E1;1.345354E1;1.445176E0
2.378986E1;1.344435E1;1.450179E0
2.382318E1;1.340078E1;1.465617E0
2.385649E1;1.330062E1;1.472712E0
2.388981E1;1.319516E1;1.510908E0
2.392313E1;1.311667E1;1.496913E0
2.395645E1;1.305394E1;1.491115E0
2.398977E1;1.300248E1;1.499216E0
2.402309E1;1.295028E1;1.487776E0
2.405641E1;1.288805E1;1.494784E0
2.408973E1;1.282329E1;1.491493E0
2.412305E1;1.279524E1;1.491455E0
2.415637E1;1.277308E1;1.485087E0
2.418969E1;1.277990E1;1.484183E0
2.422301E1;1.287879E1;1.500675E0
2.425632E1;1.302101E1;1.454620E0
2.428964E1;1.328729E1;1.379484E0
2.432296E1;1.348880E1;1.498366E0
2.435628E1;1.363660E1;1.501562E0
2.438960E1;1.361878E1;1.523429E0
2.442292E1;1.362902E1;1.508926E0
2.445624E1;1.361919E1;1.512025E0
2.448956E1;1.362265E1;1.510711E0
2.452288E1;1.361876E1;1.511917E0
2.455620E1;1.361914E1;1.511812E0
2.458952E1;1.361964E1;1.512156E0
2.462283E1;1.361931E1;1.511200E0
2.465615E1;1.361867E1;1.510478E0
2.468947E1;1.362052E1;1.511417E0
2.472279E1;1.361934E1;1.511535E0
2.475611E1;1.361891E1;1.511967E0
2.478943E1;1.361222E1;1.516525E0
2.482275E1;1.358330E1;1.532388E0
2.485607E1;1.348385E1;1.531233E0
2.488939E1;1.342552E1;1.586151E0
2.492271E1;1.334896E1;1.618654E0
2.495603E1;1.322449E1;1.602065E0
2.498935E1;1.310189E1;1.610551E0
2.502266E1;1.301914E1;1.600500E0
2.505598E1;1.294819E1;1.601344E0
2.508930E1;1.288863E1;1.601055E0
2.512262E1;1.284699E1;1.597592E0
2.515594E1;1.282942E1;1.592551E0
2.518926E1;1.284831E1;1.598244E0
2.522258E1;1.294456E1;1.613935E0
2.525590E1;1.313074E1;1.537912E0
2.528922E1;1.344212E1;1.477257E0
2.532254E1;1.360835E1;1.524398E0
2.535586E1;1.372371E1;1.503205E0
2.538917E1;1.372312E1;1.522996E0
2.542249E1;1.373866E1;1.521850E0
2.545581E1;1.372981E1;1.518954E0
2.548913E1;1.373025E1;1.518633E0
2.552245E1;1.373057E1;1.519847E0
2.555577E1;1.373001E1;1.518579E0
2.558909E1;1.372905E1;1.519517E0
2.562241E1;1.373081E1;1.518497E0
2.565573E1;1.372966E1;1.518611E0
2.568905E1;1.372985E1;1.519631E0
2.572237E1;1.372959E1;1.518585E0
2.575568E1;1.372876E1;1.517663E0
2.578900E1;1.372773E1;1.519563E0
2.582232E1;1.370535E1;1.536977E0
2.585564E1;1.364844E1;1.556977E0
2.588896E1;1.359121E1;1.599135E0
2.592228E1;1.355080E1;1.631796E0
2.595560E1;1.348222E1;1.615016E0
2.598892E1;1.340341E1;1.619860E0
2.602224E1;1.327093E1;1.618948E0
2.605556E1;1.318047E1;1.628297E0
2.608888E1;1.305947E1;1.660250E0
2.612220E1;1.294132E1;1.653302E0
2.615551E1;1.284537E1;1.658590E0
2.618883E1;1.271061E1;1.647408E0
2.622215E1;1.282316E1;1.681380E0
2.625547E1;1.300945E1;1.693787E0
2.628879E1;1.326328E1;1.595022E0
2.632211E1;1.355835E1;1.606546E0
2.635543E1;1.366950E1;1.601515E0
2.638875E1;1.368064E1;1.626894E0
2.642207E1;1.370417E1;1.614810E0
2.645539E1;1.371289E1;1.620236E0
2.648871E1;1.372611E1;1.613115E0
2.652202E1;1.372504E1;1.621668E0
2.655534E1;1.372208E1;1.617164E0
2.658866E1;1.372365E1;1.619415E0
2.662198E1;1.372042E1;1.626202E0
2.665530E1;1.372434E1;1.613638E0
2.668862E1;1.372192E1;1.620436E0
2.672194E1;1.372557E1;1.617961E0
2.675526E1;1.372103E1;1.614542E0
2.678858E1;1.371243E1;1.630074E0
2.682190E1;1.369397E1;1.638178E0
2.685522E1;1.361513E1;1.630107E0
2.688854E1;1.354037E1;1.641234E0
2.692185E1;1.349921E1;1.607571E0
2.695517E1;1.343370E1;1.604545E0
2.698849E1;1.337877E1;1.628696E0
2.702181E1;1.330413E1;1.611102E0
2.705513E1;1.317827E1;1.578663E0
2.708845E1;1.310868E1;1.578834E0
2.712177E1;1.309144E1;1.600146E0
2.715509E1;1.311553E1;1.594041E0
2.718841E1;1.312258E1;1.595823E0
2.722173E1;1.323089E1;1.635430E0
2.725505E1;1.340283E1;1.615488E0
2.728836E1;1.379142E1;1.479014E0
2.732168E1;1.393921E1;1.515984E0
2.735500E1;1.407538E1;1.504864E0
2.738832E1;1.405682E1;1.532116E0
2.742164E1;1.406659E1;1.524189E0
2.745496E1;1.406424E1;1.526192E0
2.748828E1;1.406666E1;1.524323E0
2.752160E1;1.406525E1;1.524733E0
2.755492E1;1.406752E1;1.524952E0
2.758824E1;1.406399E1;1.524107E0
2.762156E1;1.406353E1;1.534048E0
2.765488E1;1.406700E1;1.521887E0
2.768819E1;1.406281E1;1.526414E0
2.772151E1;1.407196E1;1.524947E0
2.775483E1;1.406419E1;1.521669E0
2.778815E1;1.405312E1;1.530285E0
2.782147E1;1.403327E1;1.541019E0
2.785479E1;1.394011E1;1.534670E0
2.788811E1;1.391915E1;1.529957E0
2.792143E1;1.388084E1;1.524913E0
2.795475E1;1.386902E1;1.517700E0
2.798807E1;1.388602E1;1.534196E0
2.802139E1;1.388350E1;1.530480E0
2.805470E1;1.389431E1;1.529010E0
2.808802E1;1.389436E1;1.529985E0
2.812134E1;1.389169E1;1.527596E0
2.815466E1;1.389006E1;1.523940E0
2.818798E1;1.388898E1;1.528586E0
2.822130E1;1.398028E1;1.556679E0
2.825462E1;1.413472E1;1.617543E0
2.828794E1;1.436146E1;1.535087E0
2.832126E1;1.463541E1;1.550533E0
2.835458E1;1.472291E1;1.554097E0
2.838790E1;1.475184E1;1.562527E0
2.842122E1;1.475366E1;1.559771E0
2.845453E1;1.473505E1;1.557287E0
2.848785E1;1.473999E1;1.553951E0
2.852117E1;1.473444E1;1.557983E0
2.855449E1;1.474204E1;1.554951E0
2.858781E1;1.473469E1;1.555471E0
2.862113E1;1.473489E1;1.559063E0
2.865445E1;1.473754E1;1.555230E0
2.868777E1;1.473460E1;1.557384E0
2.872109E1;1.474073E1;1.557629E0
2.875441E1;1.473666E1;1.556559E0
2.878773E1;1.473233E1;1.558687E0
2.882104E1;1.471525E1;1.567340E0
2.885436E1;1.466344E1;1.576903E0
2.888768E1;1.462418E1;1.576488E0
2.892100E1;1.457957E1;1.560805E0
2.895432E1;1.453205E1;1.546711E0
2.898764E1;1.449118E1;1.558169E0
2.902096E1;1.448984E1;1.568414E0
2.905428E1;1.450234E1;1.554519E0
2.908760E1;1.449619E1;1.548747E0
2.912092E1;1.450765E1;1.565756E0
2.915424E1;1.450682E1;1.561626E0
2.918755E1;1.451094E1;1.561359E0
2.922087E1;1.460787E1;1.588751E0
2.925419E1;1.475669E1;1.611089E0
2.928751E1;1.503146E1;1.484008E0
2.932083E1;1.521531E1;1.571230E0
2.935415E1;1.535861E1;1.592369E0
2.938747E1;1.532981E1;1.596526E0
2.942079E1;1.534708E1;1.589812E0
2.945411E1;1.535115E1;1.589711E0
2.948743E1;1.534414E1;1.588866E0
2.952075E1;1.534433E1;1.589924E0
2.955407E1;1.534577E1;1.590160E0
2.958738E1;1.533887E1;1.590976E0
2.962070E1;1.534962E1;1.589432E0
2.965402E1;1.534455E1;1.588439E0
2.968734E1;1.534432E1;1.589278E0
2.972066E1;1.534777E1;1.589360E0
2.975398E1;1.533607E1;1.591872E0
2.978730E1;1.534482E1;1.590317E0
2.982062E1;1.531075E1;1.600777E0
2.985394E1;1.524030E1;1.596621E0
2.988726E1;1.519733E1;1.607854E0
2.992058E1;1.514885E1;1.638371E0
2.995389E1;1.516922E1;1.633518E0
2.998721E1;1.516905E1;1.640749E0
3.002053E1;1.517256E1;1.635833E0
3.005385E1;1.517336E1;1.641888E0
3.008717E1;1.517349E1;1.638683E0
3.012049E1;1.517568E1;1.638167E0
3.015381E1;1.517548E1;1.639219E0
3.018713E1;1.519527E1;1.642993E0
3.022045E1;1.529494E1;1.677872E0
3.025377E1;1.549707E1;1.653371E0
3.028709E1;1.586105E1;1.557427E0
3.032041E1;1.597931E1;1.639223E0
3.035372E1;1.607600E1;1.670001E0
3.038704E1;1.606490E1;1.670857E0
3.042036E1;1.607891E1;1.670172E0
3.045368E1;1.607237E1;1.671208E0
3.048700E1;1.607082E1;1.680734E0
3.052032E1;1.607161E1;1.670884E0
3.055364E1;1.607215E1;1.670452E0
3.058696E1;1.607254E1;1.670965E0
3.062028E1;1.607615E1;1.669270E0
3.065360E1;1.606688E1;1.671168E0
3.068692E1;1.607325E1;1.671834E0
3.072023E1;1.607245E1;1.672426E0
3.075355E1;1.607191E1;1.670930E0
3.078687E1;1.607343E1;1.670022E0
3.082019E1;1.605032E1;1.678045E0
3.085351E1;1.601507E1;1.686931E0
3.088683E1;1.595506E1;1.687075E0
3.092015E1;1.592918E1;1.677671E0
3.095347E1;1.594599E1;1.667448E0
3.098679E1;1.594266E1;1.675865E0
3.102011E1;1.594350E1;1.673782E0
3.105343E1;1.594380E1;1.678045E0
3.108675E1;1.595115E1;1.674170E0
3.112006E1;1.594772E1;1.671092E0
3.115338E1;1.595730E1;1.678612E0
3.118670E1;1.595527E1;1.675598E0
3.122002E1;1.604571E1;1.694751E0
3.125334E1;1.620329E1;1.699151E0
3.128666E1;1.638947E1;1.572199E0
3.131998E1;1.660139E1;1.694988E0
3.135330E1;1.675029E1;1.707897E0
3.138662E1;1.672010E1;1.715426E0
3.141994E1;1.673863E1;1.707347E0
3.145326E1;1.673339E1;1.708344E0
3.148657E1;1.673235E1;1.707929E0
3.151989E1;1.673210E1;1.708773E0
3.155321E1;1.673174E1;1.708667E0
3.158653E1;1.673203E1;1.708911E0
3.161985E1;1.673261E1;1.709048E0
3.165317E1;1.673237E1;1.708604E0
3.168649E1;1.673252E1;1.708762E0
3.171981E1;1.673199E1;1.708696E0
3.175313E1;1.673204E1;1.708631E0
3.178645E1;1.672323E1;1.709451E0
3.181977E1;1.670210E1;1.721338E0
3.185309E1;1.662225E1;1.717144E0
3.188640E1;1.657978E1;1.721324E0
3.191972E1;1.655106E1;1.705068E0
3.195304E1;1.654836E1;1.701641E0
3.198636E1;1.656518E1;1.708662E0
3.201968E1;1.656752E1;1.711049E0
3.205300E1;1.656976E1;1.710989E0
3.208632E1;1.657415E1;1.715080E0
3.211964E1;1.656950E1;1.711221E0
3.215296E1;1.657365E1;1.710419E0
3.218628E1;1.658700E1;1.708623E0
3.221960E1;1.668091E1;1.739363E0
3.225291E1;1.685723E1;1.734673E0
3.228623E1;1.713593E1;1.679054E0
3.231955E1;1.727339E1;1.723757E0
3.235287E1;1.739366E1;1.718885E0
3.238619E1;1.740505E1;1.734522E0
3.241951E1;1.741317E1;1.746878E0
3.245283E1;1.740987E1;1.736358E0
3.248615E1;1.740520E1;1.734229E0
3.251947E1;1.740452E1;1.737236E0
3.255279E1;1.740513E1;1.735561E0
3.258611E1;1.740438E1;1.736881E0
3.261943E1;1.740512E1;1.736867E0
3.265274E1;1.740467E1;1.736253E0
3.268606E1;1.740350E1;1.738762E0
3.271938E1;1.740673E1;1.734173E0
3.275270E1;1.740195E1;1.735277E0
3.278602E1;1.740518E1;1.736254E0
3.281934E1;1.738687E1;1.744906E0
3.285266E1;1.735407E1;1.750331E0
3.288598E1;1.729330E1;1.750195E0
3.291930E1;1.725854E1;1.741264E0
3.295262E1;1.722654E1;1.728294E0
3.298594E1;1.723510E1;1.738877E0
3.301925E1;1.723287E1;1.737247E0
3.305257E1;1.724128E1;1.739085E0
3.308589E1;1.723828E1;1.741082E0
3.311921E1;1.723774E1;1.733923E0
3.315253E1;1.723836E1;1.738066E0
3.318585E1;1.723729E1;1.734921E0
3.321917E1;1.732719E1;1.754859E0
3.325249E1;1.748218E1;1.787171E0
3.328581E1;1.766680E1;1.696461E0
3.331913E1;1.790066E1;1.729674E0
3.335245E1;1.804131E1;1.742003E0
3.338576E1;1.800985E1;1.764661E0
3.341908E1;1.803522E1;1.765111E0
3.345240E1;1.801967E1;1.762919E0
3.348572E1;1.801994E1;1.762842E0
3.351904E1;1.801917E1;1.760420E0
3.355236E1;1.801987E1;1.759580E0
3.358568E1;1.801877E1;1.762124E0
3.361900E1;1.801963E1;1.762065E0
3.365232E1;1.801943E1;1.760575E0
3.368564E1;1.801962E1;1.762446E0
3.371896E1;1.801965E1;1.762311E0
3.375228E1;1.801953E1;1.762226E0
3.378559E1;1.801561E1;1.764100E0
3.381891E1;1.799175E1;1.772808E0
3.385223E1;1.796310E1;1.773496E0
3.388555E1;1.790960E1;1.775372E0
3.391887E1;1.787525E1;1.761930E0
3.395219E1;1.783996E1;1.753554E0
3.398551E1;1.784002E1;1.760863E0
3.401883E1;1.784515E1;1.760894E0
3.405215E1;1.785122E1;1.762541E0
3.408547E1;1.785227E1;1.763244E0
3.411879E1;1.785557E1;1.764276E0
3.415210E1;1.785515E1;1.764451E0
3.418542E1;1.786228E1;1.764923E0
3.421874E1;1.796715E1;1.792687E0
3.425206E1;1.812795E1;1.812168E0
3.428538E1;1.836408E1;1.728834E0
3.431870E1;1.852668E1;1.778324E0
3.435202E1;1.863608E1;1.765985E0
3.438534E1;1.863386E1;1.786672E0
3.441866E1;1.865228E1;1.791270E0
3.445198E1;1.863823E1;1.786132E0
3.448530E1;1.863656E1;1.785103E0
3.451862E1;1.863591E1;1.785377E0
3.455193E1;1.863392E1;1.783124E0
3.458525E1;1.863519E1;1.787269E0
3.461857E1;1.863830E1;1.783374E0
3.465189E1;1.863576E1;1.784804E0
3.468521E1;1.863545E1;1.785522E0
3.471853E1;1.863518E1;1.785590E0
3.475185E1;1.863624E1;1.785773E0
3.478517E1;1.863592E1;1.785826E0
3.481849E1;1.861668E1;1.790176E0
3.485181E1;1.858449E1;1.801675E0
3.488513E1;1.851534E1;1.798720E0
3.491844E1;1.846798E1;1.792422E0
3.495176E1;1.844154E1;1.779631E0
3.498508E1;1.845183E1;1.779532E0
3.501840E1;1.846195E1;1.790633E0
3.505172E1;1.846477E1;1.789168E0
3.508504E1;1.846249E1;1.784642E0
3.511836E1;1.846761E1;1.786568E0
3.515168E1;1.847354E1;1.791428E0
3.518500E1;1.847054E1;1.787234E0
3.521832E1;1.856761E1;1.819575E0
3.525164E1;1.871919E1;1.864178E0
3.528496E1;1.891802E1;1.729620E0
3.531827E1;1.909369E1;1.837510E0
3.535159E1;1.919494E1;1.859582E0
3.538491E1;1.918163E1;1.874285E0
3.541823E1;1.919613E1;1.866752E0
3.545155E1;1.918578E1;1.863033E0
3.548487E1;1.919069E1;1.862960E0
3.551819E1;1.918882E1;1.864834E0
3.555151E1;1.918781E1;1.864798E0
3.558483E1;1.918789E1;1.865108E0
3.561815E1;1.918816E1;1.864799E0
3.565147E1;1.918797E1;1.865090E0
3.568478E1;1.918880E1;1.864605E0
3.571810E1;1.918808E1;1.864832E0
3.575142E1;1.918795E1;1.865185E0
3.578474E1;1.918140E1;1.866273E0
3.581806E1;1.915840E1;1.880897E0
3.585138E1;1.912251E1;1.871000E0
3.588470E1;1.907758E1;1.882780E0
3.591802E1;1.903081E1;1.866123E0
3.595134E1;1.899620E1;1.850664E0
3.598466E1;1.901731E1;1.867027E0
3.601798E1;1.902096E1;1.866895E0
3.605130E1;1.901967E1;1.864750E0
3.608461E1;1.901863E1;1.868099E0
3.611793E1;1.902135E1;1.863260E0
3.615125E1;1.903337E1;1.858039E0
3.618457E1;1.901933E1;1.866153E0
3.621789E1;1.907838E1;1.883078E0
3.625121E1;1.923591E1;1.913808E0
3.628453E1;1.945259E1;1.830922E0
3.631785E1;1.971765E1;1.846348E0
3.635117E1;1.985145E1;1.835839E0
3.638449E1;1.986471E1;1.853154E0
3.641781E1;1.986605E1;1.846093E0
3.645112E1;1.985670E1;1.846204E0
3.648444E1;1.985586E1;1.845733E0
3.651776E1;1.985721E1;1.846225E0
3.655108E1;1.985455E1;1.843669E0
3.658440E1;1.985623E1;1.846024E0
3.661772E1;1.985534E1;1.847609E0
3.665104E1;1.985626E1;1.842618E0
3.668436E1;1.985702E1;1.845655E0
3.671768E1;1.985767E1;1.846647E0
3.675100E1;1.985504E1;1.844598E0
3.678432E1;1.985380E1;1.845494E0
3.681763E1;1.983147E1;1.856097E0
3.685095E1;1.980401E1;1.858356E0
3.688427E1;1.974816E1;1.856929E0
3.691759E1;1.970662E1;1.849692E0
3.695091E1;1.966564E1;1.832132E0
3.698423E1;1.968494E1;1.839425E0
3.701755E1;1.968693E1;1.851823E0
3.705087E1;1.969128E1;1.846453E0
3.708419E1;1.968930E1;1.843041E0
3.711751E1;1.969426E1;1.826618E0
3.715083E1;1.969316E1;1.837169E0
3.718415E1;1.969106E1;1.836039E0
3.721746E1;1.977388E1;1.879398E0
3.725078E1;1.994749E1;1.942497E0
3.728410E1;2.012324E1;1.848836E0
3.731742E1;2.033921E1;1.878172E0
3.735074E1;2.047707E1;1.837784E0
3.738406E1;2.046928E1;1.816933E0
3.741738E1;2.048141E1;1.818435E0
3.745070E1;2.046787E1;1.816379E0
3.748402E1;2.047184E1;1.814787E0
3.751734E1;2.046783E1;1.818091E0
3.755066E1;2.046925E1;1.815151E0
3.758397E1;2.046868E1;1.815735E0
3.761729E1;2.047099E1;1.818273E0
3.765061E1;2.046910E1;1.815472E0
3.768393E1;2.046968E1;1.816140E0
3.771725E1;2.047011E1;1.817115E0
3.775057E1;2.046886E1;1.816816E0
3.778389E1;2.046686E1;1.817110E0
3.781721E1;2.044053E1;1.830956E0
3.785053E1;2.035766E1;1.821062E0
3.788385E1;2.031530E1;1.833059E0
3.791717E1;2.028375E1;1.858128E0
3.795049E1;2.028703E1;1.857927E0
3.798380E1;2.029796E1;1.862564E0
3.801712E1;2.030335E1;1.862225E0
3.805044E1;2.030826E1;1.872403E0
3.808376E1;2.031150E1;1.855200E0
3.811708E1;2.030264E1;1.871120E0
3.815040E1;2.030631E1;1.865852E0
3.818372E1;2.030099E1;1.860076E0
3.821704E1;2.035591E1;1.878906E0
3.825036E1;2.046192E1;1.907844E0
3.828368E1;2.074134E1;1.853778E0
3.831700E1;2.091829E1;1.861642E0
3.835031E1;2.113013E1;1.832274E0
3.838363E1;2.110985E1;1.914480E0
3.841695E1;2.102163E1;1.905018E0
3.845027E1;2.105149E1;1.856481E0
3.848359E1;2.107360E1;1.857464E0
3.851691E1;2.122241E1;1.875158E0
3.855023E1;2.106033E1;1.906738E0
3.858355E1;2.100504E1;1.904281E0
3.861687E1;2.101032E1;1.910056E0
3.865019E1;2.100860E1;1.948763E0
3.868351E1;2.110506E1;1.897645E0
3.871683E1;2.103822E1;1.905755E0
3.875014E1;2.105911E1;1.934386E0
3.878346E1;2.105284E1;1.950729E0
3.881678E1;2.107066E1;1.923818E0
3.885010E1;2.099373E1;1.909319E0
3.888342E1;2.099011E1;1.929356E0
3.891674E1;2.096118E1;1.948080E0
3.895006E1;2.094612E1;1.939472E0
3.898338E1;2.096670E1;1.946884E0
3.901670E1;2.097255E1;1.952542E0
3.905002E1;2.097758E1;1.935332E0
3.908334E1;2.096216E1;1.961064E0
3.911665E1;2.097204E1;1.948532E0
3.914997E1;2.097115E1;1.947532E0
3.918329E1;2.097539E1;1.948155E0
3.921661E1;2.107737E1;1.979910E0
3.924993E1;2.126507E1;2.042591E0
3.928325E1;2.147344E1;1.942944E0
3.931657E1;2.167712E1;2.024506E0
3.934989E1;2.180664E1;2.029173E0
3.938321E1;2.180680E1;2.040024E0
3.941653E1;2.181138E1;2.029596E0
3.944985E1;2.180791E1;2.032291E0
3.948317E1;2.180607E1;2.033147E0
3.951648E1;2.180609E1;2.031037E0
3.954980E1;2.180633E1;2.032534E0
3.958312E1;2.180572E1;2.032190E0
3.961644E1;2.180573E1;2.032319E0
3.964976E1;2.180596E1;2.032564E0
3.968308E1;2.180566E1;2.032218E0
3.971640E1;2.180563E1;2.032278E0
3.974972E1;2.180526E1;2.032801E0
3.978304E1;2.179922E1;2.031762E0
3.981636E1;2.177952E1;2.044418E0
3.984968E1;2.174375E1;2.038620E0
3.988299E1;2.170339E1;2.043649E0
3.991631E1;2.167882E1;2.027734E0
3.994963E1;2.167434E1;2.028022E0
3.998295E1;2.168639E1;2.022709E0
4.001627E1;2.169125E1;2.031220E0
4.004959E1;2.167390E1;2.033167E0
4.008291E1;2.169409E1;2.030704E0
4.011623E1;2.168528E1;2.030046E0
4.014955E1;2.169270E1;2.031115E0
4.018287E1;2.169717E1;2.031274E0
4.021619E1;2.182555E1;2.066967E0
4.024951E1;2.196657E1;2.063491E0
4.028282E1;2.215603E1;1.945227E0
4.031614E1;2.231498E1;2.056552E0
4.034946E1;2.238065E1;2.061503E0
4.038278E1;2.235992E1;2.065965E0
4.041610E1;2.236646E1;2.065183E0
4.044942E1;2.236436E1;2.063100E0
4.048274E1;2.236402E1;2.062920E0
4.051606E1;2.236438E1;2.065033E0
4.054938E1;2.236442E1;2.063183E0
4.058270E1;2.236388E1;2.062851E0
4.061602E1;2.236405E1;2.063570E0
4.064933E1;2.236402E1;2.063314E0
4.068265E1;2.236363E1;2.062909E0
4.071597E1;2.236447E1;2.062526E0
4.074929E1;2.236366E1;2.063042E0
4.078261E1;2.236299E1;2.063573E0
4.081593E1;2.234682E1;2.068000E0
4.084925E1;2.230925E1;2.073268E0
4.088257E1;2.227236E1;2.073336E0
4.091589E1;2.223737E1;2.061494E0
4.094921E1;2.221905E1;2.057291E0
4.098253E1;2.217546E1;2.051932E0
4.101584E1;2.216514E1;2.064981E0
4.104916E1;2.219990E1;2.059307E0
4.108248E1;2.219554E1;2.061286E0
4.111580E1;2.219662E1;2.061173E0
4.114912E1;2.220092E1;2.065916E0
4.118244E1;2.220070E1;2.061946E0
4.121576E1;2.226318E1;2.072142E0
4.124908E1;2.247086E1;2.138919E0
4.128240E1;2.262816E1;2.090500E0
4.131572E1;2.289262E1;2.124418E0
4.134904E1;2.300421E1;2.107213E0
4.138236E1;2.305853E1;2.131792E0
4.141567E1;2.306959E1;2.132283E0
4.144899E1;2.304648E1;2.153421E0
4.148231E1;2.302436E1;2.152438E0
4.151563E1;2.295800E1;2.149488E0
4.154895E1;2.301330E1;2.151946E0
4.158227E1;2.304648E1;2.153421E0
4.161559E1;2.302436E1;2.152438E0
4.164891E1;2.302436E1;2.152438E0
4.168223E1;2.304648E1;2.153421E0
4.171555E1;2.304648E1;2.153421E0
4.174887E1;2.301330E1;2.151946E0
4.178218E1;2.301330E1;2.151946E0
4.181550E1;2.301330E1;2.151946E0
4.184882E1;2.286903E1;2.156616E0
4.188214E1;2.287066E1;2.136414E0
4.191546E1;2.284953E1;2.147348E0
4.194878E1;2.285387E1;2.146551E0
4.198210E1;2.285330E1;2.154252E0
4.201542E1;2.285703E1;2.148633E0
4.204874E1;2.286119E1;2.150670E0
4.208206E1;2.285963E1;2.146836E0
4.211538E1;2.286775E1;2.147222E0
4.214870E1;2.285963E1;2.157314E0
4.218201E1;2.286916E1;2.147618E0
4.221533E1;2.298613E1;2.177961E0
4.224865E1;2.314227E1;2.204375E0
4.228197E1;2.332389E1;2.101315E0
4.231529E1;2.346266E1;2.203969E0
4.234861E1;2.352431E1;2.221390E0
4.238193E1;2.353283E1;2.227364E0
4.241525E1;2.353187E1;2.226517E0
4.244857E1;2.353082E1;2.225864E0
4.248189E1;2.353082E1;2.226318E0
4.251521E1;2.353036E1;2.226469E0
4.254852E1;2.353122E1;2.226227E0
4.258184E1;2.353090E1;2.226306E0
4.261516E1;2.353082E1;2.226941E0
4.264848E1;2.353102E1;2.224888E0
4.268180E1;2.353142E1;2.225412E0
4.271512E1;2.353097E1;2.225743E0
4.274844E1;2.353065E1;2.225811E0
4.278176E1;2.353074E1;2.226406E0
4.281508E1;2.352075E1;2.228862E0
4.284840E1;2.349701E1;2.236846E0
4.288172E1;2.342507E1;2.232500E0
4.291504E1;2.338671E1;2.231504E0
4.294835E1;2.341625E1;2.231187E0
4.298167E1;2.340350E1;2.226534E0
4.301499E1;2.341809E1;2.235127E0
4.304831E1;2.342696E1;2.232278E0
4.308163E1;2.342117E1;2.230275E0
4.311495E1;2.342394E1;2.232705E0
4.314827E1;2.342903E1;2.231061E0
4.318159E1;2.342735E1;2.226995E0
4.321491E1;2.347390E1;2.237316E0
4.324823E1;2.376614E1;2.389494E0
4.328155E1;2.390918E1;2.312089E0
4.331486E1;2.414217E1;2.252642E0
4.334818E1;2.428181E1;2.251868E0
4.338150E1;2.432841E1;2.302800E0
4.341482E1;2.425967E1;2.278805E0
4.344814E1;2.433661E1;2.275244E0
4.348146E1;2.428785E1;2.273077E0
4.351478E1;2.430178E1;2.273696E0
4.354810E1;2.430178E1;2.273696E0
4.358142E1;2.430178E1;2.273696E0
4.361474E1;2.430178E1;2.273696E0
4.364806E1;2.430178E1;2.273696E0
4.368138E1;2.430178E1;2.273696E0
4.371469E1;2.426695E1;2.272148E0
4.374801E1;2.426695E1;2.272148E0
4.378133E1;2.429481E1;2.273386E0
4.381465E1;2.430178E1;2.273696E0
4.384797E1;2.426664E1;2.279114E0
4.388129E1;2.404458E1;2.232007E0
4.391461E1;2.402371E1;2.257054E0
4.394793E1;2.403343E1;2.261348E0
4.398125E1;2.402621E1;2.264630E0
4.401457E1;2.404865E1;2.261344E0
4.404789E1;2.404616E1;2.261001E0
4.408120E1;2.404280E1;2.258733E0
4.411452E1;2.404022E1;2.259690E0
4.414784E1;2.403747E1;2.256880E0
4.418116E1;2.403476E1;2.253564E0
4.421448E1;2.414608E1;2.281161E0
4.424780E1;2.430444E1;2.247165E0
4.428112E1;2.445729E1;2.099337E0
4.431444E1;2.465057E1;2.230907E0
4.434776E1;2.471945E1;2.227507E0
4.438108E1;2.469898E1;2.240487E0
4.441440E1;2.471063E1;2.231363E0
4.444771E1;2.470305E1;2.229596E0
4.448103E1;2.470273E1;2.229770E0
4.451435E1;2.470413E1;2.229371E0
4.454767E1;2.470364E1;2.229740E0
4.458099E1;2.470339E1;2.230166E0
4.461431E1;2.470374E1;2.229759E0
4.464763E1;2.470340E1;2.230058E0
4.468095E1;2.470282E1;2.229527E0
4.471427E1;2.470384E1;2.230145E0
4.474759E1;2.470351E1;2.229794E0
4.478091E1;2.469995E1;2.231041E0
4.481423E1;2.466956E1;2.237471E0
4.484754E1;2.460027E1;2.237915E0
4.488086E1;2.456310E1;2.239365E0
4.491418E1;2.457934E1;2.229558E0
4.494750E1;2.458608E1;2.240923E0
4.498082E1;2.459006E1;2.225985E0
4.501414E1;2.460256E1;2.232563E0
4.504746E1;2.461034E1;2.230922E0
4.508078E1;2.460129E1;2.227837E0
4.511410E1;2.459713E1;2.231489E0
4.514742E1;2.459058E1;2.227272E0
4.518074E1;2.458773E1;2.225510E0
4.521405E1;2.463639E1;2.240248E0
4.524737E1;2.480126E1;2.252833E0
4.528069E1;2.499857E1;2.137186E0
4.531401E1;2.518318E1;2.152991E0
4.534733E1;2.532915E1;2.142011E0
4.538065E1;2.533372E1;2.169982E0
4.541397E1;2.532767E1;2.200664E0
4.544729E1;2.532096E1;2.202994E0
4.548061E1;2.531748E1;2.202695E0
4.551393E1;2.531842E1;2.203605E0
4.554725E1;2.531766E1;2.201967E0
4.558057E1;2.531764E1;2.202645E0
4.561388E1;2.531772E1;2.202630E0
4.564720E1;2.531760E1;2.202235E0
4.568052E1;2.531789E1;2.201871E0
4.571384E1;2.531724E1;2.202309E0
4.574716E1;2.531599E1;2.202801E0
4.578048E1;2.531541E1;2.202971E0
4.581380E1;2.529949E1;2.209801E0
4.584712E1;2.527275E1;2.216735E0
4.588044E1;2.523038E1;2.216452E0
4.591376E1;2.524994E1;2.208186E0
4.594708E1;2.525759E1;2.241332E0
4.598039E1;2.524742E1;2.263647E0
4.601371E1;2.526045E1;2.260194E0
4.604703E1;2.526780E1;2.258739E0
4.608035E1;2.526608E1;2.258767E0
4.611367E1;2.526543E1;2.259017E0
4.614699E1;2.526837E1;2.260314E0
4.618031E1;2.526172E1;2.259156E0
4.621363E1;2.535324E1;2.291420E0
4.624695E1;2.551367E1;2.336676E0
4.628027E1;2.564315E1;2.223766E0
4.631359E1;2.583473E1;2.260886E0
4.634691E1;2.593567E1;2.263827E0
4.638022E1;2.593814E1;2.302012E0
4.641354E1;2.594236E1;2.283623E0
4.644686E1;2.593035E1;2.285736E0
4.648018E1;2.592926E1;2.286113E0
4.651350E1;2.592919E1;2.285452E0
4.654682E1;2.592864E1;2.285002E0
4.658014E1;2.592987E1;2.285125E0
4.661346E1;2.592906E1;2.285252E0
4.664678E1;2.592857E1;2.284817E0
4.668010E1;2.592872E1;2.285199E0
4.671342E1;2.592837E1;2.285459E0
4.674673E1;2.592845E1;2.285420E0
4.678005E1;2.592868E1;2.285788E0
4.681337E1;2.591543E1;2.291962E0
4.684669E1;2.590339E1;2.313765E0
4.688001E1;2.588720E1;2.344075E0
4.691333E1;2.585494E1;2.350157E0
4.694665E1;2.587387E1;2.355588E0
4.697997E1;2.586912E1;2.340558E0
4.701329E1;2.587784E1;2.346568E0
4.704661E1;2.588784E1;2.345396E0
4.707993E1;2.589335E1;2.343478E0
4.711325E1;2.589125E1;2.345904E0
4.714656E1;2.588546E1;2.342506E0
4.717988E1;2.587664E1;2.337690E0
4.721320E1;2.596314E1;2.375172E0
4.724652E1;2.614253E1;2.421656E0
4.727984E1;2.627200E1;2.287118E0
4.731316E1;2.643324E1;2.320892E0
4.734648E1;2.653702E1;2.297339E0
4.737980E1;2.656782E1;2.329450E0
4.741312E1;2.663255E1;2.321502E0
4.744644E1;2.665260E1;2.317004E0
4.747976E1;2.665289E1;2.318149E0
4.751307E1;2.665165E1;2.319854E0
4.754639E1;2.665158E1;2.318383E0
4.757971E1;2.665228E1;2.317788E0
4.761303E1;2.665201E1;2.318077E0
4.764635E1;2.665176E1;2.318330E0
4.767967E1;2.665230E1;2.317914E0
4.771299E1;2.665179E1;2.318039E0
4.774631E1;2.665200E1;2.317900E0
4.777963E1;2.665123E1;2.318485E0
4.781295E1;2.663165E1;2.330482E0
4.784627E1;2.662379E1;2.352477E0
4.787959E1;2.662347E1;2.388586E0
4.791290E1;2.665458E1;2.396819E0
4.794622E1;2.664492E1;2.431206E0
4.797954E1;2.664947E1;2.431745E0
4.801286E1;2.666732E1;2.439783E0
4.804618E1;2.668386E1;2.446424E0
4.807950E1;2.673476E1;2.449023E0
4.811282E1;2.678012E1;2.441998E0
4.814614E1;2.676928E1;2.437034E0
4.817946E1;2.676117E1;2.437542E0
4.821278E1;2.688692E1;2.471618E0
4.824610E1;2.703569E1;2.498656E0
4.827941E1;2.712981E1;2.345687E0
4.831273E1;2.732619E1;2.407545E0
4.834605E1;2.743642E1;2.452714E0
4.837937E1;2.743141E1;2.490867E0
4.841269E1;2.743980E1;2.516500E0
4.844601E1;2.742840E1;2.520237E0
4.847933E1;2.742732E1;2.518529E0
4.851265E1;2.742694E1;2.517777E0
4.854597E1;2.742570E1;2.518457E0
4.857929E1;2.742622E1;2.518271E0
4.861261E1;2.742640E1;2.518384E0
4.864592E1;2.742632E1;2.517568E0
4.867924E1;2.742685E1;2.517648E0
4.871256E1;2.742653E1;2.518058E0
4.874588E1;2.742870E1;2.514769E0
4.877920E1;2.744282E1;2.463800E0
4.881252E1;2.741880E1;2.332764E0
4.884584E1;2.733719E1;2.129523E0
4.887916E1;2.720840E1;1.903573E0
4.891248E1;2.708897E1;1.690920E0
4.894580E1;2.696108E1;1.689230E0
4.897912E1;2.687736E1;1.830916E0
4.901244E1;2.687338E1;1.925185E0
4.904575E1;2.688285E1;1.890935E0
4.907907E1;2.689556E1;1.858526E0
4.911239E1;2.692944E1;1.909689E0
4.914571E1;2.697956E1;1.945417E0
4.917903E1;2.702596E1;1.931745E0
4.921235E1;2.710118E1;1.958732E0
4.924567E1;2.738125E1;2.065684E0
4.927899E1;2.763021E1;1.937722E0
4.931231E1;2.778654E1;1.975726E0
4.934563E1;2.796405E1;2.012646E0
4.937895E1;2.800314E1;2.076812E0
4.941226E1;2.801806E1;2.082738E0
4.944558E1;2.801388E1;2.097087E0
4.947890E1;2.800575E1;2.091627E0
4.951222E1;2.800705E1;2.091815E0
4.954554E1;2.800567E1;2.092540E0
4.957886E1;2.800649E1;2.091071E0
4.961218E1;2.800618E1;2.091758E0
4.964550E1;2.800635E1;2.091298E0
4.967882E1;2.800641E1;2.091574E0
4.971214E1;2.800699E1;2.091725E0
4.974546E1;2.800510E1;2.091992E0
4.977878E1;2.800527E1;2.092095E0
4.981209E1;2.798812E1;2.098381E0
4.984541E1;2.796737E1;2.108004E0
4.987873E1;2.790786E1;2.105397E0
4.991205E1;2.788467E1;2.100070E0
4.994537E1;2.788900E1;2.091328E0
4.997869E1;2.788001E1;2.095387E0
5.001201E1;2.788013E1;2.092702E0
5.004533E1;2.787672E1;2.101525E0
5.007865E1;2.788841E1;2.088172E0
5.011197E1;2.789250E1;2.082569E0
5.014529E1;2.789909E1;2.099098E0
5.017860E1;2.789876E1;2.089830E0
5.021192E1;2.799434E1;2.111675E0
5.024524E1;2.817209E1;2.114403E0
5.027856E1;2.827273E1;1.981128E0
5.031188E1;2.845932E1;2.075572E0
5.034520E1;2.854136E1;2.059284E0
5.037852E1;2.855042E1;2.080642E0
5.041184E1;2.857175E1;2.066530E0
5.044516E1;2.856269E1;2.069676E0
5.047848E1;2.856200E1;2.067843E0
5.051180E1;2.856198E1;2.066833E0
5.054512E1;2.856201E1;2.067098E0
5.057843E1;2.856256E1;2.066768E0
5.061175E1;2.856357E1;2.067708E0
5.064507E1;2.856182E1;2.066857E0
5.067839E1;2.856224E1;2.067588E0
5.071171E1;2.856206E1;2.067264E0
5.074503E1;2.856154E1;2.067165E0
5.077835E1;2.856198E1;2.067246E0
5.081167E1;2.854389E1;2.088100E0
5.084499E1;2.851274E1;2.130537E0
5.087831E1;2.844509E1;2.160378E0
5.091163E1;2.840342E1;2.175519E0
5.094494E1;2.836351E1;2.164475E0
5.097826E1;2.837445E1;2.175715E0
5.101158E1;2.838868E1;2.166221E0
5.104490E1;2.839478E1;2.168407E0
5.107822E1;2.839767E1;2.175054E0
5.111154E1;2.839862E1;2.167573E0
5.114486E1;2.839774E1;2.169406E0
5.117818E1;2.838794E1;2.168569E0
5.121150E1;2.842072E1;2.179491E0
5.124482E1;2.861436E1;2.211656E0
5.127814E1;2.850020E1;2.109599E0
5.131146E1;2.863419E1;2.092046E0
5.134477E1;2.881510E1;2.076579E0
5.137809E1;2.908311E1;2.150298E0
5.141141E1;2.906393E1;2.147226E0
5.144473E1;2.907117E1;2.146813E0
5.147805E1;2.906273E1;2.144533E0
5.151137E1;2.906317E1;2.143909E0
5.154469E1;2.906277E1;2.144410E0
5.157801E1;2.906396E1;2.144358E0
5.161133E1;2.906363E1;2.144610E0
5.164465E1;2.906272E1;2.143445E0
5.167797E1;2.906295E1;2.143243E0
5.171128E1;2.906263E1;2.143677E0
5.174460E1;2.906286E1;2.143588E0
5.177792E1;2.906276E1;2.143930E0
5.181124E1;2.904346E1;2.150373E0
5.184456E1;2.901558E1;2.162980E0
5.187788E1;2.893219E1;2.220353E0
5.191120E1;2.889324E1;2.251251E0
5.194452E1;2.886822E1;2.236380E0
5.197784E1;2.889344E1;2.244069E0
5.201116E1;2.888865E1;2.246910E0
5.204448E1;2.889855E1;2.246510E0
5.207779E1;2.889433E1;2.245693E0
5.211111E1;2.888655E1;2.244335E0
5.214443E1;2.889257E1;2.246956E0
5.217775E1;2.888942E1;2.246212E0
5.221107E1;2.897949E1;2.264767E0
5.224439E1;2.919468E1;2.293213E0
5.227771E1;2.933826E1;2.209376E0
5.231103E1;2.951642E1;2.265765E0
5.234435E1;2.960152E1;2.261432E0
5.237767E1;2.961266E1;2.295997E0
5.241099E1;2.963699E1;2.273376E0
5.244431E1;2.961992E1;2.276419E0
5.247762E1;2.961747E1;2.276222E0
5.251094E1;2.961699E1;2.276077E0
5.254426E1;2.961635E1;2.276538E0
5.257758E1;2.961723E1;2.276617E0
5.261090E1;2.961741E1;2.276480E0
5.264422E1;2.961666E1;2.276350E0
5.267754E1;2.961668E1;2.276796E0
5.271086E1;2.961606E1;2.276492E0
5.274418E1;2.961712E1;2.276352E0
5.277750E1;2.961606E1;2.276713E0
5.281082E1;2.959369E1;2.286054E0
5.284413E1;2.956329E1;2.294642E0
5.287745E1;2.949836E1;2.305042E0
5.291077E1;2.945957E1;2.330816E0
5.294409E1;2.943863E1;2.318958E0
5.297741E1;2.943960E1;2.330783E0
5.301073E1;2.943565E1;2.319839E0
5.304405E1;2.944222E1;2.326245E0
5.307737E1;2.944589E1;2.327002E0
5.311069E1;2.943908E1;2.321971E0
5.314401E1;2.944137E1;2.324379E0
5.317733E1;2.944441E1;2.326577E0
5.321065E1;2.954140E1;2.343816E0
5.324396E1;2.973982E1;2.339710E0
5.327728E1;2.981731E1;2.238200E0
5.331060E1;2.999401E1;2.306409E0
5.334392E1;3.002751E1;2.286627E0
5.337724E1;3.000559E1;2.302226E0
5.341056E1;3.000569E1;2.295598E0
5.344388E1;3.000639E1;2.296429E0
5.347720E1;3.000492E1;2.296305E0
5.351052E1;3.000542E1;2.295679E0
5.354384E1;3.000490E1;2.296120E0
5.357716E1;3.000495E1;2.294954E0
5.361047E1;3.000560E1;2.295696E0
5.364379E1;3.000544E1;2.296150E0
5.367711E1;3.000479E1;2.295438E0
5.371043E1;3.000497E1;2.296536E0
5.374375E1;3.000284E1;2.297060E0
5.377707E1;3.000459E1;2.296627E0
5.381039E1;2.999322E1;2.300306E0
5.384371E1;2.995254E1;2.314511E0
5.387703E1;2.986124E1;2.323452E0
5.391035E1;2.982085E1;2.362013E0
5.394367E1;2.978225E1;2.336881E0
5.397699E1;2.973094E1;2.340143E0
5.401030E1;2.967527E1;2.336155E0
5.404362E1;2.962969E1;2.328429E0
5.407694E1;2.960931E1;2.332653E0
5.411026E1;2.960688E1;2.332444E0
5.414358E1;2.960841E1;2.332253E0
5.417690E1;2.960904E1;2.332663E0
5.421022E1;2.966549E1;2.344292E0
5.424354E1;2.986147E1;2.351848E0
5.427686E1;3.007813E1;2.248914E0
5.431018E1;3.021236E1;2.304690E0
5.434350E1;3.030175E1;2.290568E0
5.437681E1;3.027325E1;2.319266E0
5.441013E1;3.028520E1;2.308959E0
5.444345E1;3.028553E1;2.308907E0
5.447677E1;3.028548E1;2.308722E0
5.451009E1;3.028483E1;2.308440E0
5.454341E1;3.028415E1;2.309915E0
5.457673E1;3.028417E1;2.309349E0
5.461005E1;3.028432E1;2.309208E0
5.464337E1;3.028415E1;2.308625E0
5.467669E1;3.028406E1;2.308577E0
5.471001E1;3.028396E1;2.309133E0
5.474333E1;3.028383E1;2.308737E0
5.477664E1;3.028387E1;2.308917E0
5.480996E1;3.026046E1;2.318840E0
5.484328E1;3.022371E1;2.324226E0
5.487660E1;3.013769E1;2.348593E0
5.490992E1;3.001988E1;2.350151E0
5.494324E1;2.989457E1;2.342185E0
5.497656E1;2.977547E1;2.340475E0
5.500988E1;2.970133E1;2.339616E0
5.504320E1;2.970869E1;2.338581E0
5.507652E1;2.971716E1;2.336750E0
5.510984E1;2.971972E1;2.338294E0
5.514315E1;2.972101E1;2.339473E0
5.517647E1;2.972001E1;2.336973E0
5.520979E1;2.982110E1;2.356075E0
5.524311E1;3.004919E1;2.350835E0
5.527643E1;3.020506E1;2.249651E0
5.530975E1;3.040381E1;2.323320E0
5.534307E1;3.040438E1;2.305996E0
5.537639E1;3.039649E1;2.317134E0
5.540971E1;3.039882E1;2.314446E0
5.544303E1;3.039455E1;2.314683E0
5.547635E1;3.039427E1;2.313069E0
5.550967E1;3.039574E1;2.314147E0
5.554298E1;3.039614E1;2.313330E0
5.557630E1;3.039585E1;2.314181E0
5.560962E1;3.039480E1;2.314109E0
5.564294E1;3.039498E1;2.314282E0
5.567626E1;3.039518E1;2.314474E0
5.570958E1;3.039656E1;2.313827E0
5.574290E1;3.039560E1;2.313792E0
5.577622E1;3.039423E1;2.314042E0
5.580954E1;3.038160E1;2.321739E0
5.584286E1;3.034431E1;2.330620E0
5.587618E1;3.025127E1;2.336731E0
5.590949E1;3.017974E1;2.367966E0
5.594281E1;3.005610E1;2.349147E0
5.597613E1;2.994227E1;2.343385E0
5.600945E1;2.984698E1;2.345620E0
5.604277E1;2.980042E1;2.338417E0
5.607609E1;2.977635E1;2.340807E0
5.610941E1;2.976637E1;2.334050E0
5.614273E1;2.976176E1;2.350611E0
5.617605E1;2.974208E1;2.340353E0
5.620937E1;2.976137E1;2.349019E0
5.624269E1;3.000206E1;2.370794E0
5.627600E1;3.018698E1;2.239418E0
5.630932E1;3.031002E1;2.291902E0
5.634264E1;3.059730E1;2.351685E0
5.637596E1;3.036876E1;2.380708E0
5.640928E1;3.040074E1;2.366457E0
5.644260E1;3.033783E1;2.371497E0
5.647592E1;3.033783E1;2.371497E0
5.650924E1;3.033783E1;2.371497E0
5.654256E1;3.040960E1;2.343343E0
5.657588E1;3.039535E1;2.311366E0
5.660920E1;3.039674E1;2.280085E0
5.664252E1;3.046207E1;2.301350E0
5.667583E1;3.045041E1;2.315975E0
5.670915E1;3.045110E1;2.316665E0
5.674247E1;3.045083E1;2.316369E0
5.677579E1;3.044984E1;2.316469E0
5.680911E1;3.041816E1;2.326380E0
5.684243E1;3.037621E1;2.344345E0
5.687575E1;3.030654E1;2.400259E0
5.690907E1;3.023395E1;2.411521E0
5.694239E1;3.013025E1;2.403332E0
5.697571E1;2.999605E1;2.402724E0
5.700903E1;2.991585E1;2.398839E0
5.704234E1;2.991766E1;2.400186E0
5.707566E1;2.992569E1;2.400173E0
5.710898E1;2.989164E1;2.397872E0
5.714230E1;2.984420E1;2.393792E0
5.717562E1;2.983193E1;2.399320E0
5.720894E1;2.984320E1;2.396133E0
5.724226E1;2.999018E1;2.444679E0
5.727558E1;3.009401E1;2.392004E0
5.730890E1;3.025354E1;2.328571E0
5.734222E1;3.043515E1;2.297463E0
5.737554E1;3.026102E1;2.336739E0
5.740886E1;3.038545E1;2.357942E0
5.744217E1;3.035382E1;2.364372E0
5.747549E1;3.033036E1;2.363329E0
5.750881E1;3.033036E1;2.363329E0
5.754213E1;3.033036E1;2.363329E0
5.757545E1;3.030690E1;2.362286E0
5.760877E1;3.030690E1;2.362286E0
5.764209E1;3.033853E1;2.355856E0
5.767541E1;3.033853E1;2.355856E0
5.770873E1;3.033853E1;2.355856E0
5.774205E1;3.032288E1;2.355161E0
5.777537E1;3.032288E1;2.355161E0
5.780868E1;3.032288E1;2.355161E0
5.784200E1;3.029670E1;2.436906E0
5.787532E1;3.019030E1;2.427520E0
5.790864E1;3.011340E1;2.416279E0
5.794196E1;3.000432E1;2.403308E0
5.797528E1;2.987674E1;2.394398E0
5.800860E1;2.979851E1;2.393062E0
5.804192E1;2.974715E1;2.395910E0
5.807524E1;2.976035E1;2.395199E0
5.810856E1;2.974140E1;2.391488E0
5.814188E1;2.967033E1;2.389373E0
5.817520E1;2.964562E1;2.391412E0
5.820851E1;2.973504E1;2.404226E0
5.824183E1;2.993958E1;2.443606E0
5.827515E1;3.017812E1;2.385240E0
5.830847E1;3.038565E1;2.425759E0
5.834179E1;3.046542E1;2.399466E0
5.837511E1;3.043406E1;2.464281E0
5.840843E1;3.045260E1;2.478189E0
5.844175E1;3.044219E1;2.476175E0
5.847507E1;3.044314E1;2.475892E0
5.850839E1;3.044321E1;2.476582E0
5.854171E1;3.044327E1;2.475729E0
5.857502E1;3.044364E1;2.475294E0
5.860834E1;3.044380E1;2.476201E0
5.864166E1;3.044260E1;2.475211E0
5.867498E1;3.044375E1;2.475630E0
5.870830E1;3.044374E1;2.475883E0
5.874162E1;3.044293E1;2.476123E0
5.877494E1;3.044258E1;2.476420E0
5.880826E1;3.041872E1;2.482776E0
5.884158E1;3.033293E1;2.505767E0
5.887490E1;3.016268E1;2.509953E0
5.890822E1;3.003440E1;2.505446E0
5.894154E1;2.993870E1;2.502461E0
5.897485E1;2.984203E1;2.493280E0
5.900817E1;2.974921E1;2.514107E0
5.904149E1;2.976328E1;2.494106E0
5.907481E1;2.976597E1;2.492990E0
5.910813E1;2.976646E1;2.499434E0
5.914145E1;2.976603E1;2.497729E0
5.917477E1;2.976624E1;2.498780E0
5.920809E1;2.979389E1;2.506919E0
5.924141E1;2.996870E1;2.547066E0
5.927473E1;3.022430E1;2.533450E0
5.930805E1;3.039826E1;2.501254E0
5.934136E1;3.056520E1;2.515106E0
5.937468E1;3.055186E1;2.526118E0
5.940800E1;3.055564E1;2.538608E0
5.944132E1;3.055329E1;2.535363E0
5.947464E1;3.055311E1;2.534646E0
5.950796E1;3.055316E1;2.534827E0
5.954128E1;3.055273E1;2.535328E0
5.957460E1;3.055339E1;2.534511E0
5.960792E1;3.055332E1;2.535158E0
5.964124E1;3.055296E1;2.535220E0
5.967456E1;3.055320E1;2.535147E0
5.970787E1;3.055396E1;2.534819E0
5.974119E1;3.055262E1;2.535233E0
5.977451E1;3.055363E1;2.535120E0
5.980783E1;3.054071E1;2.533831E0
5.984115E1;3.049705E1;2.536138E0
5.987447E1;3.042123E1;2.519517E0
5.990779E1;3.034739E1;2.515285E0
5.994111E1;3.025126E1;2.500476E0
5.997443E1;3.017602E1;2.496240E0
6.000775E1;3.009026E1;2.505878E0
6.004107E1;3.008208E1;2.503993E0
6.007439E1;3.010231E1;2.510419E0
6.010770E1;3.010134E1;2.509705E0
6.014102E1;3.010181E1;2.510371E0
6.017434E1;3.010124E1;2.510238E0
6.020766E1;3.018009E1;2.527693E0
6.024098E1;3.051436E1;2.549642E0
6.027430E1;3.095921E1;2.491592E0
6.030762E1;3.126764E1;2.488677E0
6.034094E1;3.133473E1;2.460560E0
6.037426E1;3.132759E1;2.482156E0
6.040758E1;3.134712E1;2.458873E0
6.044090E1;3.133776E1;2.457379E0
6.047421E1;3.133809E1;2.457505E0
6.050753E1;3.133764E1;2.457292E0
6.054085E1;3.133693E1;2.458485E0
6.057417E1;3.133765E1;2.457766E0
6.060749E1;3.133791E1;2.457984E0
6.064081E1;3.133753E1;2.457590E0
6.067413E1;3.133759E1;2.457625E0
6.070745E1;3.133717E1;2.458073E0
6.074077E1;3.133699E1;2.458045E0
6.077409E1;3.133744E1;2.457678E0
6.080741E1;3.132567E1;2.460250E0
6.084073E1;3.129206E1;2.460372E0
6.087404E1;3.124331E1;2.446261E0
6.090736E1;3.120430E1;2.440304E0
6.094068E1;3.121679E1;2.423768E0
6.097400E1;3.121209E1;2.375813E0
6.100732E1;3.122469E1;2.398862E0
6.104064E1;3.123103E1;2.392874E0
6.107396E1;3.122435E1;2.391660E0
6.110728E1;3.122205E1;2.396136E0
6.114060E1;3.122306E1;2.395400E0
6.117392E1;3.122274E1;2.395595E0
6.120724E1;3.126440E1;2.405058E0
6.124055E1;3.151597E1;2.441949E0
6.127387E1;3.176751E1;2.467206E0
6.130719E1;3.204980E1;2.459099E0
6.134051E1;3.222638E1;2.436607E0
6.137383E1;3.222637E1;2.446873E0
6.140715E1;3.223762E1;2.446088E0
6.144047E1;3.223183E1;2.442535E0
6.147379E1;3.223191E1;2.443211E0
6.150711E1;3.223250E1;2.442040E0
6.154043E1;3.223116E1;2.441737E0
6.157375E1;3.223129E1;2.442113E0
6.160707E1;3.223158E1;2.442483E0
6.164038E1;3.223136E1;2.441767E0
6.167370E1;3.223155E1;2.441728E0
6.170702E1;3.223171E1;2.442080E0
6.174034E1;3.223095E1;2.442032E0
6.177366E1;3.223064E1;2.442255E0
6.180698E1;3.220643E1;2.441595E0
6.184030E1;3.216296E1;2.436929E0
6.187362E1;3.215933E1;2.433559E0
6.190694E1;3.216538E1;2.433593E0
6.194026E1;3.215273E1;2.416690E0
6.197358E1;3.216497E1;2.418761E0
6.200689E1;3.217922E1;2.443319E0
6.204021E1;3.219220E1;2.435108E0
6.207353E1;3.218383E1;2.445793E0
6.210685E1;3.216761E1;2.432069E0
6.214017E1;3.216605E1;2.435600E0
6.217349E1;3.217155E1;2.435980E0
6.220681E1;3.217998E1;2.437710E0
6.224013E1;3.233897E1;2.476721E0
6.227345E1;3.254061E1;2.463936E0
6.230677E1;3.272252E1;2.379504E0
6.234009E1;3.297235E1;2.378491E0
6.237341E1;3.300848E1;2.364258E0
6.240672E1;3.300947E1;2.377745E0
6.244004E1;3.301556E1;2.370675E0
6.247336E1;3.301487E1;2.371202E0
6.250668E1;3.301586E1;2.372055E0
6.254000E1;3.301586E1;2.370760E0
6.257332E1;3.301485E1;2.371768E0
6.260664E1;3.301569E1;2.371290E0
6.263996E1;3.301494E1;2.371236E0
6.267328E1;3.301525E1;2.371186E0
6.270660E1;3.301586E1;2.371381E0
6.273992E1;3.301507E1;2.371778E0
6.277323E1;3.301435E1;2.371255E0
6.280655E1;3.300653E1;2.372784E0
6.283987E1;3.298563E1;2.379541E0
6.287319E1;3.295645E1;2.375692E0
6.290651E1;3.292059E1;2.373500E0
6.293983E1;3.289578E1;2.360270E0
6.297315E1;3.290243E1;2.365169E0
6.300647E1;3.290716E1;2.371487E0
6.303979E1;3.292592E1;2.368746E0
6.307311E1;3.292385E1;2.373014E0
6.310643E1;3.291093E1;2.368765E0
6.313975E1;3.290653E1;2.367415E0
6.317306E1;3.290185E1;2.367397E0
6.320638E1;3.294790E1;2.379501E0
6.323970E1;3.318856E1;2.432133E0
6.327302E1;3.335790E1;2.398574E0
6.330634E1;3.351386E1;2.355567E0
