;mass A;;
t;x;y;
0.000000E0;3.891590E0;2.645641E-2
3.331913E-2;3.802104E0;1.745111E-2
6.663826E-2;3.729525E0;8.723726E-3
9.995739E-2;3.673220E0;7.311684E-3
1.332765E-1;3.593096E0;2.795443E-3
1.665956E-1;3.545996E0;6.861193E-3
1.999148E-1;3.542968E0;-8.268685E-3
2.332339E-1;3.610297E0;1.212474E-4
2.665530E-1;3.690883E0;-2.828359E-2
2.998722E-1;4.008550E0;-1.312932E-1
3.331913E-1;4.344908E0;-5.107099E-3
3.665104E-1;4.492469E0;1.690621E-2
3.998295E-1;4.517295E0;3.510503E-2
4.331487E-1;4.525531E0;2.489001E-2
4.664678E-1;4.514311E0;3.034517E-2
4.997869E-1;4.508244E0;3.859052E-2
5.331061E-1;4.506672E0;4.203006E-2
5.664252E-1;4.507589E0;3.165932E-2
5.997443E-1;4.517527E0;3.244998E-2
6.330634E-1;4.514660E0;2.761564E-2
6.663826E-1;4.508421E0;3.127113E-2
6.997017E-1;4.508480E0;4.057589E-2
7.330208E-1;4.507004E0;3.608145E-2
7.663400E-1;4.509374E0;3.250519E-2
7.996591E-1;4.514107E0;3.412026E-2
8.329782E-1;4.471409E0;4.185093E-2
8.662973E-1;4.381292E0;5.296593E-2
8.996165E-1;4.341371E0;9.719472E-2
9.329356E-1;4.277378E0;8.233637E-2
9.662547E-1;4.218244E0;5.498418E-2
9.995739E-1;4.176523E0;5.226860E-2
1.032893E0;4.139976E0;7.179460E-2
1.066212E0;4.137602E0;6.539429E-2
1.099531E0;4.075368E0;4.897052E-2
1.132850E0;4.008692E0;4.922492E-2
1.166170E0;3.953904E0;5.117497E-2
1.199489E0;3.887014E0;4.174420E-2
1.232808E0;3.903802E0;3.480781E-2
1.266127E0;3.978367E0;2.291830E-2
1.299446E0;4.235946E0;-5.944749E-2
1.332765E0;4.670524E0;-3.451852E-3
1.366084E0;4.794943E0;1.128984E-3
1.399403E0;4.810280E0;-5.265893E-3
1.432723E0;4.809927E0;1.517019E-2
1.466042E0;4.786429E0;1.839090E-2
1.499361E0;4.793807E0;2.422975E-3
1.532680E0;4.803357E0;2.000634E-2
1.565999E0;4.795466E0;1.031108E-3
1.599318E0;4.797633E0;6.894059E-3
1.632637E0;4.795810E0;1.818146E-2
1.665956E0;4.792200E0;5.372028E-3
1.699276E0;4.793736E0;1.531314E-2
1.732595E0;4.802365E0;1.078178E-2
1.765914E0;4.796534E0;-1.530088E-4
1.799233E0;4.800562E0;1.679899E-2
1.832552E0;4.772676E0;2.186189E-2
1.865871E0;4.728560E0;2.555160E-2
1.899190E0;4.679722E0;4.052719E-2
1.932509E0;4.627417E0;6.113626E-2
1.965829E0;4.577736E0;3.869341E-2
1.999148E0;4.523672E0;4.537084E-2
2.032467E0;4.419509E0;4.668113E-2
2.065786E0;4.348996E0;3.674712E-2
2.099105E0;4.274750E0;3.083768E-2
2.132424E0;4.175436E0;1.097653E-2
2.165743E0;4.099890E0;2.095679E-2
2.199062E0;4.048761E0;5.284496E-2
2.232382E0;4.106512E0;5.403085E-2
2.265701E0;4.166727E0;3.842232E-2
2.299020E0;4.462091E0;-3.051624E-2
2.332339E0;4.787952E0;2.095258E-2
2.365658E0;4.925521E0;2.718504E-2
2.398977E0;4.915789E0;1.286934E-2
2.432296E0;4.916356E0;2.861865E-2
2.465616E0;4.907050E0;2.453344E-2
2.498935E0;4.907876E0;1.840499E-2
2.532254E0;4.907943E0;2.917147E-2
2.565573E0;4.911929E0;2.062641E-2
2.598892E0;4.906122E0;2.098198E-2
2.632211E0;4.909953E0;2.940919E-2
2.665530E0;4.905366E0;2.030578E-2
2.698849E0;4.905805E0;2.415274E-2
2.732169E0;4.917720E0;2.522193E-2
2.765488E0;4.901199E0;1.963344E-2
2.798807E0;4.907263E0;2.622557E-2
2.832126E0;4.879883E0;4.341357E-2
2.865445E0;4.818118E0;4.435587E-2
2.898764E0;4.774795E0;9.608789E-2
2.932083E0;4.706572E0;1.234366E-1
2.965402E0;4.646378E0;1.000586E-1
2.998722E0;4.595859E0;1.055315E-1
3.032041E0;4.531214E0;1.064675E-1
3.065360E0;4.505566E0;9.539457E-2
3.098679E0;4.443745E0;9.647520E-2
3.131998E0;4.362867E0;8.959602E-2
3.165317E0;4.281305E0;7.634492E-2
3.198636E0;4.249131E0;7.731256E-2
3.231955E0;4.246410E0;6.312528E-2
3.265275E0;4.299444E0;8.323493E-2
3.298594E0;4.495810E0;-2.246931E-2
3.331913E0;4.878909E0;2.495823E-2
3.365232E0;5.033744E0;5.762056E-2
3.398551E0;5.044154E0;3.230540E-2
3.431870E0;5.083403E0;5.039513E-2
3.465189E0;5.072238E0;5.211948E-2
3.498509E0;5.066508E0;4.291012E-2
3.531828E0;5.073161E0;5.094503E-2
3.565147E0;5.074258E0;4.403036E-2
3.598466E0;5.072232E0;4.274444E-2
3.631785E0;5.074258E0;4.814465E-2
3.665104E0;5.072533E0;4.695220E-2
3.698423E0;5.071528E0;4.687418E-2
3.731742E0;5.072663E0;4.730057E-2
3.765062E0;5.070528E0;4.517055E-2
3.798381E0;5.077450E0;4.462525E-2
3.831700E0;5.056559E0;5.719651E-2
3.865019E0;5.008417E0;7.298566E-2
3.898338E0;4.946381E0;1.308551E-1
3.931657E0;4.898335E0;1.665910E-1
3.964976E0;4.853879E0;1.909985E-1
3.998295E0;4.754279E0;1.704674E-1
4.031615E0;4.668526E0;1.733595E-1
4.064934E0;4.628807E0;1.648628E-1
4.098253E0;4.600087E0;1.729708E-1
4.131572E0;4.610685E0;1.622141E-1
4.164891E0;4.615254E0;1.689555E-1
4.198210E0;4.611869E0;1.656994E-1
4.231529E0;4.658742E0;1.697274E-1
4.264848E0;4.750261E0;1.563415E-1
4.298168E0;5.035415E0;5.606554E-2
4.331487E0;5.220341E0;1.471000E-1
4.364806E0;5.337798E0;1.952419E-1
4.398125E0;5.331760E0;1.862963E-1
4.431444E0;5.339217E0;1.826686E-1
4.464763E0;5.339713E0;1.892678E-1
4.498082E0;5.336184E0;1.866067E-1
4.531401E0;5.336935E0;1.843559E-1
4.564721E0;5.338166E0;1.839026E-1
4.598040E0;5.336570E0;1.832408E-1
4.631359E0;5.339312E0;1.845206E-1
4.664678E0;5.338274E0;1.816231E-1
4.697997E0;5.338171E0;1.823260E-1
4.731316E0;5.338924E0;1.835878E-1
4.764635E0;5.337031E0;1.843311E-1
4.797955E0;5.331116E0;1.889799E-1
4.831274E0;5.317481E0;2.077710E-1
4.864593E0;5.257793E0;2.134684E-1
4.897912E0;5.203152E0;2.588044E-1
4.931231E0;5.112286E0;2.811175E-1
4.964550E0;4.978277E0;2.739840E-1
4.997869E0;4.890900E0;2.670156E-1
5.031188E0;4.802527E0;2.468783E-1
5.064508E0;4.776959E0;2.421142E-1
5.097827E0;4.767262E0;2.411411E-1
5.131146E0;4.769159E0;2.362938E-1
5.164465E0;4.772030E0;2.439056E-1
5.197784E0;4.766818E0;2.425699E-1
5.231103E0;4.787460E0;2.441319E-1
5.264422E0;4.816318E0;2.316796E-1
5.297741E0;5.016035E0;1.447056E-1
5.331061E0;5.191519E0;2.064762E-1
5.364380E0;5.248471E0;2.442417E-1
5.397699E0;5.254006E0;2.474271E-1
5.431018E0;5.287935E0;2.379294E-1
5.464337E0;5.274372E0;2.397551E-1
5.497656E0;5.274325E0;2.378141E-1
5.530975E0;5.274737E0;2.380725E-1
5.564294E0;5.276505E0;2.384529E-1
5.597614E0;5.274568E0;2.369618E-1
5.630933E0;5.274746E0;2.381477E-1
5.664252E0;5.273430E0;2.358427E-1
5.697571E0;5.273923E0;2.379305E-1
5.730890E0;5.274440E0;2.390914E-1
5.764209E0;5.275055E0;2.369772E-1
5.797528E0;5.273923E0;2.384368E-1
5.830848E0;5.259730E0;2.516541E-1
5.864167E0;5.207191E0;2.649272E-1
5.897486E0;5.114638E0;3.143362E-1
5.930805E0;5.055749E0;3.472870E-1
5.964124E0;4.989069E0;3.207972E-1
5.997443E0;4.913766E0;3.323200E-1
6.030762E0;4.876805E0;3.202278E-1
6.064081E0;4.852132E0;3.048142E-1
6.097401E0;4.873238E0;3.108129E-1
6.130720E0;4.874477E0;3.115717E-1
6.164039E0;4.873217E0;3.113135E-1
6.197358E0;4.872964E0;3.101804E-1
6.230677E0;4.913330E0;3.141010E-1
6.263996E0;4.958150E0;2.894338E-1
6.297315E0;5.197718E0;2.204609E-1
6.330634E0;5.397461E0;3.294839E-1
6.363954E0;5.431998E0;2.964230E-1
6.397273E0;5.438799E0;3.154112E-1
6.430592E0;5.435467E0;3.101289E-1
6.463911E0;5.435252E0;3.094859E-1
6.497230E0;5.436537E0;3.092934E-1
6.530549E0;5.435709E0;3.101264E-1
6.563868E0;5.435771E0;3.080976E-1
6.597187E0;5.435802E0;3.102072E-1
6.630507E0;5.436464E0;3.091818E-1
6.663826E0;5.437681E0;3.068724E-1
6.697145E0;5.435815E0;3.092015E-1
6.730464E0;5.436002E0;3.090136E-1
6.763783E0;5.434465E0;3.112748E-1
6.797102E0;5.433339E0;3.127972E-1
6.830421E0;5.424409E0;3.201902E-1
6.863741E0;5.383251E0;3.246637E-1
6.897060E0;5.322057E0;3.320834E-1
6.930379E0;5.288930E0;3.661228E-1
6.963698E0;5.247295E0;3.673718E-1
6.997017E0;5.251427E0;3.640178E-1
7.030336E0;5.256868E0;3.532763E-1
7.063655E0;5.258295E0;3.538396E-1
7.096974E0;5.258110E0;3.569263E-1
7.130294E0;5.258729E0;3.539853E-1
7.163613E0;5.258644E0;3.557229E-1
7.196932E0;5.260409E0;3.533687E-1
7.230251E0;5.275452E0;3.542913E-1
7.263570E0;5.287793E0;3.512544E-1
7.296889E0;5.433179E0;2.711024E-1
7.330208E0;5.694874E0;3.177174E-1
7.363527E0;5.836429E0;3.464957E-1
7.396847E0;5.816226E0;3.645556E-1
7.430166E0;5.836360E0;3.554183E-1
7.463485E0;5.827028E0;3.553727E-1
7.496804E0;5.826244E0;3.563091E-1
7.530123E0;5.825558E0;3.562840E-1
7.563442E0;5.824961E0;3.533359E-1
7.596761E0;5.826825E0;3.543259E-1
7.630080E0;5.825709E0;3.556852E-1
7.663400E0;5.822143E0;3.521812E-1
7.696719E0;5.827206E0;3.561704E-1
7.730038E0;5.826199E0;3.539317E-1
7.763357E0;5.825282E0;3.540903E-1
7.796676E0;5.824583E0;3.541378E-1
7.829995E0;5.814138E0;3.644845E-1
7.863314E0;5.763534E0;3.793013E-1
7.896633E0;5.718095E0;4.262548E-1
7.929953E0;5.680296E0;4.543048E-1
7.963272E0;5.683036E0;4.615075E-1
7.996591E0;5.688906E0;4.546266E-1
8.029910E0;5.682747E0;4.533829E-1
8.063229E0;5.691987E0;4.552876E-1
8.096548E0;5.694235E0;4.529845E-1
8.129867E0;5.694555E0;4.521918E-1
8.163187E0;5.694741E0;4.522583E-1
8.196506E0;5.693178E0;4.521415E-1
8.229825E0;5.718155E0;4.581411E-1
8.263144E0;5.729332E0;4.501387E-1
8.296463E0;5.926392E0;3.744195E-1
8.329782E0;6.184016E0;4.225431E-1
8.363101E0;6.320037E0;4.473122E-1
8.396420E0;6.319109E0;4.687719E-1
8.429740E0;6.319071E0;4.599306E-1
8.463059E0;6.318135E0;4.613486E-1
8.496378E0;6.318637E0;4.615798E-1
8.529697E0;6.319927E0;4.625891E-1
8.563016E0;6.318867E0;4.585268E-1
8.596335E0;6.317941E0;4.607258E-1
8.629654E0;6.319885E0;4.621095E-1
8.662973E0;6.317292E0;4.577697E-1
8.696293E0;6.318139E0;4.629029E-1
8.729612E0;6.320073E0;4.599663E-1
8.762931E0;6.318658E0;4.609787E-1
8.796250E0;6.319798E0;4.675350E-1
8.829569E0;6.307859E0;4.617581E-1
8.862888E0;6.266878E0;4.864266E-1
8.896207E0;6.191959E0;5.295165E-1
8.929526E0;6.169814E0;5.634467E-1
8.962846E0;6.173187E0;5.658743E-1
8.996165E0;6.177331E0;5.622456E-1
9.029484E0;6.172641E0;5.594764E-1
9.062803E0;6.178239E0;5.616958E-1
9.096122E0;6.178971E0;5.597815E-1
9.129441E0;6.187594E0;5.562959E-1
9.162760E0;6.185564E0;5.577903E-1
9.196080E0;6.182793E0;5.579523E-1
9.229399E0;6.194509E0;5.607502E-1
9.262718E0;6.219098E0;5.521536E-1
9.296037E0;6.372195E0;4.538355E-1
9.329356E0;6.697617E0;5.206520E-1
9.362675E0;6.854958E0;4.982679E-1
9.395994E0;6.876188E0;5.382698E-1
9.429313E0;6.881804E0;5.230987E-1
9.462633E0;6.875428E0;5.178953E-1
9.495952E0;6.872578E0;5.195998E-1
9.529271E0;6.872745E0;5.203861E-1
9.562590E0;6.868777E0;5.204866E-1
9.595909E0;6.875335E0;5.223949E-1
9.629228E0;6.874642E0;5.197612E-1
9.662547E0;6.872187E0;5.133256E-1
9.695866E0;6.876402E0;5.256408E-1
9.729186E0;6.870992E0;5.199584E-1
9.762505E0;6.871874E0;5.189573E-1
9.795824E0;6.872906E0;5.206740E-1
9.829143E0;6.863133E0;5.254096E-1
9.862462E0;6.827727E0;5.441236E-1
9.895781E0;6.772243E0;5.766326E-1
9.929100E0;6.732679E0;5.699575E-1
9.962419E0;6.737419E0;5.784120E-1
9.995739E0;6.740047E0;5.702732E-1
1.002906E1;6.748956E0;5.655031E-1
1.006238E1;6.743236E0;5.671085E-1
1.009570E1;6.746255E0;5.690724E-1
1.012902E1;6.745991E0;5.681672E-1
1.016233E1;6.754124E0;5.677374E-1
1.019565E1;6.749434E0;5.648232E-1
1.022897E1;6.770663E0;5.700158E-1
1.026229E1;6.795536E0;5.639339E-1
1.029561E1;7.010071E0;4.744859E-1
1.032893E1;7.236401E0;5.416519E-1
1.036225E1;7.343624E0;5.772582E-1
1.039557E1;7.332772E0;5.814848E-1
1.042889E1;7.327071E0;5.684854E-1
1.046221E1;7.327527E0;5.717699E-1
1.049553E1;7.325010E0;5.729934E-1
1.052884E1;7.324354E0;5.710342E-1
1.056216E1;7.323300E0;5.686796E-1
1.059548E1;7.328322E0;5.691070E-1
1.062880E1;7.325955E0;5.698538E-1
1.066212E1;7.322714E0;5.683895E-1
1.069544E1;7.325194E0;5.788362E-1
1.072876E1;7.324400E0;5.706862E-1
1.076208E1;7.327309E0;5.681667E-1
1.079540E1;7.328416E0;5.688752E-1
1.082872E1;7.311865E0;5.773225E-1
1.086204E1;7.263287E0;6.004071E-1
1.089536E1;7.201304E0;6.419846E-1
1.092867E1;7.184514E0;6.676199E-1
1.096199E1;7.184611E0;6.766133E-1
1.099531E1;7.179370E0;6.734939E-1
1.102863E1;7.172705E0;6.760980E-1
1.106195E1;7.192444E0;6.756470E-1
1.109527E1;7.187508E0;6.693035E-1
1.112859E1;7.190096E0;6.718678E-1
1.116191E1;7.192112E0;6.731013E-1
1.119523E1;7.184208E0;6.698495E-1
1.122855E1;7.206013E0;6.774242E-1
1.126187E1;7.232708E0;6.611501E-1
1.129518E1;7.434303E0;5.670080E-1
1.132850E1;7.796680E0;6.274206E-1
1.136182E1;7.986161E0;6.432580E-1
1.139514E1;8.024749E0;6.466209E-1
1.142846E1;8.048946E0;6.498018E-1
1.146178E1;8.040867E0;6.445608E-1
1.149510E1;8.040926E0;6.465095E-1
1.152842E1;8.039968E0;6.469116E-1
1.156174E1;8.038758E0;6.474659E-1
1.159506E1;8.040402E0;6.457783E-1
1.162838E1;8.040262E0;6.464494E-1
1.166170E1;8.042524E0;6.461222E-1
1.169501E1;8.040177E0;6.483634E-1
1.172833E1;8.040636E0;6.450492E-1
1.176165E1;8.038193E0;6.456182E-1
1.179497E1;8.039354E0;6.481038E-1
1.182829E1;8.028883E0;6.530422E-1
1.186161E1;7.984512E0;6.798266E-1
1.189493E1;7.923697E0;7.133666E-1
1.192825E1;7.896604E0;7.051040E-1
1.196157E1;7.903351E0;6.993338E-1
1.199489E1;7.904593E0;6.979110E-1
1.202821E1;7.905597E0;6.956886E-1
1.206152E1;7.914013E0;6.940270E-1
1.209484E1;7.906295E0;6.969622E-1
1.212816E1;7.904794E0;6.998206E-1
1.216148E1;7.907479E0;7.005591E-1
1.219480E1;7.911914E0;6.953838E-1
1.222812E1;7.950918E0;7.016680E-1
1.226144E1;7.933491E0;6.786133E-1
1.229476E1;8.136281E0;6.070346E-1
1.232808E1;8.482686E0;6.512101E-1
1.236140E1;8.638507E0;6.417337E-1
1.239472E1;8.671081E0;6.763237E-1
1.242803E1;8.660877E0;6.601908E-1
1.246135E1;8.658730E0;6.629629E-1
1.249467E1;8.657974E0;6.620294E-1
1.252799E1;8.656629E0;6.617176E-1
1.256131E1;8.655208E0;6.584266E-1
1.259463E1;8.656040E0;6.625004E-1
1.262795E1;8.657792E0;6.631614E-1
1.266127E1;8.653534E0;6.575894E-1
1.269459E1;8.658438E0;6.636384E-1
1.272791E1;8.657907E0;6.615866E-1
1.276123E1;8.654925E0;6.593891E-1
1.279455E1;8.657833E0;6.624609E-1
1.282786E1;8.642421E0;6.703075E-1
1.286118E1;8.588602E0;6.892827E-1
1.289450E1;8.540774E0;7.368813E-1
1.292782E1;8.506575E0;7.705626E-1
1.296114E1;8.451193E0;7.694416E-1
1.299446E1;8.412660E0;7.574136E-1
1.302778E1;8.415728E0;7.478292E-1
1.306110E1;8.420410E0;7.531509E-1
1.309442E1;8.419766E0;7.543310E-1
1.312774E1;8.419528E0;7.499950E-1
1.316106E1;8.417359E0;7.588984E-1
1.319437E1;8.416925E0;7.512819E-1
1.322769E1;8.436853E0;7.533225E-1
1.326101E1;8.472031E0;7.454740E-1
1.329433E1;8.637043E0;6.591319E-1
1.332765E1;9.029891E0;6.735135E-1
1.336097E1;9.182745E0;7.243361E-1
1.339429E1;9.236134E0;7.205909E-1
1.342761E1;9.219708E0;7.292899E-1
1.346093E1;9.214504E0;7.155636E-1
1.349425E1;9.216405E0;7.222634E-1
1.352757E1;9.217415E0;7.236593E-1
1.356089E1;9.214032E0;7.176199E-1
1.359420E1;9.218445E0;7.213441E-1
1.362752E1;9.215820E0;7.210562E-1
1.366084E1;9.214195E0;7.161911E-1
1.369416E1;9.218413E0;7.261761E-1
1.372748E1;9.213864E0;7.162796E-1
1.376080E1;9.215893E0;7.200935E-1
1.379412E1;9.217985E0;7.239612E-1
1.382744E1;9.206736E0;7.277954E-1
1.386076E1;9.174353E0;7.538549E-1
1.389408E1;9.113461E0;7.863686E-1
1.392740E1;9.082367E0;7.841499E-1
1.396071E1;9.087681E0;7.760576E-1
1.399403E1;9.085915E0;7.779687E-1
1.402735E1;9.085759E0;7.793182E-1
1.406067E1;9.091167E0;7.720347E-1
1.409399E1;9.091493E0;7.725773E-1
1.412731E1;9.090986E0;7.760048E-1
1.416063E1;9.090777E0;7.727079E-1
1.419395E1;9.092367E0;7.712743E-1
1.422727E1;9.116486E0;7.733196E-1
1.426059E1;9.153341E0;7.594918E-1
1.429391E1;9.341940E0;7.025266E-1
1.432723E1;9.657036E0;7.687537E-1
1.436054E1;9.776443E0;7.930214E-1
1.439386E1;9.797784E0;7.929200E-1
1.442718E1;9.783788E0;7.829379E-1
1.446050E1;9.774952E0;7.828140E-1
1.449382E1;9.776271E0;7.824004E-1
1.452714E1;9.774845E0;7.816536E-1
1.456046E1;9.774964E0;7.827488E-1
1.459378E1;9.774762E0;7.845452E-1
1.462710E1;9.774532E0;7.856216E-1
1.466042E1;9.775064E0;7.761052E-1
1.469374E1;9.775224E0;7.864238E-1
1.472705E1;9.775562E0;7.822867E-1
1.476037E1;9.773914E0;7.824703E-1
1.479369E1;9.774823E0;7.880088E-1
1.482701E1;9.758383E0;7.877920E-1
1.486033E1;9.713491E0;8.167741E-1
1.489365E1;9.672307E0;8.582488E-1
1.492697E1;9.626541E0;8.866399E-1
1.496029E1;9.636681E0;8.974449E-1
1.499361E1;9.638320E0;8.866581E-1
1.502693E1;9.642173E0;8.866949E-1
1.506025E1;9.646814E0;8.836880E-1
1.509357E1;9.642523E0;8.846133E-1
1.512688E1;9.642920E0;8.894097E-1
1.516020E1;9.646478E0;8.863387E-1
1.519352E1;9.645220E0;8.830921E-1
1.522684E1;9.704688E0;8.845445E-1
1.526016E1;9.773456E0;8.704786E-1
1.529348E1;1.004615E1;8.059725E-1
1.532680E1;1.026946E1;8.690592E-1
1.536012E1;1.035179E1;9.033274E-1
1.539344E1;1.035356E1;9.022064E-1
1.542676E1;1.038308E1;8.989133E-1
1.546008E1;1.037343E1;9.016292E-1
1.549339E1;1.037530E1;9.022454E-1
1.552671E1;1.037620E1;9.057684E-1
1.556003E1;1.037236E1;8.995850E-1
1.559335E1;1.037428E1;9.020273E-1
1.562667E1;1.037560E1;9.012207E-1
1.565999E1;1.037434E1;8.990001E-1
1.569331E1;1.037625E1;9.049651E-1
1.572663E1;1.037583E1;9.009852E-1
1.575995E1;1.037278E1;8.996287E-1
1.579327E1;1.037838E1;9.038928E-1
1.582659E1;1.036343E1;9.003764E-1
1.585991E1;1.033337E1;9.312281E-1
1.589322E1;1.025960E1;9.681268E-1
1.592654E1;1.021845E1;1.008046E0
1.595986E1;1.018445E1;1.009925E0
1.599318E1;1.018184E1;1.001342E0
1.602650E1;1.018796E1;9.980404E-1
1.605982E1;1.019316E1;1.003728E0
1.609314E1;1.018523E1;9.944666E-1
1.612646E1;1.019175E1;1.001971E0
1.615978E1;1.019112E1;9.981678E-1
1.619310E1;1.019221E1;9.954945E-1
1.622642E1;1.021135E1;9.991989E-1
1.625973E1;1.026268E1;1.002687E0
1.629305E1;1.042764E1;9.487581E-1
1.632637E1;1.076836E1;9.738440E-1
1.635969E1;1.086785E1;1.008725E0
1.639301E1;1.090546E1;1.028151E0
1.642633E1;1.093632E1;1.017744E0
1.645965E1;1.092437E1;1.010816E0
1.649297E1;1.092636E1;1.015643E0
1.652629E1;1.092769E1;1.017157E0
1.655961E1;1.092431E1;1.014230E0
1.659293E1;1.092873E1;1.016984E0
1.662625E1;1.092632E1;1.015747E0
1.665956E1;1.092507E1;1.012343E0
1.669288E1;1.092796E1;1.021805E0
1.672620E1;1.092557E1;1.015072E0
1.675952E1;1.092549E1;1.013348E0
1.679284E1;1.093016E1;1.019256E0
1.682616E1;1.090874E1;1.018593E0
1.685948E1;1.088240E1;1.045319E0
1.689280E1;1.082373E1;1.081121E0
1.692612E1;1.078273E1;1.066905E0
1.695944E1;1.077275E1;1.087072E0
1.699276E1;1.073528E1;1.116190E0
1.702607E1;1.074267E1;1.111476E0
1.705939E1;1.073957E1;1.114182E0
1.709271E1;1.073708E1;1.109917E0
1.712603E1;1.073326E1;1.116210E0
1.715935E1;1.074175E1;1.110730E0
1.719267E1;1.073497E1;1.108898E0
1.722599E1;1.079149E1;1.110824E0
1.725931E1;1.085350E1;1.104451E0
1.729263E1;1.109269E1;1.037684E0
1.732595E1;1.141303E1;1.056205E0
1.735927E1;1.152839E1;1.051847E0
1.739259E1;1.154615E1;1.079409E0
1.742590E1;1.154420E1;1.076957E0
1.745922E1;1.153365E1;1.074448E0
1.749254E1;1.153748E1;1.077469E0
1.752586E1;1.153692E1;1.076882E0
1.755918E1;1.153574E1;1.071694E0
1.759250E1;1.153676E1;1.079341E0
1.762582E1;1.153582E1;1.076742E0
1.765914E1;1.153417E1;1.073264E0
1.769246E1;1.153923E1;1.075717E0
1.772578E1;1.153675E1;1.074084E0
1.775910E1;1.153489E1;1.075897E0
1.779241E1;1.153603E1;1.079927E0
1.782573E1;1.152722E1;1.075808E0
1.785905E1;1.150360E1;1.095949E0
1.789237E1;1.143316E1;1.094169E0
1.792569E1;1.138911E1;1.083793E0
1.795901E1;1.134158E1;1.096159E0
1.799233E1;1.128006E1;1.122362E0
1.802565E1;1.121960E1;1.109705E0
1.805897E1;1.117489E1;1.109020E0
1.809229E1;1.118938E1;1.106628E0
1.812561E1;1.120271E1;1.107049E0
1.815893E1;1.120943E1;1.106826E0
1.819224E1;1.120087E1;1.104591E0
1.822556E1;1.121304E1;1.106928E0
1.825888E1;1.126875E1;1.105901E0
1.829220E1;1.141494E1;1.031135E0
1.832552E1;1.175764E1;1.029718E0
1.835884E1;1.191012E1;1.053744E0
1.839216E1;1.194283E1;1.081567E0
1.842548E1;1.194588E1;1.075913E0
1.845880E1;1.193849E1;1.071097E0
1.849212E1;1.193436E1;1.069441E0
1.852544E1;1.193650E1;1.069746E0
1.855875E1;1.193548E1;1.070204E0
1.859207E1;1.193484E1;1.069247E0
1.862539E1;1.193595E1;1.069864E0
1.865871E1;1.193409E1;1.071183E0
1.869203E1;1.193627E1;1.068664E0
1.872535E1;1.193506E1;1.069722E0
1.875867E1;1.193573E1;1.070751E0
1.879199E1;1.193542E1;1.069764E0
1.882531E1;1.192116E1;1.080036E0
1.885863E1;1.188027E1;1.097109E0
1.889195E1;1.181658E1;1.144690E0
1.892527E1;1.177947E1;1.177242E0
1.895858E1;1.173558E1;1.172382E0
1.899190E1;1.172055E1;1.171482E0
1.902522E1;1.166270E1;1.157972E0
1.905854E1;1.163880E1;1.155189E0
1.909186E1;1.163983E1;1.157819E0
1.912518E1;1.163327E1;1.158144E0
1.915850E1;1.163743E1;1.163045E0
1.919182E1;1.164199E1;1.157015E0
1.922514E1;1.168791E1;1.157424E0
1.925846E1;1.176511E1;1.152552E0
1.929178E1;1.196262E1;1.063347E0
1.932509E1;1.227391E1;1.116835E0
1.935841E1;1.241918E1;1.113632E0
1.939173E1;1.245065E1;1.135841E0
1.942505E1;1.244841E1;1.127125E0
1.945837E1;1.243729E1;1.124039E0
1.949169E1;1.243711E1;1.124505E0
1.952501E1;1.243794E1;1.124743E0
1.955833E1;1.243693E1;1.117759E0
1.959165E1;1.243862E1;1.124573E0
1.962497E1;1.243863E1;1.124718E0
1.965829E1;1.243943E1;1.127250E0
1.969161E1;1.243851E1;1.123178E0
1.972492E1;1.243837E1;1.124570E0
1.975824E1;1.243835E1;1.124667E0
1.979156E1;1.243886E1;1.126766E0
1.982488E1;1.241864E1;1.132398E0
1.985820E1;1.238175E1;1.158368E0
1.989152E1;1.232072E1;1.191452E0
1.992484E1;1.227784E1;1.237300E0
1.995816E1;1.223753E1;1.225287E0
1.999148E1;1.222554E1;1.225503E0
2.002480E1;1.217055E1;1.214722E0
2.005812E1;1.214423E1;1.208232E0
2.009143E1;1.215047E1;1.213117E0
2.012475E1;1.214979E1;1.215386E0
2.015807E1;1.215029E1;1.213601E0
2.019139E1;1.214601E1;1.211554E0
2.022471E1;1.216146E1;1.212468E0
2.025803E1;1.223804E1;1.207261E0
2.029135E1;1.237793E1;1.161315E0
2.032467E1;1.275054E1;1.152108E0
2.035799E1;1.287479E1;1.178883E0
2.039131E1;1.296143E1;1.176984E0
2.042463E1;1.293670E1;1.189217E0
2.045794E1;1.293785E1;1.180147E0
2.049126E1;1.293785E1;1.180182E0
2.052458E1;1.293880E1;1.180741E0
2.055790E1;1.293606E1;1.174509E0
2.059122E1;1.293786E1;1.185304E0
2.062454E1;1.293736E1;1.178876E0
2.065786E1;1.293735E1;1.175242E0
2.069118E1;1.293860E1;1.180314E0
2.072450E1;1.293834E1;1.179435E0
2.075782E1;1.293665E1;1.178993E0
2.079114E1;1.294086E1;1.182907E0
2.082446E1;1.292471E1;1.176778E0
2.085777E1;1.288888E1;1.214657E0
2.089109E1;1.281852E1;1.252112E0
2.092441E1;1.279065E1;1.284708E0
2.095773E1;1.279908E1;1.284611E0
2.099105E1;1.279302E1;1.287513E0
2.102437E1;1.279501E1;1.277875E0
2.105769E1;1.280359E1;1.278765E0
2.109101E1;1.279237E1;1.286040E0
2.112433E1;1.280048E1;1.279073E0
2.115765E1;1.280211E1;1.280398E0
2.119097E1;1.280484E1;1.284836E0
2.122428E1;1.285425E1;1.278751E0
2.125760E1;1.293652E1;1.282524E0
2.129092E1;1.313732E1;1.189134E0
2.132424E1;1.344330E1;1.272883E0
2.135756E1;1.355492E1;1.316353E0
2.139088E1;1.352062E1;1.312731E0
2.142420E1;1.354986E1;1.299194E0
2.145752E1;1.354195E1;1.300804E0
2.149084E1;1.353855E1;1.301648E0
2.152416E1;1.354028E1;1.302215E0
2.155748E1;1.353866E1;1.299133E0
2.159080E1;1.354015E1;1.298579E0
2.162411E1;1.354192E1;1.301797E0
2.165743E1;1.353740E1;1.297075E0
2.169075E1;1.354112E1;1.303082E0
2.172407E1;1.354178E1;1.301278E0
2.175739E1;1.353925E1;1.297439E0
2.179071E1;1.354124E1;1.303821E0
2.182403E1;1.353241E1;1.302807E0
2.185735E1;1.350266E1;1.323282E0
2.189067E1;1.342984E1;1.367813E0
2.192399E1;1.339398E1;1.403345E0
2.195731E1;1.339270E1;1.411037E0
2.199062E1;1.340213E1;1.405482E0
2.202394E1;1.340019E1;1.397107E0
2.205726E1;1.341225E1;1.405845E0
2.209058E1;1.340706E1;1.399287E0
2.212390E1;1.341044E1;1.402837E0
2.215722E1;1.340950E1;1.406842E0
2.219054E1;1.340946E1;1.400065E0
2.222386E1;1.343949E1;1.405280E0
2.225718E1;1.349555E1;1.398555E0
2.229050E1;1.365840E1;1.319606E0
2.232382E1;1.400180E1;1.345710E0
2.235714E1;1.411989E1;1.350423E0
2.239045E1;1.415108E1;1.370273E0
2.242377E1;1.417007E1;1.376585E0
2.245709E1;1.415842E1;1.362276E0
2.249041E1;1.415762E1;1.366035E0
2.252373E1;1.415915E1;1.369526E0
2.255705E1;1.415461E1;1.364911E0
2.259037E1;1.415798E1;1.366770E0
2.262369E1;1.415846E1;1.366944E0
2.265701E1;1.415751E1;1.368033E0
2.269033E1;1.415838E1;1.365480E0
2.272365E1;1.415728E1;1.366282E0
2.275696E1;1.415827E1;1.366957E0
2.279028E1;1.415829E1;1.365485E0
2.282360E1;1.414409E1;1.377015E0
2.285692E1;1.411422E1;1.396587E0
2.289024E1;1.405645E1;1.434139E0
2.292356E1;1.400965E1;1.432519E0
2.295688E1;1.401673E1;1.473959E0
2.299020E1;1.402593E1;1.467641E0
2.302352E1;1.402878E1;1.468311E0
2.305684E1;1.403092E1;1.466843E0
2.309016E1;1.403035E1;1.469388E0
2.312348E1;1.403029E1;1.468717E0
2.315679E1;1.403048E1;1.469996E0
2.319011E1;1.403075E1;1.468733E0
2.322343E1;1.409287E1;1.468159E0
2.325675E1;1.418966E1;1.465317E0
2.329007E1;1.442318E1;1.417198E0
2.332339E1;1.470723E1;1.423546E0
2.335671E1;1.481037E1;1.431495E0
2.339003E1;1.481545E1;1.450190E0
2.342335E1;1.483165E1;1.440541E0
2.345667E1;1.481834E1;1.438613E0
2.348999E1;1.481892E1;1.438195E0
2.352330E1;1.482122E1;1.444751E0
2.355662E1;1.481679E1;1.433518E0
2.358994E1;1.481919E1;1.439585E0
2.362326E1;1.482186E1;1.441160E0
2.365658E1;1.481554E1;1.436014E0
2.368990E1;1.481917E1;1.441074E0
2.372322E1;1.482015E1;1.438694E0
2.375654E1;1.481621E1;1.434713E0
2.378986E1;1.482155E1;1.441340E0
2.382318E1;1.480806E1;1.438126E0
2.385650E1;1.477668E1;1.464928E0
2.388982E1;1.471130E1;1.509347E0
2.392313E1;1.466480E1;1.548277E0
2.395645E1;1.462198E1;1.542315E0
2.398977E1;1.462865E1;1.539285E0
2.402309E1;1.463510E1;1.532175E0
2.405641E1;1.464036E1;1.534115E0
2.408973E1;1.463891E1;1.535703E0
2.412305E1;1.464158E1;1.535171E0
2.415637E1;1.464379E1;1.540508E0
2.418969E1;1.464148E1;1.535096E0
2.422301E1;1.466282E1;1.540237E0
2.425633E1;1.473233E1;1.527503E0
2.428964E1;1.491887E1;1.458971E0
2.432296E1;1.524499E1;1.469562E0
2.435628E1;1.541253E1;1.489936E0
2.438960E1;1.546977E1;1.508420E0
2.442292E1;1.548940E1;1.506780E0
2.445624E1;1.548438E1;1.509859E0
2.448956E1;1.547851E1;1.503100E0
2.452288E1;1.548266E1;1.506237E0
2.455620E1;1.548122E1;1.507804E0
2.458952E1;1.548228E1;1.506595E0
2.462284E1;1.548268E1;1.506149E0
2.465616E1;1.548038E1;1.508711E0
2.468947E1;1.548375E1;1.505924E0
2.472279E1;1.548243E1;1.506938E0
2.475611E1;1.548308E1;1.507241E0
2.478943E1;1.548223E1;1.506518E0
2.482275E1;1.546935E1;1.514983E0
2.485607E1;1.543758E1;1.528447E0
2.488939E1;1.537892E1;1.575437E0
2.492271E1;1.533723E1;1.570181E0
2.495603E1;1.529244E1;1.561458E0
2.498935E1;1.530166E1;1.559927E0
2.502267E1;1.530115E1;1.550309E0
2.505598E1;1.531012E1;1.555091E0
2.508930E1;1.531025E1;1.554045E0
2.512262E1;1.530878E1;1.550887E0
2.515594E1;1.531340E1;1.554753E0
2.518926E1;1.530983E1;1.552729E0
2.522258E1;1.534617E1;1.549595E0
2.525590E1;1.544933E1;1.542688E0
2.528922E1;1.559848E1;1.467218E0
2.532254E1;1.583160E1;1.507774E0
2.535586E1;1.594262E1;1.483178E0
2.538918E1;1.592451E1;1.518333E0
2.542250E1;1.594061E1;1.502937E0
2.545581E1;1.593611E1;1.503426E0
2.548913E1;1.593703E1;1.503516E0
2.552245E1;1.593719E1;1.506234E0
2.555577E1;1.593654E1;1.504521E0
2.558909E1;1.593670E1;1.505058E0
2.562241E1;1.593623E1;1.502846E0
2.565573E1;1.593478E1;1.499561E0
2.568905E1;1.593760E1;1.504117E0
2.572237E1;1.593672E1;1.504036E0
2.575569E1;1.593711E1;1.502004E0
2.578901E1;1.593712E1;1.504048E0
2.582232E1;1.592978E1;1.505046E0
2.585564E1;1.589547E1;1.528048E0
2.588896E1;1.582534E1;1.573876E0
2.592228E1;1.577574E1;1.613543E0
2.595560E1;1.573072E1;1.611421E0
2.598892E1;1.573591E1;1.603885E0
2.602224E1;1.573883E1;1.601106E0
2.605556E1;1.574864E1;1.595504E0
2.608888E1;1.575040E1;1.601192E0
2.612220E1;1.574488E1;1.599449E0
2.615552E1;1.574906E1;1.602814E0
2.618884E1;1.574594E1;1.600516E0
2.622215E1;1.576781E1;1.604521E0
2.625547E1;1.584730E1;1.594122E0
2.628879E1;1.601524E1;1.524109E0
2.632211E1;1.631392E1;1.515904E0
2.635543E1;1.646010E1;1.550564E0
2.638875E1;1.645891E1;1.561811E0
2.642207E1;1.645175E1;1.566713E0
2.645539E1;1.644242E1;1.556632E0
2.648871E1;1.644107E1;1.557605E0
2.652203E1;1.644142E1;1.557532E0
2.655535E1;1.644091E1;1.557239E0
2.658866E1;1.644223E1;1.556660E0
2.662198E1;1.644222E1;1.557045E0
2.665530E1;1.644091E1;1.556832E0
2.668862E1;1.644140E1;1.555832E0
2.672194E1;1.644277E1;1.556864E0
2.675526E1;1.644260E1;1.556911E0
2.678858E1;1.644095E1;1.556846E0
2.682190E1;1.642517E1;1.567125E0
2.685522E1;1.637707E1;1.587759E0
2.688854E1;1.632401E1;1.626375E0
2.692186E1;1.627082E1;1.672328E0
2.695518E1;1.621407E1;1.666096E0
2.698849E1;1.614435E1;1.661623E0
2.702181E1;1.607269E1;1.684680E0
2.705513E1;1.604565E1;1.683279E0
2.708845E1;1.601054E1;1.680051E0
2.712177E1;1.597864E1;1.676962E0
2.715509E1;1.592657E1;1.676185E0
2.718841E1;1.587983E1;1.669736E0
2.722173E1;1.587057E1;1.665505E0
2.725505E1;1.604118E1;1.693153E0
2.728837E1;1.628110E1;1.606112E0
2.732169E1;1.659994E1;1.525775E0
2.735500E1;1.674061E1;1.583533E0
2.738832E1;1.675277E1;1.623081E0
2.742164E1;1.678040E1;1.648987E0
2.745496E1;1.676972E1;1.647591E0
2.748828E1;1.676855E1;1.646050E0
2.752160E1;1.677049E1;1.648366E0
2.755492E1;1.676913E1;1.647537E0
2.758824E1;1.677002E1;1.647054E0
2.762156E1;1.677010E1;1.647581E0
2.765488E1;1.676966E1;1.648501E0
2.768820E1;1.676983E1;1.647063E0
2.772152E1;1.677009E1;1.648503E0
2.775483E1;1.677005E1;1.647522E0
2.778815E1;1.676953E1;1.647002E0
2.782147E1;1.675971E1;1.652327E0
2.785479E1;1.672949E1;1.670468E0
2.788811E1;1.665696E1;1.713463E0
2.792143E1;1.660946E1;1.726733E0
2.795475E1;1.655126E1;1.750315E0
2.798807E1;1.648325E1;1.741691E0
2.802139E1;1.641747E1;1.735357E0
2.805471E1;1.637501E1;1.722290E0
2.808803E1;1.637285E1;1.722899E0
2.812134E1;1.637064E1;1.721436E0
2.815466E1;1.637867E1;1.722718E0
2.818798E1;1.636879E1;1.719154E0
2.822130E1;1.641197E1;1.723561E0
2.825462E1;1.653598E1;1.707267E0
2.828794E1;1.673242E1;1.619626E0
2.832126E1;1.697833E1;1.686559E0
2.835458E1;1.710695E1;1.676953E0
2.838790E1;1.709328E1;1.695873E0
2.842122E1;1.711189E1;1.683414E0
2.845454E1;1.710431E1;1.684140E0
2.848785E1;1.710451E1;1.685034E0
2.852117E1;1.710448E1;1.683135E0
2.855449E1;1.710408E1;1.683842E0
2.858781E1;1.710381E1;1.684331E0
2.862113E1;1.710447E1;1.684203E0
2.865445E1;1.710463E1;1.683320E0
2.868777E1;1.710404E1;1.684013E0
2.872109E1;1.710419E1;1.683152E0
2.875441E1;1.710270E1;1.683593E0
2.878773E1;1.710583E1;1.683766E0
2.882105E1;1.709999E1;1.685641E0
2.885437E1;1.707444E1;1.701327E0
2.888768E1;1.704810E1;1.715481E0
2.892100E1;1.698734E1;1.759470E0
2.895432E1;1.692922E1;1.796935E0
2.898764E1;1.686795E1;1.784800E0
2.902096E1;1.681421E1;1.774122E0
2.905428E1;1.677676E1;1.769548E0
2.908760E1;1.675270E1;1.766451E0
2.912092E1;1.676271E1;1.766188E0
2.915424E1;1.675891E1;1.763149E0
2.918756E1;1.675829E1;1.763390E0
2.922088E1;1.676536E1;1.764241E0
2.925419E1;1.687051E1;1.766780E0
2.928751E1;1.704187E1;1.689466E0
2.932083E1;1.729782E1;1.662531E0
2.935415E1;1.743195E1;1.689386E0
2.938747E1;1.749654E1;1.730491E0
2.942079E1;1.750396E1;1.729585E0
2.945411E1;1.749560E1;1.726660E0
2.948743E1;1.749373E1;1.727468E0
2.952075E1;1.749562E1;1.728956E0
2.955407E1;1.749454E1;1.726478E0
2.958739E1;1.749483E1;1.724961E0
2.962071E1;1.749477E1;1.726966E0
2.965402E1;1.749495E1;1.728026E0
2.968734E1;1.749415E1;1.726395E0
2.972066E1;1.749490E1;1.726881E0
2.975398E1;1.749461E1;1.727436E0
2.978730E1;1.749564E1;1.726029E0
2.982062E1;1.748288E1;1.736292E0
2.985394E1;1.745500E1;1.753375E0
2.988726E1;1.737582E1;1.799489E0
2.992058E1;1.731819E1;1.850749E0
2.995390E1;1.726628E1;1.883169E0
2.998722E1;1.719543E1;1.869727E0
3.002053E1;1.712530E1;1.865118E0
3.005385E1;1.711588E1;1.853303E0
3.008717E1;1.713906E1;1.859606E0
3.012049E1;1.713944E1;1.858136E0
3.015381E1;1.714330E1;1.854797E0
3.018713E1;1.714052E1;1.858056E0
3.022045E1;1.717207E1;1.858644E0
3.025377E1;1.731392E1;1.842493E0
3.028709E1;1.748401E1;1.709545E0
3.032041E1;1.773573E1;1.764589E0
3.035373E1;1.783814E1;1.751195E0
3.038705E1;1.780963E1;1.775340E0
3.042036E1;1.783335E1;1.762157E0
3.045368E1;1.782601E1;1.762984E0
3.048700E1;1.782644E1;1.762849E0
3.052032E1;1.782666E1;1.762706E0
3.055364E1;1.782613E1;1.763279E0
3.058696E1;1.782610E1;1.763823E0
3.062028E1;1.782650E1;1.762190E0
3.065360E1;1.782651E1;1.762144E0
3.068692E1;1.782678E1;1.762450E0
3.072024E1;1.782648E1;1.762734E0
3.075356E1;1.782631E1;1.762646E0
3.078687E1;1.782692E1;1.763001E0
3.082019E1;1.781937E1;1.766065E0
3.085351E1;1.779183E1;1.789448E0
3.088683E1;1.771149E1;1.838364E0
3.092015E1;1.764990E1;1.880876E0
3.095347E1;1.758326E1;1.920119E0
3.098679E1;1.749545E1;1.905461E0
3.102011E1;1.736860E1;1.902371E0
3.105343E1;1.729734E1;1.884228E0
3.108675E1;1.730618E1;1.881342E0
3.112007E1;1.730924E1;1.879020E0
3.115339E1;1.731262E1;1.878751E0
3.118670E1;1.731028E1;1.879200E0
3.122002E1;1.731182E1;1.879959E0
3.125334E1;1.742233E1;1.878497E0
3.128666E1;1.759046E1;1.792001E0
3.131998E1;1.782605E1;1.761087E0
3.135330E1;1.801002E1;1.803978E0
3.138662E1;1.804294E1;1.788366E0
3.141994E1;1.805875E1;1.790090E0
3.145326E1;1.805097E1;1.789502E0
3.148658E1;1.804943E1;1.788408E0
3.151990E1;1.805069E1;1.788237E0
3.155321E1;1.805030E1;1.788292E0
3.158653E1;1.805008E1;1.787720E0
3.161985E1;1.805130E1;1.788816E0
3.165317E1;1.804842E1;1.785951E0
3.168649E1;1.805046E1;1.787177E0
3.171981E1;1.805003E1;1.788193E0
3.175313E1;1.805003E1;1.788223E0
3.178645E1;1.805016E1;1.788018E0
3.181977E1;1.804064E1;1.795075E0
3.185309E1;1.799668E1;1.820346E0
3.188641E1;1.792829E1;1.875493E0
3.191973E1;1.785975E1;1.905225E0
3.195304E1;1.779055E1;1.951977E0
3.198636E1;1.772336E1;1.977625E0
3.201968E1;1.765058E1;1.979055E0
3.205300E1;1.757493E1;1.961217E0
3.208632E1;1.757066E1;1.958191E0
3.211964E1;1.757496E1;1.957429E0
3.215296E1;1.758220E1;1.959812E0
3.218628E1;1.757857E1;1.958552E0
3.221960E1;1.761387E1;1.958495E0
3.225292E1;1.781962E1;1.962359E0
3.228624E1;1.803356E1;1.800683E0
3.231955E1;1.825929E1;1.834555E0
3.235287E1;1.834898E1;1.867372E0
3.238619E1;1.835141E1;1.882270E0
3.241951E1;1.837032E1;1.873959E0
3.245283E1;1.836948E1;1.872843E0
3.248615E1;1.836891E1;1.873914E0
3.251947E1;1.836847E1;1.873084E0
3.255279E1;1.836734E1;1.873282E0
3.258611E1;1.836764E1;1.873047E0
3.261943E1;1.836782E1;1.872888E0
3.265275E1;1.836661E1;1.870252E0
3.268607E1;1.836882E1;1.872915E0
3.271938E1;1.836836E1;1.876709E0
3.275270E1;1.836660E1;1.872841E0
3.278602E1;1.837077E1;1.874339E0
3.281934E1;1.836295E1;1.875292E0
3.285266E1;1.833998E1;1.895302E0
3.288598E1;1.824503E1;1.899800E0
3.291930E1;1.817932E1;1.941021E0
3.295262E1;1.810439E1;1.990473E0
3.298594E1;1.797607E1;2.010076E0
3.301926E1;1.785850E1;2.005170E0
3.305258E1;1.778542E1;1.991544E0
3.308589E1;1.777628E1;1.989012E0
3.311921E1;1.776501E1;1.983694E0
3.315253E1;1.774168E1;1.980761E0
3.318585E1;1.773072E1;1.984332E0
3.321917E1;1.773963E1;1.983880E0
3.325249E1;1.785822E1;1.985494E0
3.328581E1;1.800417E1;1.888185E0
3.331913E1;1.828105E1;1.810966E0
3.335245E1;1.843207E1;1.873687E0
3.338577E1;1.849974E1;1.890541E0
3.341909E1;1.848531E1;1.891262E0
3.345241E1;1.848486E1;1.890033E0
3.348572E1;1.848620E1;1.887889E0
3.351904E1;1.848727E1;1.891385E0
3.355236E1;1.848547E1;1.890242E0
3.358568E1;1.848401E1;1.897518E0
3.361900E1;1.842522E1;1.955116E0
3.365232E1;1.843931E1;1.927831E0
3.368564E1;1.847678E1;1.874242E0
3.371896E1;1.847795E1;1.912627E0
3.375228E1;1.859939E1;1.792039E0
3.378560E1;1.850220E1;1.811453E0
3.381892E1;1.849275E1;1.947341E0
3.385223E1;1.846275E1;1.918827E0
3.388555E1;1.834244E1;2.000058E0
3.391887E1;1.841756E1;1.996688E0
3.395219E1;1.831154E1;1.958826E0
3.398551E1;1.820655E1;2.043571E0
3.401883E1;1.818415E1;2.039111E0
3.405215E1;1.800916E1;2.030189E0
3.408547E1;1.805748E1;2.033220E0
3.411879E1;1.803505E1;2.005100E0
3.415211E1;1.792464E1;2.001107E0
3.418543E1;1.797912E1;2.019860E0
3.421875E1;1.791983E1;2.032484E0
3.425206E1;1.809747E1;2.076137E0
3.428538E1;1.835261E1;1.923078E0
3.431870E1;1.858042E1;1.919168E0
3.435202E1;1.884229E1;1.908361E0
3.438534E1;1.881448E1;1.971201E0
3.441866E1;1.879509E1;1.977371E0
3.445198E1;1.885618E1;1.979743E0
3.448530E1;1.880503E1;2.016249E0
3.451862E1;1.887632E1;1.979358E0
3.455194E1;1.883954E1;1.981832E0
3.458526E1;1.881524E1;1.988048E0
3.461857E1;1.882690E1;1.969846E0
3.465189E1;1.877151E1;2.011968E0
3.468521E1;1.881431E1;2.003476E0
3.471853E1;1.880407E1;1.965016E0
3.475185E1;1.881539E1;1.988181E0
3.478517E1;1.884658E1;1.968569E0
3.481849E1;1.879729E1;1.997778E0
3.485181E1;1.882174E1;2.003727E0
3.488513E1;1.874752E1;1.993611E0
3.491845E1;1.867219E1;2.011283E0
3.495177E1;1.872300E1;2.043286E0
3.498509E1;1.862564E1;2.048550E0
3.501840E1;1.862097E1;2.068409E0
3.505172E1;1.858662E1;2.092606E0
3.508504E1;1.848158E1;2.091204E0
3.511836E1;1.844711E1;2.112162E0
3.515168E1;1.839883E1;2.152901E0
3.518500E1;1.838390E1;2.137669E0
3.521832E1;1.840656E1;2.166767E0
3.525164E1;1.855010E1;2.179048E0
3.528496E1;1.876417E1;2.027293E0
3.531828E1;1.898637E1;1.934747E0
3.535160E1;1.914851E1;2.020648E0
3.538491E1;1.916215E1;2.026512E0
3.541823E1;1.914407E1;2.032193E0
3.545155E1;1.916775E1;2.000064E0
3.548487E1;1.911366E1;2.024385E0
3.551819E1;1.914370E1;2.008966E0
3.555151E1;1.912086E1;2.011359E0
3.558483E1;1.914588E1;2.027366E0
3.561815E1;1.916360E1;2.010803E0
3.565147E1;1.911901E1;2.016151E0
3.568479E1;1.917427E1;2.014797E0
3.571811E1;1.918875E1;2.021151E0
3.575143E1;1.918746E1;2.019859E0
3.578474E1;1.922151E1;2.024827E0
3.581806E1;1.915418E1;2.028934E0
3.585138E1;1.913425E1;2.029396E0
3.588470E1;1.908038E1;2.060764E0
3.591802E1;1.904996E1;2.080567E0
3.595134E1;1.902265E1;2.075316E0
3.598466E1;1.893851E1;2.110113E0
3.601798E1;1.887940E1;2.108840E0
3.605130E1;1.874948E1;2.131421E0
3.608462E1;1.865454E1;2.149565E0
3.611794E1;1.858968E1;2.153696E0
3.615125E1;1.851338E1;2.199864E0
3.618457E1;1.851730E1;2.217867E0
3.621789E1;1.852500E1;2.229258E0
3.625121E1;1.866832E1;2.218811E0
3.628453E1;1.887183E1;2.102125E0
3.631785E1;1.910885E1;2.041004E0
3.635117E1;1.925396E1;2.066006E0
3.638449E1;1.928243E1;2.075727E0
3.641781E1;1.934883E1;2.080935E0
3.645113E1;1.936102E1;2.082753E0
3.648445E1;1.935798E1;2.085808E0
3.651777E1;1.938877E1;2.087588E0
3.655108E1;1.933989E1;2.084310E0
3.658440E1;1.938261E1;2.083767E0
3.661772E1;1.936110E1;2.091524E0
3.665104E1;1.936133E1;2.082730E0
3.668436E1;1.937756E1;2.084974E0
3.671768E1;1.935286E1;2.093159E0
3.675100E1;1.937677E1;2.077222E0
3.678432E1;1.936503E1;2.094252E0
3.681764E1;1.935527E1;2.089324E0
3.685096E1;1.935317E1;2.095653E0
3.688428E1;1.929643E1;2.122224E0
3.691759E1;1.928851E1;2.141199E0
3.695091E1;1.923778E1;2.155862E0
3.698423E1;1.920249E1;2.143041E0
3.701755E1;1.914471E1;2.126850E0
3.705087E1;1.909293E1;2.131518E0
3.708419E1;1.908689E1;2.124719E0
3.711751E1;1.905335E1;2.118021E0
3.715083E1;1.905439E1;2.125978E0
3.718415E1;1.903331E1;2.122832E0
3.721747E1;1.902469E1;2.122038E0
3.725079E1;1.918584E1;2.125667E0
3.728410E1;1.936927E1;2.022477E0
3.731742E1;1.965218E1;1.968790E0
3.735074E1;1.977640E1;1.984654E0
3.738406E1;1.979785E1;1.992886E0
3.741738E1;1.984024E1;1.979620E0
3.745070E1;1.981141E1;1.982003E0
3.748402E1;1.982876E1;1.977806E0
3.751734E1;1.981979E1;1.985538E0
3.755066E1;1.982188E1;1.978467E0
3.758398E1;1.982826E1;1.977451E0
3.761730E1;1.981568E1;1.986434E0
3.765062E1;1.983443E1;1.973260E0
3.768393E1;1.981172E1;1.980580E0
3.771725E1;1.983162E1;1.983448E0
3.775057E1;1.982232E1;1.975156E0
3.778389E1;1.981545E1;1.987928E0
3.781721E1;1.983229E1;1.982044E0
3.785053E1;1.975750E1;1.997260E0
3.788385E1;1.972078E1;2.063409E0
3.791717E1;1.966836E1;2.089367E0
3.795049E1;1.960124E1;2.086758E0
3.798381E1;1.957239E1;2.070955E0
3.801713E1;1.957319E1;2.065834E0
3.805044E1;1.959177E1;2.068641E0
3.808376E1;1.958956E1;2.070535E0
3.811708E1;1.958910E1;2.071151E0
3.815040E1;1.959248E1;2.065923E0
3.818372E1;1.958597E1;2.069437E0
3.821704E1;1.959470E1;2.070320E0
3.825036E1;1.965937E1;2.070621E0
3.828368E1;1.978067E1;2.028849E0
3.831700E1;1.996466E1;1.937770E0
3.835032E1;2.006885E1;1.964419E0
3.838364E1;2.016066E1;1.948408E0
3.841696E1;2.015168E1;1.969662E0
3.845027E1;2.017077E1;1.963346E0
3.848359E1;2.016611E1;1.960485E0
3.851691E1;2.016602E1;1.961513E0
3.855023E1;2.016812E1;1.961912E0
3.858355E1;2.016092E1;1.961315E0
3.861687E1;2.017567E1;1.961714E0
3.865019E1;2.016452E1;1.957320E0
3.868351E1;2.016322E1;1.961275E0
3.871683E1;2.017450E1;1.962644E0
3.875015E1;2.015562E1;1.960403E0
3.878347E1;2.017674E1;1.962788E0
3.881678E1;2.016058E1;1.967969E0
3.885010E1;2.015885E1;1.994637E0
3.888342E1;2.010203E1;2.016014E0
3.891674E1;2.006100E1;2.057361E0
3.895006E1;2.002894E1;2.066116E0
3.898338E1;2.003048E1;2.071210E0
3.901670E1;2.003345E1;2.063414E0
3.905002E1;2.003810E1;2.059277E0
3.908334E1;2.004132E1;2.066725E0
3.911666E1;2.004414E1;2.061600E0
3.914998E1;2.004072E1;2.062906E0
3.918330E1;2.004216E1;2.065025E0
3.921661E1;2.005285E1;2.065021E0
3.924993E1;2.015159E1;2.039358E0
3.928325E1;2.032279E1;1.964698E0
3.931657E1;2.053643E1;1.991184E0
3.934989E1;2.071021E1;2.010485E0
3.938321E1;2.074049E1;2.002775E0
3.941653E1;2.072576E1;2.013529E0
3.944985E1;2.072365E1;2.012821E0
3.948317E1;2.071869E1;2.014684E0
3.951649E1;2.072573E1;2.012081E0
3.954981E1;2.071844E1;2.011367E0
3.958312E1;2.071887E1;2.015265E0
3.961644E1;2.072258E1;2.012236E0
3.964976E1;2.071906E1;2.014948E0
3.968308E1;2.072327E1;2.012578E0
3.971640E1;2.072055E1;2.011537E0
3.974972E1;2.072123E1;2.013673E0
3.978304E1;2.072177E1;2.013451E0
3.981636E1;2.071011E1;2.018960E0
3.984968E1;2.070956E1;2.032613E0
3.988300E1;2.065973E1;2.037180E0
3.991632E1;2.062898E1;2.084354E0
3.994964E1;2.056513E1;2.080056E0
3.998295E1;2.051218E1;2.069993E0
4.001627E1;2.048698E1;2.058260E0
4.004959E1;2.049642E1;2.059339E0
4.008291E1;2.049654E1;2.053641E0
4.011623E1;2.049511E1;2.055186E0
4.014955E1;2.049555E1;2.055754E0
4.018287E1;2.049668E1;2.054150E0
4.021619E1;2.050331E1;2.056103E0
4.024951E1;2.061492E1;2.041326E0
4.028283E1;2.077243E1;1.937174E0
4.031615E1;2.100098E1;1.955957E0
4.034946E1;2.118122E1;1.962980E0
4.038278E1;2.118967E1;1.949299E0
4.041610E1;2.118806E1;1.954540E0
4.044942E1;2.117836E1;1.954703E0
4.048274E1;2.118099E1;1.954920E0
4.051606E1;2.118306E1;1.953358E0
4.054938E1;2.118070E1;1.954928E0
4.058270E1;2.118151E1;1.954646E0
4.061602E1;2.118094E1;1.954250E0
4.064934E1;2.118298E1;1.956045E0
4.068266E1;2.118064E1;1.953333E0
4.071598E1;2.118097E1;1.954508E0
4.074929E1;2.118162E1;1.954518E0
4.078261E1;2.117857E1;1.954600E0
4.081593E1;2.117708E1;1.959897E0
4.084925E1;2.115104E1;1.981659E0
4.088257E1;2.114078E1;2.020287E0
4.091589E1;2.109462E1;2.017650E0
4.094921E1;2.109306E1;2.018802E0
4.098253E1;2.110453E1;2.014119E0
4.101585E1;2.110629E1;2.010787E0
4.104917E1;2.111126E1;2.008071E0
4.108249E1;2.111000E1;2.008993E0
4.111580E1;2.111130E1;2.009619E0
4.114912E1;2.111268E1;2.008795E0
4.118244E1;2.111098E1;2.009204E0
4.121576E1;2.112333E1;2.011493E0
4.124908E1;2.122508E1;1.993654E0
4.128240E1;2.137160E1;1.923673E0
4.131572E1;2.154085E1;1.924927E0
4.134904E1;2.165645E1;1.926337E0
4.138236E1;2.163482E1;1.941443E0
4.141568E1;2.164213E1;1.942092E0
4.144900E1;2.163446E1;1.943931E0
4.148232E1;2.163491E1;1.943349E0
4.151563E1;2.163350E1;1.943524E0
4.154895E1;2.163529E1;1.943377E0
4.158227E1;2.163320E1;1.943069E0
4.161559E1;2.163545E1;1.942387E0
4.164891E1;2.163470E1;1.941555E0
4.168223E1;2.163344E1;1.943762E0
4.171555E1;2.163544E1;1.942455E0
4.174887E1;2.163368E1;1.943362E0
4.178219E1;2.163476E1;1.942945E0
4.181551E1;2.162927E1;1.943033E0
4.184883E1;2.161775E1;1.964910E0
4.188214E1;2.158909E1;1.965502E0
4.191546E1;2.155031E1;1.964134E0
4.194878E1;2.154132E1;2.007376E0
4.198210E1;2.155600E1;2.007312E0
4.201542E1;2.156335E1;2.002022E0
4.204874E1;2.156539E1;2.002202E0
4.208206E1;2.156648E1;1.999972E0
4.211538E1;2.156715E1;1.999746E0
4.214870E1;2.156645E1;2.000473E0
4.218202E1;2.156720E1;2.001010E0
4.221534E1;2.156795E1;1.998217E0
4.224866E1;2.166202E1;1.988066E0
4.228197E1;2.181507E1;1.917696E0
4.231529E1;2.196250E1;1.868070E0
4.234861E1;2.213621E1;1.901811E0
4.238193E1;2.218146E1;1.891859E0
4.241525E1;2.219679E1;1.897914E0
4.244857E1;2.219518E1;1.895527E0
4.248189E1;2.219071E1;1.895768E0
4.251521E1;2.219434E1;1.896416E0
4.254853E1;2.219473E1;1.895859E0
4.258185E1;2.219365E1;1.896120E0
4.261517E1;2.219412E1;1.895723E0
4.264848E1;2.219350E1;1.895703E0
4.268180E1;2.219427E1;1.896126E0
4.271512E1;2.219409E1;1.896577E0
4.274844E1;2.219475E1;1.896084E0
4.278176E1;2.219360E1;1.895547E0
4.281508E1;2.218759E1;1.901127E0
4.284840E1;2.217653E1;1.913895E0
4.288172E1;2.215348E1;1.915390E0
4.291504E1;2.209721E1;1.922350E0
4.294836E1;2.206469E1;1.957213E0
4.298168E1;2.206826E1;1.950623E0
4.301500E1;2.207050E1;1.946593E0
4.304831E1;2.206924E1;1.947988E0
4.308163E1;2.207398E1;1.949879E0
4.311495E1;2.207274E1;1.947451E0
4.314827E1;2.207215E1;1.947895E0
4.318159E1;2.207333E1;1.948403E0
4.321491E1;2.207846E1;1.947953E0
4.324823E1;2.218895E1;1.928151E0
4.328155E1;2.232589E1;1.861302E0
4.331487E1;2.247685E1;1.823091E0
4.334819E1;2.260325E1;1.814140E0
4.338151E1;2.260303E1;1.828326E0
4.341482E1;2.260188E1;1.826768E0
4.344814E1;2.259746E1;1.827705E0
4.348146E1;2.259972E1;1.827562E0
4.351478E1;2.259955E1;1.827254E0
4.354810E1;2.259638E1;1.826959E0
4.358142E1;2.259770E1;1.827716E0
4.361474E1;2.259729E1;1.827660E0
4.364806E1;2.259905E1;1.827239E0
4.368138E1;2.259796E1;1.826825E0
4.371470E1;2.259805E1;1.828024E0
4.374802E1;2.259629E1;1.827664E0
4.378134E1;2.259705E1;1.826672E0
4.381465E1;2.259904E1;1.829460E0
4.384797E1;2.258107E1;1.841066E0
4.388129E1;2.254512E1;1.854682E0
4.391461E1;2.251814E1;1.897236E0
4.394793E1;2.248669E1;1.900157E0
4.398125E1;2.246378E1;1.936234E0
4.401457E1;2.246487E1;1.929140E0
4.404789E1;2.247238E1;1.928961E0
4.408121E1;2.247242E1;1.927479E0
4.411453E1;2.247322E1;1.928354E0
4.414785E1;2.247333E1;1.927471E0
4.418116E1;2.247403E1;1.927950E0
4.421448E1;2.247864E1;1.926898E0
4.424780E1;2.257730E1;1.914464E0
4.428112E1;2.271776E1;1.848801E0
4.431444E1;2.287984E1;1.809012E0
4.434776E1;2.306779E1;1.824178E0
4.438108E1;2.308144E1;1.815959E0
4.441440E1;2.310396E1;1.826311E0
4.444772E1;2.310291E1;1.824416E0
4.448104E1;2.310352E1;1.823822E0
4.451436E1;2.310309E1;1.824047E0
4.454768E1;2.310274E1;1.825108E0
4.458099E1;2.310250E1;1.824583E0
4.461431E1;2.310307E1;1.824594E0
4.464763E1;2.310160E1;1.825672E0
4.468095E1;2.310241E1;1.824336E0
4.471427E1;2.310361E1;1.824406E0
4.474759E1;2.310194E1;1.824539E0
4.478091E1;2.310240E1;1.824639E0
4.481423E1;2.309731E1;1.831469E0
4.484755E1;2.307438E1;1.848822E0
4.488087E1;2.306268E1;1.889878E0
4.491419E1;2.299497E1;1.907295E0
4.494750E1;2.295798E1;1.940773E0
4.498082E1;2.296143E1;1.925580E0
4.501414E1;2.297397E1;1.929183E0
4.504746E1;2.297536E1;1.925014E0
4.508078E1;2.297563E1;1.926621E0
4.511410E1;2.297459E1;1.925026E0
4.514742E1;2.297547E1;1.925741E0
4.518074E1;2.297613E1;1.926298E0
4.521406E1;2.298558E1;1.927133E0
4.524738E1;2.309339E1;1.908179E0
4.528070E1;2.322932E1;1.845880E0
4.531401E1;2.340045E1;1.837303E0
4.534733E1;2.351689E1;1.822503E0
4.538065E1;2.350940E1;1.816727E0
4.541397E1;2.350898E1;1.809501E0
4.544729E1;2.350393E1;1.811389E0
4.548061E1;2.350402E1;1.809595E0
4.551393E1;2.350424E1;1.810844E0
4.554725E1;2.350338E1;1.811343E0
4.558057E1;2.350367E1;1.810588E0
4.561389E1;2.350372E1;1.810760E0
4.564721E1;2.350396E1;1.810792E0
4.568053E1;2.350361E1;1.810666E0
4.571384E1;2.350298E1;1.810876E0
4.574716E1;2.350325E1;1.810919E0
4.578048E1;2.350328E1;1.809887E0
4.581380E1;2.349932E1;1.812494E0
4.584712E1;2.348912E1;1.826391E0
4.588044E1;2.346480E1;1.844513E0
4.591376E1;2.341639E1;1.880234E0
4.594708E1;2.338631E1;1.896186E0
4.598040E1;2.333997E1;1.931243E0
4.601372E1;2.329648E1;1.908414E0
4.604704E1;2.331989E1;1.905521E0
4.608035E1;2.332487E1;1.911249E0
4.611367E1;2.332133E1;1.907875E0
4.614699E1;2.332229E1;1.908431E0
4.618031E1;2.332231E1;1.908170E0
4.621363E1;2.332318E1;1.909162E0
4.624695E1;2.341760E1;1.896133E0
4.628027E1;2.356226E1;1.862336E0
4.631359E1;2.376248E1;1.827390E0
4.634691E1;2.388972E1;1.838023E0
4.638023E1;2.391345E1;1.851034E0
4.641355E1;2.388889E1;1.854775E0
4.644687E1;2.389062E1;1.849613E0
4.648018E1;2.389112E1;1.848240E0
4.651350E1;2.389059E1;1.849117E0
4.654682E1;2.389127E1;1.849609E0
4.658014E1;2.389160E1;1.849511E0
4.661346E1;2.389060E1;1.849430E0
4.664678E1;2.389099E1;1.850680E0
4.668010E1;2.389066E1;1.849729E0
4.671342E1;2.389122E1;1.849798E0
4.674674E1;2.389106E1;1.850138E0
4.678006E1;2.389037E1;1.849957E0
4.681338E1;2.388339E1;1.856884E0
4.684669E1;2.387340E1;1.871483E0
4.688001E1;2.384953E1;1.880508E0
4.691333E1;2.380333E1;1.919077E0
4.694665E1;2.381135E1;1.920573E0
4.697997E1;2.382060E1;1.908791E0
4.701329E1;2.382776E1;1.914469E0
4.704661E1;2.382901E1;1.908121E0
4.707993E1;2.383268E1;1.911915E0
4.711325E1;2.382721E1;1.908419E0
4.714657E1;2.382726E1;1.909041E0
4.717989E1;2.382710E1;1.909230E0
4.721321E1;2.383319E1;1.909665E0
4.724652E1;2.394125E1;1.890334E0
4.727984E1;2.407783E1;1.849188E0
4.731316E1;2.426710E1;1.856461E0
4.734648E1;2.441597E1;1.819959E0
4.737980E1;2.442306E1;1.794730E0
4.741312E1;2.440745E1;1.805436E0
4.744644E1;2.440592E1;1.797692E0
4.747976E1;2.440524E1;1.797366E0
4.751308E1;2.440530E1;1.797605E0
4.754640E1;2.440505E1;1.797544E0
4.757972E1;2.440524E1;1.796890E0
4.761303E1;2.440473E1;1.798275E0
4.764635E1;2.440514E1;1.797170E0
4.767967E1;2.440487E1;1.798210E0
4.771299E1;2.440552E1;1.796634E0
4.774631E1;2.440412E1;1.798600E0
4.777963E1;2.440513E1;1.797367E0
4.781295E1;2.440455E1;1.798850E0
4.784627E1;2.439077E1;1.816311E0
4.787959E1;2.436305E1;1.836130E0
4.791291E1;2.430491E1;1.885342E0
4.794623E1;2.425913E1;1.914189E0
4.797955E1;2.427702E1;1.915617E0
4.801286E1;2.427905E1;1.902334E0
4.804618E1;2.427579E1;1.905451E0
4.807950E1;2.428115E1;1.903035E0
4.811282E1;2.428085E1;1.900338E0
4.814614E1;2.428060E1;1.900982E0
4.817946E1;2.428262E1;1.901290E0
4.821278E1;2.428100E1;1.901668E0
4.824610E1;2.437034E1;1.889679E0
4.827942E1;2.453601E1;1.826126E0
4.831274E1;2.469206E1;1.712612E0
4.834606E1;2.490344E1;1.785861E0
4.837937E1;2.499250E1;1.796262E0
4.841269E1;2.501717E1;1.814165E0
4.844601E1;2.501781E1;1.807658E0
4.847933E1;2.501701E1;1.806204E0
4.851265E1;2.501897E1;1.806490E0
4.854597E1;2.501815E1;1.806682E0
4.857929E1;2.501784E1;1.807643E0
4.861261E1;2.501796E1;1.807887E0
4.864593E1;2.501550E1;1.808319E0
4.867925E1;2.501873E1;1.808327E0
4.871257E1;2.501886E1;1.808272E0
4.874589E1;2.501831E1;1.808414E0
4.877920E1;2.501849E1;1.808008E0
4.881252E1;2.501707E1;1.810134E0
4.884584E1;2.499907E1;1.828952E0
4.887916E1;2.496663E1;1.848368E0
4.891248E1;2.490979E1;1.895430E0
4.894580E1;2.488136E1;1.923903E0
4.897912E1;2.489133E1;1.910356E0
4.901244E1;2.489176E1;1.920117E0
4.904576E1;2.488585E1;1.918666E0
4.907908E1;2.489292E1;1.914827E0
4.911240E1;2.489140E1;1.913796E0
4.914571E1;2.489342E1;1.915011E0
4.917903E1;2.489247E1;1.915091E0
4.921235E1;2.489514E1;1.913703E0
4.924567E1;2.500824E1;1.892064E0
4.927899E1;2.515454E1;1.806642E0
4.931231E1;2.531671E1;1.796795E0
4.934563E1;2.549127E1;1.809582E0
4.937895E1;2.552660E1;1.803591E0
4.941227E1;2.553326E1;1.807935E0
4.944559E1;2.552736E1;1.806375E0
4.947891E1;2.552707E1;1.806824E0
4.951223E1;2.552835E1;1.806157E0
4.954554E1;2.552772E1;1.806629E0
4.957886E1;2.552815E1;1.806655E0
4.961218E1;2.552759E1;1.806470E0
4.964550E1;2.552640E1;1.806245E0
4.967882E1;2.552814E1;1.806067E0
4.971214E1;2.552836E1;1.806674E0
4.974546E1;2.552799E1;1.806181E0
4.977878E1;2.552796E1;1.806701E0
4.981210E1;2.551793E1;1.812525E0
4.984542E1;2.550418E1;1.841263E0
4.987874E1;2.546030E1;1.899434E0
4.991205E1;2.541041E1;1.941078E0
4.994537E1;2.538755E1;1.973787E0
4.997869E1;2.539630E1;1.960409E0
5.001201E1;2.539333E1;1.962631E0
5.004533E1;2.539161E1;1.962159E0
5.007865E1;2.539617E1;1.961974E0
5.011197E1;2.539700E1;1.960268E0
5.014529E1;2.539700E1;1.960361E0
5.017861E1;2.539656E1;1.960038E0
5.021193E1;2.539752E1;1.959297E0
5.024525E1;2.549954E1;1.942361E0
5.027857E1;2.565885E1;1.872130E0
5.031188E1;2.584358E1;1.819429E0
5.034520E1;2.603945E1;1.839341E0
5.037852E1;2.609279E1;1.850871E0
5.041184E1;2.608920E1;1.862420E0
5.044516E1;2.608115E1;1.857222E0
5.047848E1;2.608022E1;1.857070E0
5.051180E1;2.608134E1;1.857001E0
5.054512E1;2.608195E1;1.857664E0
5.057844E1;2.608195E1;1.857042E0
5.061176E1;2.608172E1;1.857806E0
5.064508E1;2.608093E1;1.856955E0
5.067839E1;2.608191E1;1.857911E0
5.071171E1;2.608174E1;1.857663E0
5.074503E1;2.608157E1;1.857661E0
5.077835E1;2.608410E1;1.859025E0
5.081167E1;2.607755E1;1.862800E0
5.084499E1;2.606699E1;1.876107E0
5.087831E1;2.602554E1;1.892756E0
5.091163E1;2.596179E1;1.947525E0
5.094495E1;2.593957E1;1.970938E0
5.097827E1;2.595229E1;1.962275E0
5.101159E1;2.594954E1;1.962754E0
5.104491E1;2.595190E1;1.963214E0
5.107822E1;2.595018E1;1.962115E0
5.111154E1;2.595401E1;1.961381E0
5.114486E1;2.595462E1;1.960396E0
5.117818E1;2.595453E1;1.960615E0
5.121150E1;2.595767E1;1.960004E0
5.124482E1;2.607381E1;1.937248E0
5.127814E1;2.621827E1;1.805038E0
5.131146E1;2.636837E1;1.795988E0
5.134478E1;2.653532E1;1.797795E0
5.137810E1;2.658585E1;1.792745E0
5.141142E1;2.659471E1;1.807316E0
5.144473E1;2.659075E1;1.804662E0
5.147805E1;2.659191E1;1.804703E0
5.151137E1;2.659257E1;1.804290E0
5.154469E1;2.659248E1;1.804684E0
5.157801E1;2.659069E1;1.804042E0
5.161133E1;2.659180E1;1.805149E0
5.164465E1;2.659167E1;1.804651E0
5.167797E1;2.659296E1;1.803819E0
5.171129E1;2.659220E1;1.804780E0
5.174461E1;2.659163E1;1.803827E0
5.177793E1;2.659252E1;1.804263E0
5.181125E1;2.658827E1;1.807235E0
5.184456E1;2.657893E1;1.821652E0
5.187788E1;2.653777E1;1.846998E0
5.191120E1;2.647074E1;1.898019E0
5.194452E1;2.644220E1;1.921036E0
5.197784E1;2.644238E1;1.908501E0
5.201116E1;2.643906E1;1.916848E0
5.204448E1;2.639416E1;1.906019E0
5.207780E1;2.640561E1;1.903732E0
5.211112E1;2.640854E1;1.905211E0
5.214444E1;2.640738E1;1.903973E0
5.217776E1;2.640699E1;1.902982E0
5.221107E1;2.640759E1;1.903627E0
5.224439E1;2.648634E1;1.899647E0
5.227771E1;2.660993E1;1.815210E0
5.231103E1;2.672357E1;1.711311E0
5.234435E1;2.692127E1;1.774579E0
5.237767E1;2.700821E1;1.797840E0
5.241099E1;2.698950E1;1.795548E0
5.244431E1;2.698964E1;1.794954E0
5.247763E1;2.698929E1;1.794661E0
5.251095E1;2.698949E1;1.794608E0
5.254427E1;2.698947E1;1.795036E0
5.257759E1;2.698878E1;1.794393E0
5.261090E1;2.698878E1;1.794541E0
5.264422E1;2.698953E1;1.795646E0
5.267754E1;2.698970E1;1.794324E0
5.271086E1;2.698901E1;1.794496E0
5.274418E1;2.698845E1;1.794113E0
5.277750E1;2.698943E1;1.794807E0
5.281082E1;2.698495E1;1.799509E0
5.284414E1;2.696926E1;1.816531E0
5.287746E1;2.691725E1;1.850019E0
5.291078E1;2.685875E1;1.889015E0
5.294410E1;2.679309E1;1.919021E0
5.297741E1;2.671384E1;1.958892E0
5.301073E1;2.659713E1;1.954030E0
5.304405E1;2.651861E1;1.981943E0
5.307737E1;2.652032E1;1.973193E0
5.311069E1;2.652137E1;1.972237E0
5.314401E1;2.652096E1;1.972608E0
5.317733E1;2.652146E1;1.972212E0
5.321065E1;2.652411E1;1.972714E0
5.324397E1;2.664373E1;1.951231E0
5.327729E1;2.678889E1;1.819518E0
5.331061E1;2.692443E1;1.775008E0
5.334392E1;2.714910E1;1.825913E0
5.337724E1;2.723388E1;1.803997E0
5.341056E1;2.722105E1;1.821042E0
5.344388E1;2.721516E1;1.818805E0
5.347720E1;2.721413E1;1.817382E0
5.351052E1;2.721582E1;1.820216E0
5.354384E1;2.721410E1;1.817350E0
5.357716E1;2.721522E1;1.818824E0
5.361048E1;2.721517E1;1.818765E0
5.364380E1;2.721701E1;1.819127E0
5.367712E1;2.721510E1;1.818708E0
5.371044E1;2.721535E1;1.818715E0
5.374375E1;2.721505E1;1.818223E0
5.377707E1;2.721519E1;1.818687E0
5.381039E1;2.721475E1;1.819082E0
5.384371E1;2.720072E1;1.840996E0
5.387703E1;2.714859E1;1.875715E0
5.391035E1;2.707942E1;1.924292E0
5.394367E1;2.702666E1;1.934045E0
5.397699E1;2.697247E1;1.940999E0
5.401031E1;2.691022E1;1.999827E0
5.404363E1;2.686051E1;2.033865E0
5.407695E1;2.684724E1;2.049705E0
5.411026E1;2.685537E1;2.049105E0
5.414358E1;2.685315E1;2.044532E0
5.417690E1;2.684908E1;2.056016E0
5.421022E1;2.684491E1;2.067603E0
5.424354E1;2.695568E1;2.052924E0
5.427686E1;2.715912E1;1.943854E0
5.431018E1;2.729440E1;1.806976E0
5.434350E1;2.748120E1;1.855707E0
5.437682E1;2.752512E1;1.846930E0
5.441014E1;2.754716E1;1.854829E0
5.444346E1;2.754690E1;1.851650E0
5.447678E1;2.754769E1;1.851632E0
5.451009E1;2.754986E1;1.849008E0
5.454341E1;2.754756E1;1.850611E0
5.457673E1;2.754542E1;1.852588E0
5.461005E1;2.754637E1;1.851569E0
5.464337E1;2.754673E1;1.849669E0
5.467669E1;2.754743E1;1.851019E0
5.471001E1;2.754717E1;1.851365E0
5.474333E1;2.754744E1;1.851091E0
5.477665E1;2.754750E1;1.851165E0
5.480997E1;2.754123E1;1.857946E0
5.484329E1;2.752529E1;1.878365E0
5.487660E1;2.746296E1;1.955978E0
5.490992E1;2.738382E1;2.007541E0
5.494324E1;2.727293E1;2.008284E0
5.497656E1;2.715441E1;1.998690E0
5.500988E1;2.704396E1;2.005476E0
5.504320E1;2.696271E1;2.044400E0
5.507652E1;2.696112E1;2.075683E0
5.510984E1;2.696342E1;2.069354E0
5.514316E1;2.696297E1;2.069058E0
5.517648E1;2.696325E1;2.070331E0
5.520980E1;2.696364E1;2.070587E0
5.524312E1;2.708437E1;2.047579E0
5.527643E1;2.726847E1;1.924555E0
5.530975E1;2.745775E1;1.866227E0
5.534307E1;2.759251E1;1.847722E0
5.537639E1;2.765259E1;1.864678E0
5.540971E1;2.766244E1;1.874049E0
5.544303E1;2.766144E1;1.865699E0
5.547635E1;2.766348E1;1.865078E0
5.550967E1;2.766178E1;1.865747E0
5.554299E1;2.766107E1;1.865996E0
5.557631E1;2.766022E1;1.865921E0
5.560963E1;2.766048E1;1.866400E0
5.564294E1;2.766137E1;1.866668E0
5.567626E1;2.766127E1;1.865567E0
5.570958E1;2.766079E1;1.865142E0
5.574290E1;2.766051E1;1.866857E0
5.577622E1;2.766044E1;1.865926E0
5.580954E1;2.766075E1;1.866888E0
5.584286E1;2.765225E1;1.887329E0
5.587618E1;2.759321E1;1.924136E0
5.590950E1;2.751099E1;1.982404E0
5.594282E1;2.742533E1;2.002244E0
5.597614E1;2.731067E1;2.024366E0
5.600946E1;2.719261E1;2.075715E0
5.604277E1;2.711139E1;2.114384E0
5.607609E1;2.710727E1;2.094466E0
5.610941E1;2.712770E1;2.092228E0
5.614273E1;2.712744E1;2.091448E0
5.617605E1;2.712688E1;2.091389E0
5.620937E1;2.712713E1;2.091962E0
5.624269E1;2.721803E1;2.076415E0
5.627601E1;2.739900E1;1.995965E0
5.630933E1;2.754497E1;1.882010E0
5.634265E1;2.779062E1;1.947439E0
5.637597E1;2.790613E1;1.925667E0
5.640928E1;2.792462E1;1.945302E0
5.644260E1;2.792319E1;1.945663E0
5.647592E1;2.792370E1;1.945794E0
5.650924E1;2.792356E1;1.945666E0
5.654256E1;2.792391E1;1.944979E0
5.657588E1;2.792475E1;1.946284E0
5.660920E1;2.792395E1;1.945345E0
5.664252E1;2.792326E1;1.945911E0
5.667584E1;2.792392E1;1.945917E0
5.670916E1;2.792439E1;1.946529E0
5.674248E1;2.792359E1;1.945749E0
5.677580E1;2.792383E1;1.946019E0
5.680911E1;2.792055E1;1.948263E0
5.684243E1;2.789894E1;1.970715E0
5.687575E1;2.783900E1;2.009473E0
5.690907E1;2.775039E1;2.055591E0
5.694239E1;2.762494E1;2.073391E0
5.697571E1;2.752435E1;2.102157E0
5.700903E1;2.740792E1;2.106564E0
5.704235E1;2.731487E1;2.136017E0
5.707567E1;2.728318E1;2.108029E0
5.710899E1;2.729424E1;2.111284E0
5.714231E1;2.729236E1;2.109835E0
5.717562E1;2.729135E1;2.110523E0
5.720894E1;2.729414E1;2.110103E0
5.724226E1;2.740681E1;2.098390E0
5.727558E1;2.764927E1;2.029205E0
5.730890E1;2.788173E1;1.892981E0
5.734222E1;2.803986E1;1.889276E0
5.737554E1;2.806192E1;1.907609E0
5.740886E1;2.804730E1;1.905625E0
5.744218E1;2.804811E1;1.905527E0
5.747550E1;2.804981E1;1.905250E0
5.750882E1;2.804771E1;1.905260E0
5.754214E1;2.804753E1;1.905697E0
5.757545E1;2.804747E1;1.906664E0
5.760877E1;2.804789E1;1.905505E0
5.764209E1;2.804778E1;1.904424E0
5.767541E1;2.804795E1;1.905289E0
5.770873E1;2.804758E1;1.905869E0
5.774205E1;2.804625E1;1.905450E0
5.777537E1;2.804752E1;1.905487E0
5.780869E1;2.804193E1;1.910202E0
5.784201E1;2.802626E1;1.937946E0
5.787533E1;2.794223E1;2.029747E0
5.790865E1;2.781011E1;2.065383E0
5.794196E1;2.768464E1;2.071523E0
5.797528E1;2.757353E1;2.103375E0
5.800860E1;2.747931E1;2.103925E0
5.804192E1;2.740973E1;2.132446E0
5.807524E1;2.740651E1;2.122099E0
5.810856E1;2.740660E1;2.121192E0
5.814188E1;2.740664E1;2.120809E0
5.817520E1;2.740687E1;2.120902E0
5.820852E1;2.741690E1;2.117833E0
5.824184E1;2.757932E1;2.098134E0
5.827516E1;2.784968E1;1.969966E0
5.830848E1;2.816798E1;1.908772E0
5.834179E1;2.829853E1;1.900362E0
5.837511E1;2.827753E1;1.892610E0
5.840843E1;2.828017E1;1.875395E0
5.844175E1;2.828096E1;1.877976E0
5.847507E1;2.827974E1;1.877270E0
5.850839E1;2.827972E1;1.877347E0
5.854171E1;2.827878E1;1.878003E0
5.857503E1;2.827910E1;1.877420E0
5.860835E1;2.827950E1;1.877715E0
5.864167E1;2.827948E1;1.876449E0
5.867499E1;2.827900E1;1.877589E0
5.870830E1;2.827882E1;1.877682E0
5.874162E1;2.827735E1;1.876933E0
5.877494E1;2.827918E1;1.877628E0
5.880826E1;2.827661E1;1.883377E0
5.884158E1;2.826856E1;1.893002E0
5.887490E1;2.821953E1;1.929258E0
5.890822E1;2.815606E1;1.989046E0
5.894154E1;2.809099E1;2.015718E0
5.897486E1;2.802209E1;2.030303E0
5.900818E1;2.794006E1;2.039763E0
5.904150E1;2.784804E1;2.071175E0
5.907482E1;2.787249E1;2.066769E0
5.910813E1;2.786317E1;2.059326E0
5.914145E1;2.786367E1;2.059855E0
5.917477E1;2.786398E1;2.060048E0
5.920809E1;2.786491E1;2.060575E0
5.924141E1;2.796647E1;2.047930E0
5.927473E1;2.821894E1;1.985760E0
5.930805E1;2.842930E1;1.808826E0
5.934137E1;2.865167E1;1.828897E0
5.937469E1;2.871090E1;1.812080E0
5.940801E1;2.872827E1;1.818453E0
5.944133E1;2.872848E1;1.813896E0
5.947464E1;2.872888E1;1.813296E0
5.950796E1;2.872876E1;1.813678E0
5.954128E1;2.872789E1;1.812569E0
5.957460E1;2.872897E1;1.813664E0
5.960792E1;2.872929E1;1.813446E0
5.964124E1;2.872936E1;1.812876E0
5.967456E1;2.872921E1;1.813704E0
5.970788E1;2.872920E1;1.813423E0
5.974120E1;2.872863E1;1.813688E0
5.977452E1;2.872868E1;1.814058E0
5.980784E1;2.872644E1;1.817125E0
5.984116E1;2.872042E1;1.835979E0
5.987447E1;2.866254E1;1.864293E0
5.990779E1;2.861133E1;1.919652E0
5.994111E1;2.855358E1;1.944155E0
5.997443E1;2.850255E1;1.980980E0
6.000775E1;2.843714E1;1.975872E0
6.004107E1;2.838613E1;1.969047E0
6.007439E1;2.838166E1;1.959536E0
6.010771E1;2.837979E1;1.955003E0
6.014103E1;2.838030E1;1.953606E0
6.017435E1;2.837988E1;1.954009E0
6.020767E1;2.838654E1;1.953416E0
6.024098E1;2.850319E1;1.923516E0
6.027430E1;2.866071E1;1.801962E0
6.030762E1;2.886349E1;1.763417E0
6.034094E1;2.894996E1;1.732017E0
6.037426E1;2.897414E1;1.753587E0
6.040758E1;2.896828E1;1.732743E0
6.044090E1;2.896617E1;1.732645E0
6.047422E1;2.896603E1;1.732227E0
6.050754E1;2.896636E1;1.732127E0
6.054086E1;2.896639E1;1.732234E0
6.057418E1;2.896648E1;1.731314E0
6.060750E1;2.896633E1;1.732034E0
6.064081E1;2.896562E1;1.731446E0
6.067413E1;2.896631E1;1.731530E0
6.070745E1;2.896664E1;1.731607E0
6.074077E1;2.896659E1;1.731541E0
6.077409E1;2.896606E1;1.731321E0
6.080741E1;2.896627E1;1.732709E0
6.084073E1;2.896066E1;1.751528E0
6.087405E1;2.892160E1;1.778297E0
6.090737E1;2.885772E1;1.838394E0
6.094069E1;2.879608E1;1.875629E0
6.097401E1;2.873441E1;1.910161E0
6.100732E1;2.867612E1;1.944858E0
6.104064E1;2.863546E1;1.929953E0
6.107396E1;2.865341E1;1.929489E0
6.110728E1;2.866548E1;1.926376E0
6.114060E1;2.866520E1;1.926314E0
6.117392E1;2.866457E1;1.927135E0
6.120724E1;2.866470E1;1.926735E0
6.124056E1;2.873147E1;1.916017E0
6.127388E1;2.888703E1;1.826630E0
6.130720E1;2.903589E1;1.717539E0
6.134052E1;2.922895E1;1.757393E0
6.137383E1;2.930721E1;1.757755E0
6.140715E1;2.929227E1;1.768970E0
6.144047E1;2.929974E1;1.761512E0
6.147379E1;2.929830E1;1.760662E0
6.150711E1;2.929943E1;1.762971E0
6.154043E1;2.929987E1;1.763633E0
6.157375E1;2.929873E1;1.762915E0
6.160707E1;2.929914E1;1.762908E0
6.164039E1;2.929916E1;1.761959E0
6.167371E1;2.929928E1;1.762239E0
6.170703E1;2.930030E1;1.763719E0
6.174035E1;2.929876E1;1.762904E0
6.177366E1;2.929866E1;1.763176E0
6.180698E1;2.929348E1;1.768510E0
6.184030E1;2.928048E1;1.787808E0
6.187362E1;2.924263E1;1.859320E0
6.190694E1;2.918495E1;1.909365E0
6.194026E1;2.914965E1;1.930945E0
6.197358E1;2.915840E1;1.930587E0
6.200690E1;2.916001E1;1.927697E0
6.204022E1;2.916275E1;1.924764E0
6.207354E1;2.916729E1;1.925900E0
6.210686E1;2.916404E1;1.921131E0
6.214017E1;2.916495E1;1.921734E0
6.217349E1;2.916517E1;1.921275E0
6.220681E1;2.916507E1;1.921083E0
6.224013E1;2.921948E1;1.907871E0
6.227345E1;2.937944E1;1.830548E0
6.230677E1;2.951473E1;1.674956E0
6.234009E1;2.974413E1;1.706133E0
6.237341E1;2.981094E1;1.687581E0
6.240673E1;2.979975E1;1.712588E0
6.244005E1;2.980533E1;1.704496E0
6.247337E1;2.980550E1;1.704469E0
6.250669E1;2.980570E1;1.703962E0
6.254000E1;2.980438E1;1.704280E0
6.257332E1;2.980495E1;1.704651E0
6.260664E1;2.980518E1;1.704987E0
6.263996E1;2.980584E1;1.705254E0
6.267328E1;2.980354E1;1.701521E0
6.270660E1;2.980587E1;1.705680E0
6.273992E1;2.980489E1;1.703408E0
6.277324E1;2.980515E1;1.705033E0
6.280656E1;2.980265E1;1.709602E0
6.283988E1;2.979838E1;1.726312E0
6.287320E1;2.973985E1;1.757317E0
6.290651E1;2.968804E1;1.810165E0
6.293983E1;2.966620E1;1.820602E0
6.297315E1;2.967527E1;1.814368E0
6.300647E1;2.968338E1;1.814309E0
6.303979E1;2.968087E1;1.811582E0
6.307311E1;2.968027E1;1.810545E0
6.310643E1;2.967927E1;1.810238E0
6.313975E1;2.967927E1;1.810070E0
6.317307E1;2.967993E1;1.809990E0
6.320639E1;2.967958E1;1.809506E0
6.323971E1;2.973896E1;1.797885E0
6.327303E1;2.990898E1;1.714893E0
6.330634E1;3.003632E1;1.607190E0
