;mass A;;
t;x;y;
0.000000E0;3.759602E0;-2.122575E-2
3.331912E-2;3.731969E0;-1.231178E-2
6.663825E-2;3.742982E0;6.721444E-3
9.995737E-2;3.731345E0;4.330403E-2
1.332765E-1;3.695249E0;3.467885E-2
1.665956E-1;3.717202E0;2.826411E-2
1.999147E-1;3.706363E0;1.277237E-2
2.332339E-1;3.770944E0;3.854179E-2
2.665530E-1;3.853696E0;6.023103E-2
2.998721E-1;4.180587E0;-7.849355E-2
3.331912E-1;4.485535E0;4.440457E-2
3.665104E-1;4.686445E0;8.790175E-2
3.998295E-1;4.756624E0;5.368035E-2
4.331486E-1;4.774616E0;3.979901E-2
4.664677E-1;4.749041E0;5.406543E-2
4.997869E-1;4.745013E0;5.568707E-2
5.331060E-1;4.752824E0;5.618121E-2
5.664251E-1;4.767537E0;3.124286E-2
5.997442E-1;4.772567E0;1.825443E-2
6.330634E-1;4.767464E0;3.756854E-2
6.663825E-1;4.752462E0;3.998528E-2
6.997016E-1;4.747979E0;6.387307E-2
7.330207E-1;4.750761E0;1.017177E-1
7.663399E-1;4.766928E0;8.182715E-2
7.996590E-1;4.765428E0;8.046774E-2
8.329781E-1;4.740436E0;8.775588E-2
8.662972E-1;4.669256E0;1.057220E-1
8.996164E-1;4.556010E0;1.353239E-1
9.329355E-1;4.482983E0;1.640292E-1
9.662546E-1;4.455953E0;1.452386E-1
9.995737E-1;4.427383E0;1.493457E-1
1.032893E0;4.424717E0;1.376725E-1
1.066212E0;4.415741E0;1.516443E-1
1.099531E0;4.413906E0;1.646525E-1
1.132850E0;4.398886E0;1.585462E-1
1.166169E0;4.372346E0;1.529958E-1
1.199488E0;4.388807E0;1.408772E-1
1.232808E0;4.424042E0;1.400470E-1
1.266127E0;4.465006E0;1.561617E-1
1.299446E0;4.706624E0;8.530814E-2
1.332765E0;5.087243E0;1.315120E-1
1.366084E0;5.230625E0;1.992915E-1
1.399403E0;5.324887E0;1.640262E-1
1.432722E0;5.350173E0;1.376300E-1
1.466041E0;5.365867E0;1.559402E-1
1.499361E0;5.358390E0;1.636615E-1
1.532680E0;5.362539E0;1.724507E-1
1.565999E0;5.369492E0;1.541811E-1
1.599318E0;5.392374E0;1.355219E-1
1.632637E0;5.383691E0;1.334273E-1
1.665956E0;5.377367E0;1.441300E-1
1.699275E0;5.360883E0;1.615596E-1
1.732594E0;5.357568E0;1.765682E-1
1.765914E0;5.370436E0;2.018476E-1
1.799233E0;5.382361E0;1.910579E-1
1.832552E0;5.375821E0;1.829901E-1
1.865871E0;5.325968E0;2.041648E-1
1.899190E0;5.217673E0;2.258311E-1
1.932509E0;5.113920E0;2.452762E-1
1.965828E0;5.028374E0;2.576852E-1
1.999147E0;4.995069E0;2.427814E-1
2.032467E0;4.970355E0;2.388954E-1
2.065786E0;4.967436E0;2.383362E-1
2.099105E0;4.982505E0;2.633589E-1
2.132424E0;4.965059E0;2.754239E-1
2.165743E0;4.968350E0;2.658470E-1
2.199062E0;4.988167E0;2.568580E-1
2.232381E0;5.034833E0;2.563253E-1
2.265700E0;5.158791E0;2.209178E-1
2.299020E0;5.432506E0;9.434153E-2
2.332339E0;5.581997E0;1.626265E-1
2.365658E0;5.670745E0;1.513248E-1
2.398977E0;5.645497E0;1.624733E-1
2.432296E0;5.671104E0;1.371432E-1
2.465615E0;5.660246E0;1.321004E-1
2.498934E0;5.663173E0;1.420343E-1
2.532253E0;5.645636E0;1.550303E-1
2.565573E0;5.640240E0;1.673581E-1
2.598892E0;5.653634E0;1.541250E-1
2.632211E0;5.655688E0;1.432880E-1
2.665530E0;5.669901E0;1.356040E-1
2.698849E0;5.659117E0;1.432924E-1
2.732168E0;5.650882E0;1.514122E-1
2.765487E0;5.645185E0;1.682754E-1
2.798806E0;5.642889E0;1.568749E-1
2.832126E0;5.642373E0;1.535400E-1
2.865445E0;5.606321E0;1.485953E-1
2.898764E0;5.521070E0;1.550149E-1
2.932083E0;5.470312E0;1.618552E-1
2.965402E0;5.423235E0;1.565251E-1
2.998721E0;5.382896E0;1.650818E-1
3.032040E0;5.356767E0;1.592428E-1
3.065359E0;5.366960E0;1.430777E-1
3.098679E0;5.361060E0;1.404528E-1
3.131998E0;5.337789E0;1.614402E-1
3.165317E0;5.277252E0;1.683126E-1
3.198636E0;5.250701E0;1.659225E-1
3.231955E0;5.344346E0;1.942124E-1
3.265274E0;5.480785E0;1.830973E-1
3.298593E0;5.848978E0;5.741603E-2
3.331912E0;6.031183E0;1.195845E-1
3.365232E0;6.157633E0;1.305333E-1
3.398551E0;6.146068E0;1.556437E-1
3.431870E0;6.159806E0;1.473105E-1
3.465189E0;6.163514E0;1.332977E-1
3.498508E0;6.170328E0;1.321571E-1
3.531827E0;6.158413E0;1.424517E-1
3.565146E0;6.146612E0;1.526294E-1
3.598465E0;6.150705E0;1.523573E-1
3.631785E0;6.155017E0;1.462515E-1
3.665104E0;6.166619E0;1.338543E-1
3.698423E0;6.168452E0;1.326535E-1
3.731742E0;6.156812E0;1.412600E-1
3.765061E0;6.147693E0;1.522038E-1
3.798380E0;6.149148E0;1.569452E-1
3.831699E0;6.147265E0;1.487670E-1
3.865018E0;6.114464E0;1.477009E-1
3.898338E0;6.044807E0;1.431102E-1
3.931657E0;5.971127E0;1.553696E-1
3.964976E0;5.928817E0;1.557503E-1
3.998295E0;5.884245E0;1.486096E-1
4.031614E0;5.852581E0;1.516015E-1
4.064933E0;5.871176E0;1.494848E-1
4.098252E0;5.871335E0;1.339022E-1
4.131571E0;5.866627E0;1.381458E-1
4.164891E0;5.859257E0;1.600059E-1
4.198210E0;5.853954E0;1.542763E-1
4.231529E0;5.901452E0;1.593938E-1
4.264848E0;5.985837E0;1.626182E-1
4.298167E0;6.221891E0;1.712234E-2
4.331486E0;6.538110E0;4.314762E-2
4.364805E0;6.723152E0;-2.877989E-3
4.398124E0;6.711887E0;2.011678E-2
4.431444E0;6.725103E0;3.488864E-2
4.464763E0;6.718396E0;3.114339E-2
4.498082E0;6.723156E0;2.348043E-2
4.531401E0;6.716550E0;3.390198E-2
4.564720E0;6.713873E0;3.533103E-2
4.598039E0;6.706970E0;4.369876E-2
4.631358E0;6.714276E0;3.596043E-2
4.664677E0;6.718497E0;2.733976E-2
4.697997E0;6.719969E0;2.934045E-2
4.731316E0;6.716200E0;2.903196E-2
4.764635E0;6.713330E0;3.468559E-2
4.797954E0;6.710658E0;4.273406E-2
4.831273E0;6.699734E0;4.635298E-2
4.864592E0;6.678508E0;3.042437E-2
4.897911E0;6.647357E0;2.640038E-2
4.931230E0;6.643568E0;2.899197E-2
4.964550E0;6.634278E0;3.808378E-2
4.997869E0;6.632156E0;4.511296E-2
5.031188E0;6.632636E0;4.756783E-2
5.064507E0;6.648492E0;3.875148E-2
5.097826E0;6.654748E0;3.065816E-2
5.131145E0;6.650765E0;4.179731E-2
5.164464E0;6.648162E0;3.819836E-2
5.197783E0;6.649799E0;4.843898E-2
5.231103E0;6.704353E0;6.878928E-2
5.264422E0;6.828630E0;5.178796E-2
5.297741E0;7.104116E0;-1.120886E-1
5.331060E0;7.288044E0;-2.130442E-2
5.364379E0;7.384300E0;-5.921046E-2
5.397698E0;7.408079E0;1.356002E-2
5.431017E0;7.396956E0;3.277525E-2
5.464336E0;7.387967E0;2.796283E-2
5.497656E0;7.388977E0;3.224057E-2
5.530975E0;7.387553E0;3.142823E-2
5.564294E0;7.386582E0;3.527914E-2
5.597613E0;7.383120E0;3.545114E-2
5.630932E0;7.386458E0;3.612715E-2
5.664251E0;7.393689E0;2.731002E-2
5.697570E0;7.388450E0;3.192676E-2
5.730889E0;7.389974E0;3.257053E-2
5.764209E0;7.387401E0;3.654702E-2
5.797528E0;7.387216E0;3.464960E-2
5.830847E0;7.376335E0;4.115211E-2
5.864166E0;7.312668E0;5.477011E-2
5.897485E0;7.252868E0;5.247211E-2
5.930804E0;7.199338E0;5.576012E-2
5.964123E0;7.160337E0;4.678257E-2
5.997442E0;7.133578E0;3.334156E-2
6.030762E0;7.094241E0;4.270103E-2
6.064081E0;7.104208E0;4.099053E-2
6.097400E0;7.102669E0;4.161624E-2
6.130719E0;7.096395E0;4.385892E-2
6.164038E0;7.097733E0;4.316837E-2
6.197357E0;7.101003E0;4.229316E-2
6.230676E0;7.172684E0;5.867929E-2
6.263995E0;7.262922E0;2.581625E-2
6.297315E0;7.572904E0;-5.597247E-2
6.330634E0;7.799870E0;2.607894E-2
6.363953E0;7.935093E0;3.871492E-2
6.397272E0;7.933370E0;5.275123E-2
6.430591E0;7.953160E0;4.104918E-2
6.463910E0;7.944726E0;4.092033E-2
6.497229E0;7.945123E0;4.099917E-2
6.530548E0;7.943384E0;4.224451E-2
6.563868E0;7.943968E0;4.129994E-2
6.597187E0;7.943493E0;4.157361E-2
6.630506E0;7.946230E0;4.122703E-2
6.663825E0;7.947373E0;3.474022E-2
6.697144E0;7.941322E0;4.404484E-2
6.730463E0;7.944242E0;4.109365E-2
6.763782E0;7.941397E0;4.411199E-2
6.797101E0;7.946268E0;4.028074E-2
6.830421E0;7.934039E0;4.272324E-2
6.863740E0;7.898616E0;5.575703E-2
6.897059E0;7.813978E0;5.780734E-2
6.930378E0;7.759328E0;7.323704E-2
6.963697E0;7.726853E0;1.009588E-1
6.997016E0;7.686384E0;9.500316E-2
7.030335E0;7.657634E0;9.702151E-2
7.063654E0;7.666096E0;9.698957E-2
7.096974E0;7.660139E0;1.038188E-1
7.130293E0;7.663955E0;9.967522E-2
7.163612E0;7.665035E0;9.693181E-2
7.196931E0;7.669575E0;9.617360E-2
7.230250E0;7.683690E0;9.915524E-2
7.263569E0;7.738130E0;1.138018E-1
7.296888E0;7.915209E0;3.254980E-2
7.330207E0;8.189793E0;8.041789E-2
7.363527E0;8.286908E0;1.169934E-1
7.396846E0;8.273991E0;1.064825E-1
7.430165E0;8.290494E0;9.799923E-2
7.463484E0;8.279043E0;1.030997E-1
7.496803E0;8.273803E0;1.043871E-1
7.530122E0;8.281371E0;9.797990E-2
7.563441E0;8.281993E0;9.664793E-2
7.596760E0;8.283069E0;9.698557E-2
7.630080E0;8.280590E0;9.871872E-2
7.663399E0;8.277267E0;1.039596E-1
7.696718E0;8.280160E0;9.843546E-2
7.730037E0;8.280871E0;9.846625E-2
7.763356E0;8.284352E0;9.697938E-2
7.796675E0;8.277131E0;9.948885E-2
7.829994E0;8.265399E0;1.074319E-1
7.863313E0;8.226575E0;1.147847E-1
7.896633E0;8.147139E0;1.114720E-1
7.929952E0;8.116720E0;1.225465E-1
7.963271E0;8.076310E0;1.544504E-1
7.996590E0;8.044837E0;1.573644E-1
8.029909E0;8.045452E0;1.611450E-1
8.063228E0;8.053005E0;1.571204E-1
8.096547E0;8.051637E0;1.590162E-1
8.129866E0;8.045925E0;1.610312E-1
8.163186E0;8.052293E0;1.609308E-1
8.196505E0;8.051594E0;1.575790E-1
8.229824E0;8.081561E0;1.620069E-1
8.263143E0;8.155396E0;1.681718E-1
8.296462E0;8.407130E0;8.838316E-2
8.329781E0;8.672437E0;1.490272E-1
8.363100E0;8.795833E0;1.799024E-1
8.396419E0;8.795076E0;2.035462E-1
8.429739E0;8.798424E0;2.062276E-1
8.463058E0;8.783978E0;2.082514E-1
8.496377E0;8.782933E0;2.100602E-1
8.529696E0;8.786973E0;2.064060E-1
8.563015E0;8.787652E0;2.034485E-1
8.596334E0;8.791372E0;2.042814E-1
8.629653E0;8.782753E0;2.091261E-1
8.662972E0;8.781004E0;2.088736E-1
8.696292E0;8.784691E0;2.082968E-1
8.729611E0;8.786294E0;2.071379E-1
8.762930E0;8.786571E0;2.070021E-1
8.796249E0;8.784095E0;2.081653E-1
8.829568E0;8.759698E0;2.204155E-1
8.862887E0;8.709312E0;2.290131E-1
8.896206E0;8.663934E0;2.300455E-1
8.929525E0;8.624422E0;2.669139E-1
8.962845E0;8.594399E0;2.672604E-1
8.996164E0;8.597754E0;2.677862E-1
9.029483E0;8.598602E0;2.755928E-1
9.062802E0;8.602979E0;2.684880E-1
9.096121E0;8.607629E0;2.667182E-1
9.129440E0;8.605979E0;2.671704E-1
9.162759E0;8.604281E0;2.688216E-1
9.196078E0;8.605223E0;2.695460E-1
9.229398E0;8.668260E0;2.901058E-1
9.262717E0;8.762355E0;3.098615E-1
9.296036E0;9.049720E0;2.309007E-1
9.329355E0;9.289799E0;3.809981E-1
9.362674E0;9.403397E0;4.069640E-1
9.395993E0;9.381414E0;4.367031E-1
9.429312E0;9.399332E0;4.246758E-1
9.462631E0;9.391025E0;4.241245E-1
9.495951E0;9.391589E0;4.235788E-1
9.529270E0;9.390969E0;4.291283E-1
9.562589E0;9.392744E0;4.237551E-1
9.595908E0;9.394083E0;4.227383E-1
9.629227E0;9.391705E0;4.256656E-1
9.662546E0;9.389681E0;4.230194E-1
9.695865E0;9.392000E0;4.260370E-1
9.729184E0;9.393129E0;4.258856E-1
9.762504E0;9.391469E0;4.250321E-1
9.795823E0;9.393265E0;4.238851E-1
9.829142E0;9.382055E0;4.274064E-1
9.862461E0;9.342229E0;4.365873E-1
9.895780E0;9.261286E0;4.403711E-1
9.929099E0;9.200789E0;4.435567E-1
9.962418E0;9.164628E0;4.333790E-1
9.995737E0;9.111951E0;4.271559E-1
1.002906E1;9.088982E0;4.380440E-1
1.006238E1;9.107638E0;4.378264E-1
1.009569E1;9.101686E0;4.304317E-1
1.012901E1;9.104853E0;4.321059E-1
1.016233E1;9.105111E0;4.335889E-1
1.019565E1;9.102750E0;4.307228E-1
1.022897E1;9.130500E0;4.390921E-1
1.026229E1;9.183105E0;4.384402E-1
1.029561E1;9.384859E0;3.429354E-1
1.032893E1;9.663016E0;4.367421E-1
1.036225E1;9.784573E0;4.910554E-1
1.039557E1;9.795949E0;5.065421E-1
1.042889E1;9.791165E0;4.883294E-1
1.046221E1;9.784266E0;4.879468E-1
1.049552E1;9.782761E0;4.887530E-1
1.052884E1;9.783071E0;4.884150E-1
1.056216E1;9.783231E0;4.891808E-1
1.059548E1;9.783093E0;4.886088E-1
1.062880E1;9.783363E0;4.885292E-1
1.066212E1;9.782371E0;4.882889E-1
1.069544E1;9.783142E0;4.891305E-1
1.072876E1;9.783801E0;4.887204E-1
1.076208E1;9.782646E0;4.890751E-1
1.079540E1;9.782652E0;4.888915E-1
1.082872E1;9.762813E0;4.990641E-1
1.086203E1;9.726363E0;5.049358E-1
1.089535E1;9.648541E0;5.079148E-1
1.092867E1;9.610668E0;5.050941E-1
1.096199E1;9.578648E0;4.810791E-1
1.099531E1;9.547822E0;4.955679E-1
1.102863E1;9.538659E0;5.034772E-1
1.106195E1;9.539020E0;5.029752E-1
1.109527E1;9.543480E0;4.948744E-1
1.112859E1;9.556102E0;4.947560E-1
1.116191E1;9.558936E0;4.929741E-1
1.119523E1;9.557130E0;4.874813E-1
1.122855E1;9.566971E0;5.020398E-1
1.126186E1;9.648883E0;5.056441E-1
1.129518E1;9.841746E0;4.164095E-1
1.132850E1;1.016496E1;4.371420E-1
1.136182E1;1.025378E1;5.345358E-1
1.139514E1;1.032252E1;5.587330E-1
1.142846E1;1.034153E1;5.501746E-1
1.146178E1;1.033646E1;5.475868E-1
1.149510E1;1.033405E1;5.497945E-1
1.152842E1;1.033833E1;5.455714E-1
1.156174E1;1.033686E1;5.479487E-1
1.159506E1;1.033890E1;5.494169E-1
1.162837E1;1.033794E1;5.481922E-1
1.166169E1;1.033635E1;5.459367E-1
1.169501E1;1.033590E1;5.485992E-1
1.172833E1;1.033771E1;5.471339E-1
1.176165E1;1.033663E1;5.432435E-1
1.179497E1;1.033731E1;5.494511E-1
1.182829E1;1.033189E1;5.514677E-1
1.186161E1;1.028999E1;5.628697E-1
1.189493E1;1.021469E1;5.585356E-1
1.192825E1;1.017902E1;5.668835E-1
1.196157E1;1.014388E1;5.991327E-1
1.199488E1;1.010111E1;6.043380E-1
1.202820E1;1.010120E1;6.188228E-1
1.206152E1;1.009603E1;6.085797E-1
1.209484E1;1.011035E1;6.114036E-1
1.212816E1;1.011027E1;6.049574E-1
1.216148E1;1.011253E1;6.040352E-1
1.219480E1;1.011284E1;6.079013E-1
1.222812E1;1.013380E1;6.086880E-1
1.226144E1;1.020723E1;6.174290E-1
1.229476E1;1.043693E1;5.689319E-1
1.232808E1;1.071961E1;6.142016E-1
1.236140E1;1.081795E1;6.168825E-1
1.239471E1;1.085164E1;6.026235E-1
1.242803E1;1.085290E1;5.986120E-1
1.246135E1;1.083740E1;6.036777E-1
1.249467E1;1.083599E1;6.048423E-1
1.252799E1;1.083817E1;6.022496E-1
1.256131E1;1.083685E1;6.037415E-1
1.259463E1;1.083704E1;6.029712E-1
1.262795E1;1.083852E1;6.018913E-1
1.266127E1;1.084022E1;5.964510E-1
1.269459E1;1.083640E1;6.065535E-1
1.272791E1;1.083787E1;6.047411E-1
1.276122E1;1.083733E1;6.027192E-1
1.279454E1;1.083800E1;6.047388E-1
1.282786E1;1.081576E1;6.112571E-1
1.286118E1;1.079239E1;6.197157E-1
1.289450E1;1.071921E1;6.163887E-1
1.292782E1;1.068061E1;6.274699E-1
1.296114E1;1.066457E1;6.583641E-1
1.299446E1;1.065940E1;6.587801E-1
1.302778E1;1.063811E1;6.634800E-1
1.306110E1;1.060251E1;6.660021E-1
1.309442E1;1.060905E1;6.682252E-1
1.312774E1;1.060029E1;6.513334E-1
1.316105E1;1.061214E1;6.601412E-1
1.319437E1;1.061147E1;6.571198E-1
1.322769E1;1.062408E1;6.623004E-1
1.326101E1;1.069716E1;6.817912E-1
1.329433E1;1.081110E1;6.577536E-1
1.332765E1;1.110871E1;6.492524E-1
1.336097E1;1.124660E1;7.441269E-1
1.339429E1;1.128205E1;7.772934E-1
1.342761E1;1.128772E1;7.795042E-1
1.346093E1;1.128692E1;7.731713E-1
1.349425E1;1.128421E1;7.652703E-1
1.352756E1;1.128874E1;7.686864E-1
1.356088E1;1.129146E1;7.645642E-1
1.359420E1;1.128369E1;7.668918E-1
1.362752E1;1.128591E1;7.767802E-1
1.366084E1;1.128677E1;7.697354E-1
1.369416E1;1.128471E1;7.638977E-1
1.372748E1;1.128811E1;7.681973E-1
1.376080E1;1.128726E1;7.687698E-1
1.379412E1;1.128321E1;7.689063E-1
1.382744E1;1.126638E1;7.764068E-1
1.386076E1;1.123483E1;7.852416E-1
1.389408E1;1.116400E1;7.788191E-1
1.392739E1;1.112015E1;7.863075E-1
1.396071E1;1.108814E1;7.676105E-1
1.399403E1;1.104819E1;7.797503E-1
1.402735E1;1.103216E1;7.846897E-1
1.406067E1;1.097198E1;7.770831E-1
1.409399E1;1.093079E1;7.719885E-1
1.412731E1;1.092840E1;7.672407E-1
1.416063E1;1.093116E1;7.781063E-1
1.419395E1;1.094720E1;7.705028E-1
1.422727E1;1.101572E1;7.815892E-1
1.426059E1;1.110077E1;7.651160E-1
1.429390E1;1.136822E1;6.912022E-1
1.432722E1;1.158393E1;8.064890E-1
1.436054E1;1.168281E1;8.750853E-1
1.439386E1;1.167419E1;8.949081E-1
1.442718E1;1.169416E1;8.781476E-1
1.446050E1;1.168107E1;8.780112E-1
1.449382E1;1.167993E1;8.799558E-1
1.452714E1;1.167783E1;8.804248E-1
1.456046E1;1.167908E1;8.811995E-1
1.459378E1;1.167986E1;8.817476E-1
1.462710E1;1.167849E1;8.807129E-1
1.466041E1;1.168068E1;8.787379E-1
1.469373E1;1.167998E1;8.795639E-1
1.472705E1;1.167776E1;8.815770E-1
1.476037E1;1.167712E1;8.827564E-1
1.479369E1;1.167913E1;8.802099E-1
1.482701E1;1.167782E1;8.812050E-1
1.486033E1;1.164722E1;8.997600E-1
1.489365E1;1.156822E1;9.424461E-1
1.492697E1;1.150022E1;9.566528E-1
1.496029E1;1.146622E1;9.967294E-1
1.499361E1;1.144163E1;9.879301E-1
1.502693E1;1.145239E1;9.933225E-1
1.506024E1;1.144555E1;9.834495E-1
1.509356E1;1.144490E1;9.968406E-1
1.512688E1;1.144972E1;9.984671E-1
1.516020E1;1.144161E1;9.907600E-1
1.519352E1;1.144892E1;9.854684E-1
1.522684E1;1.146484E1;9.895612E-1
1.526016E1;1.155380E1;1.011391E0
1.529348E1;1.175138E1;1.008031E0
1.532680E1;1.205298E1;9.905521E-1
1.536012E1;1.218090E1;1.025558E0
1.539344E1;1.220662E1;1.038754E0
1.542675E1;1.218705E1;1.040785E0
1.546007E1;1.217297E1;1.056236E0
1.549339E1;1.216969E1;1.057501E0
1.552671E1;1.217950E1;1.045405E0
1.556003E1;1.219082E1;1.035671E0
1.559335E1;1.219297E1;1.030407E0
1.562667E1;1.217868E1;1.039433E0
1.565999E1;1.217290E1;1.061324E0
1.569331E1;1.217242E1;1.053424E0
1.572663E1;1.217993E1;1.044611E0
1.575995E1;1.219314E1;1.034506E0
1.579327E1;1.218752E1;1.029750E0
1.582658E1;1.216570E1;1.052908E0
1.585990E1;1.213218E1;1.079804E0
1.589322E1;1.204510E1;1.113907E0
1.592654E1;1.201598E1;1.113489E0
1.595986E1;1.200585E1;1.090785E0
1.599318E1;1.200253E1;1.088611E0
1.602650E1;1.199765E1;1.118236E0
1.605982E1;1.198397E1;1.115290E0
1.609314E1;1.193519E1;1.112639E0
1.612646E1;1.194189E1;1.094274E0
1.615978E1;1.193967E1;1.093740E0
1.619309E1;1.193439E1;1.098275E0
1.622641E1;1.198522E1;1.124546E0
1.625973E1;1.204385E1;1.182133E0
1.629305E1;1.230787E1;1.102823E0
1.632637E1;1.259403E1;1.147018E0
1.635969E1;1.269492E1;1.191827E0
1.639301E1;1.269529E1;1.216306E0
1.642633E1;1.269520E1;1.214200E0
1.645965E1;1.267758E1;1.210112E0
1.649297E1;1.268036E1;1.213437E0
1.652629E1;1.269576E1;1.201640E0
1.655960E1;1.269326E1;1.195832E0
1.659292E1;1.269016E1;1.206876E0
1.662624E1;1.267728E1;1.212307E0
1.665956E1;1.268125E1;1.212824E0
1.669288E1;1.268580E1;1.210406E0
1.672620E1;1.269048E1;1.199606E0
1.675952E1;1.269494E1;1.204571E0
1.679284E1;1.268641E1;1.205614E0
1.682616E1;1.265117E1;1.216887E0
1.685948E1;1.259080E1;1.235668E0
1.689280E1;1.251395E1;1.268134E0
1.692612E1;1.246163E1;1.268528E0
1.695943E1;1.242644E1;1.255929E0
1.699275E1;1.236467E1;1.261411E0
1.702607E1;1.231559E1;1.268671E0
1.705939E1;1.228035E1;1.289318E0
1.709271E1;1.228896E1;1.268034E0
1.712603E1;1.227044E1;1.261071E0
1.715935E1;1.227998E1;1.264019E0
1.719267E1;1.227415E1;1.264555E0
1.722599E1;1.229117E1;1.280991E0
1.725931E1;1.241691E1;1.306618E0
1.729263E1;1.260705E1;1.226710E0
1.732594E1;1.293057E1;1.198073E0
1.735926E1;1.302619E1;1.287875E0
1.739258E1;1.302868E1;1.278347E0
1.742590E1;1.301877E1;1.277186E0
1.745922E1;1.301930E1;1.270928E0
1.749254E1;1.301910E1;1.270350E0
1.752586E1;1.302478E1;1.265736E0
1.755918E1;1.302034E1;1.272913E0
1.759250E1;1.302033E1;1.270118E0
1.762582E1;1.301529E1;1.275194E0
1.765914E1;1.301789E1;1.275678E0
1.769246E1;1.302139E1;1.266337E0
1.772577E1;1.302145E1;1.269296E0
1.775909E1;1.301972E1;1.270630E0
1.779241E1;1.301648E1;1.272886E0
1.782573E1;1.300597E1;1.283458E0
1.785905E1;1.296455E1;1.286587E0
1.789237E1;1.289629E1;1.290488E0
1.792569E1;1.282677E1;1.337192E0
1.795901E1;1.278574E1;1.327094E0
1.799233E1;1.273216E1;1.337798E0
1.802565E1;1.267860E1;1.334600E0
1.805897E1;1.266446E1;1.332049E0
1.809228E1;1.268205E1;1.320813E0
1.812560E1;1.268085E1;1.321292E0
1.815892E1;1.268229E1;1.330010E0
1.819224E1;1.267662E1;1.334734E0
1.822556E1;1.269212E1;1.335253E0
1.825888E1;1.278975E1;1.341603E0
1.829220E1;1.303012E1;1.219675E0
1.832552E1;1.323715E1;1.254564E0
1.835884E1;1.332598E1;1.297226E0
1.839216E1;1.334144E1;1.333647E0
1.842548E1;1.334924E1;1.327403E0
1.845880E1;1.335003E1;1.323315E0
1.849211E1;1.335259E1;1.314011E0
1.852543E1;1.335051E1;1.326163E0
1.855875E1;1.334686E1;1.328751E0
1.859207E1;1.334628E1;1.334167E0
1.862539E1;1.334746E1;1.326196E0
1.865871E1;1.335124E1;1.318929E0
1.869203E1;1.335066E1;1.322617E0
1.872535E1;1.334896E1;1.325458E0
1.875867E1;1.334758E1;1.331683E0
1.879199E1;1.334395E1;1.326371E0
1.882531E1;1.333638E1;1.335525E0
1.885862E1;1.330262E1;1.335723E0
1.889194E1;1.320700E1;1.340488E0
1.892526E1;1.311007E1;1.341718E0
1.895858E1;1.307874E1;1.330270E0
1.899190E1;1.303190E1;1.334039E0
1.902522E1;1.296532E1;1.337309E0
1.905854E1;1.295279E1;1.329318E0
1.909186E1;1.295932E1;1.333492E0
1.912518E1;1.296036E1;1.330407E0
1.915850E1;1.296194E1;1.330675E0
1.919182E1;1.296155E1;1.331992E0
1.922513E1;1.297037E1;1.327221E0
1.925845E1;1.307405E1;1.353224E0
1.929177E1;1.325528E1;1.314002E0
1.932509E1;1.346996E1;1.336257E0
1.935841E1;1.356419E1;1.373724E0
1.939173E1;1.358402E1;1.379591E0
1.942505E1;1.358367E1;1.374399E0
1.945837E1;1.357679E1;1.381472E0
1.949169E1;1.356829E1;1.381462E0
1.952501E1;1.357281E1;1.395425E0
1.955833E1;1.357578E1;1.384548E0
1.959165E1;1.358406E1;1.377992E0
1.962496E1;1.358464E1;1.373109E0
1.965828E1;1.357643E1;1.376444E0
1.969160E1;1.356647E1;1.392072E0
1.972492E1;1.357356E1;1.393381E0
1.975824E1;1.357507E1;1.383007E0
1.979156E1;1.358353E1;1.375693E0
1.982488E1;1.357531E1;1.376169E0
1.985820E1;1.353336E1;1.393967E0
1.989152E1;1.344191E1;1.420669E0
1.992484E1;1.339546E1;1.465231E0
1.995816E1;1.335861E1;1.483933E0
1.999147E1;1.331082E1;1.482703E0
2.002479E1;1.325560E1;1.485866E0
2.005811E1;1.321909E1;1.493768E0
2.009143E1;1.323578E1;1.502498E0
2.012475E1;1.323438E1;1.494987E0
2.015807E1;1.324432E1;1.491005E0
2.019139E1;1.324753E1;1.481299E0
2.022471E1;1.325376E1;1.487369E0
2.025803E1;1.335528E1;1.517862E0
2.029135E1;1.356653E1;1.476781E0
2.032467E1;1.380459E1;1.501995E0
2.035799E1;1.389231E1;1.501368E0
2.039130E1;1.391991E1;1.485159E0
2.042462E1;1.391443E1;1.486639E0
2.045794E1;1.390930E1;1.491220E0
2.049126E1;1.390521E1;1.495514E0
2.052458E1;1.391021E1;1.485216E0
2.055790E1;1.391766E1;1.486590E0
2.059122E1;1.391337E1;1.478990E0
2.062454E1;1.391050E1;1.489283E0
2.065786E1;1.390706E1;1.496406E0
2.069118E1;1.390614E1;1.495288E0
2.072450E1;1.391097E1;1.488881E0
2.075781E1;1.391522E1;1.485779E0
2.079113E1;1.391303E1;1.482133E0
2.082445E1;1.389683E1;1.492386E0
2.085777E1;1.386177E1;1.509157E0
2.089109E1;1.377388E1;1.508044E0
2.092441E1;1.372789E1;1.509462E0
2.095773E1;1.370724E1;1.487333E0
2.099105E1;1.368082E1;1.498122E0
2.102437E1;1.367822E1;1.507733E0
2.105769E1;1.368128E1;1.504056E0
2.109101E1;1.368463E1;1.498017E0
2.112433E1;1.368649E1;1.494297E0
2.115764E1;1.368518E1;1.496831E0
2.119096E1;1.368526E1;1.497619E0
2.122428E1;1.368777E1;1.500762E0
2.125760E1;1.378296E1;1.511644E0
2.129092E1;1.394635E1;1.435723E0
2.132424E1;1.419878E1;1.407932E0
2.135756E1;1.429357E1;1.543392E0
2.139088E1;1.434269E1;1.548021E0
2.142420E1;1.435427E1;1.550066E0
2.145752E1;1.435285E1;1.547832E0
2.149084E1;1.435301E1;1.547492E0
2.152415E1;1.435271E1;1.547247E0
2.155747E1;1.435381E1;1.547894E0
2.159079E1;1.435269E1;1.548217E0
2.162411E1;1.435282E1;1.548894E0
2.165743E1;1.435377E1;1.548467E0
2.169075E1;1.435307E1;1.546908E0
2.172407E1;1.435291E1;1.548478E0
2.175739E1;1.435312E1;1.547836E0
2.179071E1;1.435280E1;1.548858E0
2.182403E1;1.434650E1;1.550775E0
2.185735E1;1.432215E1;1.563564E0
2.189066E1;1.422909E1;1.559994E0
2.192398E1;1.418308E1;1.575826E0
2.195730E1;1.415105E1;1.605888E0
2.199062E1;1.411125E1;1.604681E0
2.202394E1;1.412399E1;1.612533E0
2.205726E1;1.412787E1;1.607894E0
2.209058E1;1.412856E1;1.608551E0
2.212390E1;1.412899E1;1.606333E0
2.215722E1;1.412987E1;1.605445E0
2.219054E1;1.412936E1;1.606860E0
2.222386E1;1.413596E1;1.608172E0
2.225718E1;1.423446E1;1.619336E0
2.229049E1;1.441254E1;1.534464E0
2.232381E1;1.462018E1;1.548370E0
2.235713E1;1.472001E1;1.620309E0
2.239045E1;1.475986E1;1.608677E0
2.242377E1;1.475002E1;1.606505E0
2.245709E1;1.474191E1;1.606300E0
2.249041E1;1.474168E1;1.606669E0
2.252373E1;1.474404E1;1.605533E0
2.255705E1;1.474326E1;1.605444E0
2.259037E1;1.474301E1;1.606554E0
2.262369E1;1.474247E1;1.606208E0
2.265700E1;1.474317E1;1.608328E0
2.269032E1;1.474231E1;1.603169E0
2.272364E1;1.474290E1;1.605666E0
2.275696E1;1.474337E1;1.606152E0
2.279028E1;1.474176E1;1.606982E0
2.282360E1;1.472976E1;1.611768E0
2.285692E1;1.470801E1;1.622555E0
2.289024E1;1.460888E1;1.615948E0
2.292356E1;1.456708E1;1.637360E0
2.295688E1;1.453654E1;1.654796E0
2.299020E1;1.449646E1;1.661947E0
2.302352E1;1.450639E1;1.672969E0
2.305683E1;1.450319E1;1.664605E0
2.309015E1;1.452102E1;1.663303E0
2.312347E1;1.451689E1;1.660952E0
2.315679E1;1.451680E1;1.662266E0
2.319011E1;1.451733E1;1.661415E0
2.322343E1;1.454505E1;1.667977E0
2.325675E1;1.463289E1;1.663126E0
2.329007E1;1.484038E1;1.555668E0
2.332339E1;1.503909E1;1.637015E0
2.335671E1;1.509415E1;1.688821E0
2.339003E1;1.506191E1;1.725956E0
2.342334E1;1.508060E1;1.713358E0
2.345666E1;1.507773E1;1.715729E0
2.348998E1;1.507731E1;1.715433E0
2.352330E1;1.507643E1;1.716073E0
2.355662E1;1.507714E1;1.715892E0
2.358994E1;1.507673E1;1.715295E0
2.362326E1;1.507756E1;1.715518E0
2.365658E1;1.507667E1;1.714774E0
2.368990E1;1.507621E1;1.716063E0
2.372322E1;1.507717E1;1.716121E0
2.375654E1;1.507736E1;1.715675E0
2.378986E1;1.507717E1;1.714995E0
2.382317E1;1.506322E1;1.722272E0
2.385649E1;1.503829E1;1.735135E0
2.388981E1;1.495339E1;1.730190E0
2.392313E1;1.490094E1;1.734007E0
2.395645E1;1.485406E1;1.715722E0
2.398977E1;1.480389E1;1.727564E0
2.402309E1;1.476104E1;1.729029E0
2.405641E1;1.473493E1;1.727498E0
2.408973E1;1.474501E1;1.719843E0
2.412305E1;1.474468E1;1.721257E0
2.415637E1;1.474535E1;1.721270E0
2.418968E1;1.474495E1;1.719239E0
2.422300E1;1.475240E1;1.721943E0
2.425632E1;1.484579E1;1.737520E0
2.428964E1;1.500560E1;1.705311E0
2.432296E1;1.521931E1;1.706610E0
2.435628E1;1.528732E1;1.788270E0
2.438960E1;1.531564E1;1.769522E0
2.442292E1;1.530913E1;1.772226E0
2.445624E1;1.530392E1;1.772652E0
2.448956E1;1.530251E1;1.771018E0
2.452288E1;1.530390E1;1.771690E0
2.455619E1;1.530326E1;1.771855E0
2.458951E1;1.530299E1;1.771982E0
2.462283E1;1.530398E1;1.771422E0
2.465615E1;1.530273E1;1.772657E0
2.468947E1;1.530327E1;1.770566E0
2.472279E1;1.530357E1;1.770386E0
2.475611E1;1.530276E1;1.772336E0
2.478943E1;1.530267E1;1.771494E0
2.482275E1;1.529284E1;1.777693E0
2.485607E1;1.526571E1;1.786864E0
2.488939E1;1.517558E1;1.783405E0
2.492271E1;1.513556E1;1.793039E0
2.495602E1;1.509582E1;1.823908E0
2.498934E1;1.505147E1;1.828534E0
2.502266E1;1.500879E1;1.841966E0
2.505598E1;1.502571E1;1.833141E0
2.508930E1;1.502519E1;1.831295E0
2.512262E1;1.502635E1;1.831366E0
2.515594E1;1.502549E1;1.831771E0
2.518926E1;1.502584E1;1.831327E0
2.522258E1;1.504841E1;1.829842E0
2.525590E1;1.513319E1;1.837705E0
2.528922E1;1.533514E1;1.749762E0
2.532253E1;1.552362E1;1.804624E0
2.535585E1;1.561258E1;1.847124E0
2.538917E1;1.564724E1;1.826437E0
2.542249E1;1.563865E1;1.826717E0
2.545581E1;1.563962E1;1.827767E0
2.548913E1;1.563611E1;1.827470E0
2.552245E1;1.563701E1;1.827878E0
2.555577E1;1.563669E1;1.827385E0
2.558909E1;1.563676E1;1.825693E0
2.562241E1;1.563817E1;1.827317E0
2.565573E1;1.563820E1;1.824280E0
2.568905E1;1.563680E1;1.827971E0
2.572236E1;1.563705E1;1.828940E0
2.575568E1;1.563633E1;1.828971E0
2.578900E1;1.563732E1;1.827584E0
2.582232E1;1.562073E1;1.833942E0
2.585564E1;1.559130E1;1.849683E0
2.588896E1;1.549272E1;1.889928E0
2.592228E1;1.538942E1;1.898151E0
2.595560E1;1.535314E1;1.880053E0
2.598892E1;1.530021E1;1.882340E0
2.602224E1;1.524655E1;1.893498E0
2.605556E1;1.522625E1;1.887314E0
2.608887E1;1.524521E1;1.886220E0
2.612219E1;1.524564E1;1.885452E0
2.615551E1;1.524609E1;1.885628E0
2.618883E1;1.524540E1;1.884622E0
2.622215E1;1.524595E1;1.884428E0
2.625547E1;1.534774E1;1.900876E0
2.628879E1;1.550751E1;1.834588E0
2.632211E1;1.573153E1;1.786472E0
2.635543E1;1.585287E1;1.850524E0
2.638875E1;1.589480E1;1.870200E0
2.642207E1;1.591194E1;1.883206E0
2.645539E1;1.591010E1;1.881466E0
2.648870E1;1.590883E1;1.881470E0
2.652202E1;1.591095E1;1.880408E0
2.655534E1;1.591205E1;1.880792E0
2.658866E1;1.591017E1;1.880782E0
2.662198E1;1.591010E1;1.881341E0
2.665530E1;1.590982E1;1.882313E0
2.668862E1;1.591048E1;1.881075E0
2.672194E1;1.591075E1;1.881427E0
2.675526E1;1.591148E1;1.880196E0
2.678858E1;1.591096E1;1.880983E0
2.682190E1;1.589911E1;1.885841E0
2.685521E1;1.587015E1;1.895397E0
2.688853E1;1.578098E1;1.893751E0
2.692185E1;1.571934E1;1.908354E0
2.695517E1;1.562725E1;1.936724E0
2.698849E1;1.558335E1;1.939414E0
2.702181E1;1.553406E1;1.948286E0
2.705513E1;1.550421E1;1.945852E0
2.708845E1;1.552589E1;1.940785E0
2.712177E1;1.552316E1;1.940496E0
2.715509E1;1.552241E1;1.940189E0
2.718841E1;1.552328E1;1.941216E0
2.722172E1;1.554789E1;1.946137E0
2.725504E1;1.564299E1;1.947214E0
2.728836E1;1.583608E1;1.829971E0
2.732168E1;1.602736E1;1.896700E0
2.735500E1;1.612923E1;1.895909E0
2.738832E1;1.612582E1;1.895670E0
2.742164E1;1.614014E1;1.884092E0
2.745496E1;1.613698E1;1.884505E0
2.748828E1;1.613742E1;1.885785E0
2.752160E1;1.613759E1;1.884270E0
2.755492E1;1.613771E1;1.885001E0
2.758824E1;1.613753E1;1.884133E0
2.762155E1;1.613674E1;1.884876E0
2.765487E1;1.613569E1;1.886260E0
2.768819E1;1.613727E1;1.884431E0
2.772151E1;1.613714E1;1.883692E0
2.775483E1;1.613779E1;1.884928E0
2.778815E1;1.613585E1;1.885093E0
2.782147E1;1.612964E1;1.888135E0
2.785479E1;1.611410E1;1.891891E0
2.788811E1;1.607108E1;1.894600E0
2.792143E1;1.600233E1;1.914154E0
2.795475E1;1.596415E1;1.948492E0
2.798806E1;1.591831E1;1.938877E0
2.802138E1;1.587008E1;1.945612E0
2.805470E1;1.582332E1;1.953555E0
2.808802E1;1.580261E1;1.944376E0
2.812134E1;1.580183E1;1.944957E0
2.815466E1;1.580229E1;1.943516E0
2.818798E1;1.580211E1;1.943097E0
2.822130E1;1.580497E1;1.944255E0
2.825462E1;1.591051E1;1.953785E0
2.828794E1;1.607648E1;1.914384E0
2.832126E1;1.631078E1;1.916273E0
2.835458E1;1.638412E1;1.972715E0
2.838789E1;1.641358E1;1.992614E0
2.842121E1;1.642098E1;1.993877E0
2.845453E1;1.641626E1;1.993060E0
2.848785E1;1.641544E1;1.993626E0
2.852117E1;1.641500E1;1.993271E0
2.855449E1;1.641701E1;1.994063E0
2.858781E1;1.641737E1;1.993598E0
2.862113E1;1.641795E1;1.994191E0
2.865445E1;1.641815E1;1.992213E0
2.868777E1;1.641677E1;1.993745E0
2.872109E1;1.641658E1;1.994678E0
2.875440E1;1.641733E1;1.993374E0
2.878772E1;1.641599E1;1.993294E0
2.882104E1;1.640707E1;1.995733E0
2.885436E1;1.637276E1;2.013720E0
2.888768E1;1.628039E1;2.007721E0
2.892100E1;1.617079E1;2.022428E0
2.895432E1;1.613046E1;2.050881E0
2.898764E1;1.608039E1;2.052154E0
2.902096E1;1.603823E1;2.062532E0
2.905428E1;1.601850E1;2.061797E0
2.908760E1;1.602719E1;2.054685E0
2.912091E1;1.602790E1;2.055266E0
2.915423E1;1.602757E1;2.051375E0
2.918755E1;1.602745E1;2.053590E0
2.922087E1;1.605286E1;2.055279E0
2.925419E1;1.615760E1;2.052054E0
2.928751E1;1.635361E1;1.930371E0
2.932083E1;1.651596E1;2.028510E0
2.935415E1;1.661227E1;2.057844E0
2.938747E1;1.658364E1;2.055875E0
2.942079E1;1.658791E1;2.049983E0
2.945411E1;1.658949E1;2.047849E0
2.948743E1;1.658749E1;2.049775E0
2.952074E1;1.658778E1;2.049541E0
2.955406E1;1.658828E1;2.049538E0
2.958738E1;1.658842E1;2.050005E0
2.962070E1;1.658782E1;2.048874E0
2.965402E1;1.659027E1;2.048471E0
2.968734E1;1.658751E1;2.049484E0
2.972066E1;1.658741E1;2.048154E0
2.975398E1;1.658824E1;2.049152E0
2.978730E1;1.658799E1;2.047897E0
2.982062E1;1.658425E1;2.050738E0
2.985394E1;1.656137E1;2.063542E0
2.988725E1;1.652590E1;2.064671E0
2.992057E1;1.645781E1;2.083428E0
2.995389E1;1.643009E1;2.108595E0
2.998721E1;1.637325E1;2.101375E0
3.002053E1;1.633978E1;2.118603E0
3.005385E1;1.634945E1;2.111778E0
3.008717E1;1.635933E1;2.109591E0
3.012049E1;1.636027E1;2.108666E0
3.015381E1;1.636074E1;2.107293E0
3.018713E1;1.636029E1;2.108184E0
3.022045E1;1.636817E1;2.110694E0
3.025377E1;1.646790E1;2.116453E0
3.028708E1;1.664517E1;2.078915E0
3.032040E1;1.686735E1;2.076951E0
3.035372E1;1.692819E1;2.128396E0
3.038704E1;1.698049E1;2.149845E0
3.042036E1;1.697803E1;2.153206E0
3.045368E1;1.697739E1;2.155272E0
3.048700E1;1.697639E1;2.153655E0
3.052032E1;1.697644E1;2.154013E0
3.055364E1;1.697666E1;2.153668E0
3.058696E1;1.697690E1;2.153321E0
3.062028E1;1.697706E1;2.153416E0
3.065359E1;1.697839E1;2.153532E0
3.068691E1;1.697709E1;2.152940E0
3.072023E1;1.697658E1;2.153501E0
3.075355E1;1.697663E1;2.153502E0
3.078687E1;1.697619E1;2.152501E0
3.082019E1;1.696576E1;2.157660E0
3.085351E1;1.694402E1;2.171770E0
3.088683E1;1.683829E1;2.166071E0
3.092015E1;1.674683E1;2.189530E0
3.095347E1;1.672663E1;2.209730E0
3.098679E1;1.668915E1;2.210347E0
3.102011E1;1.669959E1;2.217860E0
3.105342E1;1.670118E1;2.211352E0
3.108674E1;1.670135E1;2.213514E0
3.112006E1;1.670162E1;2.211614E0
3.115338E1;1.670203E1;2.211861E0
3.118670E1;1.670157E1;2.212078E0
3.122002E1;1.670161E1;2.212580E0
3.125334E1;1.678488E1;2.212851E0
3.128666E1;1.693998E1;2.195649E0
3.131998E1;1.712121E1;2.103141E0
3.135330E1;1.725750E1;2.192791E0
3.138662E1;1.731704E1;2.204165E0
3.141993E1;1.731232E1;2.210565E0
3.145325E1;1.731049E1;2.207914E0
3.148657E1;1.731114E1;2.206954E0
3.151989E1;1.731140E1;2.207017E0
3.155321E1;1.731145E1;2.207668E0
3.158653E1;1.731142E1;2.207481E0
3.161985E1;1.731184E1;2.207550E0
3.165317E1;1.731355E1;2.207627E0
3.168649E1;1.731166E1;2.206626E0
3.171981E1;1.731194E1;2.208641E0
3.175313E1;1.731096E1;2.206941E0
3.178644E1;1.731110E1;2.208092E0
3.181976E1;1.730263E1;2.209887E0
3.185308E1;1.727668E1;2.223888E0
3.188640E1;1.717718E1;2.222061E0
3.191972E1;1.713687E1;2.234985E0
3.195304E1;1.710775E1;2.213144E0
3.198636E1;1.707339E1;2.214526E0
3.201968E1;1.708412E1;2.224638E0
3.205300E1;1.707933E1;2.221558E0
3.208632E1;1.708538E1;2.222821E0
3.211964E1;1.708565E1;2.217713E0
3.215296E1;1.708713E1;2.215501E0
3.218627E1;1.708543E1;2.217998E0
3.221959E1;1.710655E1;2.221442E0
3.225291E1;1.719906E1;2.219256E0
3.228623E1;1.736696E1;2.136760E0
3.231955E1;1.753220E1;2.205994E0
3.235287E1;1.765151E1;2.233007E0
3.238619E1;1.764596E1;2.227274E0
3.241951E1;1.765553E1;2.216738E0
3.245283E1;1.764565E1;2.218302E0
3.248615E1;1.764506E1;2.219812E0
3.251947E1;1.764695E1;2.215781E0
3.255278E1;1.764714E1;2.215733E0
3.258610E1;1.764664E1;2.214460E0
3.261942E1;1.764755E1;2.218761E0
3.265274E1;1.764675E1;2.214581E0
3.268606E1;1.764741E1;2.217273E0
3.271938E1;1.764621E1;2.217966E0
3.275270E1;1.764759E1;2.216595E0
3.278602E1;1.764895E1;2.217679E0
3.281934E1;1.763652E1;2.218983E0
3.285266E1;1.762241E1;2.232588E0
3.288598E1;1.758206E1;2.234657E0
3.291930E1;1.750352E1;2.248791E0
3.295261E1;1.741454E1;2.281280E0
3.298593E1;1.736329E1;2.277075E0
3.301925E1;1.730944E1;2.283485E0
3.305257E1;1.728172E1;2.290900E0
3.308589E1;1.725894E1;2.281383E0
3.311921E1;1.725809E1;2.278832E0
3.315253E1;1.725741E1;2.278513E0
3.318585E1;1.725738E1;2.277993E0
3.321917E1;1.726105E1;2.281264E0
3.325249E1;1.736375E1;2.288237E0
3.328581E1;1.755864E1;2.245173E0
3.331912E1;1.779384E1;2.231610E0
3.335244E1;1.787842E1;2.234173E0
3.338576E1;1.793129E1;2.220580E0
3.341908E1;1.792579E1;2.225793E0
3.345240E1;1.792572E1;2.220064E0
3.348572E1;1.792521E1;2.220929E0
3.351904E1;1.792726E1;2.219632E0
3.355236E1;1.792669E1;2.220422E0
3.358568E1;1.792606E1;2.220248E0
3.361900E1;1.792617E1;2.220703E0
3.365232E1;1.792759E1;2.220271E0
3.368564E1;1.792712E1;2.218402E0
3.371895E1;1.792627E1;2.219773E0
3.375227E1;1.792677E1;2.218675E0
3.378559E1;1.792514E1;2.221064E0
3.381891E1;1.791750E1;2.223115E0
3.385223E1;1.789103E1;2.234236E0
3.388555E1;1.780416E1;2.248645E0
3.391887E1;1.772359E1;2.305604E0
3.395219E1;1.762225E1;2.336271E0
3.398551E1;1.757686E1;2.334342E0
3.401883E1;1.752908E1;2.336950E0
3.405215E1;1.748843E1;2.340948E0
3.408546E1;1.748135E1;2.335757E0
3.411878E1;1.747927E1;2.334205E0
3.415210E1;1.748094E1;2.332736E0
3.418542E1;1.748165E1;2.333174E0
3.421874E1;1.749622E1;2.333124E0
3.425206E1;1.761359E1;2.333153E0
3.428538E1;1.779298E1;2.215788E0
3.431870E1;1.798480E1;2.257141E0
3.435202E1;1.807444E1;2.324091E0
3.438534E1;1.809177E1;2.328572E0
3.441866E1;1.809512E1;2.330102E0
3.445197E1;1.809351E1;2.328444E0
3.448529E1;1.809325E1;2.329119E0
3.451861E1;1.809374E1;2.329234E0
3.455193E1;1.809426E1;2.328840E0
3.458525E1;1.809302E1;2.327882E0
3.461857E1;1.809281E1;2.328686E0
3.465189E1;1.809309E1;2.329288E0
3.468521E1;1.809263E1;2.329033E0
3.471853E1;1.809283E1;2.327860E0
3.475185E1;1.809360E1;2.329441E0
3.478517E1;1.809337E1;2.328299E0
3.481849E1;1.808772E1;2.331639E0
3.485180E1;1.806841E1;2.343489E0
3.488512E1;1.803511E1;2.346721E0
3.491844E1;1.795860E1;2.366869E0
3.495176E1;1.789971E1;2.391840E0
3.498508E1;1.783992E1;2.399655E0
3.501840E1;1.772447E1;2.404613E0
3.505172E1;1.764014E1;2.391903E0
3.508504E1;1.764626E1;2.392863E0
3.511836E1;1.764647E1;2.391064E0
3.515168E1;1.764676E1;2.390791E0
3.518500E1;1.764611E1;2.391370E0
3.521831E1;1.764882E1;2.392854E0
3.525163E1;1.773686E1;2.396306E0
3.528495E1;1.792612E1;2.357032E0
3.531827E1;1.814415E1;2.305111E0
3.535159E1;1.824162E1;2.403367E0
3.538491E1;1.830769E1;2.375743E0
3.541823E1;1.830989E1;2.390293E0
3.545155E1;1.831202E1;2.384462E0
3.548487E1;1.831106E1;2.385892E0
3.551819E1;1.831190E1;2.385332E0
3.555151E1;1.831153E1;2.385828E0
3.558483E1;1.831167E1;2.384569E0
3.561814E1;1.831327E1;2.384882E0
3.565146E1;1.831366E1;2.385969E0
3.568478E1;1.831106E1;2.384281E0
3.571810E1;1.831114E1;2.385348E0
3.575142E1;1.831184E1;2.385032E0
3.578474E1;1.831108E1;2.385035E0
3.581806E1;1.830573E1;2.387240E0
3.585138E1;1.828546E1;2.402521E0
3.588470E1;1.816695E1;2.405467E0
3.591802E1;1.803830E1;2.472051E0
3.595134E1;1.793059E1;2.498791E0
3.598465E1;1.780970E1;2.494332E0
3.601797E1;1.770689E1;2.506784E0
3.605129E1;1.766007E1;2.504032E0
3.608461E1;1.764947E1;2.498952E0
3.611793E1;1.764690E1;2.495653E0
3.615125E1;1.765062E1;2.497925E0
3.618457E1;1.764942E1;2.497378E0
3.621789E1;1.766366E1;2.496735E0
3.625121E1;1.777167E1;2.501101E0
3.628453E1;1.796914E1;2.395999E0
3.631785E1;1.819394E1;2.408946E0
3.635117E1;1.829247E1;2.454671E0
3.638448E1;1.831056E1;2.444281E0
3.641780E1;1.831641E1;2.442017E0
3.645112E1;1.831407E1;2.441088E0
3.648444E1;1.831378E1;2.440214E0
3.651776E1;1.831476E1;2.440024E0
3.655108E1;1.831470E1;2.439856E0
3.658440E1;1.831520E1;2.441011E0
3.661772E1;1.831483E1;2.439840E0
3.665104E1;1.831405E1;2.442388E0
3.668436E1;1.831399E1;2.440138E0
3.671768E1;1.831478E1;2.439983E0
3.675099E1;1.831469E1;2.440732E0
3.678431E1;1.831344E1;2.440403E0
3.681763E1;1.831053E1;2.442323E0
3.685095E1;1.829632E1;2.454021E0
3.688427E1;1.825112E1;2.455391E0
3.691759E1;1.816961E1;2.478268E0
3.695091E1;1.806137E1;2.509585E0
3.698423E1;1.793226E1;2.508080E0
3.701755E1;1.781418E1;2.512760E0
3.705087E1;1.774883E1;2.508529E0
3.708419E1;1.774977E1;2.504963E0
3.711750E1;1.775926E1;2.503571E0
3.715082E1;1.776088E1;2.502159E0
3.718414E1;1.775942E1;2.502087E0
3.721746E1;1.775900E1;2.504870E0
3.725078E1;1.783573E1;2.506806E0
3.728410E1;1.796312E1;2.486910E0
3.731742E1;1.816785E1;2.386783E0
3.735074E1;1.824062E1;2.463054E0
3.738406E1;1.831244E1;2.489429E0
3.741738E1;1.830886E1;2.500856E0
3.745070E1;1.831425E1;2.494897E0
3.748402E1;1.831364E1;2.495238E0
3.751733E1;1.831548E1;2.495146E0
3.755065E1;1.831489E1;2.495508E0
3.758397E1;1.831509E1;2.495266E0
3.761729E1;1.831539E1;2.495217E0
3.765061E1;1.831546E1;2.496505E0
3.768393E1;1.831500E1;2.495551E0
3.771725E1;1.831467E1;2.496100E0
3.775057E1;1.831416E1;2.495271E0
3.778389E1;1.831453E1;2.496531E0
3.781721E1;1.831272E1;2.495301E0
3.785053E1;1.828506E1;2.510243E0
3.788384E1;1.818038E1;2.517975E0
3.791716E1;1.809679E1;2.577893E0
3.795048E1;1.798988E1;2.608380E0
3.798380E1;1.786372E1;2.610450E0
3.801712E1;1.775474E1;2.613184E0
3.805044E1;1.769800E1;2.611394E0
3.808376E1;1.769117E1;2.610032E0
3.811708E1;1.770014E1;2.607627E0
3.815040E1;1.770075E1;2.607864E0
3.818372E1;1.770093E1;2.608009E0
3.821704E1;1.771107E1;2.608977E0
3.825036E1;1.782616E1;2.614574E0
3.828367E1;1.798049E1;2.521294E0
3.831699E1;1.816465E1;2.546954E0
3.835031E1;1.820797E1;2.580540E0
3.838363E1;1.821421E1;2.609016E0
3.841695E1;1.820964E1;2.601241E0
3.845027E1;1.820883E1;2.600916E0
3.848359E1;1.820825E1;2.601008E0
3.851691E1;1.820890E1;2.600916E0
3.855023E1;1.820865E1;2.601039E0
3.858355E1;1.820821E1;2.600911E0
3.861687E1;1.820854E1;2.601454E0
3.865018E1;1.820734E1;2.599477E0
3.868350E1;1.820793E1;2.600993E0
3.871682E1;1.820833E1;2.601313E0
3.875014E1;1.820981E1;2.602651E0
3.878346E1;1.820859E1;2.602055E0
3.881678E1;1.820670E1;2.601718E0
3.885010E1;1.819392E1;2.611879E0
3.888342E1;1.815431E1;2.622324E0
3.891674E1;1.806325E1;2.638083E0
3.895006E1;1.797086E1;2.671298E0
3.898338E1;1.791739E1;2.660588E0
3.901670E1;1.786635E1;2.667308E0
3.905001E1;1.780047E1;2.671399E0
3.908333E1;1.781101E1;2.667705E0
3.911665E1;1.781268E1;2.666036E0
3.914997E1;1.781349E1;2.665593E0
3.918329E1;1.781331E1;2.664750E0
3.921661E1;1.781382E1;2.665589E0
3.924993E1;1.788194E1;2.668740E0
3.928325E1;1.804290E1;2.645764E0
3.931657E1;1.827815E1;2.563809E0
3.934989E1;1.838340E1;2.604300E0
3.938321E1;1.839658E1;2.619899E0
3.941652E1;1.836796E1;2.612537E0
3.944984E1;1.837596E1;2.609398E0
3.948316E1;1.837606E1;2.608601E0
3.951648E1;1.837732E1;2.608347E0
3.954980E1;1.837571E1;2.608799E0
3.958312E1;1.837697E1;2.607481E0
3.961644E1;1.837464E1;2.608372E0
3.964976E1;1.837461E1;2.610054E0
3.968308E1;1.837540E1;2.607642E0
3.971640E1;1.837566E1;2.608262E0
3.974972E1;1.837777E1;2.606860E0
3.978303E1;1.837550E1;2.608010E0
3.981635E1;1.837000E1;2.611707E0
3.984967E1;1.835230E1;2.624149E0
3.988299E1;1.832321E1;2.626452E0
3.991631E1;1.826519E1;2.637482E0
3.994963E1;1.820107E1;2.678463E0
3.998295E1;1.811890E1;2.677393E0
4.001627E1;1.800088E1;2.671513E0
4.004959E1;1.792740E1;2.669022E0
4.008291E1;1.793006E1;2.666462E0
4.011623E1;1.792989E1;2.666080E0
4.014955E1;1.793080E1;2.666780E0
4.018286E1;1.792989E1;2.667374E0
4.021618E1;1.792992E1;2.669080E0
4.024950E1;1.801844E1;2.675827E0
4.028282E1;1.819427E1;2.619477E0
4.031614E1;1.841933E1;2.532918E0
4.034946E1;1.849734E1;2.614651E0
4.038278E1;1.850281E1;2.621830E0
4.041610E1;1.848373E1;2.611516E0
4.044942E1;1.848675E1;2.610632E0
4.048274E1;1.848556E1;2.611142E0
4.051606E1;1.848721E1;2.610055E0
4.054937E1;1.848629E1;2.611443E0
4.058269E1;1.848648E1;2.610429E0
4.061601E1;1.848438E1;2.612736E0
4.064933E1;1.848654E1;2.612634E0
4.068265E1;1.848571E1;2.610623E0
4.071597E1;1.848673E1;2.609402E0
4.074929E1;1.848787E1;2.608678E0
4.078261E1;1.848521E1;2.611669E0
4.081593E1;1.847916E1;2.614983E0
4.084925E1;1.845131E1;2.634264E0
4.088257E1;1.835027E1;2.697405E0
4.091589E1;1.829963E1;2.732044E0
4.094920E1;1.825862E1;2.732606E0
4.098252E1;1.822693E1;2.722440E0
4.101584E1;1.815913E1;2.714548E0
4.104916E1;1.806532E1;2.730448E0
4.108248E1;1.804055E1;2.734261E0
4.111580E1;1.804080E1;2.733914E0
4.114912E1;1.804229E1;2.724345E0
4.118244E1;1.803820E1;2.721164E0
4.121576E1;1.805443E1;2.722777E0
4.124908E1;1.816252E1;2.723251E0
4.128240E1;1.836194E1;2.608569E0
4.131571E1;1.860700E1;2.587810E0
4.134903E1;1.869343E1;2.615444E0
4.138235E1;1.870916E1;2.611631E0
4.141567E1;1.871218E1;2.608115E0
4.144899E1;1.871361E1;2.609140E0
4.148231E1;1.871055E1;2.609964E0
4.151563E1;1.870998E1;2.608699E0
4.154895E1;1.871057E1;2.609932E0
4.158227E1;1.871348E1;2.610429E0
4.161559E1;1.871007E1;2.602685E0
4.164891E1;1.871135E1;2.610837E0
4.168223E1;1.871087E1;2.609669E0
4.171554E1;1.871024E1;2.608692E0
4.174886E1;1.870853E1;2.613293E0
4.178218E1;1.871037E1;2.609015E0
4.181550E1;1.870997E1;2.609824E0
4.184882E1;1.869243E1;2.625947E0
4.188214E1;1.865001E1;2.631430E0
4.191546E1;1.858937E1;2.678025E0
4.194878E1;1.854087E1;2.678797E0
4.198210E1;1.849878E1;2.676159E0
4.201542E1;1.846127E1;2.670643E0
4.204874E1;1.844831E1;2.668338E0
4.208205E1;1.840346E1;2.677947E0
4.211537E1;1.842463E1;2.676326E0
4.214869E1;1.842989E1;2.662905E0
4.218201E1;1.843288E1;2.669418E0
4.221533E1;1.842289E1;2.668255E0
4.224865E1;1.848258E1;2.673462E0
4.228197E1;1.864851E1;2.652498E0
4.231529E1;1.888171E1;2.542045E0
4.234861E1;1.898299E1;2.587605E0
4.238193E1;1.902619E1;2.606598E0
4.241525E1;1.903531E1;2.610576E0
4.244856E1;1.903614E1;2.612654E0
4.248188E1;1.904848E1;2.607923E0
4.251520E1;1.903819E1;2.604223E0
4.254852E1;1.904002E1;2.608415E0
4.258184E1;1.904033E1;2.608417E0
4.261516E1;1.904002E1;2.608624E0
4.264848E1;1.904027E1;2.609616E0
4.268180E1;1.904021E1;2.607427E0
4.271512E1;1.904039E1;2.607898E0
4.274844E1;1.904023E1;2.608084E0
4.278176E1;1.903934E1;2.609986E0
4.281508E1;1.903874E1;2.608742E0
4.284839E1;1.901019E1;2.626922E0
4.288171E1;1.891880E1;2.623342E0
4.291503E1;1.886364E1;2.639375E0
4.294835E1;1.880764E1;2.673466E0
4.298167E1;1.875482E1;2.674550E0
4.301499E1;1.871420E1;2.672626E0
4.304831E1;1.866481E1;2.666817E0
4.308163E1;1.862569E1;2.667677E0
4.311495E1;1.865162E1;2.668620E0
4.314827E1;1.865124E1;2.667651E0
4.318159E1;1.865002E1;2.667226E0
4.321490E1;1.865643E1;2.667708E0
4.324822E1;1.876960E1;2.674960E0
4.328154E1;1.894874E1;2.556525E0
4.331486E1;1.910505E1;2.547029E0
4.334818E1;1.915434E1;2.556477E0
4.338150E1;1.914801E1;2.558465E0
4.341482E1;1.915359E1;2.554191E0
4.344814E1;1.915373E1;2.554420E0
4.348146E1;1.915369E1;2.554883E0
4.351478E1;1.915276E1;2.553757E0
4.354810E1;1.915370E1;2.552350E0
4.358142E1;1.915487E1;2.555866E0
4.361473E1;1.915365E1;2.553395E0
4.364805E1;1.915293E1;2.554098E0
4.368137E1;1.915353E1;2.553558E0
4.371469E1;1.915323E1;2.554041E0
4.374801E1;1.915345E1;2.553495E0
4.378133E1;1.915343E1;2.554171E0
4.381465E1;1.915176E1;2.554665E0
4.384797E1;1.913401E1;2.566145E0
4.388129E1;1.909843E1;2.564858E0
4.391461E1;1.904025E1;2.571852E0
4.394793E1;1.899597E1;2.569517E0
4.398124E1;1.894577E1;2.569447E0
4.401456E1;1.891169E1;2.556532E0
4.404788E1;1.892674E1;2.562617E0
4.408120E1;1.893111E1;2.558764E0
4.411452E1;1.892859E1;2.559450E0
4.414784E1;1.892981E1;2.558869E0
4.418116E1;1.893027E1;2.560564E0
4.421448E1;1.893092E1;2.560348E0
4.424780E1;1.901951E1;2.564282E0
4.428112E1;1.919121E1;2.520043E0
4.431444E1;1.940034E1;2.489615E0
4.434775E1;1.947471E1;2.544048E0
4.438107E1;1.950186E1;2.577629E0
4.441439E1;1.948847E1;2.607640E0
4.444771E1;1.949094E1;2.607062E0
4.448103E1;1.948762E1;2.607784E0
4.451435E1;1.948733E1;2.606348E0
4.454767E1;1.948768E1;2.608491E0
4.458099E1;1.948749E1;2.607571E0
4.461431E1;1.948794E1;2.607231E0
4.464763E1;1.948801E1;2.607509E0
4.468095E1;1.948766E1;2.607617E0
4.471427E1;1.948777E1;2.607606E0
4.474758E1;1.948786E1;2.607604E0
4.478090E1;1.948744E1;2.607500E0
4.481422E1;1.948240E1;2.612023E0
4.484754E1;1.946090E1;2.624863E0
4.488086E1;1.942523E1;2.618028E0
4.491418E1;1.937794E1;2.633916E0
4.494750E1;1.933421E1;2.673314E0
4.498082E1;1.929355E1;2.669012E0
4.501414E1;1.929265E1;2.666116E0
4.504746E1;1.924795E1;2.668911E0
4.508078E1;1.926406E1;2.667261E0
4.511409E1;1.926288E1;2.666807E0
4.514741E1;1.926220E1;2.666807E0
4.518073E1;1.926310E1;2.667039E0
4.521405E1;1.926277E1;2.666707E0
4.524737E1;1.930291E1;2.666653E0
4.528069E1;1.947157E1;2.664135E0
4.531401E1;1.970941E1;2.539675E0
4.534733E1;1.983119E1;2.604716E0
4.538065E1;1.985197E1;2.607090E0
4.541397E1;1.986616E1;2.609394E0
4.544729E1;1.987292E1;2.607624E0
4.548061E1;1.987305E1;2.606371E0
4.551392E1;1.987317E1;2.606029E0
4.554724E1;1.987280E1;2.607629E0
4.558056E1;1.987269E1;2.606520E0
4.561388E1;1.987297E1;2.607130E0
4.564720E1;1.987201E1;2.605788E0
4.568052E1;1.987318E1;2.606489E0
4.571384E1;1.987257E1;2.606995E0
4.574716E1;1.987293E1;2.607028E0
4.578048E1;1.987206E1;2.607476E0
4.581380E1;1.987146E1;2.609123E0
4.584712E1;1.984658E1;2.620259E0
4.588043E1;1.975508E1;2.627452E0
4.591375E1;1.969640E1;2.622178E0
4.594707E1;1.963801E1;2.637885E0
4.598039E1;1.959224E1;2.668689E0
4.601371E1;1.954052E1;2.665493E0
4.604703E1;1.948322E1;2.668254E0
4.608035E1;1.947214E1;2.665015E0
4.611367E1;1.948308E1;2.669394E0
4.614699E1;1.948323E1;2.666427E0
4.618031E1;1.948344E1;2.666560E0
4.621363E1;1.948513E1;2.666650E0
4.624695E1;1.960376E1;2.676321E0
4.628026E1;1.979600E1;2.617094E0
4.631358E1;2.004487E1;2.576616E0
4.634690E1;2.012356E1;2.599065E0
4.638022E1;2.009946E1;2.607358E0
4.641354E1;2.009874E1;2.604980E0
4.644686E1;2.009954E1;2.606130E0
4.648018E1;2.009945E1;2.606593E0
4.651350E1;2.009889E1;2.606521E0
4.654682E1;2.009832E1;2.605639E0
4.658014E1;2.009912E1;2.604146E0
4.661346E1;2.009940E1;2.605735E0
4.664677E1;2.009882E1;2.606235E0
4.668009E1;2.009832E1;2.605402E0
4.671341E1;2.009861E1;2.606213E0
4.674673E1;2.009801E1;2.606544E0
4.678005E1;2.009852E1;2.605653E0
4.681337E1;2.009808E1;2.606464E0
4.684669E1;2.007609E1;2.617211E0
4.688001E1;2.003303E1;2.626218E0
4.691333E1;1.994716E1;2.622316E0
4.694665E1;1.984570E1;2.623737E0
4.697997E1;1.973279E1;2.624059E0
4.701328E1;1.960674E1;2.617718E0
4.704660E1;1.953614E1;2.614775E0
4.707992E1;1.952021E1;2.615584E0
4.711324E1;1.954605E1;2.617066E0
4.714656E1;1.954288E1;2.612907E0
4.717988E1;1.954353E1;2.614875E0
4.721320E1;1.954538E1;2.616678E0
4.724652E1;1.961177E1;2.621894E0
4.727984E1;1.973870E1;2.587684E0
4.731316E1;1.992480E1;2.517641E0
4.734648E1;2.004527E1;2.594098E0
4.737980E1;2.005554E1;2.627812E0
4.741311E1;2.004743E1;2.608316E0
4.744643E1;2.004808E1;2.607938E0
4.747975E1;2.004784E1;2.607524E0
4.751307E1;2.004736E1;2.606708E0
4.754639E1;2.004773E1;2.607890E0
4.757971E1;2.004733E1;2.608638E0
4.761303E1;2.004819E1;2.607483E0
4.764635E1;2.004878E1;2.607705E0
4.767967E1;2.004720E1;2.607669E0
4.771299E1;2.004746E1;2.607744E0
4.774631E1;2.004762E1;2.607620E0
4.777962E1;2.004741E1;2.607484E0
4.781294E1;2.004008E1;2.615743E0
4.784626E1;2.000474E1;2.630458E0
4.787958E1;1.992563E1;2.672279E0
4.791290E1;1.986974E1;2.674443E0
4.794622E1;1.978389E1;2.678003E0
4.797954E1;1.965734E1;2.669728E0
4.801286E1;1.959069E1;2.669070E0
4.804618E1;1.957567E1;2.665732E0
4.807950E1;1.959892E1;2.667124E0
4.811282E1;1.959925E1;2.668640E0
4.814614E1;1.959899E1;2.667997E0
4.817945E1;1.959958E1;2.667398E0
4.821277E1;1.960580E1;2.667682E0
4.824609E1;1.971598E1;2.680195E0
4.827941E1;1.989090E1;2.592678E0
4.831273E1;2.007018E1;2.581908E0
4.834605E1;2.011126E1;2.611147E0
4.837937E1;2.009840E1;2.614572E0
4.841269E1;2.010893E1;2.603574E0
4.844601E1;2.010439E1;2.607881E0
4.847933E1;2.010470E1;2.607800E0
4.851265E1;2.010498E1;2.607243E0
4.854596E1;2.010477E1;2.606647E0
4.857928E1;2.010467E1;2.607554E0
4.861260E1;2.010464E1;2.607403E0
4.864592E1;2.010397E1;2.608603E0
4.867924E1;2.010445E1;2.607168E0
4.871256E1;2.010505E1;2.606640E0
4.874588E1;2.010455E1;2.607400E0
4.877920E1;2.010468E1;2.607398E0
4.881252E1;2.010331E1;2.607722E0
4.884584E1;2.008213E1;2.619694E0
4.887916E1;2.003595E1;2.623771E0
4.891248E1;1.996071E1;2.628202E0
4.894579E1;1.983477E1;2.673956E0
4.897911E1;1.972687E1;2.665997E0
4.901243E1;1.962306E1;2.664824E0
4.904575E1;1.955006E1;2.664036E0
4.907907E1;1.952925E1;2.665476E0
4.911239E1;1.955165E1;2.666120E0
4.914571E1;1.954833E1;2.664264E0
4.917903E1;1.954821E1;2.662840E0
4.921235E1;1.955068E1;2.665169E0
4.924567E1;1.964207E1;2.676455E0
4.927899E1;1.983361E1;2.634921E0
4.931230E1;2.004829E1;2.559509E0
4.934562E1;2.016608E1;2.601524E0
4.937894E1;2.017871E1;2.606720E0
4.941226E1;2.016421E1;2.607278E0
4.944558E1;2.016497E1;2.606887E0
4.947890E1;2.016213E1;2.606326E0
4.951222E1;2.016314E1;2.606381E0
4.954554E1;2.016260E1;2.606560E0
4.957886E1;2.016246E1;2.605871E0
4.961218E1;2.016262E1;2.607293E0
4.964550E1;2.016256E1;2.606822E0
4.967881E1;2.016274E1;2.605454E0
4.971213E1;2.016243E1;2.606201E0
4.974545E1;2.016207E1;2.606682E0
4.977877E1;2.016207E1;2.605926E0
4.981209E1;2.015851E1;2.609743E0
4.984541E1;2.013769E1;2.633098E0
4.987873E1;2.009028E1;2.669042E0
4.991205E1;2.002400E1;2.684442E0
4.994537E1;1.995885E1;2.720991E0
4.997869E1;1.984850E1;2.717452E0
5.001201E1;1.974393E1;2.716191E0
5.004533E1;1.972634E1;2.715465E0
5.007864E1;1.970516E1;2.715225E0
5.011196E1;1.971437E1;2.716467E0
5.014528E1;1.971441E1;2.716271E0
5.017860E1;1.971474E1;2.715182E0
5.021192E1;1.971563E1;2.716207E0
5.024524E1;1.982473E1;2.726646E0
5.027856E1;2.001470E1;2.648574E0
5.031188E1;2.020624E1;2.622015E0
5.034520E1;2.030443E1;2.624042E0
5.037852E1;2.032731E1;2.615444E0
5.041184E1;2.032550E1;2.609673E0
5.044515E1;2.032562E1;2.607809E0
5.047847E1;2.032537E1;2.609359E0
5.051179E1;2.032549E1;2.608312E0
5.054511E1;2.032559E1;2.609359E0
5.057843E1;2.032514E1;2.608759E0
5.061175E1;2.032563E1;2.608597E0
5.064507E1;2.032579E1;2.609598E0
5.067839E1;2.032568E1;2.608730E0
5.071171E1;2.032503E1;2.609115E0
5.074503E1;2.032530E1;2.608616E0
5.077835E1;2.032478E1;2.608496E0
5.081167E1;2.032550E1;2.609055E0
5.084498E1;2.030721E1;2.621913E0
5.087830E1;2.025897E1;2.630718E0
5.091162E1;2.017694E1;2.674259E0
5.094494E1;2.005856E1;2.679135E0
5.097826E1;1.995425E1;2.667892E0
5.101158E1;1.984207E1;2.668030E0
5.104490E1;1.977886E1;2.663629E0
5.107822E1;1.975005E1;2.666876E0
5.111154E1;1.977200E1;2.666326E0
5.114486E1;1.976989E1;2.665902E0
5.117818E1;1.977082E1;2.666071E0
5.121149E1;1.977051E1;2.665515E0
5.124481E1;1.983452E1;2.670058E0
5.127813E1;1.999473E1;2.656937E0
5.131145E1;2.027814E1;2.568418E0
5.134477E1;2.040373E1;2.553441E0
5.137809E1;2.038981E1;2.559993E0
5.141141E1;2.037847E1;2.557967E0
5.144473E1;2.038428E1;2.553209E0
5.147805E1;2.038467E1;2.552200E0
5.151137E1;2.038573E1;2.552168E0
5.154469E1;2.038490E1;2.552256E0
5.157801E1;2.038344E1;2.553407E0
5.161132E1;2.038517E1;2.552364E0
5.164464E1;2.038444E1;2.551637E0
5.167796E1;2.038411E1;2.553386E0
5.171128E1;2.038428E1;2.552759E0
5.174460E1;2.038444E1;2.553352E0
5.177792E1;2.038423E1;2.552958E0
5.181124E1;2.038153E1;2.555393E0
5.184456E1;2.036721E1;2.579753E0
5.187788E1;2.031780E1;2.624763E0
5.191120E1;2.025663E1;2.633045E0
5.194452E1;2.020208E1;2.672916E0
5.197783E1;2.015652E1;2.669592E0
5.201115E1;2.009373E1;2.669517E0
5.204447E1;2.004572E1;2.666144E0
5.207779E1;2.003421E1;2.669922E0
5.211111E1;2.004556E1;2.669485E0
5.214443E1;2.004329E1;2.668402E0
5.217775E1;2.004503E1;2.669177E0
5.221107E1;2.004552E1;2.668734E0
5.224439E1;2.014314E1;2.680953E0
5.227771E1;2.033889E1;2.618994E0
5.231103E1;2.055400E1;2.535155E0
5.234434E1;2.065974E1;2.584183E0
5.237766E1;2.066013E1;2.612184E0
5.241098E1;2.066140E1;2.608239E0
5.244430E1;2.066158E1;2.609326E0
5.247762E1;2.066029E1;2.608752E0
5.251094E1;2.066026E1;2.607444E0
5.254426E1;2.066002E1;2.608380E0
5.257758E1;2.065960E1;2.607872E0
5.261090E1;2.065973E1;2.608583E0
5.264422E1;2.066042E1;2.608596E0
5.267754E1;2.066019E1;2.608220E0
5.271086E1;2.065988E1;2.608317E0
5.274417E1;2.065989E1;2.607763E0
5.277749E1;2.066012E1;2.607971E0
5.281081E1;2.065497E1;2.612573E0
5.284413E1;2.062108E1;2.632508E0
5.287745E1;2.053711E1;2.671949E0
5.291077E1;2.047902E1;2.679231E0
5.294409E1;2.042505E1;2.672218E0
5.297741E1;2.034344E1;2.673561E0
5.301073E1;2.025189E1;2.672438E0
5.304405E1;2.022325E1;2.666299E0
5.307737E1;2.020048E1;2.667557E0
5.311068E1;2.021258E1;2.669852E0
5.314400E1;2.021257E1;2.667713E0
5.317732E1;2.021325E1;2.668173E0
5.321064E1;2.021311E1;2.668062E0
5.324396E1;2.026919E1;2.672225E0
5.327728E1;2.044105E1;2.663832E0
5.331060E1;2.066946E1;2.537966E0
5.334392E1;2.079863E1;2.590703E0
5.337724E1;2.077292E1;2.609125E0
5.341056E1;2.077558E1;2.609168E0
5.344388E1;2.077386E1;2.612277E0
5.347720E1;2.077377E1;2.608294E0
5.351051E1;2.077350E1;2.608413E0
5.354383E1;2.077435E1;2.607333E0
5.357715E1;2.077477E1;2.607309E0
5.361047E1;2.077378E1;2.607660E0
5.364379E1;2.077373E1;2.608010E0
5.367711E1;2.077415E1;2.607641E0
5.371043E1;2.077420E1;2.607521E0
5.374375E1;2.077443E1;2.607684E0
5.377707E1;2.077442E1;2.607048E0
5.381039E1;2.077058E1;2.609612E0
5.384371E1;2.075179E1;2.628555E0
5.387702E1;2.071002E1;2.675100E0
5.391034E1;2.065892E1;2.672092E0
5.394366E1;2.059268E1;2.673945E0
5.397698E1;2.052095E1;2.672219E0
5.401030E1;2.046310E1;2.672935E0
5.404362E1;2.039740E1;2.665851E0
5.407694E1;2.034929E1;2.666448E0
5.411026E1;2.033379E1;2.663714E0
5.414358E1;2.032778E1;2.667030E0
5.417690E1;2.032756E1;2.667138E0
5.421022E1;2.032621E1;2.665836E0
5.424354E1;2.041095E1;2.674942E0
5.427685E1;2.061469E1;2.636069E0
5.431017E1;2.082366E1;2.563262E0
5.434349E1;2.088256E1;2.568727E0
5.437681E1;2.087918E1;2.552267E0
5.441013E1;2.088231E1;2.553081E0
5.444345E1;2.088307E1;2.553856E0
5.447677E1;2.088318E1;2.553029E0
5.451009E1;2.088350E1;2.553777E0
5.454341E1;2.088268E1;2.553949E0
5.457673E1;2.088277E1;2.552500E0
5.461005E1;2.088359E1;2.555001E0
5.464336E1;2.087998E1;2.550262E0
5.467668E1;2.088422E1;2.542619E0
5.471000E1;2.089015E1;2.555384E0
5.474332E1;2.087960E1;2.552022E0
5.477664E1;2.087820E1;2.553026E0
5.480996E1;2.088198E1;2.563655E0
5.484328E1;2.084252E1;2.561004E0
5.487660E1;2.074059E1;2.563502E0
5.490992E1;2.066769E1;2.581484E0
5.494324E1;2.059657E1;2.615528E0
5.497656E1;2.053034E1;2.626128E0
5.500987E1;2.048774E1;2.631882E0
5.504319E1;2.045470E1;2.658744E0
5.507651E1;2.041264E1;2.663260E0
5.510983E1;2.044009E1;2.665804E0
5.514315E1;2.043729E1;2.662709E0
5.517647E1;2.043727E1;2.664512E0
5.520979E1;2.043730E1;2.664259E0
5.524311E1;2.053856E1;2.672558E0
5.527643E1;2.074248E1;2.597961E0
5.530975E1;2.094071E1;2.538444E0
5.534307E1;2.099376E1;2.554427E0
5.537639E1;2.098978E1;2.549643E0
5.540970E1;2.099519E1;2.548767E0
5.544302E1;2.099564E1;2.549045E0
5.547634E1;2.099669E1;2.549689E0
5.550966E1;2.099482E1;2.549763E0
5.554298E1;2.099497E1;2.549706E0
5.557630E1;2.099530E1;2.549359E0
5.560962E1;2.099518E1;2.549045E0
5.564294E1;2.099543E1;2.549978E0
5.567626E1;2.099492E1;2.549622E0
5.570958E1;2.099596E1;2.548170E0
5.574290E1;2.099532E1;2.550254E0
5.577621E1;2.099349E1;2.549558E0
5.580953E1;2.099528E1;2.549626E0
5.584285E1;2.097837E1;2.557581E0
5.587617E1;2.094168E1;2.573469E0
5.590949E1;2.087318E1;2.610934E0
5.594281E1;2.081102E1;2.617829E0
5.597613E1;2.074872E1;2.611947E0
5.600945E1;2.067460E1;2.617472E0
5.604277E1;2.060208E1;2.608892E0
5.607609E1;2.056146E1;2.601062E0
5.610941E1;2.055129E1;2.599665E0
5.614273E1;2.054789E1;2.606639E0
5.617604E1;2.054699E1;2.604842E0
5.620936E1;2.054834E1;2.605906E0
5.624268E1;2.061142E1;2.614016E0
5.627600E1;2.078872E1;2.590894E0
5.630932E1;2.097051E1;2.505088E0
5.634264E1;2.110850E1;2.561840E0
5.637596E1;2.111693E1;2.559370E0
5.640928E1;2.110110E1;2.547885E0
5.644260E1;2.110872E1;2.550126E0
5.647592E1;2.110759E1;2.549417E0
5.650924E1;2.110494E1;2.551316E0
5.654255E1;2.110511E1;2.550732E0
5.657587E1;2.110575E1;2.549419E0
5.660919E1;2.110543E1;2.549719E0
5.664251E1;2.110763E1;2.548841E0
5.667583E1;2.110524E1;2.544655E0
5.670915E1;2.110723E1;2.540656E0
5.674247E1;2.110740E1;2.548118E0
5.677579E1;2.110654E1;2.547544E0
5.680911E1;2.110512E1;2.547109E0
5.684243E1;2.108929E1;2.558752E0
5.687575E1;2.107994E1;2.551458E0
5.690907E1;2.107547E1;2.549026E0
5.694238E1;2.102872E1;2.545440E0
5.697570E1;2.103019E1;2.552934E0
5.700902E1;2.104985E1;2.556958E0
5.704234E1;2.105332E1;2.552791E0
5.707566E1;2.104986E1;2.550503E0
5.710898E1;2.105242E1;2.552880E0
5.714230E1;2.105090E1;2.551723E0
5.717562E1;2.104896E1;2.551611E0
5.720894E1;2.105516E1;2.555103E0
5.724226E1;2.116244E1;2.587505E0
5.727558E1;2.132070E1;2.607685E0
5.730889E1;2.150940E1;2.512344E0
5.734221E1;2.164716E1;2.543286E0
5.737553E1;2.177372E1;2.531616E0
5.740885E1;2.176097E1;2.547222E0
5.744217E1;2.178184E1;2.545303E0
5.747549E1;2.177369E1;2.547167E0
5.750881E1;2.177319E1;2.546445E0
5.754213E1;2.177272E1;2.547322E0
5.757545E1;2.177368E1;2.546824E0
5.760877E1;2.177363E1;2.546946E0
5.764209E1;2.177546E1;2.547806E0
5.767540E1;2.177318E1;2.546813E0
5.770872E1;2.177321E1;2.547245E0
5.774204E1;2.177304E1;2.547531E0
5.777536E1;2.177295E1;2.546681E0
5.780868E1;2.176586E1;2.549500E0
5.784200E1;2.175001E1;2.560413E0
5.787532E1;2.172906E1;2.547070E0
5.790864E1;2.165450E1;2.571893E0
5.794196E1;2.160395E1;2.551258E0
5.797528E1;2.155701E1;2.550772E0
5.800860E1;2.150427E1;2.547360E0
5.804192E1;2.146887E1;2.550945E0
5.807523E1;2.149352E1;2.552483E0
5.810855E1;2.149353E1;2.551632E0
5.814187E1;2.149350E1;2.551827E0
5.817519E1;2.149503E1;2.551824E0
5.820851E1;2.149955E1;2.551741E0
5.824183E1;2.160842E1;2.569910E0
5.827515E1;2.177927E1;2.527890E0
5.830847E1;2.197040E1;2.526598E0
5.834179E1;2.207450E1;2.561388E0
5.837511E1;2.204702E1;2.564925E0
5.840843E1;2.205550E1;2.553168E0
5.844174E1;2.205262E1;2.551038E0
5.847506E1;2.205265E1;2.550569E0
5.850838E1;2.205239E1;2.550689E0
5.854170E1;2.205220E1;2.550916E0
5.857502E1;2.205213E1;2.550973E0
5.860834E1;2.205243E1;2.551087E0
5.864166E1;2.205250E1;2.551071E0
5.867498E1;2.205208E1;2.550363E0
5.870830E1;2.205306E1;2.550097E0
5.874162E1;2.205247E1;2.550321E0
5.877494E1;2.205205E1;2.550160E0
5.880826E1;2.205042E1;2.551170E0
5.884157E1;2.203033E1;2.566564E0
5.887489E1;2.201067E1;2.566010E0
5.890821E1;2.194110E1;2.563398E0
5.894153E1;2.186398E1;2.559632E0
5.897485E1;2.179614E1;2.550652E0
5.900817E1;2.169376E1;2.555436E0
5.904149E1;2.165462E1;2.550885E0
5.907481E1;2.165995E1;2.556883E0
5.910813E1;2.165774E1;2.555982E0
5.914145E1;2.166038E1;2.555981E0
5.917477E1;2.165990E1;2.555244E0
5.920808E1;2.166050E1;2.555773E0
5.924140E1;2.171395E1;2.562032E0
5.927472E1;2.187454E1;2.561671E0
5.930804E1;2.207743E1;2.477653E0
5.934136E1;2.222246E1;2.551348E0
5.937468E1;2.225777E1;2.553705E0
5.940800E1;2.225197E1;2.561252E0
5.944132E1;2.227901E1;2.553930E0
5.947464E1;2.227221E1;2.553499E0
5.950796E1;2.227231E1;2.553201E0
5.954128E1;2.227267E1;2.554143E0
5.957459E1;2.227213E1;2.553553E0
5.960791E1;2.227289E1;2.553934E0
5.964123E1;2.227382E1;2.552927E0
5.967455E1;2.227300E1;2.553232E0
5.970787E1;2.227288E1;2.553273E0
5.974119E1;2.227226E1;2.553551E0
5.977451E1;2.227250E1;2.554508E0
5.980783E1;2.226951E1;2.552837E0
5.984115E1;2.225155E1;2.567699E0
5.987447E1;2.222889E1;2.559491E0
5.990779E1;2.215978E1;2.566174E0
5.994111E1;2.209436E1;2.557127E0
5.997442E1;2.202245E1;2.559368E0
6.000774E1;2.191920E1;2.552829E0
6.004106E1;2.189459E1;2.557102E0
6.007438E1;2.188939E1;2.556068E0
6.010770E1;2.188293E1;2.556540E0
6.014102E1;2.188330E1;2.557009E0
6.017434E1;2.188449E1;2.557654E0
6.020766E1;2.188393E1;2.556751E0
6.024098E1;2.193147E1;2.562769E0
6.027430E1;2.209184E1;2.561925E0
6.030762E1;2.230203E1;2.488533E0
6.034093E1;2.245066E1;2.546395E0
6.037425E1;2.248042E1;2.555724E0
6.040757E1;2.247897E1;2.563772E0
6.044089E1;2.249868E1;2.555612E0
6.047421E1;2.249752E1;2.553830E0
6.050753E1;2.249503E1;2.556085E0
6.054085E1;2.249578E1;2.555291E0
6.057417E1;2.249654E1;2.554318E0
6.060749E1;2.249564E1;2.555027E0
6.064081E1;2.249696E1;2.555371E0
6.067413E1;2.249601E1;2.553984E0
6.070745E1;2.249563E1;2.554872E0
6.074076E1;2.249610E1;2.555163E0
6.077408E1;2.249597E1;2.554514E0
6.080740E1;2.249310E1;2.556262E0
6.084072E1;2.247952E1;2.567916E0
6.087404E1;2.245247E1;2.561359E0
6.090736E1;2.238688E1;2.574657E0
6.094068E1;2.231142E1;2.617068E0
6.097400E1;2.224079E1;2.610489E0
6.100732E1;2.214078E1;2.613110E0
6.104064E1;2.210334E1;2.611903E0
6.107396E1;2.210833E1;2.615490E0
6.110727E1;2.210690E1;2.613982E0
6.114059E1;2.210635E1;2.613377E0
6.117391E1;2.210689E1;2.614056E0
6.120723E1;2.210680E1;2.614301E0
6.124055E1;2.217259E1;2.624950E0
6.127387E1;2.233637E1;2.608104E0
6.130719E1;2.253620E1;2.537980E0
6.134051E1;2.268741E1;2.616887E0
6.137383E1;2.269869E1;2.616306E0
6.140715E1;2.270817E1;2.613874E0
6.144047E1;2.272218E1;2.611128E0
6.147379E1;2.271937E1;2.610377E0
6.150710E1;2.271901E1;2.610850E0
6.154042E1;2.271915E1;2.611281E0
6.157374E1;2.271885E1;2.610972E0
6.160706E1;2.271882E1;2.611204E0
6.164038E1;2.272001E1;2.609737E0
6.167370E1;2.271932E1;2.610901E0
6.170702E1;2.271918E1;2.611425E0
6.174034E1;2.271947E1;2.610773E0
6.177366E1;2.271862E1;2.610501E0
6.180698E1;2.271489E1;2.612303E0
6.184030E1;2.268833E1;2.627635E0
6.187361E1;2.260658E1;2.622959E0
6.190693E1;2.253670E1;2.626058E0
6.194025E1;2.247417E1;2.619187E0
6.197357E1;2.238966E1;2.616079E0
6.200689E1;2.228531E1;2.615018E0
6.204021E1;2.224532E1;2.616978E0
6.207353E1;2.222175E1;2.617028E0
6.210685E1;2.222033E1;2.614617E0
6.214017E1;2.222035E1;2.613856E0
6.217349E1;2.222069E1;2.614679E0
6.220681E1;2.222125E1;2.612841E0
6.224012E1;2.226299E1;2.618941E0
6.227344E1;2.244363E1;2.617103E0
6.230676E1;2.264614E1;2.498746E0
6.234008E1;2.281426E1;2.570670E0
6.237340E1;2.288408E1;2.590167E0
6.240672E1;2.286021E1;2.625215E0
6.244004E1;2.283477E1;2.612087E0
6.247336E1;2.283334E1;2.612977E0
6.250668E1;2.283243E1;2.612658E0
6.254000E1;2.283292E1;2.611440E0
6.257332E1;2.283207E1;2.612705E0
6.260664E1;2.283218E1;2.611695E0
6.263995E1;2.283217E1;2.613261E0
6.267327E1;2.283214E1;2.611885E0
6.270659E1;2.283269E1;2.611950E0
6.273991E1;2.283249E1;2.612228E0
6.277323E1;2.283167E1;2.612258E0
6.280655E1;2.282817E1;2.612715E0
6.283987E1;2.281657E1;2.638527E0
6.287319E1;2.278291E1;2.668241E0
6.290651E1;2.271580E1;2.687746E0
6.293983E1;2.264916E1;2.723358E0
6.297315E1;2.256061E1;2.722994E0
6.300646E1;2.244922E1;2.721970E0
6.303978E1;2.238837E1;2.722027E0
6.307310E1;2.238640E1;2.721064E0
6.310642E1;2.238653E1;2.723657E0
6.313974E1;2.238662E1;2.722426E0
6.317306E1;2.238642E1;2.721524E0
6.320638E1;2.238646E1;2.722879E0
6.323970E1;2.246303E1;2.736957E0
6.327302E1;2.262120E1;2.721505E0
6.330634E1;2.285624E1;2.663931E0
