	mass A		
t	x	y	
0.000000E0	1.212318E-1	-1.206180E-2
3.331913E-2	1.303727E-1	3.757189E-2
6.663825E-2	2.256329E-1	7.618022E-2
9.995738E-2	4.623818E-1	8.234789E-2
1.332765E-1	7.935106E-1	7.718997E-2
1.665956E-1	1.117559E0	7.473382E-2
1.999148E-1	1.314914E0	5.753920E-2
2.332339E-1	1.424033E0	4.972456E-2
2.665530E-1	1.639413E0	1.941166E-2
2.998721E-1	1.914621E0	-2.934175E-2
3.331913E-1	2.068746E0	-3.962511E-2
3.665104E-1	2.038056E0	-5.690347E-2
3.998295E-1	1.987039E0	-6.199622E-2
4.331486E-1	1.813287E0	-6.881093E-2
4.664678E-1	1.505719E0	2.804700E-2
4.997869E-1	1.239006E0	2.259875E-1
5.331060E-1	1.163670E0	2.765073E-1
5.664251E-1	1.179626E0	2.961113E-1
5.997443E-1	1.219152E0	2.318695E-1
6.330634E-1	1.265148E0	2.139772E-1
6.663825E-1	1.369237E0	2.209037E-1
6.997016E-1	1.769220E0	1.492877E-1
7.330208E-1	2.280580E0	5.272271E-2
7.663399E-1	2.664259E0	3.502356E-3
7.996590E-1	2.905546E0	-4.455008E-2
8.329782E-1	2.950469E0	-5.443019E-2
8.662973E-1	2.898288E0	-5.310692E-2
8.996164E-1	2.807604E0	-5.487223E-2
9.329355E-1	2.595172E0	2.277832E-2
9.662547E-1	2.261099E0	1.110278E-1
9.995738E-1	1.969109E0	1.111909E-1
1.032893E0	1.794758E0	1.233417E-1
1.066212E0	1.905251E0	1.489154E-1
1.099531E0	2.138391E0	1.398896E-1
1.132850E0	2.475868E0	1.069466E-1
1.166169E0	2.783104E0	9.754237E-2
1.199489E0	2.923416E0	4.024471E-2
1.232808E0	3.049663E0	4.018421E-3
1.266127E0	3.251918E0	-5.624207E-2
1.299446E0	3.457054E0	-1.453340E-1
1.332765E0	3.484780E0	-1.227977E-1
1.366084E0	3.447236E0	-1.233124E-1
1.399403E0	3.492354E0	-1.171546E-1
1.432722E0	3.340226E0	-1.112488E-1
1.466042E0	3.048119E0	-1.137332E-4
1.499361E0	2.836438E0	1.660796E-1
1.532680E0	2.744225E0	2.484050E-1
1.565999E0	2.866870E0	2.016651E-1
1.599318E0	3.165549E0	1.423558E-1
1.632637E0	3.478826E0	1.035424E-1
1.665956E0	3.667189E0	5.281567E-2
1.699275E0	3.824241E0	4.611403E-2
1.732595E0	3.990964E0	6.561059E-3
1.765914E0	4.194993E0	-1.633929E-4
1.799233E0	4.343296E0	5.061919E-3
1.832552E0	4.424321E0	1.237817E-3
1.865871E0	4.379481E0	-1.440333E-2
1.899190E0	4.365539E0	-4.120547E-2
1.932509E0	4.138435E0	4.485396E-3
1.965828E0	3.823740E0	6.222905E-2
1.999148E0	3.501271E0	7.132672E-2
2.032467E0	3.323750E0	8.827174E-2
2.065786E0	3.447921E0	8.587924E-2
2.099105E0	3.722210E0	7.650806E-2
2.132424E0	4.049914E0	6.298116E-2
2.165743E0	4.231449E0	6.999032E-2
2.199062E0	4.351702E0	4.522071E-2
2.232381E0	4.512941E0	2.580275E-3
2.265701E0	4.762347E0	-1.049590E-1
2.299020E0	5.022845E0	-1.816325E-1
2.332339E0	5.119687E0	-2.159183E-1
2.365658E0	5.092592E0	-2.245303E-1
2.398977E0	5.112957E0	-2.052341E-1
2.432296E0	4.963127E0	-2.075294E-1
2.465615E0	4.683747E0	-8.472998E-2
2.498934E0	4.438252E0	9.470851E-2
2.532254E0	4.324015E0	1.687412E-1
2.565573E0	4.415243E0	1.562197E-1
2.598892E0	4.694391E0	7.133892E-2
2.632211E0	5.042588E0	3.446933E-2
2.665530E0	5.300554E0	8.635562E-3
2.698849E0	5.504727E0	-1.528795E-2
2.732168E0	5.632748E0	-5.692007E-2
2.765487E0	5.771074E0	-4.491990E-2
2.798807E0	5.893304E0	-5.378272E-2
2.832126E0	5.917670E0	1.117205E-5
2.865445E0	5.898016E0	-2.580428E-2
2.898764E0	5.878616E0	-5.964286E-2
2.932083E0	5.667977E0	-1.348987E-2
2.965402E0	5.402552E0	1.557361E-2
2.998721E0	5.061144E0	4.632279E-2
3.032040E0	4.806165E0	4.877824E-3
3.065360E0	4.857352E0	3.474100E-2
3.098679E0	5.104047E0	1.158789E-2
3.131998E0	5.550416E0	-8.564442E-3
3.165317E0	5.883013E0	-2.630066E-2
3.198636E0	6.062295E0	-6.490643E-2
3.231955E0	6.205937E0	-6.628569E-2
3.265274E0	6.411836E0	-1.062014E-1
3.298593E0	6.673219E0	-1.738061E-1
3.331913E0	6.807809E0	-1.681572E-1
3.365232E0	6.767742E0	-1.709737E-1
3.398551E0	6.701463E0	-1.668534E-1
3.431870E0	6.586657E0	-1.669730E-1
3.465189E0	6.354341E0	-4.510361E-2
3.498508E0	6.167338E0	1.336676E-1
3.531827E0	6.139091E0	2.204883E-1
3.565146E0	6.231739E0	1.665494E-1
3.598466E0	6.477454E0	1.388075E-1
3.631785E0	6.779959E0	9.868936E-2
3.665104E0	7.026385E0	8.823715E-2
3.698423E0	7.197641E0	3.787683E-2
3.731742E0	7.290667E0	4.867500E-2
3.765061E0	7.319786E0	5.186505E-2
3.798380E0	7.357695E0	6.678070E-2
3.831700E0	7.366153E0	5.892633E-2
3.865019E0	7.342389E0	6.524555E-2
3.898338E0	7.323130E0	3.429744E-2
3.931657E0	7.169600E0	5.408642E-2
3.964976E0	6.936710E0	8.702841E-2
3.998295E0	6.695689E0	1.001470E-1
4.031614E0	6.504797E0	5.798721E-2
4.064933E0	6.532770E0	1.018380E-1
4.098253E0	6.658878E0	7.046005E-2
4.131572E0	7.082592E0	6.301605E-2
4.164891E0	7.488849E0	4.172223E-2
4.198210E0	7.695866E0	3.584276E-2
4.231529E0	7.730458E0	1.429614E-2
4.264848E0	7.777980E0	-3.954438E-2
4.298167E0	7.890572E0	-1.035480E-1
4.331486E0	7.907181E0	-1.122387E-1
4.364806E0	7.898458E0	-1.072663E-1
4.398125E0	7.913659E0	-1.094262E-1
4.431444E0	7.835647E0	-6.658777E-2
4.464763E0	7.586428E0	2.648764E-2
4.498082E0	7.405531E0	2.291428E-1
4.531401E0	7.360424E0	3.113387E-1
4.564720E0	7.432104E0	2.691887E-1
4.598039E0	7.578333E0	2.373693E-1
4.631359E0	7.908614E0	1.680073E-1
4.664678E0	8.219998E0	1.596894E-1
4.697997E0	8.406314E0	1.176651E-1
4.731316E0	8.556526E0	1.047401E-1
4.764635E0	8.717472E0	9.928909E-2
4.797954E0	8.844878E0	1.002182E-1
4.831273E0	8.890122E0	1.542293E-1
4.864592E0	8.894744E0	1.504315E-1
4.897912E0	8.849810E0	1.021789E-1
4.931231E0	8.610084E0	1.271808E-1
4.964550E0	8.280433E0	1.687937E-1
4.997869E0	7.936875E0	1.716507E-1
5.031188E0	7.697452E0	1.094371E-1
5.064507E0	7.740371E0	1.421341E-1
5.097826E0	7.988288E0	1.275278E-1
5.131145E0	8.374012E0	1.144262E-1
5.164465E0	8.487466E0	1.573328E-1
5.197784E0	8.485795E0	1.708559E-1
5.231103E0	8.601219E0	1.451736E-1
5.264422E0	8.653112E0	7.271831E-2
5.297741E0	8.751327E0	5.197497E-2
5.331060E0	8.757168E0	5.212497E-2
5.364379E0	8.738915E0	3.667845E-2
5.397698E0	8.747539E0	6.561032E-2
5.431018E0	8.665888E0	7.606108E-2
5.464337E0	8.442387E0	1.953352E-1
5.497656E0	8.296957E0	3.682262E-1
5.530975E0	8.271645E0	4.761189E-1
5.564294E0	8.381500E0	4.261092E-1
5.597613E0	8.559007E0	3.416172E-1
5.630932E0	8.864098E0	3.279670E-1
5.664251E0	9.072870E0	3.276729E-1
5.697571E0	9.252939E0	2.779449E-1
5.730890E0	9.462975E0	2.280459E-1
5.764209E0	9.622228E0	2.170334E-1
5.797528E0	9.720450E0	1.990802E-1
5.830847E0	9.762780E0	2.140211E-1
5.864166E0	9.719231E0	1.995030E-1
5.897485E0	9.692515E0	1.820295E-1
5.930804E0	9.504283E0	1.878478E-1
5.964124E0	9.151305E0	2.711592E-1
5.997443E0	8.806187E0	2.853469E-1
6.030762E0	8.581167E0	2.535243E-1
6.064081E0	8.590536E0	2.778600E-1
6.097400E0	8.813872E0	2.617805E-1
6.130719E0	9.204279E0	2.287365E-1
6.164038E0	9.518566E0	2.648516E-1
6.197357E0	9.701420E0	2.515013E-1
6.230677E0	9.775876E0	2.079263E-1
6.263996E0	9.828992E0	1.358301E-1
6.297315E0	9.865690E0	9.902936E-2
6.330634E0	9.876085E0	9.270626E-2
6.363953E0	9.865604E0	9.956423E-2
6.397272E0	9.884774E0	9.304514E-2
6.430591E0	9.776563E0	9.751022E-2
6.463910E0	9.494348E0	1.930894E-1
6.497230E0	9.350048E0	3.741213E-1
6.530549E0	9.313982E0	3.968860E-1
6.563868E0	9.449918E0	2.657518E-1
6.597187E0	9.709874E0	1.681023E-1
6.630506E0	1.000315E1	1.577074E-1
6.663825E0	1.013728E1	1.660804E-1
6.697144E0	1.028244E1	1.653834E-1
6.730463E0	1.039005E1	1.466693E-1
6.763783E0	1.046914E1	1.211205E-1
6.797102E0	1.047478E1	1.549398E-1
6.830421E0	1.049032E1	1.684913E-1
6.863740E0	1.046005E1	1.606452E-1
6.897059E0	1.043611E1	1.673376E-1
6.930378E0	1.025802E1	2.048681E-1
6.963697E0	9.947236E0	3.328811E-1
6.997016E0	9.607371E0	3.182319E-1
7.030336E0	9.339898E0	2.571119E-1
7.063655E0	9.360120E0	2.789794E-1
7.096974E0	9.605177E0	2.206458E-1
7.130293E0	1.001356E1	2.276536E-1
7.163612E0	1.030326E1	2.308815E-1
7.196931E0	1.046950E1	2.398648E-1
7.230250E0	1.052725E1	2.063400E-1
7.263570E0	1.057630E1	1.163575E-1
7.296889E0	1.061303E1	1.065661E-1
7.330208E0	1.060298E1	1.185798E-1
7.363527E0	1.060507E1	1.182160E-1
7.396846E0	1.061414E1	1.127272E-1
7.430165E0	1.055856E1	1.250082E-1
7.463484E0	1.034555E1	2.172672E-1
7.496803E0	1.024510E1	4.118491E-1
7.530123E0	1.021125E1	4.602815E-1
7.563442E0	1.029107E1	4.323354E-1
7.596761E0	1.054609E1	3.342080E-1
7.630080E0	1.086561E1	2.546659E-1
7.663399E0	1.105837E1	2.716707E-1
7.696718E0	1.122854E1	2.419780E-1
7.730037E0	1.131558E1	2.333293E-1
7.763356E0	1.136582E1	2.328196E-1
7.796676E0	1.138164E1	2.476227E-1
7.829995E0	1.139133E1	2.368957E-1
7.863314E0	1.138587E1	2.326547E-1
7.896633E0	1.137737E1	2.218119E-1
7.929952E0	1.132941E1	1.995737E-1
7.963271E0	1.122679E1	1.990246E-1
7.996590E0	1.112759E1	1.083502E-1
8.029909E0	1.098749E1	1.169439E-1
8.063229E0	1.094643E1	1.153179E-1
8.096548E0	1.098914E1	1.148581E-1
8.129867E0	1.125561E1	1.274453E-1
8.163186E0	1.161246E1	1.343096E-1
8.196505E0	1.182495E1	1.286678E-1
8.229824E0	1.196795E1	1.281507E-1
8.263143E0	1.211039E1	8.564610E-2
8.296462E0	1.221174E1	4.879742E-2
8.329782E0	1.223970E1	6.167086E-2
8.363101E0	1.223899E1	6.311293E-2
8.396420E0	1.222049E1	4.119282E-2
8.429739E0	1.211327E1	4.411650E-2
8.463058E0	1.187359E1	1.755981E-1
8.496377E0	1.170975E1	3.191345E-1
8.529696E0	1.166201E1	3.285909E-1
8.563015E0	1.171244E1	2.354155E-1
8.596335E0	1.190761E1	1.689256E-1
8.629654E0	1.225658E1	1.148227E-1
8.662973E0	1.253548E1	1.401405E-1
8.696292E0	1.269429E1	1.530642E-1
8.729611E0	1.279598E1	1.268701E-1
8.762930E0	1.291270E1	9.998742E-2
8.796249E0	1.292416E1	1.117568E-1
8.829568E0	1.290237E1	1.574036E-1
8.862888E0	1.291862E1	1.326774E-1
8.896207E0	1.290194E1	1.304850E-1
8.929526E0	1.267860E1	2.253050E-1
8.962845E0	1.240534E1	3.290386E-1
8.996164E0	1.209312E1	3.309235E-1
9.029483E0	1.185419E1	2.852650E-1
9.062802E0	1.187458E1	2.666931E-1
9.096121E0	1.213886E1	2.552488E-1
9.129441E0	1.252368E1	2.342907E-1
9.162760E0	1.283415E1	2.688601E-1
9.196079E0	1.299940E1	2.654692E-1
9.229398E0	1.307670E1	2.158186E-1
9.262717E0	1.313900E1	1.502438E-1
9.296036E0	1.314067E1	1.098593E-1
9.329355E0	1.312249E1	1.196732E-1
9.362674E0	1.312179E1	1.182421E-1
9.395994E0	1.313019E1	1.176388E-1
9.429313E0	1.306688E1	1.532880E-1
9.462632E0	1.283813E1	2.639797E-1
9.495951E0	1.270899E1	4.285560E-1
9.529270E0	1.271503E1	4.724204E-1
9.562589E0	1.284223E1	4.244641E-1
9.595908E0	1.308292E1	3.186172E-1
9.629227E0	1.335324E1	2.708093E-1
9.662547E0	1.349385E1	2.834214E-1
9.695866E0	1.353902E1	2.795220E-1
9.729185E0	1.355993E1	2.697719E-1
9.762504E0	1.361524E1	2.686165E-1
9.795823E0	1.367482E1	2.633790E-1
9.829142E0	1.369986E1	2.813154E-1
9.862461E0	1.367373E1	2.628920E-1
9.895780E0	1.366301E1	2.625419E-1
9.929100E0	1.348308E1	2.898570E-1
9.962419E0	1.314307E1	3.707029E-1
9.995738E0	1.281074E1	4.287388E-1
1.002906E1	1.257510E1	4.046135E-1
1.006238E1	1.254667E1	3.727822E-1
1.009570E1	1.279973E1	3.658945E-1
1.012901E1	1.318508E1	3.424573E-1
1.016233E1	1.344476E1	3.865818E-1
1.019565E1	1.351677E1	4.118429E-1
1.022897E1	1.351792E1	3.895551E-1
1.026229E1	1.354328E1	3.391111E-1
1.029561E1	1.355784E1	2.835888E-1
1.032893E1	1.354894E1	2.903194E-1
1.036225E1	1.355143E1	2.866621E-1
1.039557E1	1.357058E1	2.747896E-1
1.042889E1	1.350457E1	3.064755E-1
1.046221E1	1.327703E1	4.351013E-1
1.049552E1	1.319582E1	5.724146E-1
1.052884E1	1.313287E1	6.349152E-1
1.056216E1	1.321745E1	5.591843E-1
1.059548E1	1.348187E1	4.875010E-1
1.062880E1	1.380035E1	4.159613E-1
1.066212E1	1.398357E1	4.363439E-1
1.069544E1	1.411935E1	3.839503E-1
1.072876E1	1.417443E1	3.739464E-1
1.076208E1	1.417121E1	3.751210E-1
1.079540E1	1.417334E1	3.719024E-1
1.082872E1	1.416342E1	4.006862E-1
1.086204E1	1.419465E1	4.354645E-1
1.089535E1	1.415662E1	3.939922E-1
1.092867E1	1.400352E1	4.076687E-1
1.096199E1	1.369035E1	4.884173E-1
1.099531E1	1.334577E1	5.489115E-1
1.102863E1	1.308545E1	5.168482E-1
1.106195E1	1.309866E1	5.175349E-1
1.109527E1	1.328409E1	5.061699E-1
1.112859E1	1.366103E1	4.813167E-1
1.116191E1	1.394171E1	4.855256E-1
1.119523E1	1.414979E1	4.948813E-1
1.122855E1	1.432097E1	4.761969E-1
1.126186E1	1.443549E1	3.964938E-1
1.129518E1	1.448498E1	3.234538E-1
1.132850E1	1.448890E1	3.150911E-1
1.136182E1	1.447566E1	3.267287E-1
1.139514E1	1.448623E1	3.208396E-1
1.142846E1	1.443985E1	2.856109E-1
1.146178E1	1.426859E1	3.984262E-1
1.149510E1	1.415390E1	6.007982E-1
1.152842E1	1.411640E1	6.087339E-1
1.156174E1	1.422721E1	4.869416E-1
1.159506E1	1.446182E1	4.391715E-1
1.162838E1	1.477588E1	3.749144E-1
1.166169E1	1.493538E1	4.129044E-1
1.169501E1	1.504594E1	4.046151E-1
1.172833E1	1.512016E1	3.919484E-1
1.176165E1	1.514813E1	3.871411E-1
1.179497E1	1.519133E1	4.140792E-1
1.182829E1	1.519135E1	4.204322E-1
1.186161E1	1.518181E1	4.304122E-1
1.189493E1	1.518618E1	4.197206E-1
1.192825E1	1.500831E1	4.506997E-1
1.196157E1	1.466897E1	5.344298E-1
1.199489E1	1.431754E1	6.257063E-1
1.202820E1	1.400899E1	5.942362E-1
1.206152E1	1.397813E1	6.040431E-1
1.209484E1	1.420478E1	5.875959E-1
1.212816E1	1.461053E1	5.355179E-1
1.216148E1	1.490264E1	5.635938E-1
1.219480E1	1.506013E1	5.581173E-1
1.222812E1	1.512115E1	5.389372E-1
1.226144E1	1.509023E1	4.707027E-1
1.229476E1	1.508260E1	4.601126E-1
1.232808E1	1.507853E1	4.724767E-1
1.236140E1	1.507722E1	4.790296E-1
1.239471E1	1.507023E1	4.922666E-1
1.242803E1	1.508912E1	4.773052E-1
1.246135E1	1.512424E1	4.969005E-1
1.249467E1	1.508607E1	6.211216E-1
1.252799E1	1.509122E1	6.079438E-1
1.256131E1	1.504207E1	6.312280E-1
1.259463E1	1.512752E1	6.414021E-1
1.262795E1	1.535897E1	6.045351E-1
1.266127E1	1.560903E1	5.620352E-1
1.269459E1	1.575081E1	4.944933E-1
1.272791E1	1.583228E1	4.820688E-1
1.276123E1	1.586201E1	4.440009E-1
1.279454E1	1.586783E1	4.592525E-1
1.282786E1	1.586183E1	4.702584E-1
1.286118E1	1.585000E1	4.749064E-1
1.289450E1	1.584922E1	4.746020E-1
1.292782E1	1.568633E1	5.305220E-1
1.296114E1	1.531700E1	6.252712E-1
1.299446E1	1.485891E1	7.244804E-1
1.302778E1	1.465309E1	7.773177E-1
1.306110E1	1.466598E1	7.461802E-1
1.309442E1	1.481995E1	7.195338E-1
1.312774E1	1.524580E1	6.533539E-1
1.316105E1	1.560485E1	6.594147E-1
1.319437E1	1.580217E1	6.000457E-1
1.322769E1	1.588892E1	5.959006E-1
1.326101E1	1.594628E1	5.495922E-1
1.329433E1	1.595267E1	5.117595E-1
1.332765E1	1.596242E1	4.980295E-1
1.336097E1	1.594685E1	5.052005E-1
1.339429E1	1.597624E1	4.849048E-1
1.342761E1	1.597187E1	5.130459E-1
1.346093E1	1.590784E1	6.342414E-1
1.349425E1	1.583321E1	7.807543E-1
1.352757E1	1.578112E1	8.049277E-1
1.356088E1	1.579748E1	7.102338E-1
1.359420E1	1.594823E1	6.568718E-1
1.362752E1	1.624615E1	5.951951E-1
1.366084E1	1.649330E1	6.080032E-1
1.369416E1	1.659067E1	6.122989E-1
1.372748E1	1.665256E1	5.811383E-1
1.376080E1	1.663930E1	5.985657E-1
1.379412E1	1.662844E1	5.904000E-1
1.382744E1	1.665609E1	6.071878E-1
1.386076E1	1.665595E1	6.032936E-1
1.389408E1	1.661986E1	5.855928E-1
1.392739E1	1.649025E1	6.371640E-1
1.396071E1	1.613516E1	7.344688E-1
1.399403E1	1.569813E1	8.610749E-1
1.402735E1	1.540726E1	8.610769E-1
1.406067E1	1.535908E1	8.535334E-1
1.409399E1	1.553820E1	8.442766E-1
1.412731E1	1.592219E1	8.072191E-1
1.416063E1	1.623056E1	8.191475E-1
1.419395E1	1.640577E1	8.005257E-1
1.422727E1	1.649536E1	8.070260E-1
1.426059E1	1.651730E1	7.444867E-1
1.429391E1	1.650483E1	7.462894E-1
1.432722E1	1.646274E1	7.435702E-1
1.436054E1	1.646070E1	7.460204E-1
1.439386E1	1.646424E1	7.480712E-1
1.442718E1	1.643685E1	7.588063E-1
1.446050E1	1.623827E1	8.325735E-1
1.449382E1	1.615987E1	1.030115E0
1.452714E1	1.605346E1	1.111433E0
1.456046E1	1.608283E1	1.017579E0
1.459378E1	1.623575E1	9.406032E-1
1.462710E1	1.662144E1	8.688855E-1
1.466042E1	1.693136E1	8.719484E-1
1.469373E1	1.709497E1	8.553807E-1
1.472705E1	1.714221E1	8.285058E-1
1.476037E1	1.717488E1	8.077767E-1
1.479369E1	1.717752E1	8.123729E-1
1.482701E1	1.715644E1	8.286869E-1
1.486033E1	1.715664E1	8.262228E-1
1.489365E1	1.717156E1	7.968823E-1
1.492697E1	1.699762E1	8.273913E-1
1.496029E1	1.668286E1	9.165813E-1
1.499361E1	1.635278E1	9.729093E-1
1.502693E1	1.606395E1	9.744500E-1
1.506025E1	1.600830E1	9.722939E-1
1.509356E1	1.621165E1	9.756026E-1
1.512688E1	1.660458E1	9.411084E-1
1.516020E1	1.689635E1	9.505876E-1
1.519352E1	1.703611E1	9.573243E-1
1.522684E1	1.709948E1	9.260480E-1
1.526016E1	1.714001E1	8.803470E-1
1.529348E1	1.716844E1	8.212899E-1
1.532680E1	1.714954E1	8.480329E-1
1.536012E1	1.714997E1	8.548871E-1
1.539344E1	1.714968E1	8.489316E-1
1.542676E1	1.709364E1	8.003710E-1
1.546007E1	1.689061E1	8.156891E-1
1.549339E1	1.676721E1	1.020580E0
1.552671E1	1.671191E1	1.159358E0
1.556003E1	1.676589E1	1.172998E0
1.559335E1	1.693127E1	1.049281E0
1.562667E1	1.730276E1	9.703505E-1
1.565999E1	1.758944E1	9.698155E-1
1.569331E1	1.777688E1	9.515282E-1
1.572663E1	1.785897E1	9.354887E-1
1.575995E1	1.792441E1	9.028178E-1
1.579327E1	1.790892E1	9.295024E-1
1.582658E1	1.795548E1	9.477506E-1
1.585990E1	1.793922E1	9.120343E-1
1.589322E1	1.790056E1	9.274621E-1
1.592654E1	1.779623E1	8.960924E-1
1.595986E1	1.747147E1	9.760221E-1
1.599318E1	1.709390E1	1.023705E0
1.602650E1	1.680293E1	1.043639E0
1.605982E1	1.676300E1	1.027327E0
1.609314E1	1.692023E1	1.023432E0
1.612646E1	1.729945E1	9.829455E-1
1.615978E1	1.759368E1	9.878430E-1
1.619310E1	1.773951E1	1.000910E0
1.622641E1	1.780600E1	9.793656E-1
1.625973E1	1.779232E1	9.318899E-1
1.629305E1	1.781041E1	9.060483E-1
1.632637E1	1.779691E1	9.243798E-1
1.635969E1	1.778913E1	9.313665E-1
1.639301E1	1.779654E1	9.290052E-1
1.642633E1	1.780517E1	9.265466E-1
1.645965E1	1.764144E1	1.044629E0
1.649297E1	1.752891E1	1.215540E0
1.652629E1	1.743337E1	1.299769E0
1.655961E1	1.747170E1	1.237755E0
1.659292E1	1.765181E1	1.120553E0
1.662624E1	1.801801E1	1.067939E0
1.665956E1	1.833041E1	1.085710E0
1.669288E1	1.849164E1	1.087828E0
1.672620E1	1.852125E1	1.030075E0
1.675952E1	1.851027E1	1.050762E0
1.679284E1	1.856725E1	1.071334E0
1.682616E1	1.857785E1	1.073384E0
1.685948E1	1.855968E1	1.081141E0
1.689280E1	1.851283E1	1.057460E0
1.692612E1	1.840459E1	1.047541E0
1.695944E1	1.814344E1	1.093663E0
1.699275E1	1.781476E1	1.134603E0
1.702607E1	1.751703E1	1.138505E0
1.705939E1	1.740924E1	1.138582E0
1.709271E1	1.745016E1	1.129944E0
1.712603E1	1.770185E1	1.106033E0
1.715935E1	1.814344E1	1.124085E0
1.719267E1	1.851860E1	1.091930E0
1.722599E1	1.880192E1	1.030365E0
1.725931E1	1.895103E1	1.028902E0
1.729263E1	1.900974E1	1.007467E0
1.732595E1	1.899418E1	9.843953E-1
1.735926E1	1.900787E1	9.752684E-1
1.739258E1	1.899869E1	9.818428E-1
1.742590E1	1.894519E1	9.855893E-1
1.745922E1	1.879440E1	1.084892E0
1.749254E1	1.864390E1	1.237237E0
1.752586E1	1.855212E1	1.316654E0
1.755918E1	1.856493E1	1.202794E0
1.759250E1	1.872941E1	1.098962E0
1.762582E1	1.910147E1	1.049197E0
1.765914E1	1.937774E1	1.098914E0
1.769246E1	1.941582E1	1.105212E0
1.772578E1	1.942920E1	1.068579E0
1.775909E1	1.944871E1	1.061262E0
1.779241E1	1.953736E1	1.105311E0
1.782573E1	1.955527E1	1.093043E0
1.785905E1	1.953979E1	1.091083E0
1.789237E1	1.950570E1	1.062637E0
1.792569E1	1.937892E1	1.075553E0
1.795901E1	1.911329E1	1.139381E0
1.799233E1	1.879587E1	1.170004E0
1.802565E1	1.851621E1	1.142548E0
1.805897E1	1.846379E1	1.138900E0
1.809229E1	1.862214E1	1.136923E0
1.812560E1	1.897999E1	1.105978E0
1.815892E1	1.929613E1	1.127263E0
1.819224E1	1.941612E1	1.165492E0
1.822556E1	1.943548E1	1.143522E0
1.825888E1	1.950075E1	1.054085E0
1.829220E1	1.956335E1	1.012182E0
1.832552E1	1.959022E1	1.033455E0
1.835884E1	1.955706E1	1.028704E0
1.839216E1	1.959645E1	1.040431E0
1.842548E1	1.961193E1	1.051299E0
1.845880E1	1.951774E1	1.188478E0
1.849212E1	1.946657E1	1.439354E0
1.852543E1	1.949674E1	1.460901E0
1.855875E1	1.953437E1	1.378730E0
1.859207E1	1.967348E1	1.287824E0
1.862539E1	1.999826E1	1.248854E0
1.865871E1	2.030194E1	1.286299E0
1.869203E1	2.042035E1	1.243680E0
1.872535E1	2.045537E1	1.220997E0
1.875867E1	2.046872E1	1.233988E0
1.879199E1	2.048176E1	1.233286E0
1.882531E1	2.050421E1	1.262487E0
1.885863E1	2.049138E1	1.234502E0
1.889194E1	2.046438E1	1.247979E0
1.892526E1	2.037949E1	1.223611E0
1.895858E1	2.010061E1	1.267133E0
1.899190E1	1.992298E1	1.289811E0
1.902522E1	1.980166E1	1.208427E0
1.905854E1	1.977512E1	1.109049E0
1.909186E1	1.997594E1	1.136288E0
1.912518E1	2.026212E1	1.201666E0
1.915850E1	2.051623E1	1.315581E0
1.919182E1	2.064386E1	1.364034E0
1.922514E1	2.071875E1	1.372603E0
1.925845E1	2.073876E1	1.348218E0
1.929177E1	2.065402E1	1.306891E0
1.932509E1	2.058345E1	1.285212E0
1.935841E1	2.057678E1	1.236190E0
1.939173E1	2.051790E1	1.209258E0
1.942505E1	2.051424E1	1.215267E0
1.945837E1	2.057428E1	1.305505E0
1.949169E1	2.055115E1	1.343076E0
1.952501E1	2.057417E1	1.312941E0
1.955833E1	2.062528E1	1.301001E0
1.959165E1	2.070927E1	1.281219E0
1.962497E1	2.070895E1	1.297748E0
1.965828E1	2.074168E1	1.340575E0
1.969160E1	2.094538E1	1.286359E0
1.972492E1	2.111619E1	1.198439E0
1.975824E1	2.127547E1	1.162219E0
1.979156E1	2.132951E1	1.157622E0
1.982488E1	2.130539E1	1.159323E0
1.985820E1	2.128652E1	1.157163E0
1.989152E1	2.127232E1	1.164143E0
1.992484E1	2.114743E1	1.253585E0
1.995816E1	2.084805E1	1.367924E0
1.999148E1	2.049264E1	1.403381E0
2.002479E1	2.026299E1	1.423205E0
2.005811E1	2.020379E1	1.389669E0
2.009143E1	2.025750E1	1.375854E0
2.012475E1	2.058414E1	1.342411E0
2.015807E1	2.097018E1	1.344385E0
2.019139E1	2.129928E1	1.352637E0
2.022471E1	2.145428E1	1.338890E0
2.025803E1	2.151298E1	1.275262E0
2.029135E1	2.160173E1	1.218037E0
2.032467E1	2.160294E1	1.223236E0
2.035799E1	2.159782E1	1.241947E0
2.039131E1	2.161548E1	1.225455E0
2.042462E1	2.160662E1	1.229090E0
2.045794E1	2.153460E1	1.362422E0
2.049126E1	2.145339E1	1.552145E0
2.052458E1	2.141567E1	1.618398E0
2.055790E1	2.144581E1	1.532023E0
2.059122E1	2.155095E1	1.362848E0
2.062454E1	2.187424E1	1.302362E0
2.065786E1	2.208686E1	1.357672E0
2.069118E1	2.218566E1	1.357919E0
2.072450E1	2.227852E1	1.313688E0
2.075782E1	2.231392E1	1.314307E0
2.079113E1	2.227488E1	1.357259E0
2.082445E1	2.228600E1	1.406989E0
2.085777E1	2.230732E1	1.398150E0
2.089109E1	2.231683E1	1.355457E0
2.092441E1	2.223612E1	1.306356E0
2.095773E1	2.198846E1	1.279811E0
2.099105E1	2.164713E1	1.285577E0
2.102437E1	2.134460E1	1.283167E0
2.105769E1	2.122071E1	1.261423E0
2.109101E1	2.137214E1	1.208482E0
2.112433E1	2.175884E1	1.154032E0
2.115765E1	2.210136E1	1.151829E0
2.119096E1	2.226628E1	1.185399E0
2.122428E1	2.232572E1	1.152735E0
2.125760E1	2.238300E1	1.094793E0
2.129092E1	2.241581E1	1.029422E0
2.132424E1	2.241731E1	1.022751E0
2.135756E1	2.241629E1	1.031407E0
2.139088E1	2.242549E1	1.025883E0
2.142420E1	2.242037E1	1.030991E0
2.145752E1	2.242878E1	1.039964E0
2.149084E1	2.242894E1	1.091924E0
2.152416E1	2.243809E1	1.173846E0
2.155747E1	2.241202E1	1.244809E0
2.159079E1	2.245017E1	1.250647E0
2.162411E1	2.268282E1	1.259225E0
2.165743E1	2.300819E1	1.317879E0
2.169075E1	2.323033E1	1.334192E0
2.172407E1	2.329381E1	1.300251E0
2.175739E1	2.338512E1	1.302366E0
2.179071E1	2.342140E1	1.331804E0
2.182403E1	2.340622E1	1.332455E0
2.185735E1	2.340907E1	1.351759E0
2.189067E1	2.340545E1	1.343926E0
2.192399E1	2.328831E1	1.258203E0
2.195730E1	2.301537E1	1.281297E0
2.199062E1	2.250534E1	1.431069E0
2.202394E1	2.209572E1	1.529923E0
2.205726E1	2.186166E1	1.567659E0
2.209058E1	2.188908E1	1.559879E0
2.212390E1	2.216327E1	1.571559E0
2.215722E1	2.261997E1	1.511977E0
2.219054E1	2.297117E1	1.440989E0
2.222386E1	2.303476E1	1.457650E0
2.225718E1	2.303634E1	1.419180E0
2.229050E1	2.301704E1	1.384076E0
2.232381E1	2.299665E1	1.377845E0
2.235713E1	2.301805E1	1.373121E0
2.239045E1	2.305979E1	1.416003E0
2.242377E1	2.306008E1	1.458408E0
2.245709E1	2.304450E1	1.577391E0
2.249041E1	2.305431E1	1.781528E0
2.252373E1	2.302474E1	1.801206E0
2.255705E1	2.296696E1	1.742486E0
2.259037E1	2.295594E1	1.703529E0
2.262369E1	2.317638E1	1.707274E0
2.265701E1	2.359072E1	1.757169E0
2.269032E1	2.386951E1	1.799206E0
2.272364E1	2.397939E1	1.743711E0
2.275696E1	2.403958E1	1.752290E0
2.279028E1	2.402449E1	1.839279E0
2.282360E1	2.404414E1	1.853298E0
2.285692E1	2.404617E1	1.816153E0
2.289024E1	2.403774E1	1.789237E0
2.292356E1	2.399060E1	1.692460E0
2.295688E1	2.378466E1	1.690873E0
2.299020E1	2.347263E1	1.676638E0
2.302352E1	2.318377E1	1.701453E0
2.305684E1	2.305414E1	1.679799E0
2.309015E1	2.318213E1	1.634140E0
2.312347E1	2.356196E1	1.585922E0
2.315679E1	2.389719E1	1.572967E0
2.319011E1	2.405489E1	1.600073E0
2.322343E1	2.411239E1	1.576300E0
2.325675E1	2.413255E1	1.532012E0
2.329007E1	2.414835E1	1.459237E0
2.332339E1	2.412426E1	1.445962E0
2.335671E1	2.411052E1	1.478700E0
2.339003E1	2.413770E1	1.535156E0
2.342335E1	2.415571E1	1.540957E0
2.345666E1	2.411351E1	1.609203E0
2.348998E1	2.412699E1	1.774640E0
2.352330E1	2.409288E1	1.845966E0
2.355662E1	2.403129E1	1.905294E0
2.358994E1	2.407335E1	1.848813E0
2.362326E1	2.438068E1	1.819916E0
2.365658E1	2.476634E1	1.845336E0
2.368990E1	2.483887E1	1.841809E0
2.372322E1	2.481524E1	1.831117E0
2.375654E1	2.490904E1	1.824870E0
2.378986E1	2.497160E1	1.893431E0
2.382318E1	2.498075E1	1.973761E0
2.385649E1	2.497025E1	1.905981E0
2.388981E1	2.495101E1	1.806549E0
2.392313E1	2.487765E1	1.761635E0
2.395645E1	2.464364E1	1.688451E0
2.398977E1	2.431863E1	1.640372E0
2.402309E1	2.405166E1	1.630418E0
2.405641E1	2.392885E1	1.623879E0
2.408973E1	2.404770E1	1.578041E0
2.412305E1	2.441233E1	1.572048E0
2.415637E1	2.474940E1	1.615389E0
2.418969E1	2.495221E1	1.637206E0
2.422300E1	2.500530E1	1.638644E0
2.425632E1	2.502368E1	1.629194E0
2.428964E1	2.500195E1	1.594977E0
2.432296E1	2.493058E1	1.533182E0
2.435628E1	2.494782E1	1.550514E0
2.438960E1	2.497892E1	1.535216E0
2.442292E1	2.497224E1	1.562575E0
2.445624E1	2.491342E1	1.676487E0
2.448956E1	2.485829E1	1.921251E0
2.452288E1	2.481536E1	2.012025E0
2.455620E1	2.480703E1	1.950533E0
2.458952E1	2.485417E1	1.869846E0
2.462283E1	2.512727E1	1.848492E0
2.465615E1	2.551300E1	1.881394E0
2.468947E1	2.574187E1	1.848947E0
2.472279E1	2.588557E1	1.801288E0
2.475611E1	2.601659E1	1.777991E0
2.478943E1	2.606321E1	1.831746E0
2.482275E1	2.606077E1	1.854895E0
2.485607E1	2.605245E1	1.851474E0
2.488939E1	2.601927E1	1.806648E0
2.492271E1	2.590149E1	1.821631E0
2.495603E1	2.562292E1	1.865425E0
2.498934E1	2.529789E1	1.855247E0
2.502266E1	2.506274E1	1.852217E0
2.505598E1	2.492379E1	1.831570E0
2.508930E1	2.503863E1	1.828882E0
2.512262E1	2.540715E1	1.827829E0
2.515594E1	2.573776E1	1.849105E0
2.518926E1	2.592849E1	1.867172E0
2.522258E1	2.601850E1	1.818241E0
2.525590E1	2.606293E1	1.765212E0
2.528922E1	2.605901E1	1.749861E0
2.532254E1	2.605815E1	1.748098E0
2.535586E1	2.605559E1	1.749463E0
2.538917E1	2.603977E1	1.761472E0
2.542249E1	2.608123E1	1.744903E0
2.545581E1	2.598958E1	1.853454E0
2.548913E1	2.589003E1	2.062771E0
2.552245E1	2.591414E1	2.162914E0
2.555577E1	2.585434E1	2.180688E0
2.558909E1	2.595711E1	2.108480E0
2.562241E1	2.622446E1	2.061256E0
2.565573E1	2.649511E1	2.069240E0
2.568905E1	2.666293E1	2.039711E0
2.572237E1	2.681205E1	2.016902E0
2.575568E1	2.691168E1	1.976327E0
2.578900E1	2.695116E1	1.955760E0
2.582232E1	2.703090E1	1.995894E0
2.585564E1	2.703620E1	1.977221E0
2.588896E1	2.702862E1	1.978138E0
2.592228E1	2.698931E1	1.972515E0
2.595560E1	2.684178E1	1.955781E0
2.598892E1	2.668832E1	1.931688E0
2.602224E1	2.660564E1	1.850954E0
2.605556E1	2.655574E1	1.826405E0
2.608888E1	2.666264E1	1.844797E0
2.612219E1	2.692366E1	1.860392E0
2.615551E1	2.721060E1	1.875271E0
2.618883E1	2.737722E1	1.914241E0
2.622215E1	2.742652E1	1.948688E0
2.625547E1	2.754430E1	1.911580E0
2.628879E1	2.765299E1	1.848433E0
2.632211E1	2.760930E1	1.793316E0
2.635543E1	2.754913E1	1.784929E0
2.638875E1	2.749976E1	1.784379E0
2.642207E1	2.741981E1	1.823942E0
2.645539E1	2.738814E1	1.883385E0
2.648871E1	2.726630E1	1.957780E0
2.652202E1	2.707126E1	2.021561E0
2.655534E1	2.698768E1	1.936149E0
2.658866E1	2.698863E1	1.868490E0
2.662198E1	2.703737E1	1.855542E0
2.665530E1	2.713296E1	1.914186E0
2.668862E1	2.741581E1	1.877569E0
2.672194E1	2.781162E1	1.801143E0
2.675526E1	2.800617E1	1.795368E0
2.678858E1	2.806270E1	1.796607E0
2.682190E1	2.807606E1	1.793704E0
2.685522E1	2.807446E1	1.794567E0
2.688853E1	2.804846E1	1.808223E0
2.692185E1	2.791614E1	1.824472E0
2.695517E1	2.765721E1	1.883727E0
2.698849E1	2.728185E1	1.945184E0
2.702181E1	2.707572E1	1.979290E0
2.705513E1	2.698393E1	1.927550E0
2.708845E1	2.710217E1	1.912744E0
2.712177E1	2.737284E1	1.878464E0
2.715509E1	2.754072E1	1.907803E0
2.718841E1	2.768437E1	1.940215E0
2.722173E1	2.776924E1	1.896439E0
2.725505E1	2.783560E1	1.872092E0
2.728836E1	2.787329E1	1.827408E0
2.732168E1	2.782906E1	1.830157E0
2.735500E1	2.782232E1	1.835675E0
2.738832E1	2.781203E1	1.843121E0
2.742164E1	2.778732E1	1.804523E0
2.745496E1	2.768545E1	1.810220E0
2.748828E1	2.760256E1	1.950537E0
2.752160E1	2.753885E1	2.102343E0
2.755492E1	2.752814E1	2.066649E0
2.758824E1	2.763037E1	1.990756E0
2.762156E1	2.792376E1	1.926609E0
2.765487E1	2.825324E1	1.944745E0
2.768819E1	2.843907E1	1.966380E0
2.772151E1	2.849242E1	1.933427E0
2.775483E1	2.851114E1	1.899735E0
2.778815E1	2.853276E1	1.900651E0
2.782147E1	2.856545E1	1.921554E0
2.785479E1	2.856011E1	1.921771E0
2.788811E1	2.852351E1	1.901721E0
2.792143E1	2.841023E1	1.891339E0
2.795475E1	2.811071E1	1.971566E0
2.798807E1	2.773379E1	1.964506E0
2.802139E1	2.748688E1	1.935622E0
2.805470E1	2.732750E1	1.939148E0
2.808802E1	2.741224E1	1.958143E0
2.812134E1	2.778926E1	1.913369E0
2.815466E1	2.816345E1	1.965836E0
2.818798E1	2.840731E1	1.958666E0
2.822130E1	2.849048E1	1.967751E0
2.825462E1	2.852030E1	1.898933E0
2.828794E1	2.850595E1	1.890030E0
2.832126E1	2.850852E1	1.892121E0
2.835458E1	2.849091E1	1.912940E0
2.838790E1	2.851131E1	1.899774E0
2.842121E1	2.856547E1	1.903215E0
2.845453E1	2.850972E1	1.989819E0
2.848785E1	2.843577E1	2.096761E0
2.852117E1	2.839742E1	2.168501E0
2.855449E1	2.844396E1	2.174242E0
2.858781E1	2.853964E1	2.142588E0
2.862113E1	2.877321E1	2.063116E0
2.865445E1	2.900179E1	1.992379E0
2.868777E1	2.909619E1	1.977138E0
2.872109E1	2.920085E1	1.961293E0
2.875441E1	2.921166E1	1.954883E0
2.878773E1	2.915990E1	1.965080E0
2.882104E1	2.914936E1	1.974517E0
2.885436E1	2.916011E1	1.965676E0
2.888768E1	2.909814E1	1.976537E0
2.892100E1	2.902798E1	2.029470E0
2.895432E1	2.884925E1	2.063727E0
2.898764E1	2.849895E1	2.113892E0
2.902096E1	2.818378E1	2.132672E0
2.905428E1	2.802213E1	2.165647E0
2.908760E1	2.803559E1	2.115661E0
2.912092E1	2.828817E1	2.140120E0
2.915424E1	2.866998E1	2.136165E0
2.918755E1	2.896761E1	2.114516E0
2.922087E1	2.905745E1	2.125563E0
2.925419E1	2.905822E1	2.104412E0
2.928751E1	2.899172E1	2.091936E0
2.932083E1	2.893478E1	2.091615E0
2.935415E1	2.893806E1	2.085135E0
2.938747E1	2.895621E1	2.071572E0
2.942079E1	2.893841E1	2.088272E0
2.945411E1	2.889982E1	2.175274E0
2.948743E1	2.883388E1	2.381142E0
2.952075E1	2.882471E1	2.443504E0
2.955406E1	2.879441E1	2.370714E0
2.958738E1	2.890422E1	2.288536E0
2.962070E1	2.917110E1	2.276145E0
2.965402E1	2.930113E1	2.355875E0
2.968734E1	2.931664E1	2.324144E0
2.972066E1	2.942666E1	2.245131E0
2.975398E1	2.946970E1	2.291731E0
2.978730E1	2.954430E1	2.282477E0
2.982062E1	2.954722E1	2.285826E0
2.985394E1	2.953832E1	2.292022E0
2.988726E1	2.950660E1	2.274153E0
2.992058E1	2.936953E1	2.335394E0
2.995389E1	2.910919E1	2.430190E0
2.998721E1	2.877542E1	2.480394E0
3.002053E1	2.855526E1	2.496384E0
3.005385E1	2.844914E1	2.457087E0
3.008717E1	2.855600E1	2.492252E0
3.012049E1	2.887682E1	2.448537E0
3.015381E1	2.912209E1	2.442893E0
3.018713E1	2.924895E1	2.475981E0
3.022045E1	2.927499E1	2.461982E0
3.025377E1	2.929025E1	2.428678E0
3.028709E1	2.923794E1	2.377735E0
3.032040E1	2.915730E1	2.390370E0
3.035372E1	2.921017E1	2.392712E0
3.038704E1	2.921552E1	2.396693E0
3.042036E1	2.921461E1	2.397529E0
3.045368E1	2.917487E1	2.480883E0
3.048700E1	2.915421E1	2.772317E0
3.052032E1	2.912094E1	2.885164E0
3.055364E1	2.909632E1	2.901663E0
3.058696E1	2.910179E1	2.793361E0
3.062028E1	2.934708E1	2.703565E0
3.065360E1	2.973377E1	2.738658E0
3.068692E1	2.999377E1	2.711529E0
3.072023E1	3.008621E1	2.656995E0
3.075355E1	3.017012E1	2.627578E0
3.078687E1	3.020610E1	2.622565E0
3.082019E1	3.021043E1	2.619295E0
3.085351E1	3.020819E1	2.602931E0
3.088683E1	3.017792E1	2.632998E0
3.092015E1	3.012351E1	2.608910E0
3.095347E1	2.980464E1	2.708822E0
3.098679E1	2.936243E1	2.775856E0
3.102011E1	2.902657E1	2.802773E0
3.105343E1	2.889703E1	2.746921E0
3.108674E1	2.899981E1	2.747473E0
3.112006E1	2.935550E1	2.695908E0
3.115338E1	2.969455E1	2.711159E0
3.118670E1	2.992178E1	2.711629E0
3.122002E1	3.003384E1	2.698042E0
3.125334E1	3.014514E1	2.642567E0
3.128666E1	3.023834E1	2.626944E0
3.131998E1	3.025161E1	2.572491E0
3.135330E1	3.026249E1	2.559341E0
3.138662E1	3.024695E1	2.567256E0
3.141994E1	3.023967E1	2.568590E0
3.145326E1	3.013092E1	2.607012E0
3.148657E1	3.001944E1	2.785104E0
3.151989E1	3.003315E1	2.987213E0
3.155321E1	2.998865E1	3.036731E0
3.158653E1	3.008277E1	2.978990E0
3.161985E1	3.035947E1	2.877317E0
3.165317E1	3.064898E1	2.828834E0
3.168649E1	3.086396E1	2.832814E0
3.171981E1	3.100333E1	2.858018E0
3.175313E1	3.111878E1	2.797554E0
3.178645E1	3.122000E1	2.768997E0
3.181977E1	3.126020E1	2.790896E0
3.185308E1	3.127888E1	2.784082E0
3.188640E1	3.124320E1	2.759294E0
3.191972E1	3.113756E1	2.715354E0
3.195304E1	3.098309E1	2.760167E0
3.198636E1	3.078302E1	2.772204E0
3.201968E1	3.063659E1	2.764547E0
3.205300E1	3.049153E1	2.704654E0
3.208632E1	3.048735E1	2.711761E0
3.211964E1	3.078199E1	2.716888E0
3.215296E1	3.116389E1	2.768398E0
3.218628E1	3.139487E1	2.769041E0
3.221959E1	3.150185E1	2.751067E0
3.225291E1	3.160336E1	2.722972E0
3.228623E1	3.162983E1	2.655438E0
3.231955E1	3.157981E1	2.651712E0
3.235287E1	3.155651E1	2.664127E0
3.238619E1	3.160595E1	2.656725E0
3.241951E1	3.159664E1	2.661690E0
3.245283E1	3.151637E1	2.666877E0
3.248615E1	3.144362E1	2.873385E0
3.251947E1	3.138492E1	3.001202E0
3.255279E1	3.132674E1	2.992212E0
3.258611E1	3.128997E1	2.847945E0
3.261942E1	3.135420E1	2.818650E0
3.265274E1	3.143364E1	2.854022E0
3.268606E1	3.167058E1	2.800396E0
3.271938E1	3.210670E1	2.793335E0
3.275270E1	3.247622E1	2.795237E0
3.278602E1	3.269747E1	2.825179E0
3.281934E1	3.271118E1	2.813747E0
3.285266E1	3.268755E1	2.832413E0
3.288598E1	3.266153E1	2.789681E0
3.291930E1	3.248225E1	2.801394E0
3.295262E1	3.215093E1	2.881126E0
3.298593E1	3.173900E1	2.839395E0
3.301925E1	3.155138E1	2.835109E0
3.305257E1	3.143821E1	2.803500E0
3.308589E1	3.151192E1	2.813942E0
3.311921E1	3.182167E1	2.824361E0
3.315253E1	3.209269E1	2.879832E0
3.318585E1	3.225561E1	2.892373E0
3.321917E1	3.236467E1	2.884036E0
3.325249E1	3.239821E1	2.825954E0
3.328581E1	3.241429E1	2.847204E0
3.331913E1	3.242261E1	2.841868E0
3.335245E1	3.241149E1	2.845331E0
3.338576E1	3.243564E1	2.836057E0
3.341908E1	3.243313E1	2.817703E0
3.345240E1	3.235311E1	2.891536E0
3.348572E1	3.229908E1	3.005406E0
3.351904E1	3.231060E1	3.048429E0
3.355236E1	3.226824E1	2.967426E0
3.358568E1	3.236518E1	2.935652E0
3.361900E1	3.267490E1	2.903118E0
3.365232E1	3.297386E1	2.904405E0
3.368564E1	3.313552E1	2.884822E0
3.371896E1	3.321037E1	2.823104E0
3.375227E1	3.324945E1	2.835779E0
3.378559E1	3.326623E1	2.815085E0
3.381891E1	3.324104E1	2.833343E0
3.385223E1	3.324845E1	2.844013E0
3.388555E1	3.323821E1	2.837304E0
3.391887E1	3.312752E1	2.821404E0
3.395219E1	3.282482E1	2.877254E0
3.398551E1	3.244335E1	2.880520E0
3.401883E1	3.221829E1	2.880431E0
3.405215E1	3.205837E1	2.867793E0
3.408547E1	3.208544E1	2.900149E0
3.411879E1	3.238709E1	2.839344E0
3.415210E1	3.274222E1	2.896033E0
3.418542E1	3.297195E1	2.893746E0
3.421874E1	3.308206E1	2.878777E0
3.425206E1	3.314614E1	2.801390E0
3.428538E1	3.319042E1	2.717407E0
3.431870E1	3.318501E1	2.696151E0
3.435202E1	3.318325E1	2.692607E0
3.438534E1	3.317838E1	2.709397E0
3.441866E1	3.319565E1	2.672654E0
3.445198E1	3.313538E1	2.738250E0
3.448530E1	3.309069E1	2.913017E0
3.451861E1	3.317239E1	3.069652E0
3.455193E1	3.308958E1	3.044347E0
3.458525E1	3.313178E1	3.008393E0
3.461857E1	3.334254E1	2.993051E0
3.465189E1	3.372104E1	2.948393E0
3.468521E1	3.399496E1	2.944178E0
3.471853E1	3.413026E1	2.894596E0
3.475185E1	3.422524E1	2.889773E0
3.478517E1	3.427273E1	2.894544E0
3.481849E1	3.423319E1	2.905423E0
3.485181E1	3.426267E1	2.933103E0
3.488513E1	3.422227E1	2.900114E0
3.491844E1	3.410261E1	2.895294E0
3.495176E1	3.384554E1	2.956142E0
3.498508E1	3.353530E1	2.918610E0
3.501840E1	3.333296E1	2.912335E0
3.505172E1	3.318072E1	2.857712E0
3.508504E1	3.320698E1	2.864655E0
3.511836E1	3.349218E1	2.890329E0
3.515168E1	3.384869E1	2.897496E0
3.518500E1	3.407512E1	2.920171E0
3.521832E1	3.418228E1	2.921606E0
3.525164E1	3.427488E1	2.909205E0
3.528495E1	3.432603E1	2.857101E0
3.531827E1	3.432483E1	2.815522E0
3.535159E1	3.432612E1	2.822200E0
3.538491E1	3.432943E1	2.820859E0
3.541823E1	3.429601E1	2.819210E0
3.545155E1	3.422968E1	2.887880E0
3.548487E1	3.413334E1	3.026411E0
3.551819E1	3.405405E1	3.127362E0
3.555151E1	3.399518E1	3.071892E0
3.558483E1	3.409273E1	2.956069E0
3.561815E1	3.438292E1	2.915743E0
3.565146E1	3.469927E1	2.959690E0
3.568478E1	3.475137E1	3.005690E0
3.571810E1	3.466049E1	2.949017E0
3.575142E1	3.475062E1	2.903235E0
3.578474E1	3.489663E1	2.922534E0
3.581806E1	3.496011E1	2.962516E0
3.585138E1	3.498950E1	2.935898E0
3.588470E1	3.494223E1	2.903559E0
3.591802E1	3.478479E1	2.899196E0
3.595134E1	3.449012E1	2.965602E0
3.598466E1	3.411094E1	2.976791E0
3.601798E1	3.391457E1	2.935439E0
3.605129E1	3.380868E1	2.895413E0
3.608461E1	3.387860E1	2.943963E0
3.611793E1	3.417304E1	2.926032E0
3.615125E1	3.441104E1	2.979031E0
3.618457E1	3.454632E1	3.035005E0
3.621789E1	3.460590E1	3.010792E0
3.625121E1	3.472854E1	2.955285E0
3.628453E1	3.486036E1	2.951954E0
3.631785E1	3.483553E1	2.905907E0
3.635117E1	3.486381E1	2.933797E0
3.638449E1	3.487574E1	2.930988E0
3.641780E1	3.483183E1	2.934804E0
3.645112E1	3.473018E1	2.973313E0
3.648444E1	3.464822E1	3.157712E0
3.651776E1	3.461286E1	3.210574E0
3.655108E1	3.456987E1	3.160314E0
3.658440E1	3.459903E1	3.116466E0
3.661772E1	3.488245E1	3.086201E0
3.665104E1	3.523324E1	3.130695E0
3.668436E1	3.538705E1	3.112410E0
3.671768E1	3.544610E1	3.080400E0
3.675100E1	3.545906E1	3.073697E0
3.678432E1	3.548518E1	3.080301E0
3.681763E1	3.553220E1	3.098558E0
3.685095E1	3.555435E1	3.083953E0
3.688427E1	3.548046E1	3.092701E0
3.691759E1	3.543153E1	3.062797E0
3.695091E1	3.525957E1	3.111964E0
3.698423E1	3.499164E1	3.145369E0
3.701755E1	3.481959E1	3.200511E0
3.705087E1	3.468890E1	3.180930E0
3.708419E1	3.476517E1	3.168355E0
3.711751E1	3.507507E1	3.163253E0
3.715083E1	3.535492E1	3.192174E0
3.718414E1	3.553248E1	3.193809E0
3.721746E1	3.564968E1	3.190659E0
3.725078E1	3.568417E1	3.155686E0
3.728410E1	3.566346E1	3.082433E0
3.731742E1	3.563988E1	3.098719E0
3.735074E1	3.564418E1	3.095791E0
3.738406E1	3.565363E1	3.088940E0
3.741738E1	3.563387E1	3.077666E0
3.745070E1	3.558701E1	3.085910E0
3.748402E1	3.543229E1	3.144222E0
3.751734E1	3.531746E1	3.298746E0
3.755066E1	3.526968E1	3.428389E0
3.758397E1	3.536790E1	3.439792E0
3.761729E1	3.563882E1	3.340940E0
3.765061E1	3.594174E1	3.295223E0
3.768393E1	3.615368E1	3.311308E0
3.771725E1	3.631311E1	3.310815E0
3.775057E1	3.642176E1	3.276884E0
3.778389E1	3.647813E1	3.260842E0
3.781721E1	3.650671E1	3.301941E0
3.785053E1	3.651039E1	3.308157E0
3.788385E1	3.647399E1	3.273917E0
3.791717E1	3.635533E1	3.268570E0
3.795048E1	3.603181E1	3.337664E0
3.798380E1	3.567450E1	3.336839E0
3.801712E1	3.549028E1	3.331548E0
3.805044E1	3.537101E1	3.323089E0
3.808376E1	3.542702E1	3.345880E0
3.811708E1	3.575817E1	3.321223E0
3.815040E1	3.604203E1	3.324948E0
3.818372E1	3.623028E1	3.339688E0
3.821704E1	3.632447E1	3.342587E0
3.825036E1	3.633373E1	3.278454E0
3.828368E1	3.634260E1	3.232121E0
3.831700E1	3.634666E1	3.224248E0
3.835031E1	3.633894E1	3.228226E0
3.838363E1	3.631629E1	3.202143E0
3.841695E1	3.633291E1	3.207958E0
3.845027E1	3.628703E1	3.263760E0
3.848359E1	3.623483E1	3.456518E0
3.851691E1	3.634225E1	3.627057E0
3.855023E1	3.633743E1	3.663534E0
3.858355E1	3.640535E1	3.499204E0
3.861687E1	3.666685E1	3.438536E0
3.865019E1	3.698757E1	3.488713E0
3.868351E1	3.719764E1	3.515772E0
3.871682E1	3.731944E1	3.531879E0
3.875014E1	3.741291E1	3.489152E0
3.878346E1	3.743063E1	3.452025E0
3.881678E1	3.745404E1	3.465470E0
3.885010E1	3.748232E1	3.491884E0
3.888342E1	3.742859E1	3.474613E0
3.891674E1	3.731908E1	3.452611E0
3.895006E1	3.705484E1	3.494389E0
3.898338E1	3.672801E1	3.480875E0
3.901670E1	3.649861E1	3.496921E0
3.905002E1	3.639900E1	3.476058E0
3.908333E1	3.647544E1	3.470084E0
3.911665E1	3.678935E1	3.469430E0
3.914997E1	3.705387E1	3.485049E0
3.918329E1	3.725284E1	3.498496E0
3.921661E1	3.742778E1	3.512028E0
3.924993E1	3.749639E1	3.502536E0
3.928325E1	3.754790E1	3.487671E0
3.931657E1	3.753784E1	3.437093E0
3.934989E1	3.755852E1	3.392871E0
3.938321E1	3.758968E1	3.426277E0
3.941653E1	3.758292E1	3.445039E0
3.944985E1	3.749698E1	3.490445E0
3.948316E1	3.742925E1	3.702469E0
3.951648E1	3.748986E1	3.877453E0
3.954980E1	3.749448E1	3.877089E0
3.958312E1	3.753360E1	3.799457E0
3.961644E1	3.773992E1	3.772737E0
3.964976E1	3.804405E1	3.766696E0
3.968308E1	3.825996E1	3.781016E0
3.971640E1	3.839021E1	3.779046E0
3.974972E1	3.848357E1	3.716019E0
3.978304E1	3.852447E1	3.704427E0
3.981636E1	3.856914E1	3.707983E0
3.984967E1	3.859074E1	3.715580E0
3.988299E1	3.855022E1	3.729581E0
3.991631E1	3.847076E1	3.693332E0
3.994963E1	3.820944E1	3.723973E0
3.998295E1	3.787158E1	3.709378E0
4.001627E1	3.765132E1	3.697139E0
4.004959E1	3.753623E1	3.670138E0
4.008291E1	3.758872E1	3.701307E0
4.011623E1	3.787428E1	3.670894E0
4.014955E1	3.817863E1	3.711486E0
4.018287E1	3.838059E1	3.695730E0
4.021619E1	3.851059E1	3.714848E0
4.024950E1	3.862747E1	3.674230E0
4.028282E1	3.872600E1	3.651853E0
4.031614E1	3.875216E1	3.628428E0
4.034946E1	3.872720E1	3.652448E0
4.038278E1	3.874426E1	3.647116E0
4.041610E1	3.878404E1	3.663618E0
4.044942E1	3.869372E1	3.707222E0
4.048274E1	3.858937E1	3.832916E0
4.051606E1	3.863216E1	4.020082E0
4.054938E1	3.861531E1	4.050045E0
4.058270E1	3.864192E1	3.896730E0
4.061601E1	3.885828E1	3.837937E0
4.064933E1	3.916172E1	3.882868E0
4.068265E1	3.939209E1	3.887617E0
4.071597E1	3.955794E1	3.864881E0
4.074929E1	3.965951E1	3.833315E0
4.078261E1	3.973781E1	3.810134E0
4.081593E1	3.976968E1	3.856991E0
4.084925E1	3.979719E1	3.868581E0
4.088257E1	3.977180E1	3.856895E0
4.091589E1	3.967499E1	3.859503E0
4.094921E1	3.944065E1	3.829007E0
4.098253E1	3.910876E1	3.851916E0
4.101584E1	3.866060E1	3.880603E0
4.104916E1	3.852891E1	3.877630E0
4.108248E1	3.857853E1	3.852198E0
4.111580E1	3.887224E1	3.881550E0
4.114912E1	3.923811E1	3.834130E0
4.118244E1	3.953915E1	3.833981E0
4.121576E1	3.972610E1	3.806279E0
4.124908E1	3.985842E1	3.804670E0
4.128240E1	3.997154E1	3.772410E0
4.131572E1	4.005976E1	3.749901E0
4.134904E1	4.004554E1	3.757158E0
4.138235E1	4.002691E1	3.769880E0
4.141567E1	3.999727E1	3.744206E0
4.144899E1	3.993168E1	3.806357E0
4.148231E1	3.984783E1	3.968237E0
4.151563E1	3.983327E1	4.221787E0
4.154895E1	3.973785E1	4.274886E0
4.158227E1	3.970410E1	4.229181E0
4.161559E1	3.976378E1	4.152595E0
4.164891E1	4.008729E1	4.113256E0
4.168223E1	4.037811E1	4.117288E0
4.171555E1	4.058877E1	4.132765E0
4.174887E1	4.064741E1	4.164721E0
4.178218E1	4.069550E1	4.148019E0
4.181550E1	4.069570E1	4.155329E0
4.184882E1	4.070444E1	4.164709E0
4.188214E1	4.065976E1	4.158221E0
4.191546E1	4.055697E1	4.107057E0
4.194878E1	4.032537E1	4.143131E0
4.198210E1	4.001603E1	4.103756E0
4.201542E1	3.974738E1	4.093597E0
4.204874E1	3.957688E1	4.072663E0
4.208206E1	3.959064E1	4.126738E0
4.211538E1	3.986703E1	4.124059E0
4.214869E1	4.009156E1	4.176311E0
4.218201E1	4.009316E1	4.222647E0
4.221533E1	4.017458E1	4.166365E0
4.224865E1	4.023401E1	4.109975E0
4.228197E1	4.031445E1	4.065321E0
4.231529E1	4.034672E1	4.038568E0
4.234861E1	4.032485E1	4.056186E0
4.238193E1	4.031456E1	4.072138E0
4.241525E1	4.035363E1	4.079389E0
4.244857E1	4.028179E1	4.114192E0
4.248189E1	4.021282E1	4.329497E0
4.251520E1	4.028317E1	4.493392E0
4.254852E1	4.025942E1	4.519898E0
4.258184E1	4.036206E1	4.383724E0
4.261516E1	4.057584E1	4.302801E0
4.264848E1	4.086364E1	4.331413E0
4.268180E1	4.104970E1	4.369468E0
4.271512E1	4.104006E1	4.374071E0
4.274844E1	4.104677E1	4.284386E0
4.278176E1	4.110422E1	4.270313E0
4.281508E1	4.118090E1	4.340409E0
4.284840E1	4.122510E1	4.349964E0
4.288172E1	4.117901E1	4.334111E0
4.291503E1	4.108632E1	4.316252E0
4.294835E1	4.082406E1	4.374965E0
4.298167E1	4.044431E1	4.378621E0
4.301499E1	4.022758E1	4.359359E0
4.304831E1	4.010527E1	4.335904E0
4.308163E1	4.014569E1	4.365753E0
4.311495E1	4.043744E1	4.338977E0
4.314827E1	4.073960E1	4.396574E0
4.318159E1	4.091544E1	4.404266E0
4.321491E1	4.101357E1	4.403994E0
4.324823E1	4.103091E1	4.382266E0
4.328154E1	4.104338E1	4.375757E0
4.331486E1	4.096760E1	4.368620E0
4.334818E1	4.088495E1	4.328005E0
4.338150E1	4.091093E1	4.342626E0
4.341482E1	4.099143E1	4.339558E0
4.344814E1	4.094647E1	4.414925E0
4.348146E1	4.089681E1	4.623640E0
4.351478E1	4.103084E1	4.772386E0
4.354810E1	4.104092E1	4.795847E0
4.358142E1	4.107610E1	4.717273E0
4.361474E1	4.122844E1	4.662387E0
4.364806E1	4.152683E1	4.692676E0
4.368137E1	4.182961E1	4.717461E0
4.371469E1	4.204757E1	4.712192E0
4.374801E1	4.217774E1	4.660776E0
4.378133E1	4.227191E1	4.667610E0
4.381465E1	4.234883E1	4.689440E0
4.384797E1	4.234652E1	4.705225E0
4.388129E1	4.228757E1	4.681648E0
4.391461E1	4.220526E1	4.652723E0
4.394793E1	4.191937E1	4.666175E0
4.398125E1	4.154302E1	4.640947E0
4.401457E1	4.122688E1	4.671026E0
4.404788E1	4.105596E1	4.633255E0
4.408120E1	4.103489E1	4.652494E0
4.411452E1	4.134926E1	4.608702E0
4.414784E1	4.169772E1	4.605176E0
4.418116E1	4.196224E1	4.615647E0
4.421448E1	4.207073E1	4.620092E0
4.424780E1	4.213112E1	4.588536E0
4.428112E1	4.222113E1	4.585955E0
4.431444E1	4.221791E1	4.561210E0
4.434776E1	4.223137E1	4.549362E0
4.438108E1	4.221828E1	4.557263E0
4.441440E1	4.221758E1	4.561076E0
4.444771E1	4.211857E1	4.592808E0
4.448103E1	4.196600E1	4.703635E0
4.451435E1	4.185899E1	4.809233E0
4.454767E1	4.178874E1	4.861188E0
4.458099E1	4.187573E1	4.835706E0
4.461431E1	4.210343E1	4.821245E0
4.464763E1	4.245992E1	4.814819E0
4.468095E1	4.272195E1	4.810944E0
4.471427E1	4.285228E1	4.770361E0
4.474759E1	4.298094E1	4.797514E0
4.478091E1	4.307247E1	4.836170E0
4.481422E1	4.310249E1	4.845755E0
4.484754E1	4.310444E1	4.834614E0
4.488086E1	4.306412E1	4.809207E0
4.491418E1	4.299561E1	4.806204E0
4.494750E1	4.276492E1	4.864831E0
4.498082E1	4.239841E1	4.872189E0
4.501414E1	4.212077E1	4.887465E0
4.504746E1	4.191740E1	4.875577E0
4.508078E1	4.184876E1	4.871359E0
4.511410E1	4.215789E1	4.872439E0
4.514742E1	4.251230E1	4.807869E0
4.518074E1	4.278373E1	4.799376E0
4.521405E1	4.292054E1	4.829365E0
4.524737E1	4.297436E1	4.825090E0
4.528069E1	4.304329E1	4.809299E0
4.531401E1	4.304441E1	4.813354E0
4.534733E1	4.303686E1	4.824332E0
4.538065E1	4.305035E1	4.816179E0
4.541397E1	4.304151E1	4.823428E0
4.544729E1	4.297818E1	4.866755E0
4.548061E1	4.287399E1	5.007402E0
4.551393E1	4.287555E1	5.146260E0
4.554725E1	4.278927E1	5.159778E0
4.558056E1	4.282506E1	5.093865E0
4.561388E1	4.305410E1	5.072942E0
4.564720E1	4.326195E1	5.140528E0
4.568052E1	4.326811E1	5.096446E0
4.571384E1	4.335212E1	5.037929E0
4.574716E1	4.348536E1	5.026928E0
4.578048E1	4.364197E1	5.045464E0
4.581380E1	4.375734E1	5.056707E0
4.584712E1	4.375596E1	5.046636E0
4.588044E1	4.371088E1	5.037809E0
4.591376E1	4.364557E1	4.994464E0
4.594707E1	4.338052E1	5.025782E0
4.598039E1	4.301051E1	5.022736E0
4.601371E1	4.267477E1	5.022818E0
4.604703E1	4.245067E1	5.029691E0
4.608035E1	4.240458E1	5.024464E0
4.611367E1	4.273443E1	4.986576E0
4.614699E1	4.315875E1	5.021638E0
4.618031E1	4.342157E1	5.042591E0
4.621363E1	4.352882E1	5.047160E0
4.624695E1	4.357182E1	5.035112E0
4.628027E1	4.354339E1	4.981062E0
4.631359E1	4.356053E1	5.006503E0
4.634690E1	4.355185E1	4.973142E0
4.638022E1	4.356347E1	4.996344E0
4.641354E1	4.359177E1	5.020579E0
4.644686E1	4.354921E1	5.069394E0
4.648018E1	4.347036E1	5.191769E0
4.651350E1	4.338689E1	5.230224E0
4.654682E1	4.326856E1	5.155382E0
4.658014E1	4.331748E1	5.086790E0
4.661346E1	4.364362E1	5.076632E0
4.664678E1	4.408539E1	5.136878E0
4.668010E1	4.434144E1	5.147951E0
4.671341E1	4.436930E1	5.075581E0
4.674673E1	4.435434E1	5.075059E0
4.678005E1	4.444576E1	5.124049E0
4.681337E1	4.449422E1	5.169078E0
4.684669E1	4.455190E1	5.170831E0
4.688001E1	4.450982E1	5.144508E0
4.691333E1	4.441230E1	5.082491E0
4.694665E1	4.416372E1	5.103627E0
4.697997E1	4.384966E1	5.093440E0
4.701329E1	4.365435E1	5.082614E0
4.704661E1	4.352573E1	5.074442E0
4.707993E1	4.344288E1	5.023758E0
4.711324E1	4.368873E1	4.999951E0
4.714656E1	4.402946E1	5.021408E0
4.717988E1	4.432524E1	5.060250E0
4.721320E1	4.446800E1	5.060077E0
4.724652E1	4.451316E1	5.043516E0
4.727984E1	4.452411E1	4.981186E0
4.731316E1	4.451692E1	4.974667E0
4.734648E1	4.451774E1	4.977955E0
4.737980E1	4.450281E1	4.991246E0
4.741312E1	4.451850E1	4.987179E0
4.744644E1	4.445995E1	5.054786E0
4.747975E1	4.435037E1	5.243206E0
4.751307E1	4.431433E1	5.353568E0
4.754639E1	4.426501E1	5.304603E0
4.757971E1	4.428110E1	5.215132E0
4.761303E1	4.450432E1	5.186138E0
4.764635E1	4.487706E1	5.255192E0
4.767967E1	4.511245E1	5.277170E0
4.771299E1	4.520199E1	5.260446E0
4.774631E1	4.527747E1	5.260284E0
4.777963E1	4.532016E1	5.297808E0
4.781295E1	4.534399E1	5.312970E0
4.784627E1	4.535084E1	5.315936E0
4.787958E1	4.531705E1	5.328130E0
4.791290E1	4.522423E1	5.303788E0
4.794622E1	4.495654E1	5.367420E0
4.797954E1	4.461645E1	5.398165E0
4.801286E1	4.434636E1	5.377771E0
4.804618E1	4.419986E1	5.359166E0
4.807950E1	4.410937E1	5.379557E0
4.811282E1	4.432963E1	5.359692E0
4.814614E1	4.456752E1	5.396938E0
4.817946E1	4.478281E1	5.423649E0
4.821278E1	4.507176E1	5.371429E0
4.824609E1	4.544576E1	5.327937E0
4.827941E1	4.571053E1	5.324137E0
4.831273E1	4.575223E1	5.346123E0
4.834605E1	4.572301E1	5.323780E0
4.837937E1	4.571933E1	5.320512E0
4.841269E1	4.566257E1	5.306363E0
4.844601E1	4.559786E1	5.333076E0
4.847933E1	4.553011E1	5.501024E0
4.851265E1	4.555357E1	5.674842E0
4.854597E1	4.543246E1	5.763424E0
4.857929E1	4.545854E1	5.658549E0
4.861261E1	4.561811E1	5.551240E0
4.864592E1	4.602446E1	5.541369E0
4.867924E1	4.634165E1	5.604224E0
4.871256E1	4.649099E1	5.574328E0
4.874588E1	4.654788E1	5.533185E0
4.877920E1	4.660763E1	5.541182E0
4.881252E1	4.661418E1	5.592540E0
4.884584E1	4.665020E1	5.628546E0
4.887916E1	4.662790E1	5.601720E0
4.891248E1	4.656892E1	5.617966E0
4.894580E1	4.643888E1	5.627762E0
4.897912E1	4.609496E1	5.650621E0
4.901243E1	4.561075E1	5.676666E0
4.904575E1	4.523097E1	5.702993E0
4.907907E1	4.529302E1	5.637565E0
4.911239E1	4.543242E1	5.534262E0
4.914571E1	4.564804E1	5.519633E0
4.917903E1	4.582300E1	5.546117E0
4.921235E1	4.593619E1	5.553591E0
4.924567E1	4.603632E1	5.507404E0
4.927899E1	4.613724E1	5.491887E0
4.931231E1	4.618314E1	5.494453E0
4.934563E1	4.618786E1	5.491116E0
4.937894E1	4.617017E1	5.470343E0
4.941226E1	4.619891E1	5.506733E0
4.944558E1	4.618656E1	5.625327E0
4.947890E1	4.612454E1	5.808568E0
4.951222E1	4.613701E1	5.953101E0
4.954554E1	4.612001E1	5.970892E0
4.957886E1	4.609262E1	5.850029E0
4.961218E1	4.621786E1	5.795157E0
4.964550E1	4.659076E1	5.802750E0
4.967882E1	4.697267E1	5.879480E0
4.971214E1	4.710677E1	5.881520E0
4.974546E1	4.717538E1	5.824500E0
4.977877E1	4.726634E1	5.868483E0
4.981209E1	4.729199E1	5.917368E0
4.984541E1	4.729340E1	5.915900E0
4.987873E1	4.724542E1	5.901365E0
4.991205E1	4.716776E1	5.872100E0
4.994537E1	4.693629E1	5.907991E0
4.997869E1	4.657695E1	5.919645E0
5.001201E1	4.628964E1	5.903605E0
5.004533E1	4.611618E1	5.852959E0
5.007865E1	4.603680E1	5.862036E0
5.011197E1	4.629104E1	5.893947E0
5.014528E1	4.664144E1	5.900690E0
5.017860E1	4.693105E1	5.899608E0
5.021192E1	4.710895E1	5.956339E0
5.024524E1	4.717327E1	5.928599E0
5.027856E1	4.723076E1	5.865077E0
5.031188E1	4.722024E1	5.857889E0
5.034520E1	4.721902E1	5.861518E0
5.037852E1	4.719528E1	5.845015E0
5.041184E1	4.720196E1	5.852021E0
5.044516E1	4.713160E1	5.919328E0
5.047848E1	4.702132E1	6.069880E0
5.051180E1	4.691783E1	6.156245E0
5.054511E1	4.678448E1	6.134826E0
5.057843E1	4.681420E1	6.046058E0
5.061175E1	4.707530E1	6.027164E0
5.064507E1	4.751957E1	6.042803E0
5.067839E1	4.781923E1	6.065671E0
5.071171E1	4.783255E1	6.030471E0
5.074503E1	4.782262E1	6.029800E0
5.077835E1	4.783840E1	6.022913E0
5.081167E1	4.788217E1	6.050673E0
5.084499E1	4.792855E1	6.078022E0
5.087831E1	4.792876E1	6.076306E0
5.091162E1	4.786116E1	6.025557E0
5.094494E1	4.763004E1	6.026056E0
5.097826E1	4.725104E1	6.025604E0
5.101158E1	4.697788E1	6.011717E0
5.104490E1	4.674680E1	5.972036E0
5.107822E1	4.658401E1	5.919445E0
5.111154E1	4.686723E1	5.913862E0
5.114486E1	4.726939E1	5.979011E0
5.117818E1	4.755249E1	5.979070E0
