	mass A		
t	x	y	
0.000000E0	9.165941E-2	5.092148E-4
3.331913E-2	5.577208E-2	-5.338524E-3
6.663825E-2	1.681556E-1	3.824915E-2
9.995738E-2	4.083744E-1	1.055733E-1
1.332765E-1	8.189470E-1	9.110446E-2
1.665956E-1	1.153871E0	7.692495E-2
1.999148E-1	1.255583E0	5.019289E-2
2.332339E-1	1.111326E0	2.456844E-2
2.665530E-1	9.091677E-1	3.926077E-2
2.998721E-1	7.578072E-1	1.027921E-1
3.331913E-1	7.513152E-1	1.284844E-1
3.665104E-1	1.026983E0	1.429663E-1
3.998295E-1	1.409426E0	1.489285E-1
4.331487E-1	1.605839E0	1.943869E-1
4.664678E-1	1.511379E0	2.200071E-1
4.997869E-1	1.274123E0	3.013877E-1
5.331060E-1	1.078911E0	3.432427E-1
5.664252E-1	1.037307E0	3.751199E-1
5.997443E-1	1.272639E0	3.974599E-1
6.330634E-1	1.671432E0	3.472929E-1
6.663825E-1	2.010676E0	2.168729E-1
6.997017E-1	2.119264E0	1.752561E-1
7.330208E-1	1.951873E0	2.081853E-1
7.663399E-1	1.707443E0	2.409608E-1
7.996591E-1	1.450732E0	4.007295E-1
8.329782E-1	1.431031E0	5.093810E-1
8.662973E-1	1.847075E0	4.359321E-1
8.996164E-1	2.281963E0	3.429426E-1
9.329356E-1	2.389823E0	3.488730E-1
9.662547E-1	2.211172E0	4.509528E-1
9.995738E-1	1.923400E0	5.675084E-1
1.032893E0	1.689913E0	5.906190E-1
1.066212E0	1.577595E0	6.095281E-1
1.099531E0	1.780597E0	5.987903E-1
1.132850E0	2.136110E0	5.675945E-1
1.166169E0	2.432105E0	4.924126E-1
1.199489E0	2.553786E0	4.557675E-1
1.232808E0	2.554479E0	4.595718E-1
1.266127E0	2.398870E0	4.378150E-1
1.299446E0	2.159790E0	5.496263E-1
1.332765E0	2.171318E0	6.033806E-1
1.366084E0	2.486221E0	5.787569E-1
1.399403E0	2.838784E0	6.198633E-1
1.432722E0	2.992968E0	6.176150E-1
1.466042E0	2.837685E0	6.793804E-1
1.499361E0	2.526856E0	7.474136E-1
1.532680E0	2.268779E0	7.812682E-1
1.565999E0	2.152959E0	8.370127E-1
1.599318E0	2.381594E0	8.187438E-1
1.632637E0	2.700552E0	7.709926E-1
1.665956E0	2.923046E0	7.120787E-1
1.699275E0	2.998829E0	6.981413E-1
1.732595E0	2.900195E0	7.261650E-1
1.765914E0	2.643193E0	7.392908E-1
1.799233E0	2.480590E0	8.739719E-1
1.832552E0	2.484306E0	9.087163E-1
1.865871E0	2.817008E0	8.761538E-1
1.899190E0	3.179738E0	8.530660E-1
1.932509E0	3.345924E0	8.495412E-1
1.965829E0	3.165100E0	9.103643E-1
1.999148E0	2.828930E0	9.809586E-1
2.032467E0	2.520398E0	1.058050E0
2.065786E0	2.422732E0	1.104488E0
2.099105E0	2.646144E0	1.051008E0
2.132424E0	2.991299E0	9.796198E-1
2.165743E0	3.245435E0	9.084925E-1
2.199062E0	3.349842E0	8.956644E-1
2.232382E0	3.283435E0	9.040926E-1
2.265701E0	3.071578E0	9.057016E-1
2.299020E0	2.958344E0	1.002524E0
2.332339E0	2.938432E0	1.049320E0
2.365658E0	3.173370E0	1.064114E0
2.398977E0	3.466465E0	1.041446E0
2.432296E0	3.536062E0	1.053458E0
2.465615E0	3.452785E0	1.065615E0
2.498935E0	3.135114E0	1.148377E0
2.532254E0	2.812014E0	1.219670E0
2.565573E0	2.708248E0	1.268151E0
2.598892E0	2.922126E0	1.255936E0
2.632211E0	3.253226E0	1.209045E0
2.665530E0	3.505260E0	1.115936E0
2.698849E0	3.625840E0	1.076477E0
2.732168E0	3.602734E0	1.106687E0
2.765488E0	3.390397E0	1.132767E0
2.798807E0	3.225043E0	1.280702E0
2.832126E0	3.211462E0	1.318655E0
2.865445E0	3.505653E0	1.280965E0
2.898764E0	3.824424E0	1.235068E0
2.932083E0	3.903637E0	1.229517E0
2.965402E0	3.841245E0	1.256970E0
2.998721E0	3.545936E0	1.333608E0
3.032041E0	3.273322E0	1.382278E0
3.065360E0	3.180693E0	1.426451E0
3.098679E0	3.408824E0	1.430567E0
3.131998E0	3.801542E0	1.388620E0
3.165317E0	4.091029E0	1.292091E0
3.198636E0	4.218030E0	1.243757E0
3.231955E0	4.153174E0	1.268573E0
3.265274E0	3.955943E0	1.262075E0
3.298594E0	3.711414E0	1.406182E0
3.331913E0	3.638147E0	1.522481E0
3.365232E0	3.860668E0	1.487997E0
3.398551E0	4.289181E0	1.414077E0
3.431870E0	4.340807E0	1.423480E0
3.465189E0	4.272063E0	1.437371E0
3.498508E0	3.953052E0	1.538472E0
3.531828E0	3.640492E0	1.587450E0
3.565147E0	3.491623E0	1.668598E0
3.598466E0	3.711196E0	1.656742E0
3.631785E0	4.040719E0	1.612562E0
3.665104E0	4.274447E0	1.515002E0
3.698423E0	4.384158E0	1.494844E0
3.731742E0	4.342308E0	1.481261E0
3.765061E0	4.162923E0	1.504678E0
3.798381E0	4.002396E0	1.644227E0
3.831700E0	3.942991E0	1.747278E0
3.865019E0	4.157373E0	1.743000E0
3.898338E0	4.583049E0	1.667725E0
3.931657E0	4.728381E0	1.648074E0
3.964976E0	4.684351E0	1.673637E0
3.998295E0	4.386456E0	1.726081E0
4.031614E0	4.110898E0	1.792917E0
4.064934E0	3.997942E0	1.820782E0
4.098253E0	4.213791E0	1.806695E0
4.131572E0	4.608980E0	1.758504E0
4.164891E0	4.933649E0	1.663531E0
4.198210E0	5.093679E0	1.643206E0
4.231529E0	5.006044E0	1.639341E0
4.264848E0	4.761395E0	1.638733E0
4.298167E0	4.491102E0	1.726195E0
4.331487E0	4.532308E0	1.734396E0
4.364806E0	4.861483E0	1.718387E0
4.398125E0	5.285558E0	1.688822E0
4.431444E0	5.474596E0	1.729533E0
4.464763E0	5.299791E0	1.801108E0
4.498082E0	4.869852E0	1.909219E0
4.531401E0	4.532875E0	1.984647E0
4.564720E0	4.371025E0	2.008221E0
4.598040E0	4.553705E0	1.961077E0
4.631359E0	4.848869E0	1.939266E0
4.664678E0	5.115924E0	1.887557E0
4.697997E0	5.232695E0	1.877534E0
4.731316E0	5.143906E0	1.837675E0
4.764635E0	4.936284E0	1.831455E0
4.797954E0	4.805764E0	1.979394E0
4.831273E0	4.819632E0	1.957410E0
4.864593E0	5.193490E0	1.928728E0
4.897912E0	5.628446E0	1.925348E0
4.931231E0	5.844572E0	1.977178E0
4.964550E0	5.729610E0	2.000789E0
4.997869E0	5.374306E0	2.081542E0
5.031188E0	5.019187E0	2.155247E0
5.064507E0	4.851138E0	2.211436E0
5.097826E0	5.080283E0	2.205980E0
5.131146E0	5.389204E0	2.162401E0
5.164465E0	5.649575E0	2.085464E0
5.197784E0	5.709896E0	2.084640E0
5.231103E0	5.652152E0	2.091362E0
5.264422E0	5.454085E0	2.222216E0
5.297741E0	5.353376E0	2.354805E0
5.331060E0	5.363966E0	2.318538E0
5.364380E0	5.624738E0	2.266064E0
5.397699E0	6.012176E0	2.170634E0
5.431018E0	6.230596E0	2.200668E0
5.464337E0	6.041914E0	2.264726E0
5.497656E0	5.603923E0	2.384432E0
5.530975E0	5.260103E0	2.461271E0
5.564294E0	5.087467E0	2.494071E0
5.597613E0	5.254847E0	2.482340E0
5.630933E0	5.546486E0	2.418462E0
5.664252E0	5.718449E0	2.340243E0
5.697571E0	5.791478E0	2.299938E0
5.730890E0	5.642018E0	2.260947E0
5.764209E0	5.364632E0	2.241702E0
5.797528E0	5.096368E0	2.318891E0
5.830847E0	5.087855E0	2.381448E0
5.864166E0	5.403871E0	2.373169E0
5.897486E0	5.697549E0	2.323515E0
5.930805E0	5.851317E0	2.338579E0
5.964124E0	5.674474E0	2.440097E0
5.997443E0	5.287770E0	2.579725E0
6.030762E0	4.964492E0	2.636812E0
6.064081E0	4.848109E0	2.657041E0
6.097400E0	5.050155E0	2.630340E0
6.130719E0	5.381333E0	2.590446E0
6.164039E0	5.625561E0	2.517316E0
6.197358E0	5.690465E0	2.485599E0
6.230677E0	5.564450E0	2.482492E0
6.263996E0	5.308467E0	2.459375E0
6.297315E0	5.075758E0	2.558210E0
6.330634E0	5.132722E0	2.544620E0
6.363953E0	5.449144E0	2.500222E0
6.397272E0	5.838349E0	2.476705E0
6.430592E0	6.001806E0	2.497498E0
6.463911E0	5.838425E0	2.569198E0
6.497230E0	5.445474E0	2.699725E0
6.530549E0	5.102432E0	2.749408E0
6.563868E0	4.924409E0	2.808024E0
6.597187E0	5.100005E0	2.789747E0
6.630506E0	5.375862E0	2.753719E0
6.663825E0	5.554069E0	2.709514E0
6.697145E0	5.639783E0	2.676364E0
6.730464E0	5.533340E0	2.646861E0
6.763783E0	5.318385E0	2.624264E0
6.797102E0	5.139713E0	2.712126E0
6.830421E0	5.128987E0	2.755463E0
6.863740E0	5.400838E0	2.720288E0
6.897059E0	5.757987E0	2.694357E0
6.930379E0	5.941526E0	2.763426E0
6.963698E0	5.895464E0	2.788739E0
6.997017E0	5.517416E0	2.901443E0
7.030336E0	5.178721E0	2.979486E0
7.063655E0	5.045941E0	3.004856E0
7.096974E0	5.228003E0	2.991207E0
7.130293E0	5.538485E0	2.904265E0
7.163612E0	5.688598E0	2.820151E0
7.196932E0	5.708667E0	2.798952E0
7.230251E0	5.571956E0	2.807775E0
7.263570E0	5.344677E0	2.853610E0
7.296889E0	5.222742E0	2.973154E0
7.330208E0	5.238541E0	2.974734E0
7.363527E0	5.557423E0	2.926322E0
7.396846E0	5.953859E0	2.911378E0
7.430165E0	6.174404E0	2.929656E0
7.463485E0	6.088744E0	2.953254E0
7.496804E0	5.712257E0	3.080394E0
7.530123E0	5.376961E0	3.114937E0
7.563442E0	5.264638E0	3.127959E0
7.596761E0	5.528623E0	3.114453E0
7.630080E0	5.968316E0	3.055480E0
7.663399E0	6.215146E0	2.968993E0
7.696718E0	6.298081E0	2.921610E0
7.730038E0	6.142206E0	2.911803E0
7.763357E0	5.892397E0	2.917922E0
7.796676E0	5.660878E0	3.051107E0
7.829995E0	5.688987E0	3.114989E0
7.863314E0	6.063799E0	3.035432E0
7.896633E0	6.445348E0	3.023791E0
7.929952E0	6.618143E0	3.078109E0
7.963271E0	6.522251E0	3.130710E0
7.996591E0	6.127660E0	3.245245E0
8.029910E0	5.746547E0	3.338002E0
8.063229E0	5.546102E0	3.419024E0
8.096548E0	5.727737E0	3.353950E0
8.129867E0	6.048152E0	3.264170E0
8.163186E0	6.238217E0	3.142278E0
8.196505E0	6.286382E0	3.132495E0
8.229824E0	6.271402E0	3.122759E0
8.263144E0	6.093970E0	3.140753E0
8.296463E0	5.909029E0	3.244003E0
8.329782E0	5.894524E0	3.264486E0
8.363101E0	6.161150E0	3.233424E0
8.396420E0	6.504231E0	3.182514E0
8.429739E0	6.657345E0	3.272961E0
8.463058E0	6.591695E0	3.363339E0
8.496377E0	6.189804E0	3.451600E0
8.529697E0	5.835727E0	3.554756E0
8.563016E0	5.697204E0	3.512827E0
8.596335E0	5.932539E0	3.522792E0
8.629654E0	6.331278E0	3.482611E0
8.662973E0	6.593968E0	3.413071E0
8.696292E0	6.642778E0	3.413176E0
8.729611E0	6.471207E0	3.418532E0
8.762931E0	6.263680E0	3.381001E0
8.796250E0	6.053343E0	3.509241E0
8.829569E0	6.020511E0	3.654815E0
8.862888E0	6.289757E0	3.634273E0
8.896207E0	6.715513E0	3.539972E0
8.929526E0	6.833901E0	3.534540E0
8.962845E0	6.802440E0	3.576001E0
8.996164E0	6.475001E0	3.696923E0
9.029484E0	6.136043E0	3.730128E0
9.062803E0	6.013310E0	3.781168E0
9.096122E0	6.186209E0	3.738350E0
9.129441E0	6.529800E0	3.737764E0
9.162760E0	6.766786E0	3.639195E0
9.196079E0	6.864842E0	3.632681E0
9.229398E0	6.875325E0	3.615855E0
9.262717E0	6.724307E0	3.580739E0
9.296037E0	6.615794E0	3.710556E0
9.329356E0	6.580708E0	3.756770E0
9.362675E0	6.787544E0	3.681270E0
9.395994E0	7.139396E0	3.597287E0
9.429313E0	7.365273E0	3.615093E0
9.462632E0	7.310535E0	3.637613E0
9.495951E0	6.928475E0	3.761429E0
9.529270E0	6.563528E0	3.852418E0
9.562590E0	6.436763E0	3.869202E0
9.595909E0	6.704787E0	3.849345E0
9.629228E0	7.072418E0	3.805968E0
9.662547E0	7.222179E0	3.729666E0
9.695866E0	7.217884E0	3.732476E0
9.729185E0	7.022683E0	3.754925E0
9.762504E0	6.761609E0	3.736613E0
9.795823E0	6.475120E0	3.856641E0
9.829143E0	6.486505E0	3.961421E0
9.862462E0	6.812143E0	3.948793E0
9.895781E0	7.218014E0	3.895215E0
9.929100E0	7.403217E0	3.956638E0
9.962419E0	7.340364E0	4.014558E0
9.995738E0	7.016083E0	4.128418E0
1.002906E1	6.675695E0	4.147640E0
1.006238E1	6.565999E0	4.155701E0
1.009570E1	6.782852E0	4.147402E0
1.012901E1	7.153908E0	4.125669E0
1.016233E1	7.366100E0	4.069975E0
1.019565E1	7.452598E0	4.069894E0
1.022897E1	7.327293E0	4.047147E0
1.026229E1	7.083930E0	4.048452E0
1.029561E1	6.839264E0	4.155343E0
1.032893E1	6.863248E0	4.287530E0
1.036225E1	7.259111E0	4.205222E0
1.039557E1	7.599813E0	4.165342E0
1.042889E1	7.781629E0	4.226598E0
1.046221E1	7.735896E0	4.300618E0
1.049553E1	7.413104E0	4.424181E0
1.052884E1	6.981770E0	4.467749E0
1.056216E1	6.816846E0	4.504759E0
1.059548E1	6.947569E0	4.436481E0
1.062880E1	7.237030E0	4.409503E0
1.066212E1	7.467689E0	4.346435E0
1.069544E1	7.526837E0	4.337610E0
1.072876E1	7.524625E0	4.325891E0
1.076208E1	7.343199E0	4.349317E0
1.079540E1	7.263418E0	4.443896E0
1.082872E1	7.252202E0	4.548754E0
1.086204E1	7.455661E0	4.527858E0
1.089535E1	7.851085E0	4.410875E0
1.092867E1	7.970813E0	4.409591E0
1.096199E1	7.830040E0	4.502297E0
1.099531E1	7.468635E0	4.643115E0
1.102863E1	7.081796E0	4.692313E0
1.106195E1	6.935615E0	4.711431E0
1.109527E1	7.090052E0	4.711727E0
1.112859E1	7.394339E0	4.722520E0
1.116191E1	7.589748E0	4.652613E0
1.119523E1	7.639271E0	4.633023E0
1.122855E1	7.624425E0	4.619371E0
1.126187E1	7.471727E0	4.600726E0
1.129518E1	7.286257E0	4.734529E0
1.132850E1	7.315669E0	4.779982E0
1.136182E1	7.696063E0	4.709520E0
1.139514E1	8.108866E0	4.674359E0
1.142846E1	8.353623E0	4.715712E0
1.146178E1	8.293264E0	4.774420E0
1.149510E1	7.904920E0	4.904637E0
1.152842E1	7.503841E0	5.008866E0
1.156174E1	7.291796E0	5.092498E0
1.159506E1	7.400525E0	5.040802E0
1.162838E1	7.685967E0	4.986782E0
1.166169E1	7.909497E0	4.936824E0
1.169501E1	7.987356E0	4.948122E0
1.172833E1	7.969043E0	4.896436E0
1.176165E1	7.817466E0	4.876192E0
1.179497E1	7.698189E0	4.993968E0
1.182829E1	7.690632E0	5.051810E0
1.186161E1	7.996970E0	4.997249E0
1.189493E1	8.315743E0	4.965759E0
1.192825E1	8.455161E0	4.998681E0
1.196157E1	8.387022E0	5.020245E0
1.199489E1	8.000765E0	5.162156E0
1.202821E1	7.598071E0	5.239988E0
1.206152E1	7.407705E0	5.310519E0
1.209484E1	7.552471E0	5.269688E0
1.212816E1	7.846046E0	5.215410E0
1.216148E1	8.063383E0	5.165613E0
1.219480E1	8.147759E0	5.168151E0
1.222812E1	8.169097E0	5.117575E0
1.226144E1	8.055203E0	5.111742E0
1.229476E1	7.961633E0	5.262248E0
1.232808E1	7.929892E0	5.400712E0
1.236140E1	8.099874E0	5.390925E0
1.239472E1	8.443211E0	5.266946E0
1.242803E1	8.488097E0	5.266232E0
1.246135E1	8.414080E0	5.254708E0
1.249467E1	8.112373E0	5.344676E0
1.252799E1	7.718470E0	5.443313E0
1.256131E1	7.561683E0	5.525728E0
1.259463E1	7.665680E0	5.506427E0
1.262795E1	7.947267E0	5.481684E0
1.266127E1	8.106301E0	5.449300E0
1.269459E1	8.186474E0	5.415539E0
1.272791E1	8.216352E0	5.421561E0
1.276123E1	8.080544E0	5.371839E0
1.279454E1	7.950727E0	5.538781E0
1.282786E1	7.953576E0	5.579214E0
1.286118E1	8.194471E0	5.516049E0
1.289450E1	8.507524E0	5.438869E0
1.292782E1	8.707685E0	5.488623E0
1.296114E1	8.581141E0	5.557938E0
1.299446E1	8.185717E0	5.655407E0
1.302778E1	7.849102E0	5.755084E0
1.306110E1	7.611674E0	5.833668E0
1.309442E1	7.722609E0	5.857250E0
1.312774E1	7.959724E0	5.814577E0
1.316106E1	8.117943E0	5.795542E0
1.319437E1	8.158265E0	5.785884E0
1.322769E1	8.126125E0	5.750873E0
1.326101E1	7.949940E0	5.751462E0
1.329433E1	7.746775E0	5.853470E0
1.332765E1	7.765090E0	5.981696E0
1.336097E1	8.034900E0	5.926113E0
1.339429E1	8.360958E0	5.880850E0
1.342761E1	8.509448E0	5.903808E0
1.346093E1	8.464736E0	5.958374E0
1.349425E1	8.250528E0	5.998876E0
1.352757E1	7.922652E0	6.055655E0
1.356088E1	7.826632E0	6.086176E0
1.359420E1	8.046461E0	6.045798E0
1.362752E1	8.390992E0	6.040063E0
1.366084E1	8.600340E0	6.019262E0
1.369416E1	8.653586E0	6.021618E0
1.372748E1	8.487207E0	6.037799E0
1.376080E1	8.158241E0	5.996710E0
1.379412E1	7.846568E0	6.039492E0
1.382744E1	7.745647E0	6.177246E0
1.386076E1	8.030250E0	6.176983E0
1.389408E1	8.488583E0	6.188815E0
1.392740E1	8.679747E0	6.193660E0
1.396071E1	8.651452E0	6.210909E0
1.399403E1	8.375933E0	6.310256E0
1.402735E1	8.055400E0	6.359205E0
1.406067E1	7.904937E0	6.406887E0
1.409399E1	8.049786E0	6.382645E0
1.412731E1	8.435650E0	6.344070E0
1.416063E1	8.655888E0	6.302703E0
1.419395E1	8.726356E0	6.282180E0
1.422727E1	8.674773E0	6.249576E0
1.426059E1	8.494126E0	6.209593E0
1.429391E1	8.340679E0	6.289109E0
1.432722E1	8.357216E0	6.386181E0
1.436054E1	8.651512E0	6.309987E0
1.439386E1	9.080752E0	6.248265E0
1.442718E1	9.383642E0	6.285197E0
1.446050E1	9.344302E0	6.360871E0
1.449382E1	8.988755E0	6.458375E0
1.452714E1	8.638702E0	6.531370E0
1.456046E1	8.459447E0	6.557576E0
1.459378E1	8.548266E0	6.550234E0
1.462710E1	8.816516E0	6.523442E0
1.466042E1	9.031209E0	6.457434E0
1.469374E1	9.087676E0	6.426067E0
1.472705E1	9.025368E0	6.416140E0
1.476037E1	8.806670E0	6.380545E0
1.479369E1	8.613626E0	6.467249E0
1.482701E1	8.605918E0	6.479811E0
1.486033E1	8.888895E0	6.412343E0
1.489365E1	9.258237E0	6.376188E0
1.492697E1	9.475735E0	6.463862E0
1.496029E1	9.433439E0	6.471388E0
1.499361E1	9.127397E0	6.577552E0
1.502693E1	8.816893E0	6.629494E0
1.506025E1	8.631506E0	6.693691E0
1.509356E1	8.753619E0	6.661170E0
1.512688E1	9.086570E0	6.624839E0
1.516020E1	9.270439E0	6.568245E0
1.519352E1	9.312786E0	6.565650E0
1.522684E1	9.254887E0	6.539219E0
1.526016E1	9.094539E0	6.504260E0
1.529348E1	8.859613E0	6.587846E0
1.532680E1	8.831181E0	6.686031E0
1.536012E1	9.175561E0	6.637618E0
1.539344E1	9.621356E0	6.583221E0
1.542676E1	9.887162E0	6.641868E0
1.546008E1	9.954036E0	6.640218E0
1.549339E1	9.670639E0	6.750851E0
1.552671E1	9.331625E0	6.783240E0
1.556003E1	9.207808E0	6.790881E0
1.559335E1	9.374181E0	6.750671E0
1.562667E1	9.725644E0	6.756396E0
1.565999E1	9.956294E0	6.687761E0
1.569331E1	1.000593E1	6.660180E0
1.572663E1	9.925289E0	6.628548E0
1.575995E1	9.687230E0	6.627216E0
1.579327E1	9.492728E0	6.665766E0
1.582659E1	9.414728E0	6.755396E0
1.585990E1	9.700420E0	6.691179E0
1.589322E1	1.006898E1	6.641344E0
1.592654E1	1.028336E1	6.734413E0
1.595986E1	1.021778E1	6.777301E0
1.599318E1	9.874338E0	6.846375E0
1.602650E1	9.590902E0	6.853928E0
1.605982E1	9.526757E0	6.847354E0
1.609314E1	9.705469E0	6.804634E0
1.612646E1	1.014999E1	6.816244E0
1.615978E1	1.039453E1	6.763490E0
1.619310E1	1.043678E1	6.755181E0
1.622642E1	1.019355E1	6.759266E0
1.625973E1	9.701430E0	6.860911E0
1.629305E1	9.515383E0	6.847390E0
1.632637E1	9.393620E0	6.919992E0
1.635969E1	9.695811E0	6.886780E0
1.639301E1	1.009449E1	6.836064E0
1.642633E1	1.034247E1	6.901115E0
1.645965E1	1.034379E1	6.951737E0
1.649297E1	1.001938E1	7.050978E0
1.652629E1	9.680191E0	7.111291E0
1.655961E1	9.523025E0	7.125739E0
1.659293E1	9.689166E0	7.070932E0
1.662624E1	9.958317E0	7.035307E0
1.665956E1	1.011716E1	6.973934E0
1.669288E1	1.013380E1	6.964912E0
1.672620E1	1.002155E1	6.959915E0
1.675952E1	9.721203E0	6.938443E0
1.679284E1	9.502549E0	7.028163E0
1.682616E1	9.472846E0	7.076523E0
1.685948E1	9.789111E0	7.026358E0
1.689280E1	1.017332E1	6.971334E0
1.692612E1	1.041262E1	7.011473E0
1.695944E1	1.039738E1	7.095542E0
1.699275E1	1.007639E1	7.238522E0
1.702607E1	9.720236E0	7.359671E0
1.705939E1	9.486747E0	7.389991E0
1.709271E1	9.530482E0	7.354046E0
1.712603E1	9.779078E0	7.296729E0
1.715935E1	9.991364E0	7.192908E0
1.719267E1	1.006149E1	7.174092E0
1.722599E1	1.004221E1	7.146260E0
1.725931E1	9.892491E0	7.101187E0
1.729263E1	9.716645E0	7.195936E0
1.732595E1	9.753210E0	7.266810E0
1.735927E1	9.977279E0	7.236974E0
1.739258E1	1.033799E1	7.195767E0
1.742590E1	1.057851E1	7.179867E0
1.745922E1	1.055931E1	7.228474E0
1.749254E1	1.027843E1	7.352407E0
1.752586E1	9.972684E0	7.381505E0
1.755918E1	9.789924E0	7.416843E0
1.759250E1	9.890637E0	7.400215E0
1.762582E1	1.011650E1	7.339799E0
1.765914E1	1.026096E1	7.260647E0
1.769246E1	1.030292E1	7.191221E0
1.772578E1	1.028313E1	7.203998E0
1.775909E1	1.017735E1	7.180381E0
1.779241E1	1.005789E1	7.341058E0
1.782573E1	1.008341E1	7.340985E0
1.785905E1	1.035525E1	7.274593E0
1.789237E1	1.077081E1	7.144310E0
1.792569E1	1.105672E1	7.139335E0
1.795901E1	1.101703E1	7.190456E0
1.799233E1	1.064944E1	7.360001E0
1.802565E1	1.028546E1	7.496989E0
1.805897E1	1.003184E1	7.509052E0
1.809229E1	1.008891E1	7.491489E0
1.812561E1	1.026189E1	7.475132E0
1.815892E1	1.037984E1	7.424594E0
1.819224E1	1.042912E1	7.408285E0
1.822556E1	1.040238E1	7.395429E0
1.825888E1	1.027950E1	7.388944E0
1.829220E1	1.012908E1	7.511911E0
1.832552E1	1.017172E1	7.544308E0
1.835884E1	1.040752E1	7.490184E0
1.839216E1	1.078789E1	7.394804E0
1.842548E1	1.107016E1	7.404203E0
1.845880E1	1.103133E1	7.507141E0
1.849212E1	1.066974E1	7.655242E0
1.852543E1	1.027350E1	7.800225E0
1.855875E1	1.000548E1	7.835558E0
1.859207E1	1.000888E1	7.773250E0
1.862539E1	1.017329E1	7.688034E0
1.865871E1	1.033279E1	7.592687E0
1.869203E1	1.040890E1	7.557708E0
1.872535E1	1.035258E1	7.511803E0
1.875867E1	1.016699E1	7.503006E0
1.879199E1	9.910856E0	7.571189E0
1.882531E1	9.924583E0	7.662522E0
1.885863E1	1.015603E1	7.688003E0
1.889195E1	1.055026E1	7.619436E0
1.892526E1	1.081741E1	7.614645E0
1.895858E1	1.080335E1	7.627406E0
1.899190E1	1.051911E1	7.721262E0
1.902522E1	1.013376E1	7.836997E0
1.905854E1	9.933775E0	7.918755E0
1.909186E1	1.005059E1	7.900945E0
1.912518E1	1.028860E1	7.837124E0
1.915850E1	1.044566E1	7.738274E0
1.919182E1	1.045922E1	7.674487E0
1.922514E1	1.032545E1	7.682647E0
1.925846E1	1.009234E1	7.688966E0
1.929177E1	9.883727E0	7.793580E0
1.932509E1	9.905761E0	7.855100E0
1.935841E1	1.015465E1	7.845686E0
1.939173E1	1.055534E1	7.776504E0
1.942505E1	1.077725E1	7.745753E0
1.945837E1	1.081101E1	7.784567E0
1.949169E1	1.053388E1	7.919389E0
1.952501E1	1.018751E1	8.037090E0
1.955833E1	9.949210E0	8.125342E0
1.959165E1	1.000750E1	8.064439E0
1.962497E1	1.029339E1	7.985014E0
1.965829E1	1.053590E1	7.895758E0
1.969160E1	1.060878E1	7.813305E0
1.972492E1	1.063373E1	7.776166E0
1.975824E1	1.047306E1	7.798283E0
1.979156E1	1.027857E1	7.906822E0
1.982488E1	1.027758E1	7.948630E0
1.985820E1	1.051624E1	7.888686E0
1.989152E1	1.088703E1	7.820294E0
1.992484E1	1.112703E1	7.855758E0
1.995816E1	1.116565E1	7.890896E0
1.999148E1	1.084522E1	8.006957E0
2.002480E1	1.046585E1	8.160500E0
2.005811E1	1.019811E1	8.292938E0
2.009143E1	1.023137E1	8.225787E0
2.012475E1	1.043721E1	8.092083E0
2.015807E1	1.057717E1	7.949618E0
2.019139E1	1.064862E1	7.919508E0
2.022471E1	1.061472E1	7.908936E0
2.025803E1	1.044588E1	7.906383E0
2.029135E1	1.028752E1	8.005737E0
2.032467E1	1.033799E1	8.069014E0
2.035799E1	1.062905E1	7.992625E0
2.039131E1	1.103936E1	7.947652E0
2.042463E1	1.131418E1	7.915387E0
2.045794E1	1.135529E1	7.953205E0
2.049126E1	1.107806E1	8.069978E0
2.052458E1	1.072602E1	8.153144E0
2.055790E1	1.048460E1	8.235073E0
2.059122E1	1.055454E1	8.184035E0
2.062454E1	1.075163E1	8.136008E0
2.065786E1	1.083569E1	8.061035E0
2.069118E1	1.085879E1	8.061140E0
2.072450E1	1.081229E1	8.057993E0
2.075782E1	1.059792E1	8.049533E0
2.079114E1	1.035965E1	8.154328E0
2.082445E1	1.037463E1	8.276067E0
2.085777E1	1.064619E1	8.221384E0
2.089109E1	1.104835E1	8.122375E0
2.092441E1	1.125612E1	8.142008E0
2.095773E1	1.130532E1	8.125105E0
2.099105E1	1.109254E1	8.187065E0
2.102437E1	1.077237E1	8.306215E0
2.105769E1	1.053237E1	8.396507E0
2.109101E1	1.053966E1	8.338304E0
2.112433E1	1.071418E1	8.277440E0
2.115765E1	1.079685E1	8.240408E0
2.119097E1	1.077360E1	8.206564E0
2.122428E1	1.064756E1	8.213152E0
2.125760E1	1.042727E1	8.220272E0
2.129092E1	1.019229E1	8.366006E0
2.132424E1	1.021648E1	8.496064E0
2.135756E1	1.043205E1	8.459782E0
2.139088E1	1.088325E1	8.337354E0
2.142420E1	1.115160E1	8.296779E0
2.145752E1	1.118181E1	8.340914E0
2.149084E1	1.093080E1	8.461681E0
2.152416E1	1.056890E1	8.589950E0
2.155748E1	1.033634E1	8.663885E0
2.159079E1	1.042742E1	8.647584E0
2.162411E1	1.065972E1	8.556596E0
2.165743E1	1.085448E1	8.448788E0
2.169075E1	1.094338E1	8.361209E0
2.172407E1	1.087423E1	8.347724E0
2.175739E1	1.066065E1	8.327591E0
2.179071E1	1.041511E1	8.453003E0
2.182403E1	1.040291E1	8.549251E0
2.185735E1	1.065388E1	8.551127E0
2.189067E1	1.106841E1	8.464668E0
2.192399E1	1.141793E1	8.372048E0
2.195730E1	1.139667E1	8.405816E0
2.199062E1	1.115281E1	8.526809E0
2.202394E1	1.076908E1	8.615803E0
2.205726E1	1.050593E1	8.714319E0
2.209058E1	1.056841E1	8.689239E0
2.212390E1	1.072085E1	8.619140E0
2.215722E1	1.085682E1	8.552487E0
2.219054E1	1.086279E1	8.521870E0
2.222386E1	1.074006E1	8.520830E0
2.225718E1	1.050591E1	8.504172E0
2.229050E1	1.031384E1	8.661773E0
2.232382E1	1.032277E1	8.674171E0
2.235713E1	1.055966E1	8.596396E0
2.239045E1	1.094365E1	8.539692E0
2.242377E1	1.120442E1	8.571081E0
2.245709E1	1.114784E1	8.614158E0
2.249041E1	1.078934E1	8.745343E0
2.252373E1	1.044138E1	8.856440E0
2.255705E1	1.018121E1	8.925918E0
2.259037E1	1.017912E1	8.830660E0
2.262369E1	1.033608E1	8.767897E0
2.265701E1	1.051580E1	8.690829E0
2.269033E1	1.056760E1	8.688594E0
2.272364E1	1.046264E1	8.631549E0
2.275696E1	1.022259E1	8.615748E0
2.279028E1	1.006065E1	8.747069E0
2.282360E1	1.005048E1	8.836413E0
2.285692E1	1.031907E1	8.816264E0
2.289024E1	1.073389E1	8.750223E0
2.292356E1	1.100016E1	8.761600E0
2.295688E1	1.105679E1	8.762479E0
2.299020E1	1.080967E1	8.877915E0
2.302352E1	1.042810E1	8.989700E0
2.305684E1	1.017606E1	9.048759E0
2.309016E1	1.026083E1	9.008160E0
2.312347E1	1.050748E1	8.931838E0
2.315679E1	1.070507E1	8.817840E0
2.319011E1	1.076863E1	8.718692E0
2.322343E1	1.060026E1	8.714872E0
2.325675E1	1.032431E1	8.710183E0
2.329007E1	1.002293E1	8.820106E0
2.332339E1	9.978688E0	8.999894E0
2.335671E1	1.024632E1	8.975568E0
2.339003E1	1.061043E1	8.932976E0
2.342335E1	1.087527E1	8.875118E0
2.345667E1	1.088022E1	8.863193E0
2.348998E1	1.064521E1	8.984069E0
2.352330E1	1.032491E1	9.077237E0
2.355662E1	1.013027E1	9.183413E0
2.358994E1	1.020283E1	9.199682E0
2.362326E1	1.043112E1	9.134195E0
2.365658E1	1.057158E1	9.016828E0
2.368990E1	1.060173E1	8.982281E0
2.372322E1	1.049091E1	8.973174E0
2.375654E1	1.022213E1	8.945744E0
2.378986E1	9.995063E0	9.088071E0
2.382318E1	9.991084E0	9.247147E0
2.385650E1	1.022045E1	9.287899E0
2.388981E1	1.065716E1	9.183077E0
2.392313E1	1.096511E1	9.144323E0
2.395645E1	1.103381E1	9.130224E0
2.398977E1	1.081108E1	9.255931E0
2.402309E1	1.044966E1	9.360380E0
2.405641E1	1.022531E1	9.463519E0
2.408973E1	1.032028E1	9.425061E0
2.412305E1	1.060196E1	9.330228E0
2.415637E1	1.087772E1	9.148394E0
2.418969E1	1.093004E1	9.105721E0
2.422301E1	1.075060E1	9.142655E0
2.425632E1	1.042923E1	9.151335E0
2.428964E1	1.008292E1	9.318625E0
2.432296E1	1.003430E1	9.441339E0
2.435628E1	1.032225E1	9.373570E0
2.438960E1	1.077114E1	9.301914E0
2.442292E1	1.099784E1	9.345191E0
2.445624E1	1.093392E1	9.376996E0
2.448956E1	1.068238E1	9.500929E0
2.452288E1	1.039429E1	9.529751E0
2.455620E1	1.021646E1	9.549583E0
2.458952E1	1.039663E1	9.507795E0
2.462284E1	1.077035E1	9.412879E0
2.465615E1	1.102750E1	9.302138E0
2.468947E1	1.107679E1	9.267462E0
2.472279E1	1.083904E1	9.296898E0
2.475611E1	1.046900E1	9.318910E0
2.478943E1	1.009906E1	9.463578E0
2.482275E1	1.001394E1	9.575829E0
2.485607E1	1.027414E1	9.575186E0
2.488939E1	1.067748E1	9.515057E0
2.492271E1	1.097342E1	9.501384E0
2.495603E1	1.094735E1	9.520832E0
2.498935E1	1.070227E1	9.641208E0
2.502266E1	1.036749E1	9.742542E0
2.505598E1	1.015970E1	9.801447E0
2.508930E1	1.028081E1	9.756003E0
2.512262E1	1.064971E1	9.651167E0
2.515594E1	1.092332E1	9.497915E0
2.518926E1	1.107065E1	9.320419E0
2.522258E1	1.088632E1	9.320124E0
2.525590E1	1.058462E1	9.322252E0
2.528922E1	1.024856E1	9.442730E0
2.532254E1	1.021039E1	9.545118E0
2.535586E1	1.048393E1	9.514878E0
2.538918E1	1.090742E1	9.439178E0
2.542249E1	1.121540E1	9.407857E0
2.545581E1	1.121729E1	9.418633E0
2.548913E1	1.098110E1	9.545028E0
2.552245E1	1.071954E1	9.590361E0
2.555577E1	1.061546E1	9.614016E0
2.558909E1	1.072099E1	9.586843E0
2.562241E1	1.103739E1	9.499189E0
2.565573E1	1.125785E1	9.416752E0
2.568905E1	1.131484E1	9.346471E0
2.572237E1	1.107877E1	9.381847E0
2.575569E1	1.075410E1	9.382530E0
2.578900E1	1.040955E1	9.545988E0
2.582232E1	1.036342E1	9.648001E0
2.585564E1	1.065365E1	9.546732E0
2.588896E1	1.111188E1	9.419473E0
2.592228E1	1.135536E1	9.479974E0
2.595560E1	1.145044E1	9.533740E0
2.598892E1	1.123547E1	9.639722E0
2.602224E1	1.091999E1	9.757501E0
2.605556E1	1.077183E1	9.788307E0
2.608888E1	1.089709E1	9.767034E0
2.612220E1	1.125257E1	9.643170E0
2.615552E1	1.147848E1	9.565009E0
2.618883E1	1.150546E1	9.494743E0
2.622215E1	1.131903E1	9.514841E0
2.625547E1	1.099554E1	9.519782E0
2.628879E1	1.064447E1	9.675203E0
2.632211E1	1.058983E1	9.714212E0
2.635543E1	1.085756E1	9.610946E0
2.638875E1	1.130837E1	9.533672E0
2.642207E1	1.166016E1	9.593836E0
2.645539E1	1.172824E1	9.635349E0
2.648871E1	1.144264E1	9.757686E0
2.652203E1	1.114447E1	9.845227E0
2.655534E1	1.089889E1	9.969857E0
2.658866E1	1.091860E1	9.959364E0
2.662198E1	1.107188E1	9.922915E0
2.665530E1	1.117698E1	9.866403E0
2.668862E1	1.123321E1	9.796346E0
2.672194E1	1.117377E1	9.763327E0
2.675526E1	1.101508E1	9.749309E0
2.678858E1	1.081501E1	9.892441E0
2.682190E1	1.081675E1	9.998701E0
2.685522E1	1.099251E1	9.958951E0
2.688854E1	1.141628E1	9.852419E0
2.692185E1	1.164843E1	9.853161E0
2.695517E1	1.165637E1	9.921603E0
2.698849E1	1.139538E1	1.004579E1
2.702181E1	1.107242E1	1.014792E1
2.705513E1	1.087701E1	1.022629E1
2.708845E1	1.088702E1	1.018227E1
2.712177E1	1.104205E1	1.012002E1
2.715509E1	1.117497E1	1.007592E1
2.718841E1	1.118634E1	1.004677E1
2.722173E1	1.114539E1	1.001841E1
2.725505E1	1.096977E1	1.000759E1
2.728837E1	1.068347E1	1.013186E1
2.732168E1	1.064136E1	1.022247E1
2.735500E1	1.085857E1	1.022724E1
2.738832E1	1.130329E1	1.011768E1
2.742164E1	1.152978E1	1.013776E1
2.745496E1	1.155229E1	1.019801E1
2.748828E1	1.135518E1	1.033222E1
2.752160E1	1.102305E1	1.045996E1
2.755492E1	1.080235E1	1.053137E1
2.758824E1	1.087233E1	1.048567E1
2.762156E1	1.103956E1	1.038282E1
2.765488E1	1.121729E1	1.027848E1
2.768819E1	1.127808E1	1.029128E1
2.772151E1	1.117566E1	1.025561E1
2.775483E1	1.094076E1	1.023442E1
2.778815E1	1.070604E1	1.039059E1
2.782147E1	1.068528E1	1.051350E1
2.785479E1	1.086292E1	1.051915E1
2.788811E1	1.129062E1	1.039672E1
2.792143E1	1.152068E1	1.040004E1
2.795475E1	1.155907E1	1.043194E1
2.798807E1	1.135555E1	1.052704E1
2.802139E1	1.108178E1	1.067051E1
2.805471E1	1.086525E1	1.074590E1
2.808802E1	1.097375E1	1.072062E1
2.812134E1	1.129732E1	1.056830E1
2.815466E1	1.154050E1	1.045479E1
2.818798E1	1.164718E1	1.035695E1
2.822130E1	1.161083E1	1.040155E1
2.825462E1	1.134248E1	1.042223E1
2.828794E1	1.103191E1	1.055399E1
2.832126E1	1.090461E1	1.069560E1
2.835458E1	1.112489E1	1.067457E1
2.838790E1	1.156486E1	1.056395E1
2.842122E1	1.186277E1	1.054459E1
2.845453E1	1.186627E1	1.055899E1
2.848785E1	1.161476E1	1.068523E1
2.852117E1	1.133396E1	1.074041E1
2.855449E1	1.118318E1	1.078733E1
2.858781E1	1.124851E1	1.074516E1
2.862113E1	1.155553E1	1.063540E1
2.865445E1	1.177967E1	1.057127E1
2.868777E1	1.189405E1	1.050063E1
2.872109E1	1.183760E1	1.051485E1
2.875441E1	1.157244E1	1.052200E1
2.878773E1	1.129303E1	1.066289E1
2.882105E1	1.122320E1	1.074513E1
2.885436E1	1.149336E1	1.067594E1
2.888768E1	1.194140E1	1.051175E1
2.892100E1	1.229801E1	1.050703E1
2.895432E1	1.234274E1	1.052442E1
2.898764E1	1.211373E1	1.066183E1
2.902096E1	1.182487E1	1.081063E1
2.905428E1	1.165418E1	1.086207E1
2.908760E1	1.171973E1	1.084145E1
2.912092E1	1.193525E1	1.075673E1
2.915424E1	1.208980E1	1.068909E1
2.918756E1	1.216312E1	1.061179E1
2.922087E1	1.212495E1	1.060918E1
2.925419E1	1.189902E1	1.062213E1
2.928751E1	1.158665E1	1.073298E1
2.932083E1	1.150565E1	1.080666E1
2.935415E1	1.178936E1	1.071422E1
2.938747E1	1.222907E1	1.056580E1
2.942079E1	1.262219E1	1.054820E1
2.945411E1	1.266627E1	1.053309E1
2.948743E1	1.240856E1	1.062396E1
2.952075E1	1.210637E1	1.078139E1
2.955407E1	1.188131E1	1.090804E1
2.958739E1	1.196367E1	1.085355E1
2.962070E1	1.230565E1	1.074279E1
2.965402E1	1.255074E1	1.060747E1
2.968734E1	1.259241E1	1.054054E1
2.972066E1	1.240831E1	1.057596E1
2.975398E1	1.207441E1	1.062299E1
2.978730E1	1.166973E1	1.075756E1
2.982062E1	1.154320E1	1.091199E1
2.985394E1	1.177679E1	1.085110E1
2.988726E1	1.226913E1	1.072623E1
2.992058E1	1.260810E1	1.068896E1
2.995390E1	1.267171E1	1.068285E1
2.998721E1	1.242308E1	1.085271E1
3.002053E1	1.210564E1	1.097484E1
3.005385E1	1.196340E1	1.105142E1
3.008717E1	1.206407E1	1.101344E1
3.012049E1	1.237030E1	1.090275E1
3.015381E1	1.256542E1	1.077755E1
3.018713E1	1.261965E1	1.071944E1
3.022045E1	1.255050E1	1.074367E1
3.025377E1	1.231459E1	1.078268E1
3.028709E1	1.195349E1	1.090768E1
3.032041E1	1.189040E1	1.096215E1
3.035373E1	1.215414E1	1.090753E1
3.038704E1	1.261231E1	1.078147E1
3.042036E1	1.292344E1	1.080067E1
3.045368E1	1.304570E1	1.078255E1
3.048700E1	1.281575E1	1.090746E1
3.052032E1	1.255036E1	1.102227E1
3.055364E1	1.233229E1	1.111954E1
3.058696E1	1.239981E1	1.107090E1
3.062028E1	1.276456E1	1.094348E1
3.065360E1	1.303524E1	1.079404E1
3.068692E1	1.318441E1	1.068464E1
3.072024E1	1.304142E1	1.072137E1
3.075355E1	1.269176E1	1.079310E1
3.078687E1	1.224156E1	1.089730E1
3.082019E1	1.209581E1	1.106860E1
3.085351E1	1.230565E1	1.103215E1
3.088683E1	1.279178E1	1.089645E1
3.092015E1	1.314345E1	1.090196E1
3.095347E1	1.317573E1	1.096666E1
3.098679E1	1.294850E1	1.110265E1
3.102011E1	1.260034E1	1.123825E1
3.105343E1	1.238053E1	1.139111E1
3.108675E1	1.242553E1	1.135900E1
3.112007E1	1.267629E1	1.125996E1
3.115338E1	1.282961E1	1.112636E1
3.118670E1	1.287535E1	1.106889E1
3.122002E1	1.277060E1	1.107059E1
3.125334E1	1.253012E1	1.112167E1
3.128666E1	1.221997E1	1.128013E1
3.131998E1	1.211979E1	1.143175E1
3.135330E1	1.228226E1	1.145186E1
3.138662E1	1.269542E1	1.140074E1
3.141994E1	1.314693E1	1.127153E1
3.145326E1	1.323257E1	1.128167E1
3.148658E1	1.298862E1	1.139678E1
3.151989E1	1.260184E1	1.161361E1
3.155321E1	1.231535E1	1.178286E1
3.158653E1	1.227915E1	1.180261E1
3.161985E1	1.239126E1	1.167270E1
3.165317E1	1.253759E1	1.155855E1
3.168649E1	1.259373E1	1.149809E1
3.171981E1	1.255656E1	1.149905E1
3.175313E1	1.232693E1	1.151035E1
3.178645E1	1.199991E1	1.164365E1
3.181977E1	1.189845E1	1.177198E1
3.185309E1	1.207067E1	1.185558E1
3.188640E1	1.243998E1	1.178915E1
3.191972E1	1.286648E1	1.165128E1
3.195304E1	1.287378E1	1.165847E1
3.198636E1	1.260394E1	1.183589E1
3.201968E1	1.228941E1	1.201540E1
3.205300E1	1.202077E1	1.214781E1
3.208632E1	1.210167E1	1.210295E1
3.211964E1	1.243634E1	1.190684E1
3.215296E1	1.264577E1	1.173096E1
3.218628E1	1.277479E1	1.159938E1
3.221960E1	1.272178E1	1.164172E1
3.225292E1	1.244602E1	1.169775E1
3.228623E1	1.206401E1	1.182220E1
3.231955E1	1.194910E1	1.188874E1
3.235287E1	1.220882E1	1.178437E1
3.238619E1	1.265104E1	1.166980E1
3.241951E1	1.307173E1	1.163600E1
3.245283E1	1.318046E1	1.166021E1
3.248615E1	1.290292E1	1.179007E1
3.251947E1	1.255868E1	1.194787E1
3.255279E1	1.231940E1	1.205037E1
3.258611E1	1.233963E1	1.202660E1
3.261943E1	1.255050E1	1.193422E1
3.265274E1	1.276538E1	1.181175E1
3.268606E1	1.282334E1	1.172208E1
3.271938E1	1.270922E1	1.171386E1
3.275270E1	1.241974E1	1.174273E1
3.278602E1	1.210094E1	1.189169E1
3.281934E1	1.202903E1	1.204316E1
3.285266E1	1.223972E1	1.203231E1
3.288598E1	1.266872E1	1.197341E1
3.291930E1	1.300060E1	1.191232E1
3.295262E1	1.293676E1	1.197488E1
3.298594E1	1.266842E1	1.214142E1
3.301926E1	1.231009E1	1.232788E1
3.305257E1	1.207083E1	1.248001E1
3.308589E1	1.211365E1	1.245621E1
3.311921E1	1.231816E1	1.233213E1
3.315253E1	1.248804E1	1.219247E1
3.318585E1	1.250355E1	1.215164E1
3.321917E1	1.248919E1	1.214225E1
3.325249E1	1.228679E1	1.215962E1
3.328581E1	1.199390E1	1.233220E1
3.331913E1	1.200482E1	1.240682E1
3.335245E1	1.219234E1	1.242137E1
3.338577E1	1.256022E1	1.236075E1
3.341908E1	1.282882E1	1.235957E1
3.345240E1	1.282026E1	1.238580E1
3.348572E1	1.257167E1	1.254562E1
3.351904E1	1.219674E1	1.287071E1
3.355236E1	1.189412E1	1.314433E1
3.358568E1	1.187146E1	1.313271E1
3.361900E1	1.198149E1	1.298646E1
3.365232E1	1.210943E1	1.280242E1
3.368564E1	1.215507E1	1.270268E1
3.371896E1	1.209752E1	1.277763E1
3.375228E1	1.178257E1	1.291895E1
3.378560E1	1.138315E1	1.313243E1
3.381891E1	1.129019E1	1.318713E1
3.385223E1	1.153296E1	1.307198E1
3.388555E1	1.194016E1	1.290057E1
3.391887E1	1.231931E1	1.284228E1
3.395219E1	1.241486E1	1.285218E1
3.398551E1	1.214542E1	1.298084E1
3.401883E1	1.186319E1	1.314757E1
3.405215E1	1.164339E1	1.328586E1
3.408547E1	1.170274E1	1.325018E1
3.411879E1	1.194983E1	1.316469E1
3.415211E1	1.207545E1	1.315338E1
3.418542E1	1.205551E1	1.317869E1
3.421874E1	1.187046E1	1.325905E1
3.425206E1	1.159784E1	1.329627E1
3.428538E1	1.126989E1	1.345367E1
3.431870E1	1.127822E1	1.356217E1
3.435202E1	1.150166E1	1.355763E1
3.438534E1	1.190394E1	1.340287E1
3.441866E1	1.216140E1	1.338834E1
3.445198E1	1.219900E1	1.344201E1
3.448530E1	1.201078E1	1.359448E1
3.451862E1	1.172802E1	1.377751E1
3.455194E1	1.154033E1	1.388506E1
3.458525E1	1.163236E1	1.381728E1
3.461857E1	1.193040E1	1.362750E1
3.465189E1	1.216159E1	1.347422E1
3.468521E1	1.229219E1	1.336767E1
3.471853E1	1.223832E1	1.339735E1
3.475185E1	1.197336E1	1.346353E1
3.478517E1	1.163866E1	1.362010E1
3.481849E1	1.156828E1	1.375700E1
3.485181E1	1.175271E1	1.373637E1
3.488513E1	1.219977E1	1.355705E1
3.491845E1	1.252405E1	1.345505E1
3.495176E1	1.258206E1	1.344782E1
3.498508E1	1.238637E1	1.359947E1
3.501840E1	1.209113E1	1.377817E1
3.505172E1	1.188137E1	1.392496E1
3.508504E1	1.192499E1	1.389362E1
3.511836E1	1.219940E1	1.370879E1
3.515168E1	1.238408E1	1.357590E1
3.518500E1	1.247644E1	1.350561E1
3.521832E1	1.236206E1	1.352894E1
3.525164E1	1.207659E1	1.361263E1
3.528496E1	1.168955E1	1.380333E1
3.531828E1	1.165652E1	1.389125E1
3.535159E1	1.187770E1	1.384133E1
3.538491E1	1.233973E1	1.366086E1
3.541823E1	1.261849E1	1.363655E1
3.545155E1	1.259848E1	1.367302E1
3.548487E1	1.231090E1	1.384676E1
3.551819E1	1.200278E1	1.399511E1
3.555151E1	1.178375E1	1.415241E1
3.558483E1	1.186393E1	1.411841E1
3.561815E1	1.217588E1	1.392623E1
3.565147E1	1.235384E1	1.376822E1
3.568479E1	1.248769E1	1.361122E1
3.571810E1	1.243300E1	1.362533E1
3.575142E1	1.221031E1	1.370081E1
3.578474E1	1.194022E1	1.387534E1
3.581806E1	1.191737E1	1.396032E1
3.585138E1	1.209290E1	1.384978E1
3.588470E1	1.243024E1	1.366927E1
3.591802E1	1.273618E1	1.358700E1
3.595134E1	1.281735E1	1.357052E1
3.598466E1	1.258570E1	1.371800E1
3.601798E1	1.229534E1	1.390191E1
3.605130E1	1.203438E1	1.407322E1
3.608462E1	1.199164E1	1.406846E1
3.611793E1	1.213803E1	1.400064E1
3.615125E1	1.225423E1	1.391032E1
3.618457E1	1.228142E1	1.384400E1
3.621789E1	1.227953E1	1.383693E1
3.625121E1	1.211299E1	1.387777E1
3.628453E1	1.182129E1	1.404828E1
3.631785E1	1.180279E1	1.409632E1
3.635117E1	1.194108E1	1.404889E1
3.638449E1	1.229043E1	1.387824E1
3.641781E1	1.256975E1	1.381454E1
3.645113E1	1.264114E1	1.382272E1
3.648444E1	1.237461E1	1.398684E1
3.651776E1	1.209432E1	1.415621E1
3.655108E1	1.182894E1	1.429200E1
3.658440E1	1.177643E1	1.428817E1
3.661772E1	1.193139E1	1.421271E1
3.665104E1	1.209733E1	1.410252E1
3.668436E1	1.216123E1	1.400444E1
3.671768E1	1.215829E1	1.399276E1
3.675100E1	1.199465E1	1.405043E1
3.678432E1	1.172060E1	1.421578E1
3.681764E1	1.169302E1	1.425583E1
3.685095E1	1.182785E1	1.418012E1
3.688427E1	1.214635E1	1.402050E1
3.691759E1	1.244810E1	1.389781E1
3.695091E1	1.249297E1	1.392510E1
3.698423E1	1.220640E1	1.411697E1
3.701755E1	1.190532E1	1.432555E1
3.705087E1	1.166491E1	1.452315E1
3.708419E1	1.169599E1	1.450555E1
3.711751E1	1.193088E1	1.433096E1
3.715083E1	1.217407E1	1.411547E1
3.718415E1	1.230151E1	1.401328E1
3.721747E1	1.230617E1	1.397731E1
3.725078E1	1.215756E1	1.401000E1
3.728410E1	1.188434E1	1.417385E1
3.731742E1	1.186834E1	1.427437E1
3.735074E1	1.199765E1	1.422021E1
3.738406E1	1.237080E1	1.401716E1
3.741738E1	1.266457E1	1.389695E1
3.745070E1	1.273859E1	1.390760E1
3.748402E1	1.251371E1	1.406928E1
3.751734E1	1.222414E1	1.424107E1
3.755066E1	1.196613E1	1.438119E1
3.758398E1	1.194681E1	1.437624E1
3.761729E1	1.210784E1	1.427188E1
3.765061E1	1.228218E1	1.413829E1
3.768393E1	1.234129E1	1.407032E1
3.771725E1	1.234174E1	1.405739E1
3.775057E1	1.220383E1	1.408487E1
3.778389E1	1.190142E1	1.423452E1
3.781721E1	1.183579E1	1.434264E1
3.785053E1	1.194074E1	1.433011E1
3.788385E1	1.231377E1	1.412336E1
3.791717E1	1.261064E1	1.403646E1
3.795049E1	1.260530E1	1.408505E1
3.798381E1	1.232400E1	1.427858E1
3.801712E1	1.198458E1	1.449619E1
3.805044E1	1.179319E1	1.460855E1
3.808376E1	1.190090E1	1.454770E1
3.811708E1	1.225476E1	1.432985E1
3.815040E1	1.256049E1	1.407594E1
3.818372E1	1.275473E1	1.390274E1
3.821704E1	1.268730E1	1.394342E1
3.825036E1	1.239440E1	1.407413E1
3.828368E1	1.198818E1	1.426110E1
3.831700E1	1.175645E1	1.443805E1
3.835032E1	1.187054E1	1.438764E1
3.838363E1	1.231829E1	1.416829E1
3.841695E1	1.268639E1	1.447312E1
3.845027E1	1.142177E1	1.381078E1
3.848359E1	1.259775E1	1.465857E1
3.851691E1		
3.855023E1	1.204738E1	1.499232E1
3.858355E1		
3.861687E1		
3.865019E1		
3.868351E1	1.304254E1	1.427611E1
3.871683E1	1.292707E1	1.427547E1
3.875015E1	1.270473E1	1.445708E1
3.878346E1		
3.881678E1	1.209645E1	1.481938E1
3.885010E1	1.234745E1	1.467642E1
3.888342E1	1.276198E1	1.454400E1
3.891674E1	1.298719E1	1.431468E1
3.895006E1	1.308866E1	1.431239E1
3.898338E1	1.291229E1	1.445641E1
3.901670E1	1.260925E1	1.462461E1
3.905002E1	1.234601E1	1.493624E1
3.908334E1	1.226967E1	1.482034E1
3.911666E1	1.244234E1	1.491753E1
3.914997E1	1.310536E1	1.453185E1
3.918329E1	1.328022E1	1.445319E1
3.921661E1	1.330815E1	1.444675E1
3.924993E1	1.319282E1	1.448815E1
3.928325E1	1.289506E1	1.460186E1
3.931657E1	1.273383E1	1.459972E1
3.934989E1	1.274130E1	1.452451E1
3.938321E1	1.303423E1	1.432940E1
3.941653E1	1.319859E1	1.422819E1
3.944985E1	1.330270E1	1.420679E1
3.948317E1	1.309519E1	1.433444E1
3.951649E1	1.283254E1	1.449519E1
3.954980E1	1.267816E1	1.462231E1
3.958312E1	1.275843E1	1.462018E1
3.961644E1	1.313218E1	1.446826E1
3.964976E1	1.350022E1	1.429895E1
3.968308E1	1.360083E1	1.425034E1
3.971640E1	1.345563E1	1.440351E1
3.974972E1	1.335577E1	1.439183E1
3.978304E1	1.298320E1	1.453372E1
3.981636E1	1.271963E1	1.461927E1
3.984968E1	1.278665E1	1.450475E1
3.988300E1	1.311622E1	1.429990E1
3.991631E1	1.328651E1	1.424276E1
3.994963E1	1.333208E1	1.426983E1
3.998295E1	1.315513E1	1.439261E1
4.001627E1	1.285261E1	1.459912E1
4.004959E1	1.265057E1	1.474636E1
4.008291E1	1.268308E1	1.475172E1
4.011623E1	1.295570E1	1.462138E1
4.014955E1	1.324829E1	1.446538E1
4.018287E1	1.346642E1	1.436624E1
4.021619E1	1.349085E1	1.436973E1
4.024951E1	1.334627E1	1.444092E1
4.028283E1	1.308159E1	1.455281E1
4.031614E1	1.298134E1	1.457821E1
4.034946E1	1.310449E1	1.446050E1
4.038278E1	1.343027E1	1.427348E1
4.041610E1	1.380109E1	1.457865E1
4.044942E1	1.386819E1	1.462713E1
4.048274E1	1.388717E1	1.467536E1
4.051606E1	1.319320E1	1.487359E1
4.054938E1	1.313455E1	1.503686E1
4.058270E1	1.339469E1	1.498056E1
4.061602E1	1.370348E1	1.482831E1
4.064934E1	1.408951E1	1.462836E1
4.068265E1	1.415789E1	1.444590E1
4.071597E1	1.398436E1	1.450268E1
4.074929E1	1.377196E1	1.462660E1
4.078261E1	1.333855E1	1.469155E1
4.081593E1	1.325088E1	1.488353E1
4.084925E1	1.352085E1	1.478880E1
4.088257E1	1.389706E1	1.462729E1
4.091589E1	1.412854E1	1.453235E1
4.094921E1	1.421488E1	1.458094E1
4.098253E1	1.433933E1	1.469711E1
4.101585E1	1.371230E1	1.497270E1
4.104917E1	1.366370E1	1.505904E1
4.108248E1	1.375079E1	1.497292E1
4.111580E1	1.402135E1	1.477233E1
4.114912E1	1.429176E1	1.460062E1
4.118244E1	1.447587E1	1.437068E1
4.121576E1	1.422466E1	1.455213E1
4.124908E1	1.397431E1	1.457961E1
4.128240E1	1.369471E1	1.467429E1
4.131572E1	1.355838E1	1.496222E1
4.134904E1	1.375154E1	1.483820E1
4.138236E1	1.409871E1	1.470540E1
4.141568E1	1.431170E1	1.447563E1
4.144899E1	1.446449E1	1.468819E1
4.148231E1	1.419451E1	1.478292E1
4.151563E1	1.408764E1	1.496516E1
4.154895E1	1.377859E1	1.516553E1
4.158227E1	1.394277E1	1.506059E1
4.161559E1	1.429031E1	1.486044E1
4.164891E1	1.451292E1	1.463072E1
4.168223E1	1.479348E1	1.436283E1
4.171555E1	1.448512E1	1.443810E1
4.174887E1	1.422472E1	1.454251E1
4.178219E1	1.404135E1	1.463772E1
4.181550E1	1.376458E1	1.405140E1
4.184882E1	1.398325E1	1.398306E1
4.188214E1	1.443908E1	1.375659E1
4.191546E1	1.479374E1	1.371888E1
4.194878E1	1.489891E1	1.374050E1
4.198210E1	1.470030E1	1.388297E1
4.201542E1	1.435544E1	1.407119E1
4.204874E1	1.407785E1	1.423172E1
4.208206E1	1.409930E1	1.416857E1
4.211538E1	1.437919E1	1.398858E1
4.214870E1	1.461286E1	1.380510E1
4.218202E1	1.477183E1	1.360771E1
4.221533E1	1.472413E1	1.363095E1
4.224865E1	1.448418E1	1.367726E1
4.228197E1	1.417777E1	1.386074E1
4.231529E1	1.409749E1	1.395594E1
4.234861E1	1.427308E1	1.393086E1
4.238193E1	1.468685E1	1.377711E1
4.241525E1	1.497524E1	1.377591E1
4.244857E1	1.511503E1	1.383953E1
4.248189E1	1.499926E1	1.396071E1
4.251521E1	1.471748E1	1.418262E1
4.254853E1	1.450624E1	1.432713E1
4.258184E1	1.450507E1	1.429973E1
4.261516E1	1.479951E1	1.410196E1
4.264848E1	1.500920E1	1.386479E1
4.268180E1	1.516386E1	1.368436E1
4.271512E1	1.507150E1	1.372600E1
4.274844E1	1.476407E1	1.386979E1
4.278176E1	1.442674E1	1.405849E1
4.281508E1	1.430491E1	1.427168E1
4.284840E1	1.447601E1	1.420869E1
4.288172E1	1.487146E1	1.394502E1
4.291504E1	1.518955E1	1.389962E1
4.294836E1	1.536164E1	1.394227E1
4.298167E1	1.522275E1	1.411414E1
4.301499E1	1.491117E1	1.431535E1
4.304831E1	1.459318E1	1.447750E1
4.308163E1	1.450869E1	1.451673E1
4.311495E1	1.469464E1	1.438268E1
4.314827E1	1.483749E1	1.419211E1
4.318159E1	1.497368E1	1.404561E1
4.321491E1	1.502169E1	1.400602E1
4.324823E1	1.493657E1	1.407368E1
4.328155E1	1.480689E1	1.420023E1
4.331487E1	1.473795E1	1.428219E1
4.334818E1	1.491992E1	1.425181E1
4.338150E1	1.524209E1	1.409013E1
4.341482E1	1.549078E1	1.397710E1
4.344814E1	1.562362E1	1.398753E1
4.348146E1	1.543494E1	1.418350E1
4.351478E1	1.512732E1	1.443292E1
4.354810E1	1.482334E1	1.467066E1
4.358142E1	1.474858E1	1.465555E1
4.361474E1	1.486814E1	1.446970E1
4.364806E1	1.489526E1	1.423858E1
4.368138E1	1.497533E1	1.410289E1
4.371470E1	1.503014E1	1.404908E1
4.374801E1	1.496871E1	1.405710E1
4.378133E1	1.477035E1	1.420549E1
4.381465E1	1.469519E1	1.437192E1
4.384797E1	1.479170E1	1.440078E1
4.388129E1	1.519436E1	1.419874E1
4.391461E1	1.550516E1	1.415306E1
4.394793E1	1.550890E1	1.417347E1
4.398125E1	1.528852E1	1.434100E1
4.401457E1	1.498766E1	1.457137E1
4.404789E1	1.471906E1	1.477840E1
4.408121E1	1.467858E1	1.477927E1
4.411452E1	1.489190E1	1.465495E1
4.414784E1	1.505646E1	1.443594E1
4.418116E1	1.512876E1	1.428806E1
4.421448E1	1.510304E1	1.429672E1
4.424780E1	1.491650E1	1.432564E1
4.428112E1	1.468190E1	1.453719E1
4.431444E1	1.456266E1	1.467258E1
4.434776E1	1.472795E1	1.466510E1
4.438108E1	1.512234E1	1.443979E1
4.441440E1	1.555952E1	1.505033E1
4.444772E1	1.576144E1	1.508032E1
4.448104E1	1.560651E1	1.525268E1
4.451435E1	1.520016E1	1.564497E1
4.454767E1	1.504624E1	1.563449E1
4.458099E1	1.489201E1	1.568175E1
4.461431E1	1.488239E1	1.568170E1
4.464763E1	1.522988E1	1.549116E1
4.468095E1	1.536551E1	1.532832E1
4.471427E1	1.531766E1	1.527994E1
4.474759E1	1.514032E1	1.528578E1
4.478091E1	1.486409E1	1.539937E1
4.481423E1	1.483190E1	1.544789E1
4.484755E1	1.499328E1	1.543696E1
4.488086E1	1.537498E1	1.531388E1
4.491418E1	1.569625E1	1.528823E1
4.494750E1	1.585186E1	1.528492E1
4.498082E1	1.565688E1	1.542631E1
4.501414E1	1.532398E1	1.561645E1
4.504746E1	1.502028E1	1.583178E1
4.508078E1	1.498136E1	1.586861E1
4.511410E1	1.514564E1	1.575310E1
4.514742E1	1.532249E1	1.556724E1
4.518074E1	1.542967E1	1.547350E1
4.521406E1	1.547365E1	1.542940E1
4.524738E1	1.542933E1	1.543506E1
4.528069E1	1.526150E1	1.554462E1
4.531401E1	1.522682E1	1.564227E1
4.534733E1	1.536956E1	1.562654E1
4.538065E1	1.571495E1	1.548347E1
4.541397E1	1.597931E1	1.547449E1
4.544729E1	1.603247E1	1.545614E1
4.548061E1	1.586472E1	1.559368E1
4.551393E1	1.554433E1	1.581918E1
4.554725E1	1.526887E1	1.599323E1
4.558057E1	1.528986E1	1.599207E1
4.561389E1	1.556368E1	1.578977E1
4.564720E1	1.582922E1	1.555425E1
4.568052E1	1.596042E1	1.536113E1
4.571384E1	1.594147E1	1.533549E1
4.574716E1	1.571640E1	1.543260E1
4.578048E1	1.542970E1	1.558369E1
4.581380E1	1.526772E1	1.575507E1
4.584712E1	1.542527E1	1.570540E1
4.588044E1	1.583960E1	1.550548E1
4.591376E1	1.621647E1	1.541775E1
4.594708E1	1.640468E1	1.537243E1
4.598040E1	1.619761E1	1.549238E1
4.601372E1	1.589883E1	1.567953E1
4.604703E1	1.563271E1	1.587748E1
4.608035E1	1.559674E1	1.588056E1
4.611367E1	1.579674E1	1.576283E1
4.614699E1	1.600002E1	1.555761E1
4.618031E1	1.609366E1	1.543543E1
4.621363E1	1.612015E1	1.539520E1
4.624695E1	1.610115E1	1.537991E1
4.628027E1	1.597684E1	1.549549E1
4.631359E1	1.591678E1	1.562089E1
4.634691E1	1.609744E1	1.556182E1
4.638023E1	1.643430E1	1.539932E1
4.641354E1	1.674477E1	1.529668E1
4.644686E1	1.686875E1	1.522954E1
4.648018E1	1.677720E1	1.525742E1
4.651350E1	1.670107E1	1.527703E1
4.654682E1	1.658824E1	1.528350E1
4.658014E1	1.661432E1	1.528638E1
4.661346E1	1.691874E1	1.511455E1
4.664678E1	1.746001E1	1.483858E1
4.668010E1	1.780470E1	1.463786E1
4.671342E1	1.774144E1	1.472343E1
4.674674E1	1.728005E1	1.508080E1
4.678005E1	1.673374E1	1.541142E1
4.681337E1	1.643158E1	1.549565E1
4.684669E1	1.656675E1	1.533873E1
4.688001E1	1.687201E1	1.524120E1
4.691333E1	1.721621E1	1.514358E1
4.694665E1	1.731280E1	1.513695E1
4.697997E1	1.710832E1	1.524963E1
4.701329E1	1.681871E1	1.545388E1
4.704661E1	1.657176E1	1.560732E1
4.707993E1	1.659011E1	1.560014E1
4.711325E1	1.687583E1	1.544435E1
4.714657E1	1.707360E1	1.524598E1
4.717988E1	1.719516E1	1.510741E1
4.721320E1	1.715699E1	1.512304E1
4.724652E1	1.694253E1	1.519273E1
4.727984E1	1.671810E1	1.536236E1
4.731316E1	1.670880E1	1.545689E1
4.734648E1	1.689695E1	1.532653E1
4.737980E1	1.722078E1	1.513263E1
4.741312E1	1.759143E1	1.499214E1
4.744644E1	1.773301E1	1.496688E1
4.747976E1	1.752815E1	1.513616E1
4.751308E1	1.727184E1	1.533472E1
4.754639E1	1.700334E1	1.546854E1
4.757971E1	1.703745E1	1.545788E1
4.761303E1	1.735204E1	1.527474E1
4.764635E1	1.765227E1	1.506312E1
4.767967E1	1.780634E1	1.487569E1
4.771299E1	1.776131E1	1.486962E1
4.774631E1	1.748499E1	1.498052E1
4.777963E1	1.721508E1	1.512218E1
4.781295E1	1.711384E1	1.532494E1
4.784627E1	1.725373E1	1.525975E1
4.787959E1	1.765786E1	1.502246E1
4.791291E1	1.800384E1	1.495029E1
4.794622E1	1.815449E1	1.500753E1
4.797954E1	1.797163E1	1.517008E1
4.801286E1	1.763069E1	1.536942E1
4.804618E1	1.737759E1	1.554561E1
4.807950E1	1.733886E1	1.555528E1
4.811282E1	1.753013E1	1.544207E1
4.814614E1	1.773345E1	1.527023E1
4.817946E1	1.781178E1	1.517616E1
4.821278E1	1.782476E1	1.514330E1
4.824610E1	1.767276E1	1.518871E1
4.827942E1	1.745940E1	1.534496E1
4.831273E1	1.741028E1	1.553702E1
4.834605E1	1.754628E1	1.555826E1
4.837937E1	1.783423E1	1.540282E1
4.841269E1	1.815041E1	1.528810E1
4.844601E1	1.825343E1	1.529131E1
4.847933E1	1.808436E1	1.545468E1
4.851265E1	1.776461E1	1.567006E1
4.854597E1	1.750413E1	1.586715E1
4.857929E1	1.749141E1	1.588640E1
4.861261E1	1.773470E1	1.567472E1
4.864593E1	1.798126E1	1.545360E1
4.867925E1	1.808578E1	1.528287E1
4.871256E1	1.808388E1	1.525314E1
4.874588E1	1.790464E1	1.534837E1
4.877920E1	1.768490E1	1.550521E1
4.881252E1	1.758621E1	1.570018E1
4.884584E1	1.774778E1	1.572387E1
4.887916E1	1.807786E1	1.551366E1
4.891248E1	1.837964E1	1.538827E1
4.894580E1	1.847576E1	1.541763E1
4.897912E1	1.836370E1	1.556740E1
4.901244E1	1.807297E1	1.578033E1
4.904576E1	1.778643E1	1.593778E1
4.907907E1	1.772027E1	1.599711E1
4.911239E1	1.790412E1	1.583205E1
4.914571E1	1.808284E1	1.557879E1
4.917903E1	1.824993E1	1.544014E1
4.921235E1	1.826004E1	1.541271E1
4.924567E1	1.816489E1	1.541023E1
4.927899E1	1.792376E1	1.558762E1
4.931231E1	1.788889E1	1.571105E1
4.934563E1	1.800608E1	1.573182E1
4.937895E1	1.835120E1	1.557125E1
4.941227E1	1.864136E1	1.547352E1
4.944559E1	1.874089E1	1.553341E1
4.947890E1	1.862612E1	1.567593E1
4.951222E1	1.831538E1	1.590398E1
4.954554E1	1.807784E1	1.609660E1
4.957886E1	1.807121E1	1.610862E1
4.961218E1	1.835487E1	1.589126E1
4.964550E1	1.865336E1	1.557708E1
4.967882E1	1.881169E1	1.534441E1
4.971214E1	1.875950E1	1.533153E1
4.974546E1	1.847171E1	1.546116E1
4.977878E1	1.815096E1	1.563032E1
4.981210E1	1.801782E1	1.585606E1
4.984541E1	1.818601E1	1.582809E1
4.987873E1	1.859235E1	1.560470E1
4.991205E1	1.890351E1	1.554264E1
4.994537E1	1.907232E1	1.552686E1
4.997869E1	1.891121E1	1.566288E1
5.001201E1	1.859139E1	1.588654E1
5.004533E1	1.829370E1	1.605788E1
5.007865E1	1.826179E1	1.605202E1
5.011197E1	1.850909E1	1.585149E1
5.014529E1	1.876183E1	1.562534E1
5.017861E1	1.889164E1	1.546867E1
5.021193E1	1.882000E1	1.547062E1
5.024524E1	1.852760E1	1.562317E1
5.027856E1	1.824848E1	1.579095E1
5.031188E1	1.812484E1	1.595180E1
5.034520E1	1.828723E1	1.584963E1
5.037852E1	1.864839E1	1.562012E1
5.041184E1	1.906683E1	1.541719E1
5.044516E1	1.929228E1	1.539039E1
5.047848E1	1.907258E1	1.551657E1
5.051180E1	1.875594E1	1.577861E1
5.054512E1	1.843103E1	1.604361E1
5.057844E1	1.836439E1	1.609220E1
5.061175E1	1.853568E1	1.597891E1
5.064507E1	1.869452E1	1.579255E1
5.067839E1	1.875233E1	1.567115E1
5.071171E1	1.877952E1	1.565229E1
5.074503E1	1.865836E1	1.571867E1
5.077835E1	1.845756E1	1.590488E1
5.081167E1	1.843153E1	1.600462E1
5.084499E1	1.855383E1	1.591778E1
5.087831E1	1.890551E1	1.569387E1
5.091163E1	1.930038E1	1.554760E1
5.094495E1	1.947727E1	1.550149E1
5.097826E1	1.930113E1	1.563080E1
5.101158E1	1.897779E1	1.587840E1
5.104490E1	1.867972E1	1.611029E1
5.107822E1	1.863989E1	1.611961E1
5.111154E1	1.889362E1	1.595370E1
5.114486E1	1.916495E1	1.570025E1
5.117818E1	1.928603E1	1.547506E1
5.121150E1	1.926301E1	1.545891E1
5.124482E1	1.902149E1	1.558309E1
5.127814E1	1.878518E1	1.577762E1
5.131146E1	1.867033E1	1.595347E1
5.134478E1	1.881616E1	1.583730E1
5.137809E1	1.915265E1	1.562706E1
5.141141E1	1.958681E1	1.545153E1
5.144473E1	1.976788E1	1.542771E1
5.147805E1	1.961045E1	1.557065E1
5.151137E1	1.929839E1	1.583295E1
5.154469E1	1.896241E1	1.606217E1
5.157801E1	1.888055E1	1.612158E1
5.161133E1	1.900651E1	1.601278E1
5.164465E1	1.918237E1	1.584445E1
5.167797E1	1.922917E1	1.578475E1
