	mass A		
t	x	y	
0.000000E0	1.187390E-1	-2.090955E-2
3.331912E-2	9.793551E-2	-1.749854E-2
6.663825E-2	1.059913E-2	-5.723845E-2
9.995737E-2	-1.680070E-2	-8.672176E-2
1.332765E-1	1.150120E-1	-6.868408E-2
1.665956E-1	4.917721E-1	-1.534111E-2
1.999147E-1	9.290680E-1	4.376819E-2
2.332339E-1	1.245827E0	4.242790E-2
2.665530E-1	1.255141E0	3.615564E-2
2.998721E-1	1.080997E0	5.292110E-2
3.331912E-1	8.177782E-1	1.380608E-1
3.665104E-1	6.419476E-1	2.652565E-1
3.998295E-1	8.300405E-1	2.822270E-1
4.331486E-1	1.325100E0	2.432246E-1
4.664677E-1	1.722956E0	2.578974E-1
4.997869E-1	2.004279E0	2.790093E-1
5.331060E-1	2.101305E0	2.847832E-1
5.664251E-1	2.047393E0	2.326817E-1
5.997442E-1	1.983567E0	1.874827E-1
6.330634E-1	1.996606E0	2.103579E-1
6.663825E-1	2.334310E0	2.067556E-1
6.997016E-1	2.938809E0	2.093270E-1
7.330207E-1	3.420044E0	1.433407E-1
7.663399E-1	3.415785E0	1.866582E-1
7.996590E-1	2.957662E0	2.581468E-1
8.329781E-1	2.277743E0	3.384246E-1
8.662972E-1	1.852215E0	3.325970E-1
8.996163E-1	2.024599E0	1.983941E-1
9.329355E-1	2.515905E0	8.410341E-2
9.662546E-1	3.021720E0	5.465523E-2
9.995737E-1	3.319782E0	1.754909E-1
1.032893E0	3.241949E0	2.810846E-1
1.066212E0	2.997593E0	3.381269E-1
1.099531E0	2.789710E0	3.478609E-1
1.132850E0	2.776004E0	3.410117E-1
1.166169E0	3.113807E0	3.082998E-1
1.199488E0	3.505532E0	2.464050E-1
1.232808E0	3.765333E0	1.862665E-1
1.266127E0	3.871641E0	2.015649E-1
1.299446E0	3.771221E0	1.999376E-1
1.332765E0	3.535200E0	2.947809E-1
1.366084E0	3.401027E0	4.136279E-1
1.399403E0	3.533205E0	4.395632E-1
1.432722E0	4.034958E0	3.832622E-1
1.466041E0	4.406047E0	3.890369E-1
1.499361E0	4.553971E0	4.452882E-1
1.532680E0	4.357785E0	4.802674E-1
1.565999E0	3.945645E0	5.370097E-1
1.599318E0	3.614901E0	5.840783E-1
1.632637E0	3.581768E0	5.865651E-1
1.665956E0	3.880036E0	4.656403E-1
1.699275E0	4.253967E0	3.995910E-1
1.732594E0	4.541646E0	3.300260E-1
1.765914E0	4.619058E0	3.659890E-1
1.799233E0	4.480813E0	3.672439E-1
1.832552E0	4.185387E0	4.630170E-1
1.865871E0	4.096041E0	5.426580E-1
1.899190E0	4.238675E0	5.703334E-1
1.932509E0	4.697064E0	5.478594E-1
1.965828E0	5.080371E0	5.492719E-1
1.999147E0	5.197910E0	6.167142E-1
2.032467E0	4.989377E0	6.680980E-1
2.065786E0	4.564725E0	7.326492E-1
2.099105E0	4.244354E0	7.609596E-1
2.132424E0	4.191775E0	7.463001E-1
2.165743E0	4.443226E0	7.198994E-1
2.199062E0	4.724570E0	6.707422E-1
2.232381E0	4.879229E0	6.257772E-1
2.265700E0	4.953419E0	6.225694E-1
2.299020E0	4.831030E0	6.437828E-1
2.332339E0	4.587445E0	6.669306E-1
2.365658E0	4.437275E0	8.278198E-1
2.398977E0	4.558359E0	8.733886E-1
2.432296E0	5.004043E0	8.129964E-1
2.465615E0	5.280975E0	7.855335E-1
2.498934E0	5.379709E0	8.074409E-1
2.532253E0	5.311287E0	8.295508E-1
2.565573E0	4.994866E0	8.839935E-1
2.598892E0	4.723677E0	9.336919E-1
2.632211E0	4.630864E0	9.531961E-1
2.665530E0	4.880658E0	8.849444E-1
2.698849E0	5.287506E0	8.099698E-1
2.732168E0	5.592714E0	7.379847E-1
2.765487E0	5.677051E0	7.527797E-1
2.798806E0	5.543532E0	7.592773E-1
2.832126E0	5.269632E0	8.088954E-1
2.865445E0	5.138542E0	8.163743E-1
2.898764E0	5.256057E0	8.807927E-1
2.932083E0	5.674049E0	8.726584E-1
2.965402E0	6.039743E0	8.883634E-1
2.998721E0	6.234613E0	9.037288E-1
3.032040E0	6.035541E0	9.389733E-1
3.065359E0	5.643134E0	1.008362E0
3.098679E0	5.290772E0	1.036527E0
3.131998E0	5.213596E0	1.049024E0
3.165317E0	5.470557E0	9.450671E-1
3.198636E0	5.769650E0	8.352560E-1
3.231955E0	6.035998E0	7.617595E-1
3.265274E0	6.160566E0	7.709921E-1
3.298593E0	6.077266E0	7.889085E-1
3.331912E0	5.842378E0	8.633310E-1
3.365232E0	5.777037E0	9.532979E-1
3.398551E0	5.874936E0	9.943310E-1
3.431870E0	6.301059E0	9.753803E-1
3.465189E0	6.648782E0	9.698576E-1
3.498508E0	6.756371E0	1.035234E0
3.531827E0	6.585711E0	1.071142E0
3.565146E0	6.191460E0	1.158153E0
3.598465E0	5.859164E0	1.175049E0
3.631785E0	5.767619E0	1.163249E0
3.665104E0	5.990232E0	1.121374E0
3.698423E0	6.319203E0	1.044319E0
3.731742E0	6.540105E0	9.304829E-1
3.765061E0	6.516200E0	9.224613E-1
3.798380E0	6.241699E0	9.057393E-1
3.831699E0	5.906273E0	9.497810E-1
3.865018E0	5.734230E0	1.042539E0
3.898337E0	5.920318E0	1.076147E0
3.931657E0	6.363591E0	1.062348E0
3.964976E0	6.685667E0	1.103738E0
3.998295E0	6.746358E0	1.157345E0
4.031614E0	6.527884E0	1.222473E0
4.064933E0	6.147313E0	1.277827E0
4.098252E0	5.797847E0	1.322188E0
4.131571E0	5.720442E0	1.354553E0
4.164890E0	5.987222E0	1.322473E0
4.198210E0	6.374826E0	1.261166E0
4.231529E0	6.676930E0	1.221791E0
4.264848E0	6.720986E0	1.228441E0
4.298167E0	6.621636E0	1.212279E0
4.331486E0	6.321520E0	1.266134E0
4.364805E0	6.252463E0	1.349602E0
4.398124E0	6.348866E0	1.369716E0
4.431443E0	6.699216E0	1.334126E0
4.464763E0	6.990123E0	1.390958E0
4.498082E0	7.102370E0	1.433914E0
4.531401E0	6.841957E0	1.454341E0
4.564720E0	6.478630E0	1.493736E0
4.598039E0	6.202558E0	1.532305E0
4.631358E0	6.124117E0	1.594682E0
4.664677E0	6.354172E0	1.540529E0
4.697996E0	6.703737E0	1.474501E0
4.731316E0	6.919186E0	1.432532E0
4.764635E0	6.955833E0	1.444768E0
4.797954E0	6.855515E0	1.434558E0
4.831273E0	6.555954E0	1.557996E0
4.864592E0	6.474273E0	1.656613E0
4.897911E0	6.587118E0	1.697467E0
4.931230E0	7.082280E0	1.645633E0
4.964549E0	7.432232E0	1.657696E0
4.997869E0	7.582480E0	1.709232E0
5.031188E0	7.416448E0	1.738997E0
5.064507E0	7.016027E0	1.819062E0
5.097826E0	6.674083E0	1.860750E0
5.131145E0	6.525713E0	1.868625E0
5.164464E0	6.690064E0	1.861886E0
5.197783E0	7.079660E0	1.825829E0
5.231102E0	7.374954E0	1.766793E0
5.264422E0	7.489047E0	1.702527E0
5.297741E0	7.371285E0	1.675695E0
5.331060E0	7.130148E0	1.701844E0
5.364379E0	6.955295E0	1.792949E0
5.397698E0	7.060680E0	1.782511E0
5.431017E0	7.509806E0	1.733203E0
5.464336E0	7.810163E0	1.770550E0
5.497655E0	7.961818E0	1.782824E0
5.530975E0	7.776914E0	1.794698E0
5.564294E0	7.431760E0	1.869307E0
5.597613E0	7.137542E0	1.893322E0
5.630932E0	7.123925E0	1.929766E0
5.664251E0	7.510923E0	1.921388E0
5.697570E0	7.941535E0	1.883486E0
5.730889E0	8.209847E0	1.781490E0
5.764208E0	8.140903E0	1.774040E0
5.797528E0	7.818386E0	1.764351E0
5.830847E0	7.416080E0	1.751716E0
5.864166E0	7.167580E0	1.882237E0
5.897485E0	7.325256E0	1.882652E0
5.930804E0	7.822858E0	1.866302E0
5.964123E0	8.175683E0	1.898900E0
5.997442E0	8.249978E0	2.005243E0
6.030761E0	8.073744E0	2.047508E0
6.064081E0	7.712631E0	2.130208E0
6.097400E0	7.425022E0	2.157438E0
6.130719E0	7.354562E0	2.144217E0
6.164038E0	7.559032E0	2.107813E0
6.197357E0	7.898320E0	2.046378E0
6.230676E0	8.131478E0	2.033375E0
6.263995E0	8.183815E0	2.041763E0
6.297314E0	8.059046E0	2.022753E0
6.330634E0	7.728235E0	2.087086E0
6.363953E0	7.629724E0	2.175045E0
6.397272E0	7.709827E0	2.253805E0
6.430591E0	8.096175E0	2.217592E0
6.463910E0	8.405967E0	2.258769E0
6.497229E0	8.483933E0	2.259852E0
6.530548E0	8.328408E0	2.290680E0
6.563867E0	8.003740E0	2.340359E0
6.597187E0	7.714794E0	2.374763E0
6.630506E0	7.706211E0	2.397608E0
6.663825E0	7.958116E0	2.365933E0
6.697144E0	8.344150E0	2.309159E0
6.730463E0	8.625125E0	2.241393E0
6.763782E0	8.704371E0	2.228975E0
6.797101E0	8.588628E0	2.225604E0
6.830420E0	8.259610E0	2.278593E0
6.863740E0	8.143130E0	2.373456E0
6.897059E0	8.255478E0	2.438391E0
6.930378E0	8.731684E0	2.432020E0
6.963697E0	9.083445E0	2.433284E0
6.997016E0	9.206622E0	2.498107E0
7.030335E0	9.037182E0	2.518742E0
7.063654E0	8.623677E0	2.589026E0
7.096973E0	8.277200E0	2.577222E0
7.130293E0	8.152840E0	2.620723E0
7.163612E0	8.321553E0	2.583300E0
7.196931E0	8.638900E0	2.537449E0
7.230250E0	8.834012E0	2.491144E0
7.263569E0	8.915236E0	2.471259E0
7.296888E0	8.821423E0	2.457904E0
7.330207E0	8.562257E0	2.529543E0
7.363526E0	8.422148E0	2.603295E0
7.396846E0	8.568198E0	2.628565E0
7.430165E0	8.963036E0	2.581660E0
7.463484E0	9.273738E0	2.608163E0
7.496803E0	9.396693E0	2.647802E0
7.530122E0	9.235524E0	2.693064E0
7.563441E0	8.895675E0	2.761765E0
7.596760E0	8.600310E0	2.777430E0
7.630079E0	8.588187E0	2.799345E0
7.663399E0	8.948487E0	2.800715E0
7.696718E0	9.346903E0	2.742445E0
7.730037E0	9.575350E0	2.640780E0
7.763356E0	9.626043E0	2.643985E0
7.796675E0	9.384881E0	2.658884E0
7.829994E0	9.048988E0	2.645807E0
7.863313E0	8.842749E0	2.741875E0
7.896632E0	8.982552E0	2.725329E0
7.929951E0	9.341243E0	2.715333E0
7.963271E0	9.655769E0	2.761938E0
7.996590E0	9.762136E0	2.861170E0
8.029909E0	9.601962E0	2.871924E0
8.063228E0	9.225960E0	2.930714E0
8.096547E0	8.903852E0	2.962293E0
8.129866E0	8.799287E0	2.975409E0
8.163185E0	8.979643E0	2.953370E0
8.196504E0	9.193545E0	2.911647E0
8.229824E0	9.281250E0	2.860526E0
8.263143E0	9.305422E0	2.857786E0
8.296462E0	9.192664E0	2.850760E0
8.329781E0	8.960506E0	2.865376E0
8.363100E0	8.843115E0	3.006974E0
8.396419E0	8.955376E0	3.018103E0
8.429738E0	9.411056E0	2.955825E0
8.463057E0	9.748237E0	3.028498E0
8.496377E0	9.872361E0	3.076881E0
8.529696E0	9.684473E0	3.129832E0
8.563015E0	9.341543E0	3.227911E0
8.596334E0	9.059635E0	3.244179E0
8.629653E0	8.959476E0	3.254215E0
8.662972E0	9.171650E0	3.229703E0
8.696291E0	9.382149E0	3.198725E0
8.729610E0	9.500283E0	3.167970E0
8.762930E0	9.501315E0	3.180696E0
8.796249E0	9.362386E0	3.165292E0
8.829568E0	9.106459E0	3.199193E0
8.862887E0	8.956626E0	3.304564E0
8.896206E0	9.063431E0	3.326086E0
8.929525E0	9.484829E0	3.283154E0
8.962844E0	9.840339E0	3.288704E0
8.996163E0	9.997657E0	3.333730E0
9.029483E0	9.824907E0	3.366658E0
9.062802E0	9.516663E0	3.433998E0
9.096121E0	9.232778E0	3.455312E0
9.129440E0	9.113261E0	3.468572E0
9.162759E0	9.278369E0	3.430293E0
9.196078E0	9.498529E0	3.367603E0
9.229397E0	9.664871E0	3.320799E0
9.262716E0	9.715799E0	3.336947E0
9.296036E0	9.669820E0	3.333251E0
9.329355E0	9.477789E0	3.414594E0
9.362674E0	9.375075E0	3.515035E0
9.395993E0	9.470454E0	3.485933E0
9.429312E0	9.830622E0	3.448627E0
9.462631E0	1.011960E1	3.453810E0
9.495950E0	1.027055E1	3.493974E0
9.529269E0	1.014874E1	3.520854E0
9.562589E0	9.768604E0	3.590464E0
9.595908E0	9.415845E0	3.613436E0
9.629227E0	9.229222E0	3.682202E0
9.662546E0	9.388046E0	3.661111E0
9.695865E0	9.695784E0	3.617290E0
9.729184E0	9.843736E0	3.565257E0
9.762503E0	9.873607E0	3.577555E0
9.795822E0	9.822635E0	3.560154E0
9.829142E0	9.616420E0	3.607525E0
9.862461E0	9.481870E0	3.748447E0
9.895780E0	9.601953E0	3.789333E0
9.929099E0	9.956170E0	3.722713E0
9.962418E0	1.030858E1	3.715504E0
9.995737E0	1.037253E1	3.729730E0
1.002906E1	1.024421E1	3.756752E0
1.006238E1	9.984317E0	3.798329E0
1.009569E1	9.712158E0	3.843699E0
1.012901E1	9.614250E0	3.881492E0
1.016233E1	9.816335E0	3.848258E0
1.019565E1	1.006105E1	3.779953E0
1.022897E1	1.015603E1	3.740612E0
1.026229E1	1.018945E1	3.779298E0
1.029561E1	1.007695E1	3.797023E0
1.032893E1	9.871714E0	3.781146E0
1.036225E1	9.708001E0	3.916315E0
1.039557E1	9.838660E0	3.890178E0
1.042889E1	1.020273E1	3.853998E0
1.046220E1	1.052625E1	3.889557E0
1.049552E1	1.063751E1	3.898731E0
1.052884E1	1.037324E1	3.911655E0
1.056216E1	1.004004E1	3.994870E0
1.059548E1	9.764876E0	4.040081E0
1.062880E1	9.748236E0	4.071747E0
1.066212E1	1.006189E1	4.030111E0
1.069544E1	1.041872E1	4.004477E0
1.072876E1	1.060901E1	3.888598E0
1.076208E1	1.062641E1	3.892574E0
1.079540E1	1.037968E1	3.844050E0
1.082872E1	1.008857E1	3.882020E0
1.086203E1	9.915575E0	4.007043E0
1.089535E1	9.991007E0	4.093085E0
1.092867E1	1.030649E1	4.100598E0
1.096199E1	1.060850E1	4.089879E0
1.099531E1	1.068618E1	4.126585E0
1.102863E1	1.047524E1	4.186060E0
1.106195E1	1.023107E1	4.239537E0
1.109527E1	1.000348E1	4.168590E0
1.112859E1	1.000885E1	4.158212E0
1.116191E1	1.024491E1	4.179279E0
1.119523E1	1.063659E1	4.171079E0
1.122854E1	1.077237E1	4.096667E0
1.126186E1	1.070193E1	4.103410E0
1.129518E1	1.035008E1	4.166008E0
1.132850E1	1.000445E1	4.101991E0
1.136182E1	9.697946E0	4.270253E0
1.139514E1	9.715204E0	4.381398E0
1.142846E1	1.010346E1	4.336168E0
1.146178E1	1.050174E1	4.348164E0
1.149510E1	1.064191E1	4.326450E0
1.152842E1	1.046597E1	4.405688E0
1.156174E1	1.019185E1	4.491187E0
1.159506E1	9.909726E0	4.548853E0
1.162837E1	9.762986E0	4.554668E0
1.166169E1	9.931164E0	4.499682E0
1.169501E1	1.019411E1	4.459427E0
1.172833E1	1.035648E1	4.443005E0
1.176165E1	1.037757E1	4.428258E0
1.179497E1	1.030720E1	4.426356E0
1.182829E1	1.008517E1	4.478944E0
1.186161E1	1.002059E1	4.557906E0
1.189493E1	1.009922E1	4.608821E0
1.192825E1	1.051485E1	4.591540E0
1.196157E1	1.081073E1	4.600295E0
1.199488E1	1.087381E1	4.653749E0
1.202820E1	1.066406E1	4.733297E0
1.206152E1	1.030317E1	4.784317E0
1.209484E1	1.003838E1	4.775605E0
1.212816E1	9.982844E0	4.787803E0
1.216148E1	1.023866E1	4.781296E0
1.219480E1	1.048694E1	4.750816E0
1.222812E1	1.060439E1	4.702910E0
1.226144E1	1.060741E1	4.732940E0
1.229476E1	1.053300E1	4.701251E0
1.232808E1	1.031525E1	4.698773E0
1.236139E1	1.013311E1	4.838544E0
1.239471E1	1.019966E1	4.831852E0
1.242803E1	1.058687E1	4.801022E0
1.246135E1	1.086303E1	4.855737E0
1.249467E1	1.091464E1	4.967207E0
1.252799E1	1.069992E1	5.019285E0
1.256131E1	1.032927E1	5.082606E0
1.259463E1	1.004185E1	5.098813E0
1.262795E1	9.984301E0	5.090050E0
1.266127E1	1.026260E1	5.063094E0
1.269459E1	1.057386E1	5.051765E0
1.272791E1	1.073839E1	4.997004E0
1.276122E1	1.079686E1	4.988202E0
1.279454E1	1.068327E1	4.989033E0
1.282786E1	1.043990E1	4.975047E0
1.286118E1	1.025479E1	5.142513E0
1.289450E1	1.035020E1	5.197119E0
1.292782E1	1.078974E1	5.135098E0
1.296114E1	1.113340E1	5.139061E0
1.299446E1	1.126689E1	5.210720E0
1.302778E1	1.122245E1	5.223983E0
1.306110E1	1.089062E1	5.325588E0
1.309442E1	1.052675E1	5.376819E0
1.312773E1	1.040299E1	5.455930E0
1.316105E1	1.056799E1	5.422560E0
1.319437E1	1.083828E1	5.402730E0
1.322769E1	1.097762E1	5.295642E0
1.326101E1	1.105465E1	5.298905E0
1.329433E1	1.100508E1	5.269289E0
1.332765E1	1.090260E1	5.285938E0
1.336097E1	1.073964E1	5.421759E0
1.339429E1	1.080786E1	5.525372E0
1.342761E1	1.113809E1	5.502548E0
1.346093E1	1.145161E1	5.507393E0
1.349425E1	1.151344E1	5.509776E0
1.352756E1	1.131480E1	5.592300E0
1.356088E1	1.099272E1	5.662127E0
1.359420E1	1.074077E1	5.675110E0
1.362752E1	1.067873E1	5.690181E0
1.366084E1	1.089048E1	5.651977E0
1.369416E1	1.119314E1	5.621440E0
1.372748E1	1.128801E1	5.632055E0
1.376080E1	1.131788E1	5.651658E0
1.379412E1	1.122556E1	5.624033E0
1.382744E1	1.096526E1	5.629939E0
1.386076E1	1.080268E1	5.743382E0
1.389407E1	1.085132E1	5.861031E0
1.392739E1	1.117466E1	5.832836E0
1.396071E1	1.155629E1	5.776420E0
1.399403E1	1.165247E1	5.784667E0
1.402735E1	1.142474E1	5.869786E0
1.406067E1	1.107683E1	5.937649E0
1.409399E1	1.073033E1	6.011884E0
1.412731E1	1.057053E1	6.024220E0
1.416063E1	1.073890E1	5.964131E0
1.419395E1	1.100869E1	5.921649E0
1.422727E1	1.118177E1	5.913342E0
1.426059E1	1.122274E1	5.942843E0
1.429390E1	1.116683E1	5.920905E0
1.432722E1	1.096996E1	6.008380E0
1.436054E1	1.088464E1	6.125854E0
1.439386E1	1.096504E1	6.207005E0
1.442718E1	1.123514E1	6.137813E0
1.446050E1	1.161579E1	6.108895E0
1.449382E1	1.171257E1	6.138209E0
1.452714E1	1.148964E1	6.209362E0
1.456046E1	1.115523E1	6.293887E0
1.459378E1	1.084836E1	6.281870E0
1.462710E1	1.080193E1	6.280376E0
1.466041E1	1.106918E1	6.243193E0
1.469373E1	1.142587E1	6.238586E0
1.472705E1	1.159636E1	6.228601E0
1.476037E1	1.161733E1	6.229327E0
1.479369E1	1.142100E1	6.249779E0
1.482701E1	1.112675E1	6.175470E0
1.486033E1	1.085742E1	6.280616E0
1.489365E1	1.096865E1	6.289069E0
1.492697E1	1.145425E1	6.225239E0
1.496029E1	1.183520E1	6.279039E0
1.499361E1	1.203219E1	6.336520E0
1.502692E1	1.184769E1	6.415294E0
1.506024E1	1.149612E1	6.463848E0
1.509356E1	1.116979E1	6.466602E0
1.512688E1	1.104975E1	6.472054E0
1.516020E1	1.117596E1	6.414302E0
1.519352E1	1.138141E1	6.402844E0
1.522684E1	1.144388E1	6.370928E0
1.526016E1	1.148986E1	6.386128E0
1.529348E1	1.148612E1	6.361587E0
1.532680E1	1.134178E1	6.393001E0
1.536012E1	1.122567E1	6.465058E0
1.539344E1	1.131840E1	6.518505E0
1.542675E1	1.166594E1	6.449856E0
1.546007E1	1.202293E1	6.480979E0
1.549339E1	1.219623E1	6.529953E0
1.552671E1	1.209883E1	6.544086E0
1.556003E1	1.174513E1	6.645184E0
1.559335E1	1.147577E1	6.672694E0
1.562667E1	1.138425E1	6.664400E0
1.565999E1	1.159351E1	6.629877E0
1.569331E1	1.187284E1	6.598847E0
1.572663E1	1.197080E1	6.567250E0
1.575995E1	1.193946E1	6.548826E0
1.579326E1	1.175349E1	6.508101E0
1.582658E1	1.150550E1	6.491381E0
1.585990E1	1.129769E1	6.591980E0
1.589322E1	1.139152E1	6.573565E0
1.592654E1	1.175468E1	6.569247E0
1.595986E1	1.209202E1	6.617580E0
1.599318E1	1.224107E1	6.734644E0
1.602650E1	1.208625E1	6.767600E0
1.605982E1	1.172313E1	6.819679E0
1.609314E1	1.137628E1	6.854655E0
1.612646E1	1.126354E1	6.881630E0
1.615978E1	1.137979E1	6.875656E0
1.619309E1	1.154059E1	6.842957E0
1.622641E1	1.156476E1	6.812669E0
1.625973E1	1.159333E1	6.821610E0
1.629305E1	1.143542E1	6.783478E0
1.632637E1	1.120609E1	6.785888E0
1.635969E1	1.106292E1	6.866251E0
1.639301E1	1.111206E1	6.950173E0
1.642633E1	1.145962E1	6.920179E0
1.645965E1	1.180413E1	6.958852E0
1.649297E1	1.194265E1	6.981919E0
1.652629E1	1.172598E1	7.045907E0
1.655960E1	1.136726E1	7.172095E0
1.659292E1	1.105698E1	7.169617E0
1.662624E1	1.098950E1	7.176737E0
1.665956E1	1.122308E1	7.118761E0
1.669288E1	1.145300E1	7.084604E0
1.672620E1	1.150135E1	7.058210E0
1.675952E1	1.146966E1	7.059997E0
1.679284E1	1.125713E1	7.010553E0
1.682616E1	1.099282E1	6.963204E0
1.685948E1	1.077789E1	7.096373E0
1.689280E1	1.086862E1	7.121638E0
1.692611E1	1.131155E1	7.051476E0
1.695943E1	1.166449E1	7.107541E0
1.699275E1	1.181453E1	7.243023E0
1.702607E1	1.169928E1	7.328530E0
1.705939E1	1.133954E1	7.379948E0
1.709271E1	1.101003E1	7.424293E0
1.712603E1	1.089248E1	7.442326E0
1.715935E1	1.107773E1	7.369663E0
1.719267E1	1.126952E1	7.337636E0
1.722599E1	1.135589E1	7.347869E0
1.725931E1	1.137288E1	7.330253E0
1.729263E1	1.132996E1	7.291649E0
1.732594E1	1.125275E1	7.293029E0
1.735926E1	1.115959E1	7.289418E0
1.739258E1	1.126601E1	7.315942E0
1.742590E1	1.153911E1	7.227266E0
1.745922E1	1.186903E1	7.184532E0
1.749254E1	1.211083E1	7.195317E0
1.752586E1	1.201261E1	7.244773E0
1.755918E1	1.161285E1	7.313630E0
1.759250E1	1.111467E1	7.488338E0
1.762582E1	1.105911E1	7.543888E0
1.765914E1	1.122391E1	7.506959E0
1.769245E1	1.147365E1	7.510432E0
1.772577E1	1.158931E1	7.531086E0
1.775909E1	1.160644E1	7.502634E0
1.779241E1	1.155451E1	7.477837E0
1.782573E1	1.140434E1	7.411021E0
1.785905E1	1.124619E1	7.564656E0
1.789237E1	1.129544E1	7.578777E0
1.792569E1	1.164508E1	7.539902E0
1.795901E1	1.199491E1	7.574062E0
1.799233E1	1.217610E1	7.671464E0
1.802565E1	1.208140E1	7.700888E0
1.805897E1	1.174460E1	7.772096E0
1.809228E1	1.149020E1	7.788071E0
1.812560E1	1.138551E1	7.754413E0
1.815892E1	1.164898E1	7.699577E0
1.819224E1	1.191253E1	7.699405E0
1.822556E1	1.197782E1	7.663437E0
1.825888E1	1.203469E1	7.649427E0
1.829220E1	1.186000E1	7.653390E0
1.832552E1	1.156932E1	7.621571E0
1.835884E1	1.133266E1	7.712149E0
1.839216E1	1.142623E1	7.853701E0
1.842548E1	1.185270E1	7.784860E0
1.845879E1	1.229975E1	7.771352E0
1.849211E1	1.252437E1	7.769149E0
1.852543E1	1.241844E1	7.808523E0
1.855875E1	1.212668E1	7.887685E0
1.859207E1	1.187241E1	7.904442E0
1.862539E1	1.181591E1	7.914194E0
1.865871E1	1.206000E1	7.896750E0
1.869203E1	1.234845E1	7.830362E0
1.872535E1	1.245407E1	7.783339E0
1.875867E1	1.248488E1	7.747640E0
1.879199E1	1.229432E1	7.733307E0
1.882531E1	1.204494E1	7.688517E0
1.885862E1	1.182515E1	7.843695E0
1.889194E1	1.188722E1	7.914004E0
1.892526E1	1.231768E1	7.821669E0
1.895858E1	1.275664E1	7.816803E0
1.899190E1	1.296054E1	7.842735E0
1.902522E1	1.288286E1	7.887407E0
1.905854E1	1.262310E1	7.965912E0
1.909186E1	1.231317E1	7.981625E0
1.912518E1	1.219278E1	7.984779E0
1.915850E1	1.236316E1	7.921308E0
1.919182E1	1.259975E1	7.906979E0
1.922513E1	1.262822E1	7.891511E0
1.925845E1	1.265104E1	7.866369E0
1.929177E1	1.262844E1	7.854637E0
1.932509E1	1.247324E1	7.813697E0
1.935841E1	1.230063E1	7.946619E0
1.939173E1	1.239774E1	8.080822E0
1.942505E1	1.273445E1	8.036795E0
1.945837E1	1.320783E1	7.989005E0
1.949169E1	1.339186E1	7.956812E0
1.952501E1	1.321215E1	7.995604E0
1.955833E1	1.286979E1	8.012875E0
1.959164E1	1.251751E1	8.033717E0
1.962496E1	1.242298E1	8.020137E0
1.965828E1	1.266433E1	8.001155E0
1.969160E1	1.298531E1	7.987343E0
1.972492E1	1.314702E1	7.938015E0
1.975824E1	1.311709E1	7.911050E0
1.979156E1	1.283945E1	7.877646E0
1.982488E1	1.251349E1	7.825231E0
1.985820E1	1.225915E1	7.956737E0
1.989152E1	1.234948E1	7.990145E0
1.992484E1	1.278250E1	7.934526E0
1.995816E1	1.321492E1	7.935940E0
1.999147E1	1.344146E1	7.962248E0
2.002479E1	1.331836E1	8.005272E0
2.005811E1	1.301471E1	8.079177E0
2.009143E1	1.268183E1	8.129534E0
2.012475E1	1.254935E1	8.159787E0
2.015807E1	1.272306E1	8.102772E0
2.019139E1	1.295061E1	8.074449E0
2.022471E1	1.300716E1	8.029934E0
2.025803E1	1.298887E1	8.002170E0
2.029135E1	1.283446E1	7.947407E0
2.032467E1	1.261340E1	7.933926E0
2.035798E1	1.240693E1	8.038530E0
2.039130E1	1.250433E1	8.049411E0
2.042462E1	1.288769E1	7.988081E0
2.045794E1	1.325795E1	8.041486E0
2.049126E1	1.346629E1	8.077485E0
2.052458E1	1.343739E1	8.094587E0
2.055790E1	1.314544E1	8.174864E0
2.059122E1	1.292284E1	8.127568E0
2.062454E1	1.282725E1	8.146408E0
2.065786E1	1.305633E1	8.097722E0
2.069118E1	1.334374E1	8.094023E0
2.072450E1	1.350496E1	8.078142E0
2.075781E1	1.350473E1	8.046810E0
2.079113E1	1.328485E1	7.998459E0
2.082445E1	1.299597E1	7.949450E0
2.085777E1	1.273706E1	8.066950E0
2.089109E1	1.272884E1	8.113544E0
2.092441E1	1.311927E1	8.054526E0
2.095773E1	1.351823E1	8.073030E0
2.099105E1	1.376430E1	8.152880E0
2.102437E1	1.370405E1	8.211796E0
2.105769E1	1.336912E1	8.311814E0
2.109101E1	1.301900E1	8.317691E0
2.112432E1	1.295836E1	8.342280E0
2.115764E1	1.321878E1	8.302202E0
2.119096E1	1.354257E1	8.256406E0
2.122428E1	1.373634E1	8.128395E0
2.125760E1	1.383321E1	8.081567E0
2.129092E1	1.370805E1	8.061420E0
2.132424E1	1.344985E1	8.002234E0
2.135756E1	1.322643E1	8.140511E0
2.139088E1	1.327728E1	8.304311E0
2.142420E1	1.364859E1	8.313770E0
2.145752E1	1.414835E1	8.264669E0
2.149083E1	1.437128E1	8.269036E0
2.152415E1	1.417392E1	8.332736E0
2.155747E1	1.381763E1	8.367580E0
2.159079E1	1.343100E1	8.428028E0
2.162411E1	1.326894E1	8.441843E0
2.165743E1	1.338994E1	8.331102E0
2.169075E1	1.362338E1	8.295893E0
2.172407E1	1.373134E1	8.258414E0
2.175739E1	1.372169E1	8.261784E0
2.179071E1	1.364688E1	8.223424E0
2.182403E1	1.343267E1	8.269627E0
2.185735E1	1.332925E1	8.324714E0
2.189066E1	1.339295E1	8.431695E0
2.192398E1	1.367122E1	8.456603E0
2.195730E1	1.404687E1	8.435887E0
2.199062E1	1.424201E1	8.446185E0
2.202394E1	1.405848E1	8.456287E0
2.205726E1	1.367731E1	8.513498E0
2.209058E1	1.330762E1	8.594432E0
2.212390E1	1.321777E1	8.588737E0
2.215722E1	1.347353E1	8.540443E0
2.219054E1	1.379083E1	8.451284E0
2.222386E1	1.394007E1	8.375975E0
2.225717E1	1.397735E1	8.373733E0
2.229049E1	1.386745E1	8.384659E0
2.232381E1	1.364520E1	8.370586E0
2.235713E1	1.338441E1	8.486506E0
2.239045E1	1.339437E1	8.627591E0
2.242377E1	1.370049E1	8.607691E0
2.245709E1	1.419125E1	8.534208E0
2.249041E1	1.441235E1	8.500705E0
2.252373E1	1.424148E1	8.584208E0
2.255705E1	1.387728E1	8.678100E0
2.259037E1	1.347242E1	8.770844E0
2.262369E1	1.329761E1	8.783048E0
2.265700E1	1.339148E1	8.733136E0
2.269032E1	1.352330E1	8.663600E0
2.272364E1	1.356314E1	8.613141E0
2.275696E1	1.354105E1	8.606446E0
2.279028E1	1.349735E1	8.572468E0
2.282360E1	1.332761E1	8.578262E0
2.285692E1	1.312063E1	8.649245E0
2.289024E1	1.319901E1	8.764568E0
2.292356E1	1.353344E1	8.751693E0
2.295688E1	1.398615E1	8.726366E0
2.299020E1	1.414172E1	8.795560E0
2.302351E1	1.409061E1	8.832416E0
2.305683E1	1.370949E1	8.932458E0
2.309015E1	1.332656E1	9.019080E0
2.312347E1	1.311522E1	9.031589E0
2.315679E1	1.322160E1	8.945458E0
2.319011E1	1.342359E1	8.867111E0
2.322343E1	1.355855E1	8.780247E0
2.325675E1	1.352226E1	8.811185E0
2.329007E1	1.343026E1	8.758045E0
2.332339E1	1.323040E1	8.755045E0
2.335671E1	1.312278E1	8.828262E0
2.339002E1	1.317229E1	8.923152E0
2.342334E1	1.342874E1	8.988195E0
2.345666E1	1.381739E1	8.977535E0
2.348998E1	1.404052E1	8.920749E0
2.352330E1	1.394223E1	8.917613E0
2.355662E1	1.363289E1	9.040186E0
2.358994E1	1.327851E1	9.116648E0
2.362326E1	1.318695E1	9.106786E0
2.365658E1	1.348542E1	9.058683E0
2.368990E1	1.382888E1	8.917221E0
2.372322E1	1.404180E1	8.834507E0
2.375654E1	1.400501E1	8.835039E0
2.378985E1	1.372442E1	8.857903E0
2.382317E1	1.345567E1	8.834703E0
2.385649E1	1.315402E1	9.030742E0
2.388981E1	1.316512E1	9.093946E0
2.392313E1	1.352969E1	9.040586E0
2.395645E1	1.399266E1	8.955138E0
2.398977E1	1.417112E1	9.044055E0
2.402309E1	1.413414E1	9.100732E0
2.405641E1	1.387363E1	9.211538E0
2.408973E1	1.350629E1	9.232754E0
2.412305E1	1.340071E1	9.229962E0
2.415636E1	1.364088E1	9.179731E0
2.418968E1	1.395832E1	9.083328E0
2.422300E1	1.413507E1	8.965744E0
2.425632E1	1.415640E1	8.941466E0
2.428964E1	1.391955E1	8.937711E0
2.432296E1	1.365046E1	8.920284E0
2.435628E1	1.338786E1	9.081753E0
2.438960E1	1.338233E1	9.141249E0
2.442292E1	1.377369E1	9.051661E0
2.445624E1	1.419804E1	9.025003E0
2.448956E1	1.445431E1	9.080124E0
2.452288E1	1.440778E1	9.131015E0
2.455619E1	1.412810E1	9.204344E0
2.458951E1	1.383546E1	9.181141E0
2.462283E1	1.376348E1	9.177601E0
2.465615E1	1.393036E1	9.114680E0
2.468947E1	1.423503E1	9.024759E0
2.472279E1	1.436322E1	8.930513E0
2.475611E1	1.442766E1	8.897894E0
2.478943E1	1.435753E1	8.885830E0
2.482275E1	1.418153E1	8.874671E0
2.485607E1	1.399567E1	8.997701E0
2.488939E1	1.400554E1	9.053480E0
2.492270E1	1.432457E1	8.962522E0
2.495602E1	1.468151E1	8.972291E0
2.498934E1	1.484190E1	9.066120E0
2.502266E1	1.478756E1	9.089843E0
2.505598E1	1.445189E1	9.198712E0
2.508930E1	1.409802E1	9.272297E0
2.512262E1	1.392856E1	9.294216E0
2.515594E1	1.407586E1	9.247780E0
2.518926E1	1.430704E1	9.182532E0
2.522258E1	1.447025E1	9.106381E0
2.525590E1	1.447791E1	9.076206E0
2.528922E1	1.445936E1	9.090159E0
2.532253E1	1.432152E1	9.075023E0
2.535585E1	1.417668E1	9.196353E0
2.538917E1	1.420423E1	9.180228E0
2.542249E1	1.450183E1	9.140352E0
2.545581E1	1.492785E1	9.055071E0
2.548913E1	1.511599E1	9.145316E0
2.552245E1	1.510023E1	9.198763E0
2.555577E1	1.478605E1	9.294921E0
2.558909E1	1.444436E1	9.366750E0
2.562241E1	1.432710E1	9.347969E0
2.565573E1	1.454384E1	9.284558E0
2.568904E1	1.485493E1	9.226658E0
2.572236E1	1.503350E1	9.137109E0
2.575568E1	1.506796E1	9.104789E0
2.578900E1	1.502331E1	9.110800E0
2.582232E1	1.481661E1	9.071287E0
2.585564E1	1.456801E1	9.215002E0
2.588896E1	1.457523E1	9.255101E0
2.592228E1	1.492072E1	9.165755E0
2.595560E1	1.532617E1	9.137318E0
2.598892E1	1.549716E1	9.207931E0
2.602224E1	1.542874E1	9.251072E0
2.605555E1	1.506292E1	9.385217E0
2.608887E1	1.468031E1	9.494233E0
2.612219E1	1.452146E1	9.544675E0
2.615551E1	1.467297E1	9.512973E0
2.618883E1	1.490884E1	9.418130E0
2.622215E1	1.502977E1	9.342627E0
2.625547E1	1.501994E1	9.337850E0
2.628879E1	1.486006E1	9.331224E0
2.632211E1	1.461829E1	9.358768E0
2.635543E1	1.441187E1	9.499488E0
2.638875E1	1.445294E1	9.532597E0
2.642207E1	1.479395E1	9.459561E0
2.645538E1	1.518326E1	9.410176E0
2.648870E1	1.534251E1	9.474325E0
2.652202E1	1.529565E1	9.517993E0
2.655534E1	1.500011E1	9.632958E0
2.658866E1	1.465868E1	9.699943E0
2.662198E1	1.453727E1	9.708458E0
2.665530E1	1.474930E1	9.656360E0
2.668862E1	1.502708E1	9.551338E0
2.672194E1	1.516441E1	9.477569E0
2.675526E1	1.521912E1	9.459183E0
2.678858E1	1.510488E1	9.465749E0
2.682189E1	1.484783E1	9.446005E0
2.685521E1	1.451928E1	9.558694E0
2.688853E1	1.451125E1	9.626208E0
2.692185E1	1.479779E1	9.581639E0
2.695517E1	1.521944E1	9.538357E0
2.698849E1	1.539201E1	9.620268E0
2.702181E1	1.532900E1	9.728436E0
2.705513E1	1.509706E1	9.808762E0
2.708845E1	1.478104E1	9.894813E0
2.712177E1	1.464192E1	9.928529E0
2.715509E1	1.479140E1	9.888743E0
2.718841E1	1.507929E1	9.762453E0
2.722172E1	1.523231E1	9.656260E0
2.725504E1	1.528253E1	9.622634E0
2.728836E1	1.522940E1	9.632962E0
2.732168E1	1.505549E1	9.675690E0
2.735500E1	1.485012E1	9.841729E0
2.738832E1	1.486394E1	9.991152E0
2.742164E1	1.516727E1	9.943074E0
2.745496E1	1.557474E1	9.777821E0
2.748828E1	1.570523E1	9.815666E0
2.752160E1	1.554498E1	9.909770E0
2.755492E1	1.524147E1	1.003637E1
2.758823E1	1.480204E1	1.017602E1
2.762155E1	1.456878E1	1.029307E1
2.765487E1	1.463835E1	1.022780E1
2.768819E1	1.477319E1	1.016759E1
2.772151E1	1.481204E1	1.005474E1
2.775483E1	1.481867E1	1.002716E1
2.778815E1	1.472251E1	1.001955E1
2.782147E1	1.451900E1	1.003912E1
2.785479E1	1.426453E1	1.015969E1
2.788811E1	1.422246E1	1.033295E1
2.792143E1	1.451331E1	1.024583E1
2.795474E1	1.501702E1	1.014579E1
2.798806E1	1.515761E1	1.022573E1
2.802138E1	1.502817E1	1.030737E1
2.805470E1	1.468567E1	1.045054E1
2.808802E1	1.428987E1	1.060539E1
2.812134E1	1.415818E1	1.063430E1
2.815466E1	1.435327E1	1.055610E1
2.818798E1	1.467931E1	1.046084E1
2.822130E1	1.478908E1	1.039476E1
2.825462E1	1.480157E1	1.038315E1
2.828794E1	1.464307E1	1.039105E1
2.832126E1	1.434191E1	1.039882E1
2.835457E1	1.402198E1	1.055275E1
2.838789E1	1.400887E1	1.065263E1
2.842121E1	1.429961E1	1.056242E1
2.845453E1	1.473036E1	1.053902E1
2.848785E1	1.489236E1	1.061045E1
2.852117E1	1.484921E1	1.066453E1
2.855449E1	1.455869E1	1.082191E1
2.858781E1	1.423401E1	1.091585E1
2.862113E1	1.407439E1	1.097513E1
2.865445E1	1.420251E1	1.091435E1
2.868777E1	1.444953E1	1.082642E1
2.872108E1	1.462694E1	1.070967E1
2.875440E1	1.467673E1	1.067979E1
2.878772E1	1.455289E1	1.071224E1
2.882104E1	1.428186E1	1.072240E1
2.885436E1	1.400343E1	1.087587E1
2.888768E1	1.398203E1	1.091295E1
2.892100E1	1.428503E1	1.083609E1
2.895432E1	1.472051E1	1.081131E1
2.898764E1	1.492971E1	1.089093E1
2.902096E1	1.491823E1	1.092026E1
2.905428E1	1.461752E1	1.106054E1
2.908760E1	1.429463E1	1.118225E1
2.912091E1	1.412005E1	1.121788E1
2.915423E1	1.433788E1	1.114121E1
2.918755E1	1.469310E1	1.097221E1
2.922087E1	1.493735E1	1.082744E1
2.925419E1	1.501192E1	1.074431E1
2.928751E1	1.476734E1	1.077813E1
2.932083E1	1.442104E1	1.075533E1
2.935415E1	1.406624E1	1.094599E1
2.938747E1	1.408316E1	1.106490E1
2.942079E1	1.441599E1	1.097987E1
2.945411E1	1.483587E1	1.094288E1
2.948742E1	1.505249E1	1.099423E1
2.952074E1	1.494735E1	1.107797E1
2.955406E1	1.461779E1	1.123850E1
2.958738E1	1.424400E1	1.133942E1
2.962070E1	1.403323E1	1.140896E1
2.965402E1	1.418583E1	1.134473E1
2.968734E1	1.445432E1	1.124479E1
2.972066E1	1.464049E1	1.112338E1
2.975398E1	1.469657E1	1.107734E1
2.978730E1	1.460562E1	1.109974E1
2.982062E1	1.438216E1	1.110538E1
2.985394E1	1.414866E1	1.124084E1
2.988725E1	1.413889E1	1.133954E1
2.992057E1	1.445726E1	1.121206E1
2.995389E1	1.485419E1	1.114211E1
2.998721E1	1.503231E1	1.122612E1
3.002053E1	1.496316E1	1.129949E1
3.005385E1	1.465468E1	1.144089E1
3.008717E1	1.429808E1	1.153010E1
3.012049E1	1.413533E1	1.157729E1
3.015381E1	1.428676E1	1.147239E1
3.018713E1	1.458644E1	1.133990E1
3.022045E1	1.480770E1	1.120616E1
3.025376E1	1.489112E1	1.118789E1
3.028708E1	1.485500E1	1.113642E1
3.032040E1	1.467896E1	1.115330E1
3.035372E1	1.451363E1	1.133888E1
3.038704E1	1.457717E1	1.139408E1
3.042036E1	1.483006E1	1.131805E1
3.045368E1	1.524376E1	1.120066E1
3.048700E1	1.542050E1	1.127511E1
3.052032E1	1.528013E1	1.138785E1
3.055364E1	1.493574E1	1.159071E1
3.058696E1	1.458189E1	1.167255E1
3.062027E1	1.445378E1	1.169788E1
3.065359E1	1.469921E1	1.160103E1
3.068691E1	1.512493E1	1.146952E1
3.072023E1	1.540338E1	1.128880E1
3.075355E1	1.544227E1	1.121880E1
3.078687E1	1.523024E1	1.125124E1
3.082019E1	1.487899E1	1.126949E1
3.085351E1	1.451568E1	1.144468E1
3.088683E1	1.444851E1	1.157639E1
3.092015E1	1.477703E1	1.147839E1
3.095347E1	1.521335E1	1.142947E1
3.098679E1	1.544175E1	1.150820E1
3.102010E1	1.548620E1	1.155454E1
3.105342E1	1.531277E1	1.159425E1
3.108674E1	1.502015E1	1.161620E1
3.112006E1	1.491772E1	1.163782E1
3.115338E1	1.512533E1	1.155794E1
3.118670E1	1.560834E1	1.146070E1
3.122002E1	1.597190E1	1.133505E1
3.125334E1	1.602488E1	1.124479E1
3.128666E1	1.561743E1	1.137891E1
3.131998E1	1.504350E1	1.158949E1
3.135330E1	1.478994E1	1.159910E1
3.138661E1	1.483950E1	1.167197E1
3.141993E1	1.513874E1	1.165229E1
3.145325E1	1.554198E1	1.154959E1
3.148657E1	1.576753E1	1.144152E1
3.151989E1	1.562764E1	1.152989E1
3.155321E1	1.534366E1	1.167271E1
3.158653E1	1.499991E1	1.181302E1
3.161985E1	1.483627E1	1.189956E1
3.165317E1	1.496447E1	1.179824E1
3.168649E1	1.526702E1	1.168386E1
3.171981E1	1.546386E1	1.153860E1
3.175313E1	1.555637E1	1.146718E1
3.178644E1	1.550725E1	1.145866E1
3.181976E1	1.532746E1	1.150674E1
3.185308E1	1.514094E1	1.166340E1
3.188640E1	1.516108E1	1.167117E1
3.191972E1	1.544120E1	1.156830E1
3.195304E1	1.591175E1	1.143043E1
3.198636E1	1.621311E1	1.143001E1
3.201968E1	1.614079E1	1.151868E1
3.205300E1	1.576537E1	1.164648E1
3.208632E1	1.536987E1	1.175756E1
3.211964E1	1.515714E1	1.182229E1
3.215295E1	1.530497E1	1.176219E1
3.218627E1	1.558928E1	1.165320E1
3.221959E1	1.573988E1	1.154309E1
3.225291E1	1.575760E1	1.148094E1
3.228623E1	1.558456E1	1.148639E1
3.231955E1	1.529268E1	1.151462E1
3.235287E1	1.510239E1	1.167737E1
3.238619E1	1.515545E1	1.169505E1
3.241951E1	1.551190E1	1.157676E1
3.245283E1	1.597416E1	1.149491E1
3.248615E1	1.627906E1	1.155095E1
3.251946E1	1.621507E1	1.159080E1
3.255278E1	1.584386E1	1.175876E1
3.258610E1	1.545585E1	1.183722E1
3.261942E1	1.525083E1	1.191611E1
3.265274E1	1.538640E1	1.183503E1
3.268606E1	1.565002E1	1.173815E1
3.271938E1	1.585954E1	1.160327E1
3.275270E1	1.591686E1	1.155752E1
3.278602E1	1.590293E1	1.152869E1
3.281934E1	1.575189E1	1.154028E1
3.285266E1	1.559561E1	1.165752E1
3.288598E1	1.561632E1	1.163789E1
3.291929E1	1.586580E1	1.155399E1
3.295261E1	1.630535E1	1.143031E1
3.298593E1	1.659684E1	1.141564E1
3.301925E1	1.647812E1	1.148229E1
3.305257E1	1.607738E1	1.164545E1
3.308589E1	1.568581E1	1.177288E1
3.311921E1	1.552227E1	1.181762E1
3.315253E1	1.572108E1	1.173641E1
3.318585E1	1.609275E1	1.159367E1
3.321917E1	1.628774E1	1.145006E1
3.325249E1	1.633966E1	1.138071E1
3.328580E1	1.616836E1	1.142406E1
3.331912E1	1.591824E1	1.145878E1
3.335244E1	1.568790E1	1.164476E1
3.338576E1	1.575630E1	1.167226E1
3.341908E1	1.608143E1	1.157612E1
3.345240E1	1.651238E1	1.144909E1
3.348572E1	1.684356E1	1.146089E1
3.351904E1	1.681143E1	1.151171E1
3.355236E1	1.646183E1	1.168291E1
3.358568E1	1.606071E1	1.177573E1
3.361900E1	1.589302E1	1.179371E1
3.365232E1	1.608573E1	1.171119E1
3.368563E1	1.651629E1	1.156473E1
3.371895E1	1.676605E1	1.137441E1
3.375227E1	1.682871E1	1.126167E1
3.378559E1	1.668383E1	1.130113E1
3.381891E1	1.642397E1	1.131844E1
3.385223E1	1.614190E1	1.153013E1
3.388555E1	1.608575E1	1.169440E1
3.391887E1	1.635669E1	1.163238E1
3.395219E1	1.678916E1	1.145450E1
3.398551E1	1.703243E1	1.142222E1
3.401883E1	1.695713E1	1.153211E1
3.405214E1	1.667288E1	1.165289E1
3.408546E1	1.626004E1	1.175019E1
3.411878E1	1.601756E1	1.184808E1
3.415210E1	1.615655E1	1.174610E1
3.418542E1	1.646782E1	1.162377E1
3.421874E1	1.658157E1	1.145883E1
3.425206E1	1.658069E1	1.133917E1
3.428538E1	1.642406E1	1.132890E1
3.431870E1	1.614413E1	1.138272E1
3.435202E1	1.588232E1	1.154357E1
3.438534E1	1.594131E1	1.157484E1
3.441866E1	1.623365E1	1.153873E1
3.445197E1	1.672274E1	1.143252E1
3.448529E1	1.706477E1	1.142934E1
3.451861E1	1.705319E1	1.148460E1
3.455193E1	1.676204E1	1.162208E1
3.458525E1	1.637350E1	1.174358E1
3.461857E1	1.612692E1	1.185630E1
3.465189E1	1.618691E1	1.177718E1
3.468521E1	1.641043E1	1.161498E1
3.471853E1	1.658918E1	1.146960E1
3.475185E1	1.663465E1	1.145398E1
3.478517E1	1.658710E1	1.144298E1
3.481848E1	1.640849E1	1.149434E1
3.485180E1	1.624713E1	1.165128E1
3.488512E1	1.626175E1	1.165535E1
3.491844E1	1.653397E1	1.154094E1
3.495176E1	1.702846E1	1.140942E1
3.498508E1	1.725681E1	1.152649E1
3.501840E1	1.725449E1	1.148692E1
3.505172E1	1.691060E1	1.164028E1
3.508504E1	1.651207E1	1.176506E1
3.511836E1	1.626640E1	1.185423E1
3.515168E1	1.635315E1	1.175635E1
3.518499E1	1.659662E1	1.159332E1
3.521831E1	1.679229E1	1.145681E1
3.525163E1	1.684534E1	1.144268E1
3.528495E1	1.678662E1	1.143597E1
3.531827E1	1.659281E1	1.143465E1
3.535159E1	1.641273E1	1.154008E1
3.538491E1	1.642766E1	1.163176E1
3.541823E1	1.661771E1	1.159896E1
3.545155E1	1.700090E1	1.153128E1
3.548487E1	1.714642E1	1.156013E1
3.551819E1	1.707890E1	1.165088E1
3.555151E1	1.671884E1	1.182067E1
3.558482E1	1.631277E1	1.193183E1
3.561814E1	1.607242E1	1.203232E1
3.565146E1	1.618601E1	1.197493E1
3.568478E1	1.647834E1	1.186413E1
3.571810E1	1.664382E1	1.173989E1
3.575142E1	1.667883E1	1.170559E1
3.578474E1	1.653642E1	1.169969E1
3.581806E1	1.627323E1	1.170242E1
3.585138E1	1.605298E1	1.183773E1
3.588470E1	1.607895E1	1.186926E1
3.591802E1	1.639088E1	1.177113E1
3.595133E1	1.679480E1	1.172720E1
3.598465E1	1.707064E1	1.179421E1
3.601797E1	1.705617E1	1.181798E1
3.605129E1	1.672218E1	1.193276E1
3.608461E1	1.637596E1	1.201524E1
3.611793E1	1.614366E1	1.209785E1
3.615125E1	1.630780E1	1.201742E1
3.618457E1	1.663108E1	1.191314E1
3.621789E1	1.684103E1	1.177290E1
3.625121E1	1.693133E1	1.171250E1
3.628453E1	1.683470E1	1.172743E1
3.631785E1	1.658571E1	1.174666E1
3.635116E1	1.635281E1	1.188581E1
3.638448E1	1.637629E1	1.190655E1
3.641780E1	1.668136E1	1.179549E1
3.645112E1	1.712703E1	1.171014E1
3.648444E1	1.745863E1	1.193084E1
3.651776E1	1.740096E1	1.179408E1
3.655108E1	1.710448E1	1.193017E1
3.658440E1	1.673142E1	1.202678E1
3.661772E1	1.650690E1	1.212478E1
3.665104E1	1.658849E1	1.208491E1
3.668436E1	1.682485E1	1.201511E1
3.671767E1	1.695424E1	1.192094E1
3.675099E1	1.698577E1	1.190657E1
3.678431E1	1.689203E1	1.192506E1
3.681763E1	1.667270E1	1.193612E1
3.685095E1	1.647659E1	1.207362E1
3.688427E1	1.647712E1	1.208393E1
3.691759E1	1.676015E1	1.195938E1
3.695091E1	1.715997E1	1.189198E1
3.698423E1	1.746537E1	1.209101E1
3.701755E1	1.738983E1	1.191921E1
3.705087E1	1.707447E1	1.206336E1
3.708418E1	1.671886E1	1.217932E1
3.711750E1	1.646859E1	1.228830E1
3.715082E1	1.655550E1	1.224445E1
3.718414E1	1.678594E1	1.214532E1
3.721746E1	1.689984E1	1.202874E1
3.725078E1	1.691508E1	1.195297E1
3.728410E1	1.679305E1	1.195675E1
3.731742E1	1.658527E1	1.197548E1
3.735074E1	1.639984E1	1.212523E1
3.738406E1	1.645719E1	1.219509E1
3.741738E1	1.667364E1	1.210393E1
3.745070E1	1.707834E1	1.197762E1
3.748401E1	1.728710E1	1.195163E1
3.751733E1	1.714901E1	1.206484E1
3.755065E1	1.677738E1	1.222430E1
3.758397E1	1.639268E1	1.237048E1
3.761729E1	1.617457E1	1.245404E1
3.765061E1	1.636012E1	1.238441E1
3.768393E1	1.668938E1	1.226131E1
3.771725E1	1.689534E1	1.209636E1
3.775057E1	1.690555E1	1.204009E1
3.778389E1	1.669959E1	1.206633E1
3.781721E1	1.637642E1	1.208142E1
3.785052E1	1.610141E1	1.221878E1
3.788384E1	1.613340E1	1.226073E1
3.791716E1	1.646895E1	1.212626E1
3.795048E1	1.689368E1	1.206981E1
3.798380E1	1.712903E1	1.224164E1
3.801712E1	1.706558E1	1.216873E1
3.805044E1	1.669061E1	1.232936E1
3.808376E1	1.630645E1	1.244289E1
3.811708E1	1.606086E1	1.253419E1
3.815040E1	1.617340E1	1.247916E1
3.818372E1	1.642700E1	1.238730E1
3.821704E1	1.658349E1	1.229858E1
3.825035E1	1.661564E1	1.226449E1
3.828367E1	1.650088E1	1.226603E1
3.831699E1	1.632010E1	1.228037E1
3.835031E1	1.608151E1	1.241308E1
3.838363E1	1.606230E1	1.245713E1
3.841695E1	1.630048E1	1.234251E1
3.845027E1	1.667956E1	1.224675E1
3.848359E1	1.695993E1	1.248471E1
3.851691E1	1.694409E1	1.259137E1
3.855023E1	1.649843E1	1.248013E1
3.858355E1	1.612544E1	1.260500E1
3.861686E1	1.592085E1	1.270448E1
3.865018E1	1.603396E1	1.266656E1
3.868350E1	1.624110E1	1.260609E1
3.871682E1	1.634043E1	1.253869E1
3.875014E1	1.633979E1	1.250590E1
3.878346E1	1.624188E1	1.251595E1
3.881678E1	1.603335E1	1.253779E1
3.885010E1	1.578952E1	1.266941E1
3.888342E1	1.595079E1	1.295949E1
3.891674E1	1.608075E1	1.289921E1
3.895006E1	1.644763E1	1.274112E1
3.898337E1	1.674508E1	1.272752E1
3.901669E1	1.659949E1	1.285633E1
3.905001E1	1.641633E1	1.288582E1
3.908333E1	1.598883E1	1.297495E1
3.911665E1	1.586629E1	1.307340E1
3.914997E1	1.591932E1	1.313469E1
3.918329E1	1.614895E1	1.297584E1
3.921661E1	1.634055E1	1.280152E1
3.924993E1	1.632555E1	1.275569E1
3.928325E1	1.619580E1	1.277785E1
3.931657E1	1.606618E1	1.277713E1
3.934989E1	1.593504E1	1.305090E1
3.938320E1	1.592695E1	1.313473E1
3.941652E1	1.622431E1	1.313638E1
3.944984E1	1.669807E1	1.295601E1
3.948316E1	1.679782E1	1.284218E1
3.951648E1	1.659903E1	1.294021E1
3.954980E1	1.633928E1	1.303027E1
3.958312E1	1.617776E1	1.328100E1
3.961644E1	1.595922E1	1.340137E1
3.964976E1	1.606412E1	1.333112E1
3.968308E1	1.625780E1	1.321199E1
3.971640E1	1.644174E1	1.308879E1
3.974971E1	1.645915E1	1.306739E1
3.978303E1	1.637987E1	1.306256E1
3.981635E1	1.622974E1	1.308771E1
3.984967E1	1.609441E1	1.312188E1
3.988299E1	1.607290E1	1.312047E1
3.991631E1	1.623596E1	1.301420E1
3.994963E1	1.672793E1	1.307055E1
3.998295E1	1.695651E1	1.310232E1
4.001627E1	1.704000E1	1.317140E1
4.004959E1	1.652088E1	1.328290E1
4.008291E1	1.634054E1	1.321469E1
4.011623E1	1.617347E1	1.333631E1
4.014954E1	1.624927E1	1.330141E1
4.018286E1	1.641776E1	1.321186E1
4.021618E1	1.653245E1	1.313229E1
4.024950E1	1.652045E1	1.310956E1
4.028282E1	1.639577E1	1.312185E1
4.031614E1	1.622837E1	1.314524E1
4.034946E1	1.606423E1	1.321439E1
4.038278E1	1.597517E1	1.319059E1
4.041610E1	1.638329E1	1.334314E1
4.044942E1	1.692516E1	1.325464E1
4.048274E1	1.712358E1	1.322524E1
4.051605E1	1.716111E1	1.333220E1
4.054937E1	1.679503E1	1.334542E1
4.058269E1	1.636308E1	1.318315E1
4.061601E1	1.620666E1	1.329564E1
4.064933E1	1.632456E1	1.326464E1
4.068265E1	1.663042E1	1.312717E1
4.071597E1	1.684244E1	1.301733E1
4.074929E1	1.693549E1	1.294738E1
4.078261E1	1.684013E1	1.296251E1
4.081593E1	1.662679E1	1.300016E1
4.084925E1	1.635425E1	1.310732E1
4.088257E1	1.651948E1	1.353452E1
4.091588E1	1.679354E1	1.340604E1
4.094920E1	1.719845E1	1.327722E1
4.098252E1	1.742599E1	1.325454E1
4.101584E1	1.739974E1	1.332512E1
4.104916E1	1.711510E1	1.348796E1
4.108248E1	1.676633E1	1.364969E1
4.111580E1	1.655906E1	1.375690E1
4.114912E1	1.664263E1	1.373159E1
4.118244E1	1.684564E1	1.366114E1
4.121576E1	1.699982E1	1.358620E1
4.124908E1	1.703708E1	1.355010E1
4.128239E1	1.694017E1	1.355022E1
4.131571E1	1.679417E1	1.356368E1
4.134903E1	1.653836E1	1.363791E1
4.138235E1	1.642416E1	1.364255E1
4.141567E1	1.653351E1	1.351542E1
4.144899E1	1.697249E1	1.336717E1
4.148231E1	1.715503E1	1.332828E1
4.151563E1	1.711275E1	1.338333E1
4.154895E1	1.686337E1	1.352419E1
4.158227E1	1.657438E1	1.369185E1
4.161559E1	1.636534E1	1.380006E1
4.164890E1	1.644455E1	1.380371E1
4.168222E1	1.667820E1	1.371469E1
4.171554E1	1.684320E1	1.361719E1
4.174886E1	1.695409E1	1.354553E1
4.178218E1	1.696582E1	1.352201E1
4.181550E1	1.684472E1	1.353500E1
4.184882E1	1.666892E1	1.360328E1
4.188214E1	1.653811E1	1.358494E1
4.191546E1	1.672657E1	1.342497E1
4.194878E1	1.744920E1	1.363117E1
4.198210E1	1.765728E1	1.360095E1
4.201542E1	1.764765E1	1.369269E1
4.204873E1	1.740544E1	1.384016E1
4.208205E1	1.706215E1	1.396610E1
4.211537E1	1.685491E1	1.406121E1
4.214869E1	1.689757E1	1.401430E1
4.218201E1	1.712086E1	1.385956E1
4.221533E1	1.729814E1	1.373440E1
4.224865E1	1.732261E1	1.374374E1
4.228197E1	1.729974E1	1.372213E1
4.231529E1	1.718231E1	1.373772E1
4.234861E1	1.701246E1	1.390832E1
4.238193E1	1.702927E1	1.398940E1
4.241524E1	1.726547E1	1.390784E1
4.244856E1	1.761187E1	1.379811E1
4.248188E1	1.778749E1	1.379828E1
4.251520E1	1.777088E1	1.389980E1
4.254852E1	1.749831E1	1.406585E1
4.258184E1	1.711735E1	1.423129E1
4.261516E1	1.687289E1	1.436496E1
4.264848E1	1.691145E1	1.428187E1
4.268180E1	1.715686E1	1.412467E1
4.271512E1	1.740054E1	1.394233E1
4.274844E1	1.746635E1	1.389273E1
4.278176E1	1.743231E1	1.389944E1
4.281507E1	1.731224E1	1.392006E1
4.284839E1	1.716829E1	1.406291E1
4.288171E1	1.716579E1	1.409045E1
4.291503E1	1.739483E1	1.400028E1
4.294835E1	1.778426E1	1.389862E1
4.298167E1	1.804753E1	1.392632E1
4.301499E1	1.807317E1	1.391944E1
4.304831E1	1.781535E1	1.405571E1
4.308163E1	1.749351E1	1.417210E1
4.311495E1	1.721221E1	1.430471E1
4.314827E1	1.723996E1	1.423635E1
4.318158E1	1.744336E1	1.412713E1
4.321490E1	1.761261E1	1.397684E1
4.324822E1	1.766851E1	1.393703E1
4.328154E1	1.755459E1	1.394315E1
4.331486E1	1.738940E1	1.397750E1
4.334818E1	1.728019E1	1.411383E1
4.338150E1	1.731026E1	1.424334E1
4.341482E1	1.749507E1	1.418050E1
4.344814E1	1.787817E1	1.410907E1
4.348146E1	1.810232E1	1.408829E1
4.351478E1	1.810184E1	1.413440E1
4.354809E1	1.788208E1	1.427422E1
4.358141E1	1.755388E1	1.442775E1
4.361473E1	1.732370E1	1.454135E1
4.364805E1	1.739104E1	1.448025E1
4.368137E1	1.760341E1	1.434503E1
4.371469E1	1.773103E1	1.417983E1
4.374801E1	1.777163E1	1.410996E1
4.378133E1	1.763838E1	1.414579E1
4.381465E1	1.742456E1	1.418994E1
4.384797E1	1.722235E1	1.438155E1
4.388129E1	1.726737E1	1.450517E1
4.391461E1	1.760663E1	1.433962E1
4.394792E1	1.799852E1	1.423931E1
4.398124E1	1.821367E1	1.424871E1
4.401456E1	1.826686E1	1.428308E1
4.404788E1	1.799032E1	1.441434E1
4.408120E1	1.764381E1	1.456718E1
4.411452E1	1.744815E1	1.463755E1
4.414784E1	1.754337E1	1.456041E1
4.418116E1	1.781415E1	1.443934E1
4.421448E1	1.797930E1	1.429439E1
4.424780E1	1.803378E1	1.427784E1
4.428112E1	1.787393E1	1.430323E1
4.431443E1	1.764813E1	1.435386E1
4.434775E1	1.745178E1	1.450616E1
4.438107E1	1.749065E1	1.463542E1
4.441439E1	1.782384E1	1.447278E1
4.444771E1	1.821660E1	1.439317E1
4.448103E1	1.844729E1	1.439146E1
4.451435E1	1.843298E1	1.443688E1
4.454767E1	1.809457E1	1.457626E1
4.458099E1	1.774880E1	1.472762E1
4.461431E1	1.753461E1	1.483549E1
4.464763E1	1.757522E1	1.477055E1
4.468095E1	1.777309E1	1.465889E1
4.471426E1	1.786687E1	1.458186E1
4.474758E1	1.788799E1	1.451714E1
4.478090E1	1.778717E1	1.453171E1
4.481422E1	1.758124E1	1.457523E1
4.484754E1	1.739984E1	1.475278E1
4.488086E1	1.739053E1	1.477693E1
4.491418E1	1.764000E1	1.467789E1
4.494750E1	1.805621E1	1.454389E1
4.498082E1	1.840550E1	1.455469E1
4.501414E1	1.844324E1	1.455100E1
4.504746E1	1.817591E1	1.465976E1
4.508077E1	1.785573E1	1.479573E1
4.511409E1	1.765014E1	1.488935E1
4.514741E1	1.766879E1	1.484349E1
4.518073E1	1.788330E1	1.472263E1
4.521405E1	1.803495E1	1.461862E1
4.524737E1	1.802341E1	1.456580E1
4.528069E1	1.789678E1	1.454172E1
4.531401E1	1.772386E1	1.456713E1
4.534733E1	1.757035E1	1.476677E1
4.538065E1	1.765456E1	1.488394E1
4.541397E1	1.790811E1	1.478669E1
4.544729E1	1.830690E1	1.463509E1
4.548060E1	1.854166E1	1.460283E1
4.551392E1	1.860779E1	1.460318E1
4.554724E1	1.838399E1	1.475512E1
4.558056E1	1.803346E1	1.493622E1
4.561388E1	1.778253E1	1.504482E1
4.564720E1	1.778598E1	1.503564E1
4.568052E1	1.793547E1	1.492656E1
4.571384E1	1.799265E1	1.486749E1
4.574716E1	1.796627E1	1.485180E1
4.578048E1	1.793066E1	1.482790E1
4.581380E1	1.775983E1	1.485053E1
4.584711E1	1.763197E1	1.506181E1
4.588043E1	1.766885E1	1.515123E1
4.591375E1	1.794704E1	1.502480E1
4.594707E1	1.835134E1	1.493084E1
4.598039E1	1.857701E1	1.494253E1
4.601371E1	1.858996E1	1.493610E1
4.604703E1	1.835288E1	1.506002E1
4.608035E1	1.801586E1	1.522225E1
4.611367E1	1.777554E1	1.535942E1
4.614699E1	1.783530E1	1.529551E1
4.618031E1	1.805901E1	1.513741E1
4.621362E1	1.825156E1	1.498329E1
4.624694E1	1.829928E1	1.490922E1
4.628026E1	1.820457E1	1.493016E1
4.631358E1	1.798200E1	1.498739E1
4.634690E1	1.774044E1	1.521173E1
4.638022E1	1.776306E1	1.538455E1
4.641354E1	1.802507E1	1.529005E1
4.644686E1	1.842542E1	1.506358E1
4.648018E1	1.864848E1	1.505270E1
4.651350E1	1.867703E1	1.516541E1
4.654682E1	1.848445E1	1.528197E1
4.658014E1	1.815836E1	1.543355E1
4.661345E1	1.793761E1	1.553030E1
4.664677E1	1.801070E1	1.545023E1
4.668009E1	1.833174E1	1.524139E1
4.671341E1	1.853922E1	1.504319E1
4.674673E1	1.858289E1	1.499499E1
4.678005E1	1.837084E1	1.506664E1
4.681337E1	1.805706E1	1.519302E1
4.684669E1	1.770893E1	1.546690E1
4.688001E1	1.766089E1	1.562115E1
4.691333E1	1.788899E1	1.553885E1
4.694665E1	1.828764E1	1.539568E1
4.697996E1	1.857709E1	1.536255E1
4.701328E1	1.857901E1	1.538699E1
4.704660E1	1.837019E1	1.552510E1
4.707992E1	1.801552E1	1.569748E1
4.711324E1	1.775152E1	1.582324E1
4.714656E1	1.780987E1	1.575178E1
4.717988E1	1.800830E1	1.558176E1
4.721320E1	1.814852E1	1.546314E1
4.724652E1	1.814826E1	1.539550E1
4.727984E1	1.805817E1	1.540906E1
4.731316E1	1.785261E1	1.549119E1
4.734648E1	1.765532E1	1.568659E1
4.737979E1	1.768283E1	1.576741E1
4.741311E1	1.793273E1	1.561250E1
4.744643E1	1.834867E1	1.548915E1
4.747975E1	1.859831E1	1.552302E1
4.751307E1	1.862965E1	1.558018E1
4.754639E1	1.833971E1	1.575462E1
4.757971E1	1.796150E1	1.592799E1
4.761303E1	1.770216E1	1.603675E1
4.764635E1	1.773136E1	1.600169E1
4.767967E1	1.787875E1	1.587322E1
4.771299E1	1.797584E1	1.577729E1
4.774630E1	1.797606E1	1.576012E1
4.777962E1	1.792815E1	1.574214E1
4.781294E1	1.776310E1	1.577122E1
4.784626E1	1.758260E1	1.598662E1
4.787958E1	1.761852E1	1.606433E1
4.791290E1	1.782405E1	1.597635E1
4.794622E1	1.823215E1	1.586559E1
4.797954E1	1.849229E1	1.585299E1
4.801286E1	1.861034E1	1.586321E1
4.804618E1	1.863834E1	1.575224E1
4.807950E1	1.860003E1	1.573416E1
4.811281E1	1.851761E1	1.572534E1
4.814613E1	1.857242E1	1.570316E1
4.817945E1	1.891457E1	1.552742E1
4.821277E1	1.934507E1	1.531863E1
4.824609E1	1.945637E1	1.521875E1
4.827941E1	1.913321E1	1.546274E1
4.831273E1	1.859972E1	1.576131E1
4.834605E1	1.807856E1	1.604989E1
4.837937E1	1.791558E1	1.603969E1
4.841269E1	1.810035E1	1.586335E1
4.844601E1	1.845969E1	1.572343E1
4.847933E1	1.873774E1	1.569383E1
4.851264E1	1.874357E1	1.574292E1
