	mass A		
t	x	y	
0.000000E0	1.490072E-1	8.191512E-3
3.331913E-2	1.489089E-1	9.509173E-3
6.663826E-2	1.496101E-1	9.154977E-3
9.995740E-2	1.501507E-1	7.042117E-3
1.332765E-1	1.249424E-1	1.482542E-2
1.665957E-1	9.314272E-2	5.348597E-3
1.999148E-1	1.424652E-1	2.387289E-3
2.332339E-1	3.193600E-1	5.281641E-2
2.665531E-1	7.391515E-1	1.157574E-1
2.998722E-1	1.152720E0	6.660260E-2
3.331913E-1	1.394764E0	7.595207E-2
3.665104E-1	1.359794E0	6.664309E-2
3.998296E-1	1.165379E0	8.187150E-2
4.331487E-1	9.084680E-1	1.759866E-1
4.664678E-1	7.887131E-1	3.248840E-1
4.997870E-1	9.634085E-1	3.039428E-1
5.331061E-1	1.396888E0	2.429572E-1
5.664252E-1	1.683116E0	2.472163E-1
5.997444E-1	1.639170E0	2.841862E-1
6.330635E-1	1.359599E0	3.709222E-1
6.663826E-1	1.064983E0	4.404980E-1
6.997018E-1	7.686276E-1	4.786943E-1
7.330209E-1	8.988398E-1	4.589899E-1
7.663400E-1	1.281302E0	4.127062E-1
7.996592E-1	1.672778E0	3.227026E-1
8.329783E-1	1.920110E0	3.083923E-1
8.662974E-1	1.997528E0	2.931620E-1
8.996166E-1	1.876416E0	2.907575E-1
9.329357E-1	1.603073E0	3.909266E-1
9.662548E-1	1.480122E0	4.638807E-1
9.995740E-1	1.679878E0	4.498199E-1
1.032893E0	2.097505E0	4.826715E-1
1.066212E0	2.438980E0	5.170010E-1
1.099531E0	2.554336E0	5.475993E-1
1.132850E0	2.370826E0	5.818162E-1
1.166170E0	2.102281E0	6.389562E-1
1.199489E0	1.895504E0	6.714333E-1
1.232808E0	1.998641E0	6.688102E-1
1.266127E0	2.399428E0	6.536724E-1
1.299446E0	2.739219E0	5.756722E-1
1.332765E0	2.957893E0	4.743433E-1
1.366084E0	2.912897E0	4.949812E-1
1.399404E0	2.713464E0	5.094247E-1
1.432723E0	2.491347E0	6.148040E-1
1.466042E0	2.389416E0	6.740878E-1
1.499361E0	2.641124E0	6.727524E-1
1.532680E0	3.046718E0	6.142968E-1
1.565999E0	3.281978E0	6.752009E-1
1.599318E0	3.284445E0	6.816468E-1
1.632637E0	2.966706E0	7.224139E-1
1.665957E0	2.645658E0	7.772520E-1
1.699276E0	2.366824E0	8.285154E-1
1.732595E0	2.497123E0	7.845426E-1
1.765914E0	2.877746E0	7.595929E-1
1.799233E0	3.183150E0	6.970740E-1
1.832552E0	3.350037E0	6.869169E-1
1.865871E0	3.348806E0	6.805858E-1
1.899191E0	3.197333E0	6.764514E-1
1.932510E0	2.922120E0	7.799919E-1
1.965829E0	2.768512E0	8.828074E-1
1.999148E0	2.930674E0	9.214454E-1
2.032467E0	3.367436E0	8.954246E-1
2.065786E0	3.664982E0	8.924360E-1
2.099105E0	3.607031E0	9.204669E-1
2.132424E0	3.337904E0	1.004826E0
2.165744E0	3.010734E0	1.024828E0
2.199063E0	2.733296E0	1.058984E0
2.232382E0	2.848150E0	1.041107E0
2.265701E0	3.179378E0	1.009204E0
2.299020E0	3.561428E0	9.576896E-1
2.332339E0	3.735502E0	9.529105E-1
2.365658E0	3.721014E0	9.486585E-1
2.398977E0	3.577163E0	9.380043E-1
2.432297E0	3.336292E0	1.050856E0
2.465616E0	3.240748E0	1.153951E0
2.498935E0	3.400472E0	1.167988E0
2.532254E0	3.863677E0	1.133342E0
2.565573E0	4.146415E0	1.163242E0
2.598892E0	4.164138E0	1.205415E0
2.632211E0	3.937169E0	1.274827E0
2.665531E0	3.572413E0	1.293826E0
2.698850E0	3.311377E0	1.317551E0
2.732169E0	3.340066E0	1.349764E0
2.765488E0	3.656768E0	1.332444E0
2.798807E0	3.949912E0	1.215415E0
2.832126E0	4.084002E0	1.188447E0
2.865445E0	4.128825E0	1.154714E0
2.898764E0	4.006764E0	1.163982E0
2.932084E0	3.830531E0	1.308560E0
2.965403E0	3.718539E0	1.455046E0
2.998722E0	3.783816E0	1.501876E0
3.032041E0	4.144625E0	1.445594E0
3.065360E0	4.493723E0	1.388138E0
3.098679E0	4.490842E0	1.356066E0
3.131998E0	4.264099E0	1.406053E0
3.165318E0	3.966232E0	1.427500E0
3.198637E0	3.671274E0	1.533681E0
3.231956E0	3.790387E0	1.528392E0
3.265275E0	4.156298E0	1.521190E0
3.298594E0	4.526971E0	1.439652E0
3.331913E0	4.725067E0	1.380827E0
3.365232E0	4.738795E0	1.404447E0
3.398551E0	4.591046E0	1.434873E0
3.431871E0	4.314092E0	1.575462E0
3.465190E0	4.153691E0	1.773229E0
3.498509E0	4.316030E0	1.785772E0
3.531828E0	4.808765E0	1.629909E0
3.565147E0	5.031097E0	1.585080E0
3.598466E0	5.069133E0	1.574228E0
3.631785E0	4.867813E0	1.615440E0
3.665104E0	4.527264E0	1.670339E0
3.698424E0	4.322459E0	1.718505E0
3.731743E0	4.452864E0	1.703542E0
3.765062E0	4.851598E0	1.717176E0
3.798381E0	5.148508E0	1.622988E0
3.831700E0	5.326110E0	1.555451E0
3.865019E0	5.295330E0	1.565532E0
3.898338E0	5.071082E0	1.559367E0
3.931658E0	4.815086E0	1.598409E0
3.964977E0	4.687347E0	1.664036E0
3.998296E0	4.923948E0	1.651107E0
4.031615E0	5.337603E0	1.617239E0
4.064934E0	5.586223E0	1.661316E0
4.098253E0	5.607925E0	1.689715E0
4.131572E0	5.310750E0	1.719629E0
4.164891E0	4.991286E0	1.766718E0
4.198211E0	4.749566E0	1.819229E0
4.231530E0	4.868652E0	1.828716E0
4.264849E0	5.253160E0	1.838992E0
4.298168E0	5.576975E0	1.781287E0
4.331487E0	5.783597E0	1.756677E0
4.364806E0	5.689539E0	1.728011E0
4.398125E0	5.421928E0	1.716602E0
4.431445E0	5.104981E0	1.760895E0
4.464764E0	4.992811E0	1.820522E0
4.498083E0	5.249666E0	1.819627E0
4.531402E0	5.669000E0	1.792994E0
4.564721E0	6.013604E0	1.885332E0
4.598040E0	6.040988E0	1.964355E0
4.631359E0	5.709437E0	2.015812E0
4.664678E0	5.306235E0	2.066422E0
4.697998E0	5.091002E0	2.073749E0
4.731317E0	5.189290E0	2.096551E0
4.764636E0	5.600201E0	2.102868E0
4.797955E0	5.914208E0	2.032026E0
4.831274E0	6.065262E0	1.967833E0
4.864593E0	6.064431E0	1.970602E0
4.897912E0	5.825539E0	1.941908E0
4.931231E0	5.428666E0	1.932242E0
4.964551E0	5.285314E0	2.019502E0
4.997870E0	5.524604E0	2.031098E0
5.031189E0	5.906746E0	2.058198E0
5.064508E0	6.156171E0	2.124224E0
5.097827E0	6.137552E0	2.153936E0
5.131146E0	5.850146E0	2.222492E0
5.164465E0	5.470127E0	2.267648E0
5.197785E0	5.284173E0	2.305765E0
5.231104E0	5.450822E0	2.313570E0
5.264423E0	5.837217E0	2.294055E0
5.297742E0	6.081550E0	2.208239E0
5.331061E0	6.149960E0	2.182896E0
5.364380E0	6.053930E0	2.190210E0
5.397699E0	5.791634E0	2.168819E0
5.431018E0	5.502846E0	2.264803E0
5.464338E0	5.459866E0	2.369879E0
5.497657E0	5.725504E0	2.328437E0
5.530976E0	6.171309E0	2.317160E0
5.564295E0	6.492019E0	2.374787E0
5.597614E0	6.590541E0	2.418917E0
5.630933E0	6.302196E0	2.503480E0
5.664252E0	5.898781E0	2.554052E0
5.697572E0	5.631524E0	2.586500E0
5.730891E0	5.646301E0	2.576833E0
5.764210E0	5.897284E0	2.551972E0
5.797529E0	6.154670E0	2.496968E0
5.830848E0	6.264721E0	2.449608E0
5.864167E0	6.302214E0	2.452169E0
5.897486E0	6.172599E0	2.423213E0
5.930805E0	5.985929E0	2.546410E0
5.964125E0	5.944935E0	2.566245E0
5.997444E0	6.153308E0	2.550094E0
6.030763E0	6.554662E0	2.471215E0
6.064082E0	6.798905E0	2.509535E0
6.097401E0	6.798165E0	2.554024E0
6.130720E0	6.446545E0	2.630850E0
6.164039E0	6.038968E0	2.749035E0
6.197358E0	5.777004E0	2.751899E0
6.230678E0	5.854751E0	2.704453E0
6.263997E0	6.220314E0	2.681414E0
6.297316E0	6.487862E0	2.601169E0
6.330635E0	6.617465E0	2.543783E0
6.363954E0	6.511628E0	2.532256E0
6.397273E0	6.221242E0	2.531606E0
6.430592E0	5.832460E0	2.600647E0
6.463912E0	5.721658E0	2.693572E0
6.497231E0	6.028848E0	2.662942E0
6.530550E0	6.484006E0	2.655627E0
6.563869E0	6.799359E0	2.755861E0
6.597188E0	6.921543E0	2.767503E0
6.630507E0	6.653658E0	2.825473E0
6.663826E0	6.268074E0	2.878139E0
6.697145E0	6.004636E0	2.864972E0
6.730465E0	6.070630E0	2.857643E0
6.763784E0	6.420443E0	2.870442E0
6.797103E0	6.716611E0	2.814883E0
6.830422E0	6.859413E0	2.773459E0
6.863741E0	6.864919E0	2.766158E0
6.897060E0	6.652165E0	2.720629E0
6.930379E0	6.314527E0	2.759050E0
6.963699E0	6.146094E0	2.885161E0
6.997018E0	6.366856E0	2.920403E0
7.030337E0	6.755100E0	2.892577E0
7.063656E0	7.044312E0	2.909821E0
7.096975E0	7.090038E0	2.930166E0
7.130294E0	6.819948E0	2.995413E0
7.163613E0	6.451323E0	3.024538E0
7.196932E0	6.235026E0	3.019980E0
7.230252E0	6.344379E0	3.023470E0
7.263571E0	6.760956E0	3.026601E0
7.296890E0	7.093883E0	2.981142E0
7.330209E0	7.274005E0	2.918099E0
7.363528E0	7.222773E0	2.937655E0
7.396847E0	6.979786E0	2.924509E0
7.430166E0	6.730464E0	2.957619E0
7.463486E0	6.537355E0	3.141698E0
7.496805E0	6.718121E0	3.140206E0
7.530124E0	7.178505E0	3.087045E0
7.563443E0	7.423386E0	3.078025E0
7.596762E0	7.383248E0	3.153773E0
7.630081E0	7.075733E0	3.250735E0
7.663400E0	6.706007E0	3.284576E0
7.696719E0	6.470684E0	3.301937E0
7.730039E0	6.537532E0	3.294601E0
7.763358E0	6.863997E0	3.296587E0
7.796677E0	7.193811E0	3.248989E0
7.829996E0	7.365666E0	3.197033E0
7.863315E0	7.393737E0	3.200032E0
7.896634E0	7.244666E0	3.162839E0
7.929953E0	7.075697E0	3.239400E0
7.963272E0	6.895894E0	3.485520E0
7.996592E0	6.942738E0	3.573744E0
8.029911E0	7.314345E0	3.508446E0
8.063230E0	7.672784E0	3.414868E0
8.096549E0	7.713635E0	3.412050E0
8.129868E0	7.497538E0	3.465525E0
8.163187E0	7.127263E0	3.511853E0
8.196506E0	6.838101E0	3.593705E0
8.229826E0	6.915950E0	3.577828E0
8.263145E0	7.232901E0	3.550903E0
8.296464E0	7.521802E0	3.512053E0
8.329783E0	7.659116E0	3.482688E0
8.363102E0	7.652345E0	3.451852E0
8.396421E0	7.424472E0	3.451211E0
8.429740E0	7.210061E0	3.512398E0
8.463059E0	7.070963E0	3.698361E0
8.496379E0	7.327825E0	3.708121E0
8.529698E0	7.792656E0	3.638097E0
8.563017E0	8.098339E0	3.633586E0
8.596336E0	8.161633E0	3.646228E0
8.629655E0	7.875844E0	3.696188E0
8.662974E0	7.486911E0	3.717032E0
8.696293E0	7.239895E0	3.749959E0
8.729613E0	7.360221E0	3.739259E0
8.762932E0	7.738811E0	3.742114E0
8.796251E0	8.045526E0	3.699766E0
8.829570E0	8.185140E0	3.635234E0
8.862889E0	8.156444E0	3.642683E0
8.896208E0	7.930645E0	3.642087E0
8.929527E0	7.709360E0	3.693061E0
8.962846E0	7.514879E0	3.879368E0
8.996166E0	7.670648E0	3.925159E0
9.029485E0	8.147549E0	3.815109E0
9.062804E0	8.350323E0	3.790115E0
9.096123E0	8.371607E0	3.794611E0
9.129442E0	8.197668E0	3.856394E0
9.162761E0	7.874775E0	3.906681E0
9.196080E0	7.619606E0	3.954064E0
9.229399E0	7.641563E0	3.948015E0
9.262719E0	7.954196E0	3.949098E0
9.296038E0	8.222047E0	3.914356E0
9.329357E0	8.351615E0	3.855929E0
9.362676E0	8.357129E0	3.864739E0
9.395995E0	8.169171E0	3.818454E0
9.429314E0	7.926291E0	3.871331E0
9.462633E0	7.829101E0	4.031223E0
9.495953E0	8.074529E0	4.015492E0
9.529272E0	8.521203E0	4.027928E0
9.562591E0	8.796331E0	4.045699E0
9.595910E0	8.802995E0	4.092719E0
9.629229E0	8.517934E0	4.187752E0
9.662548E0	8.103387E0	4.246334E0
9.695867E0	7.843709E0	4.269686E0
9.729186E0	7.875174E0	4.261898E0
9.762506E0	8.220392E0	4.215742E0
9.795825E0	8.468094E0	4.188353E0
9.829144E0	8.581071E0	4.135973E0
9.862463E0	8.594321E0	4.125049E0
9.895782E0	8.386124E0	4.123032E0
9.929101E0	8.152100E0	4.133472E0
9.962420E0	8.004068E0	4.324578E0
9.995740E0	8.178943E0	4.347564E0
1.002906E1	8.608176E0	4.333992E0
1.006238E1	8.893660E0	4.342220E0
1.009570E1	8.938797E0	4.398025E0
1.012902E1	8.711180E0	4.456488E0
1.016234E1	8.333601E0	4.503301E0
1.019565E1	8.069312E0	4.502280E0
1.022897E1	8.060427E0	4.510233E0
1.026229E1	8.281651E0	4.498398E0
1.029561E1	8.480038E0	4.462746E0
1.032893E1	8.589793E0	4.418080E0
1.036225E1	8.605736E0	4.400917E0
1.039557E1	8.469399E0	4.399429E0
1.042889E1	8.278197E0	4.474297E0
1.046221E1	8.155687E0	4.685602E0
1.049553E1	8.280133E0	4.765291E0
1.052885E1	8.668008E0	4.677840E0
1.056216E1	8.918622E0	4.618073E0
1.059548E1	8.931619E0	4.622985E0
1.062880E1	8.700169E0	4.682014E0
1.066212E1	8.304619E0	4.731320E0
1.069544E1	8.042593E0	4.765848E0
1.072876E1	8.109283E0	4.741366E0
1.076208E1	8.461605E0	4.743840E0
1.079540E1	8.758886E0	4.683235E0
1.082872E1	8.873872E0	4.640227E0
1.086204E1	8.863014E0	4.630780E0
1.089536E1	8.678487E0	4.635334E0
1.092868E1	8.551724E0	4.659445E0
1.096199E1	8.378706E0	4.896781E0
1.099531E1	8.524320E0	5.004775E0
1.102863E1	8.989145E0	4.897666E0
1.106195E1	9.115466E0	4.903401E0
1.109527E1	9.070480E0	4.921062E0
1.112859E1	8.882728E0	4.951977E0
1.116191E1	8.492596E0	5.042390E0
1.119523E1	8.193274E0	5.112415E0
1.122855E1	8.209796E0	5.094294E0
1.126187E1	8.437539E0	5.047855E0
1.129519E1	8.600222E0	5.045215E0
1.132850E1	8.586365E0	5.058714E0
1.136182E1	8.603409E0	5.011756E0
1.139514E1	8.585166E0	5.001313E0
1.142846E1	8.428800E0	5.076357E0
1.146178E1	8.405700E0	5.186713E0
1.149510E1	8.586689E0	5.210329E0
1.152842E1	8.967725E0	5.174860E0
1.156174E1	9.297817E0	5.217153E0
1.159506E1	9.349689E0	5.286095E0
1.162838E1	9.029994E0	5.375675E0
1.166170E1	8.579742E0	5.452918E0
1.169502E1	8.286949E0	5.422633E0
1.172833E1	8.259736E0	5.428275E0
1.176165E1	8.453028E0	5.365370E0
1.179497E1	8.616617E0	5.359722E0
1.182829E1	8.646312E0	5.345869E0
1.186161E1	8.685497E0	5.345021E0
1.189493E1	8.669922E0	5.303759E0
1.192825E1	8.488011E0	5.304470E0
1.196157E1	8.275981E0	5.396087E0
1.199489E1	8.390376E0	5.434391E0
1.202821E1	8.871067E0	5.411671E0
1.206153E1	9.234464E0	5.457239E0
1.209484E1	9.302056E0	5.499914E0
1.212816E1	9.023228E0	5.599726E0
1.216148E1	8.642843E0	5.654798E0
1.219480E1	8.339439E0	5.646379E0
1.222812E1	8.349817E0	5.656728E0
1.226144E1	8.661927E0	5.585005E0
1.229476E1	8.909957E0	5.547550E0
1.232808E1	8.973116E0	5.517593E0
1.236140E1	8.857699E0	5.505375E0
1.239472E1	8.610037E0	5.472304E0
1.242804E1	8.335010E0	5.514366E0
1.246136E1	8.226694E0	5.650776E0
1.249467E1	8.491772E0	5.634685E0
1.252799E1	8.912081E0	5.611875E0
1.256131E1	9.267309E0	5.602604E0
1.259463E1	9.309043E0	5.647308E0
1.262795E1	8.984895E0	5.709442E0
1.266127E1	8.538877E0	5.804358E0
1.269459E1	8.212527E0	5.840211E0
1.272791E1	8.162706E0	5.817494E0
1.276123E1	8.355741E0	5.774722E0
1.279455E1	8.580556E0	5.719418E0
1.282787E1	8.644648E0	5.700441E0
1.286118E1	8.674105E0	5.707572E0
1.289450E1	8.610366E0	5.646115E0
1.292782E1	8.502351E0	5.751843E0
1.296114E1	8.475373E0	5.963846E0
1.299446E1	8.561871E0	6.092008E0
1.302778E1	8.965515E0	5.947950E0
1.306110E1	9.155186E0	5.875025E0
1.309442E1	9.161605E0	5.891109E0
1.312774E1	9.069174E0	5.922021E0
1.316106E1	8.740885E0	5.985613E0
1.319438E1	8.480573E0	6.028925E0
1.322770E1	8.514231E0	6.036358E0
1.326101E1	8.822919E0	5.980726E0
1.329433E1	9.078897E0	5.984515E0
1.332765E1	9.195795E0	5.959149E0
1.336097E1	9.188009E0	5.942251E0
1.339429E1	9.021969E0	5.922550E0
1.342761E1	8.809906E0	5.975869E0
1.346093E1	8.697803E0	6.168802E0
1.349425E1	8.776788E0	6.235278E0
1.352757E1	9.179349E0	6.179856E0
1.356089E1	9.519267E0	6.134162E0
1.359421E1	9.569315E0	6.135650E0
1.362752E1	9.324274E0	6.221403E0
1.366084E1	9.017469E0	6.256365E0
1.369416E1	8.753937E0	6.292261E0
1.372748E1	8.712769E0	6.247008E0
1.376080E1	8.954156E0	6.239348E0
1.379412E1	9.232896E0	6.195233E0
1.382744E1	9.304454E0	6.191596E0
1.386076E1	9.316077E0	6.172262E0
1.389408E1	9.286744E0	6.158970E0
1.392740E1	9.220870E0	6.321613E0
1.396072E1	9.253400E0	6.311293E0
1.399404E1	9.357780E0	6.293889E0
1.402735E1	9.675025E0	6.229634E0
1.406067E1	9.932850E0	6.267323E0
1.409399E1	9.998310E0	6.343782E0
1.412731E1	9.781797E0	6.416683E0
1.416063E1	9.451856E0	6.505565E0
1.419395E1	9.141019E0	6.510933E0
1.422727E1	9.122943E0	6.523199E0
1.426059E1	9.418926E0	6.464898E0
1.429391E1	9.685538E0	6.458581E0
1.432723E1	9.769100E0	6.470118E0
1.436055E1	9.648908E0	6.474836E0
1.439386E1	9.359095E0	6.451252E0
1.442718E1	9.038468E0	6.468963E0
1.446050E1	8.870228E0	6.639441E0
1.449382E1	9.011718E0	6.709559E0
1.452714E1	9.430165E0	6.660028E0
1.456046E1	9.820774E0	6.628947E0
1.459378E1	9.900488E0	6.628708E0
1.462710E1	9.673416E0	6.691218E0
1.466042E1	9.349499E0	6.715279E0
1.469374E1	9.023285E0	6.758509E0
1.472706E1	9.017184E0	6.748787E0
1.476038E1	9.200926E0	6.718424E0
1.479369E1	9.398544E0	6.689921E0
1.482701E1	9.450362E0	6.674493E0
1.486033E1	9.471628E0	6.637888E0
1.489365E1	9.391424E0	6.635048E0
1.492697E1	9.271134E0	6.707997E0
1.496029E1	9.239212E0	6.778173E0
1.499361E1	9.392738E0	6.755950E0
1.502693E1	9.769982E0	6.698167E0
1.506025E1	1.011543E1	6.731700E0
1.509357E1	1.020504E1	6.754851E0
1.512689E1	9.923730E0	6.825595E0
1.516020E1	9.557099E0	6.905048E0
1.519352E1	9.246940E0	6.915564E0
1.522684E1	9.276307E0	6.914269E0
1.526016E1	9.596851E0	6.867712E0
1.529348E1	9.861649E0	6.823746E0
1.532680E1	9.948388E0	6.799075E0
1.536012E1	9.841845E0	6.748252E0
1.539344E1	9.566442E0	6.717160E0
1.542676E1	9.257106E0	6.728490E0
1.546008E1	9.091496E0	6.882566E0
1.549340E1	9.359051E0	6.863372E0
1.552672E1	9.878703E0	6.864206E0
1.556003E1	1.027940E1	6.910870E0
1.559335E1	1.047649E1	6.950178E0
1.562667E1	1.027395E1	6.978708E0
1.565999E1	9.936879E0	7.065276E0
1.569331E1	9.627023E0	7.076156E0
1.572663E1	9.613384E0	7.073607E0
1.575995E1	9.838080E0	7.023912E0
1.579327E1	1.005404E1	7.007207E0
1.582659E1	1.009304E1	6.979594E0
1.585991E1	1.008503E1	6.981892E0
1.589323E1	9.895421E0	6.936413E0
1.592654E1	9.641503E0	6.949903E0
1.595986E1	9.553945E0	7.028126E0
1.599318E1	9.777620E0	7.014405E0
1.602650E1	1.021993E1	6.954764E0
1.605982E1	1.059349E1	7.019970E0
1.609314E1	1.071374E1	7.026837E0
1.612646E1	1.047202E1	7.114399E0
1.615978E1	1.007872E1	7.206272E0
1.619310E1	9.759795E0	7.244012E0
1.622642E1	9.699805E0	7.252757E0
1.625974E1	9.889002E0	7.172019E0
1.629306E1	1.010881E1	7.100141E0
1.632637E1	1.019166E1	7.086630E0
1.635969E1	1.020959E1	7.062396E0
1.639301E1	1.010931E1	7.015126E0
1.642633E1	9.905504E0	7.103225E0
1.645965E1	9.840072E0	7.127840E0
1.649297E1	9.992204E0	7.127931E0
1.652629E1	1.041232E1	7.068675E0
1.655961E1	1.078711E1	7.087446E0
1.659293E1	1.087641E1	7.091429E0
1.662625E1	1.061531E1	7.160365E0
1.665957E1	1.020921E1	7.256166E0
1.669288E1	9.877334E0	7.300876E0
1.672620E1	9.763338E0	7.329066E0
1.675952E1	9.877164E0	7.281002E0
1.679284E1	1.002822E1	7.245929E0
1.682616E1	9.993077E0	7.228731E0
1.685948E1	9.946338E0	7.201368E0
1.689280E1	9.875500E0	7.180000E0
1.692612E1	9.684499E0	7.234987E0
1.695944E1	9.633323E0	7.337598E0
1.699276E1	9.842256E0	7.333689E0
1.702608E1	1.027381E1	7.292395E0
1.705940E1	1.067857E1	7.356662E0
1.709271E1	1.087862E1	7.379916E0
1.712603E1	1.070317E1	7.438247E0
1.715935E1	1.032397E1	7.511840E0
1.719267E1	1.001778E1	7.536511E0
1.722599E1	9.905611E0	7.503058E0
1.725931E1	1.006110E1	7.435554E0
1.729263E1	1.017747E1	7.400117E0
1.732595E1	1.024014E1	7.414522E0
1.735927E1	1.028164E1	7.391814E0
1.739259E1	1.036205E1	7.402327E0
1.742591E1	1.043078E1	7.393891E0
1.745923E1	1.042829E1	7.427959E0
1.749254E1	1.052423E1	7.424438E0
1.752586E1	1.091980E1	7.366956E0
1.755918E1	1.133415E1	7.362444E0
1.759250E1	1.137306E1	7.351200E0
1.762582E1	1.104108E1	7.382834E0
1.765914E1	1.041269E1	7.495782E0
1.769246E1	9.886678E0	7.650762E0
1.772578E1	9.853909E0	7.759204E0
1.775910E1	1.004736E1	7.781056E0
1.779242E1	1.026152E1	7.715184E0
1.782574E1	1.029806E1	7.686786E0
1.785905E1	1.027376E1	7.650711E0
1.789237E1	1.009543E1	7.631505E0
1.792569E1	9.939333E0	7.674408E0
1.795901E1	9.890219E0	7.771477E0
1.799233E1	1.007807E1	7.735442E0
1.802565E1	1.048138E1	7.673951E0
1.805897E1	1.084920E1	7.723204E0
1.809229E1	1.100271E1	7.739564E0
1.812561E1	1.077534E1	7.777890E0
1.815893E1	1.040211E1	7.894179E0
1.819225E1	1.006962E1	7.881874E0
1.822557E1	9.996949E0	7.915554E0
1.825888E1	1.007937E1	7.911583E0
1.829220E1	1.020570E1	7.842732E0
1.832552E1	1.020049E1	7.794656E0
1.835884E1	1.021095E1	7.761861E0
1.839216E1	1.007510E1	7.741883E0
1.842548E1	9.863853E0	7.828650E0
1.845880E1	9.816072E0	7.884506E0
1.849212E1	9.966723E0	7.895198E0
1.852544E1	1.032338E1	7.840529E0
1.855876E1	1.063923E1	7.888932E0
1.859208E1	1.077223E1	7.942578E0
1.862539E1	1.067072E1	8.001110E0
1.865871E1	1.033979E1	8.092394E0
1.869203E1	1.000478E1	8.155859E0
1.872535E1	9.855264E0	8.180149E0
1.875867E1	1.000305E1	8.078534E0
1.879199E1	1.020814E1	8.041839E0
1.882531E1	1.030093E1	8.006119E0
1.885863E1	1.031361E1	7.994508E0
1.889195E1	1.020814E1	7.944533E0
1.892527E1	9.932125E0	8.005455E0
1.895859E1	9.877665E0	8.067214E0
1.899191E1	9.988647E0	8.114042E0
1.902522E1	1.038267E1	8.091753E0
1.905854E1	1.069579E1	8.148045E0
1.909186E1	1.080132E1	8.258887E0
1.912518E1	1.064364E1	8.339525E0
1.915850E1	1.028942E1	8.493840E0
1.919182E1	9.986754E0	8.491484E0
1.922514E1	9.930155E0	8.448671E0
1.925846E1	1.011549E1	8.378206E0
1.929178E1	1.034248E1	8.293304E0
1.932510E1	1.042396E1	8.223848E0
1.935842E1	1.034032E1	8.205224E0
1.939173E1	1.005633E1	8.209426E0
1.942505E1	9.719763E0	8.254987E0
1.945837E1	9.536014E0	8.435636E0
1.949169E1	9.694080E0	8.493797E0
1.952501E1	1.015213E1	8.462389E0
1.955833E1	1.059012E1	8.423874E0
1.959165E1	1.072289E1	8.452203E0
1.962497E1	1.055080E1	8.461033E0
1.965829E1	1.019452E1	8.508711E0
1.969161E1	9.912094E0	8.547306E0
1.972493E1	9.874328E0	8.536219E0
1.975825E1	1.017243E1	8.428235E0
1.979156E1	1.042947E1	8.379928E0
1.982488E1	1.055318E1	8.323359E0
1.985820E1	1.043330E1	8.322429E0
1.989152E1	1.010455E1	8.349728E0
1.992484E1	9.711227E0	8.391064E0
1.995816E1	9.568715E0	8.463721E0
1.999148E1	9.752392E0	8.441904E0
2.002480E1	1.015116E1	8.423262E0
2.005812E1	1.053641E1	8.431914E0
2.009144E1	1.071310E1	8.470284E0
2.012476E1	1.057615E1	8.528967E0
2.015807E1	1.025181E1	8.611417E0
2.019139E1	9.945221E0	8.648506E0
2.022471E1	9.836522E0	8.681735E0
2.025803E1	9.926240E0	8.652112E0
2.029135E1	1.005034E1	8.554157E0
2.032467E1	1.008337E1	8.485818E0
2.035799E1	1.004814E1	8.430511E0
2.039131E1	9.900262E0	8.371861E0
2.042463E1	9.651032E0	8.483252E0
2.045795E1	9.565208E0	8.591114E0
2.049127E1	9.655591E0	8.712503E0
2.052459E1	1.003709E1	8.700838E0
2.055790E1	1.044087E1	8.592834E0
2.059122E1	1.056153E1	8.622742E0
2.062454E1	1.043926E1	8.642252E0
2.065786E1	1.009855E1	8.723514E0
2.069118E1	9.860764E0	8.754150E0
2.072450E1	9.839061E0	8.733469E0
2.075782E1	1.009332E1	8.659949E0
2.079114E1	1.032181E1	8.590817E0
2.082446E1	1.037935E1	8.554635E0
2.085778E1	1.028245E1	8.534386E0
2.089110E1	9.957592E0	8.531276E0
2.092441E1	9.554333E0	8.563233E0
2.095773E1	9.357661E0	8.686063E0
2.099105E1	9.488057E0	8.754107E0
2.102437E1	9.873405E0	8.762283E0
2.105769E1	1.026592E1	8.705047E0
2.109101E1	1.034102E1	8.765155E0
2.112433E1	1.021942E1	8.755899E0
2.115765E1	9.879251E0	8.817819E0
2.119097E1	9.605483E0	8.830649E0
2.122429E1	9.556464E0	8.857333E0
2.125761E1	9.682612E0	8.803509E0
2.129093E1	9.863583E0	8.759721E0
2.132424E1	9.937210E0	8.734481E0
2.135756E1	9.897718E0	8.690012E0
2.139088E1	9.711792E0	8.659273E0
2.142420E1	9.434296E0	8.746788E0
2.145752E1	9.373795E0	8.858663E0
2.149084E1	9.511385E0	8.894258E0
2.152416E1	9.872475E0	8.886251E0
2.155748E1	1.025962E1	8.861787E0
2.159080E1	1.034480E1	8.933204E0
2.162412E1	1.025106E1	8.937151E0
2.165744E1	1.001057E1	8.953181E0
2.169075E1	9.747380E0	8.986000E0
2.172407E1	9.702709E0	8.982348E0
2.175739E1	9.907260E0	8.932561E0
2.179071E1	1.014612E1	8.912604E0
2.182403E1	1.018822E1	8.911834E0
2.185735E1	1.009666E1	8.878447E0
2.189067E1	9.891839E0	8.838866E0
2.192399E1	9.585561E0	8.917136E0
2.195731E1	9.489300E0	8.974627E0
2.199063E1	9.660014E0	8.952176E0
2.202395E1	1.003237E1	8.927055E0
2.205727E1	1.039043E1	8.917247E0
2.209058E1	1.052256E1	8.986377E0
2.212390E1	1.041486E1	8.984096E0
2.215722E1	1.008602E1	9.079935E0
2.219054E1	9.764991E0	9.145690E0
2.222386E1	9.694070E0	9.185210E0
2.225718E1	9.860618E0	9.140350E0
2.229050E1	1.005321E1	9.031511E0
2.232382E1	1.010899E1	8.970212E0
2.235714E1	1.010919E1	8.953492E0
2.239046E1	9.892949E0	8.945726E0
2.242378E1	9.549766E0	8.996818E0
2.245709E1	9.439815E0	9.115812E0
2.249041E1	9.559482E0	9.180377E0
2.252373E1	9.990336E0	9.171774E0
2.255705E1	1.047119E1	9.113125E0
2.259037E1	1.054859E1	9.119734E0
2.262369E1	1.029230E1	9.185073E0
2.265701E1	9.948678E0	9.181699E0
2.269033E1	9.678762E0	9.219589E0
2.272365E1	9.629631E0	9.249979E0
2.275697E1	9.813219E0	9.152053E0
2.279029E1	1.007142E1	9.096937E0
2.282361E1	1.020356E1	9.039916E0
2.285692E1	1.019877E1	9.032906E0
2.289024E1	1.010851E1	8.977209E0
2.292356E1	9.881172E0	9.063305E0
2.295688E1	9.805901E0	9.135860E0
2.299020E1	9.889997E0	9.139270E0
2.302352E1	1.033450E1	9.065170E0
2.305684E1	1.065043E1	9.088646E0
2.309016E1	1.077367E1	9.140809E0
2.312348E1	1.057359E1	9.146098E0
2.315680E1	1.025408E1	9.198069E0
2.319012E1	1.000048E1	9.193352E0
2.322343E1	1.004429E1	9.186455E0
2.325675E1	1.036789E1	9.115294E0
2.329007E1	1.064698E1	9.040979E0
2.332339E1	1.080452E1	8.973143E0
2.335671E1	1.080013E1	8.977118E0
2.339003E1	1.057722E1	9.007591E0
2.342335E1	1.023588E1	9.042511E0
2.345667E1	1.001409E1	9.203759E0
2.348999E1	1.014191E1	9.279024E0
2.352331E1	1.051987E1	9.288243E0
2.355663E1	1.091286E1	9.232193E0
2.358995E1	1.103721E1	9.194560E0
2.362326E1	1.080812E1	9.263417E0
2.365658E1	1.047503E1	9.351585E0
2.368990E1	1.019028E1	9.407334E0
2.372322E1	1.010423E1	9.399548E0
2.375654E1	1.024194E1	9.310879E0
2.378986E1	1.042009E1	9.238637E0
2.382318E1	1.045672E1	9.244440E0
2.385650E1	1.042000E1	9.213021E0
2.388982E1	1.028425E1	9.198443E0
2.392314E1	1.001850E1	9.249042E0
2.395646E1	9.885358E0	9.340866E0
2.398977E1	1.000783E1	9.346132E0
2.402309E1	1.046430E1	9.271193E0
2.405641E1	1.086709E1	9.277898E0
2.408973E1	1.099621E1	9.362387E0
2.412305E1	1.086587E1	9.362266E0
2.415637E1	1.053012E1	9.466736E0
2.418969E1	1.026195E1	9.509968E0
2.422301E1	1.019631E1	9.511630E0
2.425633E1	1.038096E1	9.402899E0
2.428965E1	1.058689E1	9.348484E0
2.432297E1	1.063042E1	9.296073E0
2.435629E1	1.056371E1	9.274295E0
2.438960E1	1.041796E1	9.233057E0
2.442292E1	1.015723E1	9.281004E0
2.445624E1	1.003551E1	9.377174E0
2.448956E1	1.013992E1	9.406348E0
2.452288E1	1.056825E1	9.359837E0
2.455620E1	1.091058E1	9.373934E0
2.458952E1	1.104375E1	9.420512E0
2.462284E1	1.078968E1	9.489017E0
2.465616E1	1.040601E1	9.673208E0
2.468948E1	1.005078E1	9.787966E0
2.472280E1	9.972716E0	9.826013E0
2.475611E1	1.013763E1	9.727072E0
2.478943E1	1.038053E1	9.555169E0
2.482275E1	1.052919E1	9.466590E0
2.485607E1	1.056058E1	9.425318E0
2.488939E1	1.046317E1	9.397113E0
2.492271E1	1.017801E1	9.478112E0
2.495603E1	1.005262E1	9.556993E0
2.498935E1	1.013248E1	9.644614E0
2.502267E1	1.047151E1	9.615656E0
2.505599E1	1.081990E1	9.571322E0
2.508931E1	1.088113E1	9.651092E0
2.512263E1	1.071249E1	9.667671E0
2.515594E1	1.034441E1	9.804920E0
2.518926E1	1.002344E1	9.947536E0
2.522258E1	1.002845E1	9.952333E0
2.525590E1	1.039973E1	9.850742E0
2.528922E1	1.071383E1	9.759518E0
2.532254E1	1.092031E1	9.659345E0
2.535586E1	1.081636E1	9.670522E0
2.538918E1	1.047586E1	9.716544E0
2.542250E1	1.010253E1	9.728454E0
2.545582E1	9.807774E0	9.843315E0
2.548914E1	9.907562E0	9.847358E0
2.552245E1	1.034995E1	9.778534E0
2.555577E1	1.069561E1	9.775436E0
2.558909E1	1.083204E1	9.854129E0
2.562241E1	1.072033E1	9.870002E0
2.565573E1	1.043817E1	9.937815E0
2.568905E1	1.017763E1	9.978444E0
2.572237E1	1.019795E1	9.953434E0
2.575569E1	1.052864E1	9.892484E0
2.578901E1	1.084649E1	9.810050E0
2.582233E1	1.107062E1	9.724332E0
2.585565E1	1.102083E1	9.716853E0
2.588897E1	1.071313E1	9.746587E0
2.592228E1	1.034761E1	9.753012E0
2.595560E1	1.007629E1	9.859944E0
2.598892E1	1.018700E1	9.861159E0
2.602224E1	1.062055E1	9.836830E0
2.605556E1	1.097235E1	9.843133E0
2.608888E1	1.111587E1	9.897780E0
2.612220E1	1.096487E1	9.887286E0
2.615552E1	1.063264E1	9.922534E0
2.618884E1	1.041063E1	9.941497E0
2.622216E1	1.035779E1	9.947784E0
2.625548E1	1.064193E1	9.890716E0
2.628879E1	1.098077E1	9.799654E0
2.632211E1	1.118910E1	9.735486E0
2.635543E1	1.116499E1	9.745846E0
2.638875E1	1.089012E1	9.785889E0
2.642207E1	1.052485E1	9.800264E0
2.645539E1	1.025750E1	9.899118E0
2.648871E1	1.036945E1	9.884108E0
2.652203E1	1.068607E1	9.879346E0
2.655535E1	1.095429E1	9.896495E0
2.658867E1	1.103432E1	9.902616E0
2.662199E1	1.090674E1	9.932855E0
2.665531E1	1.061268E1	1.001796E1
2.668862E1	1.033925E1	1.007668E1
2.672194E1	1.023564E1	1.011983E1
2.675526E1	1.035851E1	1.008017E1
2.678858E1	1.053732E1	1.005699E1
2.682190E1	1.063418E1	1.001765E1
2.685522E1	1.062136E1	1.000279E1
2.688854E1	1.045638E1	9.958019E0
2.692186E1	1.015206E1	1.001481E1
2.695518E1	1.001299E1	1.013430E1
2.698850E1	1.009207E1	1.020414E1
2.702182E1	1.041731E1	1.019864E1
2.705513E1	1.081551E1	1.011524E1
2.708845E1	1.084938E1	1.015208E1
2.712177E1	1.062714E1	1.018857E1
2.715509E1	1.033597E1	1.023181E1
2.718841E1	1.006089E1	1.029161E1
2.722173E1	9.966910E0	1.031877E1
2.725505E1	1.013697E1	1.024784E1
2.728837E1	1.040507E1	1.017612E1
2.732169E1	1.058345E1	1.005535E1
2.735501E1	1.063540E1	1.002603E1
2.738833E1	1.052571E1	1.001195E1
2.742165E1	1.029087E1	1.006479E1
2.745496E1	1.012425E1	1.017194E1
2.748828E1	1.021201E1	1.016630E1
2.752160E1	1.063511E1	1.007186E1
2.755492E1	1.101049E1	1.010907E1
2.758824E1	1.115628E1	1.014400E1
2.762156E1	1.095926E1	1.015491E1
2.765488E1	1.061133E1	1.023475E1
2.768820E1	1.032413E1	1.026028E1
2.772152E1	1.023845E1	1.028438E1
2.775484E1	1.042156E1	1.018633E1
2.778816E1	1.068637E1	1.011832E1
2.782147E1	1.083944E1	1.006826E1
2.785479E1	1.079637E1	1.002819E1
2.788811E1	1.063565E1	9.974645E0
2.792143E1	1.032855E1	1.003736E1
2.795475E1	1.020640E1	1.014286E1
2.798807E1	1.026395E1	1.016336E1
2.802139E1	1.064281E1	1.012077E1
2.805471E1	1.100663E1	1.016649E1
2.808803E1	1.112556E1	1.017001E1
2.812135E1	1.089948E1	1.019083E1
2.815467E1	1.057664E1	1.026556E1
2.818799E1	1.025033E1	1.033102E1
2.822130E1	1.012881E1	1.037952E1
2.825462E1	1.024914E1	1.029833E1
2.828794E1	1.051237E1	1.026304E1
2.832126E1	1.066551E1	1.018308E1
2.835458E1	1.062697E1	1.015414E1
2.838790E1	1.042376E1	1.009215E1
2.842122E1	1.002713E1	1.013785E1
2.845454E1	9.876522E0	1.021456E1
2.848786E1	9.923791E0	1.028409E1
2.852118E1	1.028662E1	1.030148E1
2.855450E1	1.062040E1	1.033988E1
2.858782E1	1.068108E1	1.035277E1
2.862113E1	1.047941E1	1.042019E1
2.865445E1	1.013978E1	1.050307E1
2.868777E1	9.878937E0	1.052843E1
2.872109E1	9.878562E0	1.053801E1
2.875441E1	1.013632E1	1.051188E1
2.878773E1	1.042689E1	1.043058E1
2.882105E1	1.058289E1	1.029784E1
2.885437E1	1.057377E1	1.027128E1
2.888769E1	1.033352E1	1.028691E1
2.892101E1	9.994551E0	1.030419E1
2.895433E1	9.711451E0	1.043840E1
2.898764E1	9.750196E0	1.055035E1
2.902096E1	1.014658E1	1.054237E1
2.905428E1	1.048597E1	1.058114E1
2.908760E1	1.057947E1	1.058370E1
2.912092E1	1.031265E1	1.064632E1
2.915424E1	9.977019E0	1.070884E1
2.918756E1	9.718115E0	1.070446E1
2.922088E1	9.735749E0	1.071642E1
2.925420E1	1.000056E1	1.063808E1
2.928752E1	1.031507E1	1.058966E1
2.932084E1	1.050646E1	1.049983E1
2.935416E1	1.056906E1	1.046337E1
2.938747E1	1.041593E1	1.043249E1
2.942079E1	1.014176E1	1.041553E1
2.945411E1	9.869394E0	1.055735E1
2.948743E1	9.944531E0	1.064274E1
2.952075E1	1.029596E1	1.066731E1
2.955407E1	1.062244E1	1.069994E1
2.958739E1	1.068677E1	1.070568E1
2.962071E1	1.052970E1	1.075672E1
2.965403E1	1.025723E1	1.084914E1
2.968735E1	1.003602E1	1.086467E1
2.972067E1	1.005112E1	1.085088E1
2.975398E1	1.031266E1	1.080629E1
2.978730E1	1.064719E1	1.069887E1
2.982062E1	1.088325E1	1.059439E1
2.985394E1	1.093994E1	1.056343E1
2.988726E1	1.074966E1	1.054109E1
2.992058E1	1.042931E1	1.053425E1
2.995390E1	1.017914E1	1.066104E1
2.998722E1	1.028864E1	1.069934E1
3.002054E1	1.063600E1	1.069841E1
3.005386E1	1.095233E1	1.071972E1
3.008718E1	1.106561E1	1.073997E1
3.012050E1	1.092210E1	1.075275E1
3.015381E1	1.058606E1	1.082149E1
3.018713E1	1.030203E1	1.086815E1
3.022045E1	1.024193E1	1.088489E1
3.025377E1	1.055068E1	1.083133E1
3.028709E1	1.091650E1	1.069595E1
3.032041E1	1.112759E1	1.056241E1
3.035373E1	1.113054E1	1.054543E1
3.038705E1	1.085998E1	1.058974E1
3.042037E1	1.046548E1	1.061899E1
3.045369E1	1.016211E1	1.074383E1
3.048701E1	1.023774E1	1.077326E1
3.052032E1	1.063204E1	1.074323E1
3.055364E1	1.093207E1	1.077819E1
3.058696E1	1.105890E1	1.077743E1
3.062028E1	1.084082E1	1.080487E1
3.065360E1	1.051079E1	1.086364E1
3.068692E1	1.020890E1	1.086763E1
3.072024E1	1.012216E1	1.089563E1
3.075356E1	1.036052E1	1.083597E1
3.078688E1	1.068776E1	1.078563E1
3.082020E1	1.093170E1	1.068571E1
3.085352E1	1.102938E1	1.063642E1
3.088684E1	1.087908E1	1.066324E1
3.092015E1	1.057669E1	1.066719E1
3.095347E1	1.036051E1	1.079999E1
3.098679E1	1.039048E1	1.088826E1
3.102011E1	1.068546E1	1.084209E1
3.105343E1	1.104735E1	1.079761E1
3.108675E1	1.109464E1	1.083003E1
3.112007E1	1.090926E1	1.086000E1
3.115339E1	1.062378E1	1.091725E1
3.118671E1	1.035231E1	1.096553E1
3.122003E1	1.024485E1	1.098686E1
3.125335E1	1.044257E1	1.094848E1
3.128666E1	1.073684E1	1.087930E1
3.131998E1	1.091838E1	1.079868E1
3.135330E1	1.100693E1	1.076311E1
3.138662E1	1.096950E1	1.071878E1
3.141994E1	1.073559E1	1.073864E1
3.145326E1	1.049988E1	1.083969E1
3.148658E1	1.051281E1	1.098043E1
3.151990E1	1.077520E1	1.104391E1
3.155322E1	1.125553E1	1.094855E1
3.158654E1	1.137774E1	1.091550E1
3.161986E1	1.117210E1	1.097143E1
3.165318E1	1.083199E1	1.100771E1
3.168649E1	1.050911E1	1.105928E1
3.171981E1	1.041656E1	1.108625E1
3.175313E1	1.062271E1	1.103052E1
3.178645E1	1.090134E1	1.095062E1
3.181977E1	1.108431E1	1.082761E1
3.185309E1	1.115808E1	1.079056E1
3.188641E1	1.107655E1	1.075003E1
3.191973E1	1.080290E1	1.076092E1
3.195305E1	1.053284E1	1.086837E1
3.198637E1	1.061318E1	1.093599E1
3.201969E1	1.105525E1	1.086944E1
3.205300E1	1.137938E1	1.092472E1
3.208632E1	1.148962E1	1.099556E1
3.211964E1	1.133911E1	1.104391E1
3.215296E1	1.103160E1	1.115994E1
3.218628E1	1.073865E1	1.116539E1
3.221960E1	1.067510E1	1.119413E1
3.225292E1	1.086429E1	1.113995E1
3.228624E1	1.113169E1	1.109440E1
3.231956E1	1.130547E1	1.100369E1
3.235288E1	1.138719E1	1.096564E1
3.238620E1	1.126507E1	1.097970E1
3.241952E1	1.095309E1	1.099741E1
3.245283E1	1.074512E1	1.107783E1
3.248615E1	1.084240E1	1.113265E1
3.251947E1	1.126954E1	1.105359E1
3.255279E1	1.162650E1	1.109174E1
3.258611E1	1.179004E1	1.115191E1
3.261943E1	1.168981E1	1.121368E1
3.265275E1	1.142769E1	1.128405E1
3.268607E1	1.120965E1	1.131269E1
3.271939E1	1.116760E1	1.128465E1
3.275271E1	1.143789E1	1.123351E1
3.278603E1	1.182305E1	1.114442E1
3.281934E1	1.208019E1	1.104359E1
3.285266E1	1.208231E1	1.103263E1
3.288598E1	1.171990E1	1.103911E1
3.291930E1	1.131199E1	1.106094E1
3.295262E1	1.098706E1	1.120872E1
3.298594E1	1.107949E1	1.124832E1
3.301926E1	1.150328E1	1.124382E1
3.305258E1	1.181809E1	1.129707E1
3.308590E1	1.192485E1	1.133582E1
3.311922E1	1.184863E1	1.137827E1
3.315254E1	1.158341E1	1.147336E1
3.318586E1	1.128933E1	1.151228E1
3.321917E1	1.120849E1	1.154149E1
3.325249E1	1.145945E1	1.146277E1
3.328581E1	1.180310E1	1.137893E1
3.331913E1	1.199676E1	1.121447E1
3.335245E1	1.199335E1	1.116579E1
3.338577E1	1.169251E1	1.120794E1
3.341909E1	1.126987E1	1.121300E1
3.345241E1	1.096311E1	1.134733E1
3.348573E1	1.098567E1	1.143380E1
3.351905E1	1.132238E1	1.144384E1
3.355237E1	1.165254E1	1.147178E1
3.358568E1	1.174029E1	1.148452E1
3.361900E1	1.150859E1	1.152135E1
3.365232E1	1.114799E1	1.164572E1
3.368564E1	1.082949E1	1.170312E1
3.371896E1	1.077810E1	1.170622E1
3.375228E1	1.102371E1	1.162621E1
3.378560E1	1.133264E1	1.151916E1
3.381892E1	1.153586E1	1.141399E1
3.385224E1	1.160100E1	1.133907E1
3.388556E1	1.155077E1	1.130148E1
3.391888E1	1.124163E1	1.131082E1
3.395220E1	1.099566E1	1.142563E1
3.398551E1	1.097865E1	1.158866E1
3.401883E1	1.132995E1	1.158173E1
3.405215E1	1.177187E1	1.154172E1
3.408547E1	1.189322E1	1.157421E1
3.411879E1	1.171579E1	1.162118E1
3.415211E1	1.136151E1	1.170754E1
3.418543E1	1.100305E1	1.180252E1
3.421875E1	1.087917E1	1.186611E1
3.425207E1	1.105554E1	1.181172E1
3.428539E1	1.136453E1	1.174496E1
3.431871E1	1.151382E1	1.163511E1
3.435202E1	1.155400E1	1.159435E1
3.438534E1	1.139288E1	1.157661E1
3.441866E1	1.106919E1	1.158198E1
3.445198E1	1.087937E1	1.168981E1
3.448530E1	1.098522E1	1.171068E1
3.451862E1	1.139955E1	1.163431E1
3.455194E1	1.171676E1	1.169550E1
3.458526E1	1.185231E1	1.180087E1
3.461858E1	1.174783E1	1.186002E1
3.465190E1	1.142590E1	1.196208E1
3.468522E1	1.113883E1	1.198655E1
3.471854E1	1.113353E1	1.195364E1
3.475185E1	1.146931E1	1.192409E1
3.478517E1	1.185590E1	1.185160E1
3.481849E1	1.212934E1	1.174411E1
3.485181E1	1.218899E1	1.170922E1
3.488513E1	1.193617E1	1.169860E1
3.491845E1	1.156414E1	1.167670E1
3.495177E1	1.128204E1	1.183579E1
3.498509E1	1.138450E1	1.182411E1
3.501841E1	1.175246E1	1.181507E1
3.505173E1	1.219515E1	1.183964E1
3.508505E1	1.235780E1	1.188294E1
3.511836E1	1.219023E1	1.187923E1
3.515168E1	1.185679E1	1.193554E1
3.518500E1	1.153161E1	1.199668E1
3.521832E1	1.147371E1	1.202061E1
3.525164E1	1.175290E1	1.196871E1
3.528496E1	1.215136E1	1.190640E1
3.531828E1	1.236766E1	1.179678E1
3.535160E1	1.243928E1	1.177126E1
3.538492E1	1.223443E1	1.175336E1
3.541824E1	1.187272E1	1.171986E1
3.545156E1	1.159616E1	1.186062E1
3.548488E1	1.162436E1	1.193653E1
3.551819E1	1.204602E1	1.189374E1
3.555151E1	1.236497E1	1.193623E1
3.558483E1	1.258129E1	1.200940E1
3.561815E1	1.254670E1	1.204261E1
3.565147E1	1.226432E1	1.207894E1
3.568479E1	1.196618E1	1.214220E1
3.571811E1	1.182575E1	1.216663E1
3.575143E1	1.197832E1	1.212708E1
3.578475E1	1.225822E1	1.208372E1
3.581807E1	1.242169E1	1.201227E1
3.585139E1	1.247638E1	1.195528E1
3.588470E1	1.238419E1	1.192518E1
3.591802E1	1.209050E1	1.191884E1
3.595134E1	1.188112E1	1.197744E1
3.598466E1	1.193361E1	1.206122E1
3.601798E1	1.229809E1	1.206984E1
3.605130E1	1.262912E1	1.212711E1
3.608462E1	1.277407E1	1.218850E1
3.611794E1	1.265844E1	1.224924E1
3.615126E1	1.232419E1	1.232987E1
3.618458E1	1.197220E1	1.241260E1
3.621790E1	1.186631E1	1.244078E1
3.625122E1	1.206206E1	1.240568E1
3.628453E1	1.232193E1	1.229546E1
3.631785E1	1.247122E1	1.221111E1
3.635117E1	1.253823E1	1.218060E1
3.638449E1	1.242432E1	1.218668E1
3.641781E1	1.214967E1	1.219613E1
3.645113E1	1.192131E1	1.227469E1
3.648445E1	1.197414E1	1.230746E1
3.651777E1	1.236025E1	1.227776E1
3.655109E1	1.274406E1	1.226135E1
3.658441E1	1.296175E1	1.234478E1
3.661773E1	1.285613E1	1.239617E1
3.665104E1	1.252837E1	1.250225E1
3.668436E1	1.219882E1	1.256955E1
3.671768E1	1.210457E1	1.256304E1
3.675100E1	1.240169E1	1.250600E1
3.678432E1	1.278481E1	1.238451E1
3.681764E1	1.304285E1	1.225355E1
3.685096E1	1.306825E1	1.219910E1
3.688428E1	1.274998E1	1.223577E1
3.691760E1	1.235431E1	1.224163E1
3.695092E1	1.198563E1	1.240184E1
3.698424E1	1.206278E1	1.245745E1
3.701756E1	1.247092E1	1.238506E1
3.705087E1	1.283058E1	1.241117E1
3.708419E1	1.298830E1	1.248451E1
3.711751E1	1.293572E1	1.253843E1
3.715083E1	1.266663E1	1.263610E1
3.718415E1	1.241416E1	1.266112E1
3.721747E1	1.233246E1	1.267986E1
3.725079E1	1.256533E1	1.260935E1
3.728411E1	1.291075E1	1.246400E1
3.731743E1	1.312513E1	1.235771E1
3.735075E1	1.320623E1	1.232194E1
3.738407E1	1.304712E1	1.238173E1
3.741738E1	1.272201E1	1.241248E1
3.745070E1	1.238700E1	1.257812E1
3.748402E1	1.244257E1	1.264258E1
3.751734E1	1.279620E1	1.257792E1
3.755066E1	1.321434E1	1.256542E1
3.758398E1	1.336854E1	1.258328E1
3.761730E1	1.319400E1	1.262497E1
3.765062E1	1.291024E1	1.271357E1
3.768394E1	1.261105E1	1.275933E1
3.771726E1	1.255806E1	1.277812E1
3.775058E1	1.272857E1	1.269870E1
3.778390E1	1.307773E1	1.260737E1
3.781721E1	1.326423E1	1.248676E1
3.785053E1	1.335059E1	1.241686E1
3.788385E1	1.322586E1	1.241363E1
3.791717E1	1.291080E1	1.241357E1
3.795049E1	1.257354E1	1.253259E1
3.798381E1	1.266698E1	1.257951E1
3.801713E1	1.311059E1	1.246288E1
3.805045E1	1.356887E1	1.245193E1
3.808377E1	1.382965E1	1.250707E1
3.811709E1	1.370755E1	1.258663E1
3.815041E1	1.340201E1	1.267180E1
3.818372E1	1.304352E1	1.275616E1
3.821704E1	1.292039E1	1.277381E1
3.825036E1	1.307179E1	1.268251E1
3.828368E1	1.336779E1	1.259050E1
3.831700E1	1.363736E1	1.248924E1
3.835032E1	1.371192E1	1.245821E1
3.838364E1	1.364617E1	1.243423E1
3.841696E1	1.343498E1	1.245370E1
3.845028E1	1.321055E1	1.252963E1
3.848360E1	1.328037E1	1.255606E1
3.851692E1	1.359674E1	1.252442E1
3.855024E1	1.400201E1	1.247175E1
3.858355E1	1.421115E1	1.251839E1
3.861687E1	1.404409E1	1.258787E1
3.865019E1	1.370491E1	1.269650E1
3.868351E1	1.339024E1	1.269722E1
3.871683E1	1.332092E1	1.270158E1
3.875015E1	1.360853E1	1.262267E1
3.878347E1	1.392925E1	1.254179E1
3.881679E1	1.415062E1	1.242535E1
3.885011E1	1.420663E1	1.238919E1
3.888343E1	1.402495E1	1.241477E1
3.891675E1	1.365413E1	1.237369E1
3.895006E1	1.324329E1	1.251907E1
3.898338E1	1.326817E1	1.259162E1
3.901670E1	1.369271E1	1.252478E1
3.905002E1	1.409306E1	1.249220E1
3.908334E1	1.425333E1	1.256250E1
3.911666E1	1.415022E1	1.261585E1
3.914998E1	1.378326E1	1.273395E1
3.918330E1	1.343422E1	1.280216E1
3.921662E1	1.336591E1	1.281603E1
3.924994E1	1.365084E1	1.270789E1
3.928326E1	1.398611E1	1.260376E1
3.931658E1	1.416109E1	1.247881E1
3.934989E1	1.419979E1	1.243737E1
3.938321E1	1.398930E1	1.244128E1
3.941653E1	1.360708E1	1.244083E1
3.944985E1	1.332941E1	1.258782E1
3.948317E1	1.340376E1	1.262998E1
3.951649E1	1.377542E1	1.257356E1
3.954981E1	1.417929E1	1.257991E1
3.958313E1	1.428849E1	1.265932E1
3.961645E1	1.413061E1	1.275191E1
3.964977E1	1.377268E1	1.289570E1
3.968309E1	1.341076E1	1.300911E1
3.971641E1	1.334011E1	1.301395E1
3.974972E1	1.360670E1	1.292226E1
3.978304E1	1.397059E1	1.280293E1
3.981636E1	1.417316E1	1.265332E1
3.984968E1	1.420614E1	1.258400E1
3.988300E1	1.398370E1	1.258584E1
3.991632E1	1.365480E1	1.263545E1
3.994964E1	1.342669E1	1.276041E1
3.998296E1	1.348126E1	1.283189E1
4.001628E1	1.385095E1	1.274312E1
4.004960E1	1.424535E1	1.269875E1
4.008292E1	1.445417E1	1.274505E1
4.011623E1	1.435267E1	1.279856E1
4.014955E1	1.402762E1	1.291674E1
4.018287E1	1.369795E1	1.297792E1
4.021619E1	1.356976E1	1.300738E1
4.024951E1	1.374512E1	1.295511E1
4.028283E1	1.397439E1	1.286465E1
4.031615E1	1.412831E1	1.279439E1
4.034947E1	1.416074E1	1.273645E1
4.038279E1	1.403050E1	1.272674E1
4.041611E1	1.371587E1	1.273819E1
4.044943E1	1.355377E1	1.282798E1
4.048275E1	1.360631E1	1.285604E1
4.051606E1	1.391189E1	1.281505E1
4.054938E1	1.426533E1	1.279066E1
4.058270E1	1.441450E1	1.289878E1
4.061602E1	1.431651E1	1.296687E1
4.064934E1	1.398043E1	1.312774E1
4.068266E1	1.366145E1	1.322523E1
4.071598E1	1.354828E1	1.324631E1
4.074930E1	1.377209E1	1.316811E1
4.078262E1	1.408573E1	1.305985E1
4.081594E1	1.430740E1	1.295282E1
4.084926E1	1.436475E1	1.291501E1
4.088257E1	1.431032E1	1.290874E1
4.091589E1	1.412074E1	1.292523E1
4.094921E1	1.391911E1	1.300913E1
4.098253E1	1.400427E1	1.300474E1
4.101585E1	1.429968E1	1.292238E1
4.104917E1	1.463587E1	1.289939E1
4.108249E1	1.474436E1	1.298156E1
4.111581E1	1.466784E1	1.306223E1
4.114913E1	1.431315E1	1.320045E1
4.118245E1	1.400614E1	1.329567E1
4.121577E1	1.387847E1	1.333949E1
4.124909E1	1.403358E1	1.327601E1
4.128240E1	1.423774E1	1.320360E1
4.131572E1	1.432952E1	1.313404E1
4.134904E1	1.435366E1	1.309004E1
4.138236E1	1.435802E1	1.306843E1
4.141568E1	1.417701E1	1.309775E1
4.144900E1	1.393757E1	1.316642E1
4.148232E1	1.401343E1	1.319867E1
4.151564E1	1.433388E1	1.309164E1
4.154896E1	1.468752E1	1.307162E1
4.158228E1	1.480125E1	1.314051E1
4.161560E1	1.468975E1	1.320590E1
4.164891E1	1.437748E1	1.332921E1
4.168223E1	1.407887E1	1.343029E1
4.171555E1	1.396765E1	1.347400E1
4.174887E1	1.418063E1	1.339767E1
4.178219E1	1.447676E1	1.328538E1
4.181551E1	1.460885E1	1.324724E1
4.184883E1	1.463289E1	1.323497E1
4.188215E1	1.451693E1	1.325268E1
4.191547E1	1.425240E1	1.325685E1
4.194879E1	1.392582E1	1.336238E1
4.198211E1	1.399400E1	1.334451E1
4.201543E1	1.429617E1	1.325517E1
4.204874E1	1.466073E1	1.319115E1
4.208206E1	1.477720E1	1.349530E1
4.211538E1	1.460460E1	1.351586E1
4.214870E1	1.428009E1	1.370804E1
4.218202E1	1.391334E1	1.374905E1
4.221534E1	1.392002E1	1.365459E1
4.224866E1	1.413409E1	1.357152E1
4.228198E1	1.445058E1	1.345033E1
4.231530E1	1.457369E1	1.339096E1
4.234862E1	1.456184E1	1.340049E1
4.238194E1	1.436686E1	1.341680E1
4.241525E1	1.403472E1	1.349903E1
4.244857E1	1.382410E1	1.360680E1
4.248189E1	1.382861E1	1.358744E1
4.251521E1	1.430128E1	1.377284E1
4.254853E1	1.458242E1	1.362354E1
4.258185E1	1.473308E1	1.366752E1
4.261517E1	1.447400E1	1.373071E1
4.264849E1	1.402039E1	1.387902E1
4.268181E1	1.382549E1	1.402882E1
4.271513E1	1.360866E1	1.424317E1
4.274845E1	1.391210E1	1.396464E1
4.278177E1	1.403481E1	1.363661E1
4.281508E1	1.421073E1	1.351848E1
4.284840E1	1.425383E1	1.346988E1
4.288172E1	1.419710E1	1.345848E1
4.291504E1	1.400414E1	1.348631E1
4.294836E1	1.371371E1	1.359308E1
4.298168E1	1.375220E1	1.358825E1
4.301500E1	1.402709E1	1.347602E1
4.304832E1	1.449618E1	1.362304E1
4.308164E1	1.471128E1	1.371052E1
4.311496E1	1.447313E1	1.388163E1
4.314828E1	1.414950E1	1.392289E1
4.318159E1	1.386861E1	1.402907E1
4.321491E1	1.363133E1	1.404926E1
4.324823E1	1.404108E1	1.403006E1
4.328155E1	1.409854E1	1.359721E1
4.331487E1	1.431552E1	1.349917E1
4.334819E1	1.438867E1	1.346306E1
4.338151E1	1.425090E1	1.347293E1
4.341483E1	1.396100E1	1.354379E1
4.344815E1	1.369097E1	1.363149E1
4.348147E1	1.369333E1	1.363033E1
4.351479E1	1.398500E1	1.347379E1
4.354811E1	1.451687E1	1.377408E1
4.358142E1	1.473197E1	1.386156E1
4.361474E1	1.462281E1	1.409809E1
4.364806E1	1.434093E1	1.437675E1
4.368138E1	1.367197E1	1.448070E1
4.371470E1	1.356417E1	1.448008E1
4.374802E1	1.401717E1	1.443956E1
4.378134E1	1.436335E1	1.422595E1
4.381466E1	1.449370E1	1.405422E1
4.384798E1	1.449382E1	1.403267E1
4.388130E1	1.438541E1	1.413984E1
4.391462E1	1.408395E1	1.407343E1
4.394793E1	1.395373E1	1.422360E1
4.398125E1	1.418989E1	1.439744E1
4.401457E1	1.427625E1	1.437637E1
4.404789E1	1.464350E1	1.424913E1
4.408121E1	1.490308E1	1.409970E1
4.411453E1	1.472924E1	1.433586E1
4.414785E1	1.429818E1	1.431182E1
4.418117E1	1.386538E1	1.458961E1
4.421449E1	1.364954E1	1.463149E1
4.424781E1	1.403848E1	1.448281E1
4.428113E1	1.431961E1	1.433350E1
4.431445E1	1.457882E1	1.424875E1
4.434776E1	1.470892E1	1.412014E1
4.438108E1	1.462268E1	1.411965E1
4.441440E1	1.447189E1	1.409722E1
4.444772E1	1.429892E1	1.418246E1
4.448104E1	1.397529E1	1.422372E1
4.451436E1	1.440660E1	1.420464E1
4.454768E1	1.492451E1	1.412138E1
4.458100E1	1.513986E1	1.416574E1
4.461432E1	1.470743E1	1.437885E1
4.464764E1	1.449147E1	1.444229E1
4.468096E1	1.407324E1	1.460684E1
4.471427E1	1.386131E1	1.472425E1
4.474759E1	1.392517E1	1.463223E1
4.478091E1	1.434043E1	1.446298E1
4.481423E1	1.457895E1	1.422720E1
4.484755E1	1.475167E1	1.418507E1
4.488087E1	1.453533E1	1.431318E1
4.491419E1	1.420945E1	1.427222E1
4.494751E1	1.405748E1	1.435487E1
4.498083E1	1.415370E1	1.438552E1
4.501415E1	1.443971E1	1.427184E1
4.504747E1	1.490209E1	1.427217E1
4.508079E1	1.505213E1	1.442396E1
4.511410E1	1.486666E1	1.444077E1
4.514742E1	1.464450E1	1.459523E1
4.518074E1	1.423992E1	1.475979E1
4.521406E1	1.407361E1	1.482132E1
4.524738E1	1.427376E1	1.470755E1
4.528070E1	1.454266E1	1.455060E1
4.531402E1	1.474189E1	1.438947E1
4.534734E1	1.479555E1	1.431837E1
4.538066E1	1.459350E1	1.430553E1
4.541398E1	1.432449E1	1.432198E1
4.544730E1	1.405362E1	1.442922E1
4.548061E1	1.415362E1	1.445092E1
4.551393E1	1.448310E1	1.433497E1
4.554725E1	1.481311E1	1.429874E1
4.558057E1	1.502065E1	1.437757E1
4.561389E1	1.503466E1	1.445057E1
4.564721E1	1.483626E1	1.464725E1
4.568053E1	1.442516E1	1.481813E1
4.571385E1	1.429781E1	1.486484E1
4.574717E1	1.450479E1	1.474374E1
4.578049E1	1.478366E1	1.458083E1
4.581381E1	1.497640E1	1.442361E1
4.584713E1	1.497498E1	1.437885E1
4.588044E1	1.477700E1	1.438480E1
4.591376E1	1.458872E1	1.443470E1
4.594708E1	1.448085E1	1.459980E1
4.598040E1	1.455108E1	1.457956E1
4.601372E1	1.484492E1	1.445111E1
4.604704E1	1.520056E1	1.437171E1
4.608036E1	1.543303E1	1.443303E1
4.611368E1	1.541442E1	1.450210E1
4.614700E1	1.520282E1	1.462221E1
4.618032E1	1.482980E1	1.473520E1
4.621364E1	1.467101E1	1.479043E1
4.624695E1	1.480542E1	1.471568E1
4.628027E1	1.499724E1	1.461207E1
4.631359E1	1.510527E1	1.450740E1
4.634691E1	1.507806E1	1.448799E1
4.638023E1	1.491143E1	1.447181E1
4.641355E1	1.476874E1	1.450091E1
4.644687E1	1.464943E1	1.462106E1
4.648019E1	1.471219E1	1.457529E1
4.651351E1	1.498860E1	1.447421E1
4.654683E1	1.530817E1	1.438794E1
4.658015E1	1.552179E1	1.438417E1
4.661347E1	1.549630E1	1.443655E1
4.664678E1	1.523025E1	1.456927E1
4.668010E1	1.486926E1	1.470664E1
4.671342E1	1.473223E1	1.475113E1
4.674674E1	1.491696E1	1.467194E1
4.678006E1	1.521506E1	1.453372E1
4.681338E1	1.536199E1	1.438481E1
4.684670E1	1.536277E1	1.434449E1
4.688002E1	1.514543E1	1.435463E1
4.691334E1	1.491851E1	1.438070E1
4.694666E1	1.475241E1	1.459046E1
4.697998E1	1.481454E1	1.467653E1
4.701329E1	1.509144E1	1.454368E1
4.704661E1	1.543593E1	1.443640E1
4.707993E1	1.553376E1	1.449486E1
4.711325E1	1.544311E1	1.455717E1
4.714657E1	1.523127E1	1.469497E1
4.717989E1	1.486737E1	1.481544E1
4.721321E1	1.471350E1	1.490281E1
4.724653E1	1.482318E1	1.481688E1
4.727985E1	1.499145E1	1.471398E1
4.731317E1	1.510287E1	1.461707E1
4.734649E1	1.508923E1	1.457301E1
4.737981E1	1.491137E1	1.455273E1
4.741312E1	1.471836E1	1.456709E1
4.744644E1	1.454999E1	1.471759E1
4.747976E1	1.462258E1	1.480505E1
4.751308E1	1.491030E1	1.470893E1
4.754640E1	1.535260E1	1.466284E1
4.757972E1	1.556770E1	1.475032E1
4.761304E1	1.527285E1	1.474046E1
4.764636E1	1.503758E1	1.488107E1
4.767968E1	1.463902E1	1.500893E1
4.771300E1	1.442309E1	1.509981E1
4.774632E1	1.455071E1	1.502929E1
4.777963E1	1.485134E1	1.485953E1
4.781295E1	1.511092E1	1.470536E1
4.784627E1	1.523703E1	1.459605E1
4.787959E1	1.517072E1	1.457533E1
4.791291E1	1.495056E1	1.455385E1
4.794623E1	1.466517E1	1.465695E1
4.797955E1	1.467191E1	1.472477E1
4.801287E1	1.497815E1	1.465344E1
4.804619E1	1.554651E1	1.468552E1
4.807951E1	1.571873E1	1.472963E1
4.811283E1	1.547326E1	1.480632E1
4.814615E1	1.523484E1	1.497433E1
4.817946E1	1.483200E1	1.513245E1
4.821278E1	1.464697E1	1.521047E1
4.824610E1	1.475094E1	1.512757E1
4.827942E1	1.519970E1	1.500692E1
4.831274E1	1.537941E1	1.483667E1
4.834606E1	1.544211E1	1.478447E1
4.837938E1	1.541230E1	1.477090E1
4.841270E1	1.522781E1	1.477567E1
4.844602E1	1.503431E1	1.492842E1
4.847934E1	1.509254E1	1.500996E1
4.851266E1	1.538091E1	1.493909E1
4.854597E1	1.575782E1	1.483966E1
4.857929E1	1.587913E1	1.484396E1
4.861261E1	1.569378E1	1.495550E1
4.864593E1	1.535869E1	1.510451E1
4.867925E1	1.500175E1	1.516607E1
4.871257E1	1.481934E1	1.527964E1
4.874589E1	1.494983E1	1.520456E1
4.877921E1	1.520559E1	1.509102E1
4.881253E1	1.535690E1	1.494782E1
4.884585E1	1.538323E1	1.489908E1
4.887917E1	1.526537E1	1.486537E1
4.891249E1	1.503648E1	1.486101E1
4.894580E1	1.478940E1	1.500025E1
4.897912E1	1.487412E1	1.503383E1
4.901244E1	1.517166E1	1.494423E1
4.904576E1	1.554235E1	1.488961E1
4.907908E1	1.569554E1	1.492229E1
4.911240E1	1.556391E1	1.499784E1
4.914572E1	1.521959E1	1.511035E1
4.917904E1	1.486458E1	1.521572E1
4.921236E1	1.466492E1	1.533307E1
4.924568E1	1.480939E1	1.522299E1
4.927900E1	1.509074E1	1.508988E1
4.931231E1	1.531714E1	1.490996E1
4.934563E1	1.538204E1	1.488867E1
4.937895E1	1.529516E1	1.485742E1
4.941227E1	1.507176E1	1.485686E1
4.944559E1	1.479655E1	1.496049E1
4.947891E1	1.484862E1	1.501868E1
4.951223E1	1.516885E1	1.494142E1
4.954555E1	1.558490E1	1.490512E1
4.957887E1	1.576375E1	1.498946E1
4.961219E1	1.568816E1	1.508616E1
4.964551E1	1.541196E1	1.521970E1
4.967883E1	1.505303E1	1.528552E1
4.971214E1	1.491473E1	1.536768E1
4.974546E1	1.512405E1	1.528418E1
4.977878E1	1.546559E1	1.516026E1
4.981210E1	1.566828E1	1.498146E1
4.984542E1	1.571378E1	1.491006E1
4.987874E1	1.549394E1	1.494050E1
4.991206E1	1.518830E1	1.496935E1
4.994538E1	1.491386E1	1.516518E1
4.997870E1	1.492771E1	1.524905E1
5.001202E1	1.525556E1	1.513086E1
5.004534E1	1.567934E1	1.505448E1
5.007865E1	1.578463E1	1.514429E1
5.011197E1	1.573911E1	1.521654E1
5.014529E1	1.546462E1	1.536427E1
5.017861E1	1.511932E1	1.548901E1
5.021193E1	1.493499E1	1.556415E1
5.024525E1	1.509041E1	1.548257E1
5.027857E1	1.536767E1	1.533511E1
5.031189E1	1.552950E1	1.519568E1
