	mass A		
t	x	y	
0.000000E0	1.515012E-1	-4.332485E-2
3.331912E-2	1.529176E-1	1.175938E-2
6.663825E-2	1.839424E-1	8.682893E-2
9.995737E-2	2.776906E-1	6.050894E-2
1.332765E-1	5.249553E-1	8.242066E-2
1.665956E-1	8.525742E-1	8.114226E-2
1.999147E-1	1.185356E0	5.801955E-2
2.332339E-1	1.402234E0	1.714746E-2
2.665530E-1	1.550949E0	6.382442E-3
2.998721E-1	1.733873E0	-4.460937E-2
3.331912E-1	1.888945E0	-7.101574E-2
3.665104E-1	1.901025E0	-8.532780E-2
3.998295E-1	1.851908E0	-9.032016E-2
4.331486E-1	1.799511E0	-1.035708E-1
4.664677E-1	1.620743E0	-3.126889E-2
4.997869E-1	1.397964E0	1.417858E-1
5.331060E-1	1.297879E0	2.396637E-1
5.664251E-1	1.329174E0	2.876910E-1
5.997442E-1	1.496645E0	2.212245E-1
6.330633E-1	1.618284E0	1.969080E-1
6.663825E-1	1.725905E0	2.076750E-1
6.997016E-1	1.919850E0	1.388326E-1
7.330207E-1	2.237759E0	1.889044E-2
7.663398E-1	2.525116E0	2.222868E-2
7.996590E-1	2.667764E0	2.571790E-2
8.329781E-1	2.702492E0	5.371624E-2
8.662972E-1	2.695594E0	5.690985E-2
8.996163E-1	2.693454E0	3.109817E-2
9.329355E-1	2.567818E0	1.537103E-2
9.662546E-1	2.317172E0	7.941274E-2
9.995737E-1	2.064678E0	1.172374E-1
1.032893E0	1.733449E0	1.307175E-1
1.066212E0	1.777597E0	1.247799E-1
1.099531E0	1.837839E0	1.328906E-1
1.132850E0	1.910609E0	9.575496E-2
1.166169E0	1.935142E0	9.337575E-2
1.199488E0	2.005847E0	7.221440E-2
1.232808E0	2.339893E0	4.533645E-2
1.266127E0	2.726245E0	-5.516554E-3
1.299446E0	2.977060E0	-5.308043E-2
1.332765E0	3.193531E0	-9.301022E-2
1.366084E0	3.235142E0	-8.481843E-2
1.399403E0	3.211131E0	-8.793875E-2
1.432722E0	3.219560E0	-4.816191E-2
1.466041E0	3.080329E0	5.258069E-2
1.499361E0	2.861685E0	2.559189E-1
1.532680E0	2.691637E0	3.850640E-1
1.565999E0	2.709490E0	3.027794E-1
1.599318E0	2.878772E0	1.819507E-1
1.632637E0	3.213709E0	1.205376E-1
1.665956E0	3.477938E0	1.317788E-1
1.699275E0	3.679747E0	1.297632E-1
1.732594E0	3.798382E0	7.508981E-2
1.765914E0	3.880071E0	9.419159E-2
1.799233E0	3.989631E0	1.402387E-1
1.832552E0	4.066478E0	1.351078E-1
1.865871E0	4.064960E0	1.333161E-1
1.899190E0	4.031929E0	1.181212E-1
1.932509E0	3.996633E0	1.068553E-1
1.965828E0	3.740063E0	1.386469E-1
1.999147E0	3.476408E0	1.967433E-1
2.032467E0	3.147883E0	2.229680E-1
2.065786E0	3.099581E0	2.109507E-1
2.099105E0	3.272305E0	2.217611E-1
2.132424E0	3.596745E0	1.808206E-1
2.165743E0	3.911360E0	2.078888E-1
2.199062E0	4.063829E0	2.045970E-1
2.232381E0	4.159297E0	2.265446E-1
2.265700E0	4.246859E0	1.622338E-1
2.299020E0	4.381427E0	1.229855E-1
2.332339E0	4.541782E0	7.364922E-2
2.365658E0	4.589306E0	7.306830E-2
2.398977E0	4.570345E0	6.324405E-2
2.432296E0	4.571493E0	5.205742E-2
2.465615E0	4.369067E0	9.548149E-2
2.498934E0	4.125735E0	2.348045E-1
2.532253E0	3.917901E0	3.314680E-1
2.565573E0	3.935496E0	3.017356E-1
2.598892E0	4.097569E0	1.932614E-1
2.632211E0	4.411783E0	1.162840E-1
2.665530E0	4.709390E0	1.433634E-1
2.698849E0	4.896408E0	1.241504E-1
2.732168E0	5.023414E0	1.239958E-1
2.765487E0	5.107686E0	1.050209E-1
2.798806E0	5.156949E0	1.351293E-1
2.832125E0	5.195430E0	1.728013E-1
2.865445E0	5.205164E0	1.647913E-1
2.898764E0	5.152820E0	1.536444E-1
2.932083E0	5.134040E0	1.278109E-1
2.965402E0	4.920561E0	1.743599E-1
2.998721E0	4.681072E0	2.298550E-1
3.032040E0	4.342793E0	2.763435E-1
3.065359E0	4.202093E0	2.594598E-1
3.098678E0	4.337689E0	2.363187E-1
3.131998E0	4.691229E0	2.066162E-1
3.165317E0	5.139956E0	1.949180E-1
3.198636E0	5.403126E0	2.010674E-1
3.231955E0	5.520826E0	2.221090E-1
3.265274E0	5.637928E0	2.096157E-1
3.298593E0	5.796664E0	1.244837E-1
3.331912E0	5.865420E0	4.369160E-2
3.365231E0	5.863721E0	5.286291E-2
3.398551E0	5.869348E0	6.275728E-2
3.431870E0	5.847529E0	7.389985E-2
3.465189E0	5.639533E0	1.063158E-1
3.498508E0	5.334687E0	2.324631E-1
3.531827E0	5.131108E0	4.016820E-1
3.565146E0	5.116284E0	3.890103E-1
3.598465E0	5.205684E0	3.272102E-1
3.631784E0	5.371613E0	2.490192E-1
3.665104E0	5.704721E0	2.345951E-1
3.698423E0	6.086103E0	2.366638E-1
3.731742E0	6.469250E0	2.128138E-1
3.765061E0	6.729551E0	1.610035E-1
3.798380E0	6.795949E0	1.614557E-1
3.831699E0	6.909570E0	1.822778E-1
3.865018E0	6.953101E0	1.755838E-1
3.898337E0	6.871238E0	1.879698E-1
3.931657E0	6.721695E0	2.282437E-1
3.964976E0	6.455580E0	2.723736E-1
3.998295E0	6.131081E0	2.641178E-1
4.031614E0	5.789822E0	2.427192E-1
4.064933E0	5.748970E0	2.209842E-1
4.098252E0	5.919615E0	2.216542E-1
4.131571E0	6.268203E0	2.029133E-1
4.164890E0	6.559455E0	2.090732E-1
4.198210E0	6.727602E0	2.004373E-1
4.231529E0	6.830066E0	2.077451E-1
4.264848E0	6.912623E0	1.580203E-1
4.298167E0	7.012962E0	1.189755E-1
4.331486E0	7.091403E0	1.004230E-1
4.364805E0	7.115081E0	8.304207E-2
4.398124E0	7.100004E0	9.530515E-2
4.431443E0	7.111346E0	7.560525E-2
4.464763E0	6.937218E0	1.152752E-1
4.498082E0	6.693303E0	2.729833E-1
4.531401E0	6.494297E0	4.252157E-1
4.564720E0	6.475882E0	3.858836E-1
4.598039E0	6.666323E0	2.745421E-1
4.631358E0	6.983147E0	2.035846E-1
4.664677E0	7.308381E0	1.994353E-1
4.697996E0	7.497547E0	1.812686E-1
4.731316E0	7.600942E0	1.430998E-1
4.764635E0	7.632220E0	1.797118E-1
4.797954E0	7.646863E0	1.880593E-1
4.831273E0	7.651369E0	1.806082E-1
4.864592E0	7.645813E0	1.852347E-1
4.897911E0	7.629774E0	1.947938E-1
4.931230E0	7.554053E0	1.808801E-1
4.964549E0	7.382809E0	2.771073E-1
4.997869E0	7.187692E0	3.258363E-1
5.031188E0	6.924514E0	3.554290E-1
5.064507E0	6.933919E0	3.171428E-1
5.097826E0	7.111057E0	3.056598E-1
5.131145E0	7.471445E0	2.931378E-1
5.164464E0	7.720126E0	2.818966E-1
5.197783E0	7.874478E0	2.842030E-1
5.231102E0	7.966024E0	2.622586E-1
5.264422E0	8.092246E0	2.058277E-1
5.297741E0	8.256343E0	1.662744E-1
5.331060E0	8.378436E0	1.321109E-1
5.364379E0	8.362646E0	1.397917E-1
5.397698E0	8.349593E0	1.501113E-1
5.431017E0	8.358359E0	1.443115E-1
5.464336E0	8.163118E0	1.746443E-1
5.497655E0	7.902742E0	4.084227E-1
5.530974E0	7.715112E0	5.111019E-1
5.564294E0	7.656154E0	5.091831E-1
5.597613E0	7.815698E0	3.625485E-1
5.630932E0	8.188558E0	2.874402E-1
5.664251E0	8.603310E0	3.006203E-1
5.697570E0	8.898747E0	2.969148E-1
5.730889E0	9.052865E0	2.821918E-1
5.764208E0	9.077282E0	2.367908E-1
5.797527E0	9.112484E0	2.766325E-1
5.830847E0	9.143142E0	2.950621E-1
5.864166E0	9.158946E0	3.106172E-1
5.897485E0	9.120721E0	2.877412E-1
5.930804E0	9.086684E0	2.302850E-1
5.964123E0	8.849628E0	2.888150E-1
5.997442E0	8.591231E0	3.414105E-1
6.030761E0	8.245295E0	4.016793E-1
6.064080E0	8.172599E0	3.595159E-1
6.097400E0	8.309064E0	3.436419E-1
6.130719E0	8.588396E0	3.005408E-1
6.164038E0	8.896925E0	3.401581E-1
6.197357E0	9.028752E0	3.009383E-1
6.230676E0	9.132897E0	2.956459E-1
6.263995E0	9.299835E0	2.417617E-1
6.297314E0	9.519502E0	1.404104E-1
6.330633E0	9.687199E0	1.227104E-1
6.363953E0	9.664056E0	1.379586E-1
6.397272E0	9.662484E0	1.392815E-1
6.430591E0	9.690158E0	1.460431E-1
6.463910E0	9.538196E0	1.862320E-1
6.497229E0	9.330250E0	3.617997E-1
6.530548E0	9.213351E0	4.622637E-1
6.563867E0	9.289633E0	3.857379E-1
6.597186E0	9.388382E0	3.005134E-1
6.630506E0	9.516255E0	2.753760E-1
6.663825E0	9.774993E0	2.811913E-1
6.697144E0	1.009208E1	2.691592E-1
6.730463E0	1.037512E1	2.484979E-1
6.763782E0	1.054386E1	2.124673E-1
6.797101E0	1.067774E1	2.368381E-1
6.830420E0	1.073501E1	2.857186E-1
6.863739E0	1.073091E1	2.943727E-1
6.897059E0	1.070388E1	2.412004E-1
6.930378E0	1.059501E1	2.083920E-1
6.963697E0	1.031144E1	2.952871E-1
6.997016E0	9.932576E0	3.143404E-1
7.030335E0	9.498217E0	3.079057E-1
7.063654E0	9.360886E0	2.845717E-1
7.096973E0	9.545975E0	3.278935E-1
7.130292E0	9.910905E0	3.030624E-1
7.163612E0	1.013784E1	3.424334E-1
7.196931E0	1.013782E1	3.675130E-1
7.230250E0	1.021621E1	3.101521E-1
7.263569E0	1.031923E1	2.895332E-1
7.296888E0	1.037685E1	2.441040E-1
7.330207E0	1.036011E1	2.557090E-1
7.363526E0	1.035595E1	2.579928E-1
7.396845E0	1.035833E1	2.573882E-1
7.430165E0	1.036009E1	2.596478E-1
7.463484E0	1.015826E1	2.776840E-1
7.496803E0	9.933760E0	4.287168E-1
7.530122E0	9.836128E0	5.077048E-1
7.563441E0	9.925205E0	4.610781E-1
7.596760E0	1.008559E1	3.886172E-1
7.630079E0	1.036615E1	3.403491E-1
7.663398E0	1.055465E1	3.285200E-1
7.696718E0	1.068583E1	3.237726E-1
7.730037E0	1.084778E1	2.946803E-1
7.763356E0	1.096409E1	2.828945E-1
7.796675E0	1.102677E1	2.723150E-1
7.829994E0	1.104484E1	2.725684E-1
7.863313E0	1.101699E1	3.110741E-1
7.896632E0	1.103354E1	2.868023E-1
7.929951E0	1.095038E1	2.879435E-1
7.963271E0	1.069423E1	3.453676E-1
7.996590E0	1.040459E1	4.082965E-1
8.029909E0	9.998476E0	3.953162E-1
8.063228E0	9.870395E0	3.854805E-1
8.096547E0	9.989042E0	3.941316E-1
8.129866E0	1.033215E1	3.347437E-1
8.163185E0	1.069484E1	3.691731E-1
8.196504E0	1.091690E1	3.511756E-1
8.229823E0	1.103626E1	3.297500E-1
8.263143E0	1.113575E1	2.905634E-1
8.296462E0	1.121445E1	2.634553E-1
8.329781E0	1.125531E1	2.301090E-1
8.363100E0	1.124610E1	2.347348E-1
8.396419E0	1.124474E1	2.360500E-1
8.429738E0	1.124740E1	2.331333E-1
8.463057E0	1.120708E1	2.221636E-1
8.496376E0	1.112643E1	2.757936E-1
8.529696E0	1.106228E1	3.125669E-1
8.563015E0	1.104102E1	2.933846E-1
8.596334E0	1.119256E1	2.521204E-1
8.629653E0	1.147876E1	2.194746E-1
8.662972E0	1.176484E1	2.431284E-1
8.696291E0	1.188935E1	1.737389E-1
8.729610E0	1.195571E1	1.117729E-1
8.762929E0	1.209133E1	1.358085E-1
8.796249E0	1.216346E1	1.369700E-1
8.829568E0	1.216234E1	8.685319E-2
8.862887E0	1.213798E1	9.124207E-2
8.896206E0	1.215168E1	9.413165E-2
8.929525E0	1.200149E1	1.305384E-1
8.962844E0	1.174109E1	2.480767E-1
8.996163E0	1.125844E1	3.979974E-1
9.029482E0	1.073928E1	4.405636E-1
9.062802E0	1.039220E1	3.875323E-1
9.096121E0	1.042943E1	3.773514E-1
9.129440E0	1.073600E1	3.965401E-1
9.162759E0	1.113142E1	3.586889E-1
9.196078E0	1.155609E1	3.944406E-1
9.229397E0	1.187123E1	4.090762E-1
9.262716E0	1.195557E1	3.701205E-1
9.296035E0	1.205734E1	3.400283E-1
9.329355E0	1.213351E1	2.827221E-1
9.362674E0	1.214724E1	3.143231E-1
9.395993E0	1.211794E1	2.979796E-1
9.429312E0	1.204809E1	2.958084E-1
9.462631E0	1.189686E1	3.165702E-1
9.495950E0	1.176278E1	5.388490E-1
9.529269E0	1.169170E1	6.630271E-1
9.562588E0	1.171797E1	6.739653E-1
9.595908E0	1.183069E1	5.621817E-1
9.629227E0	1.197366E1	5.287773E-1
9.662546E0	1.214733E1	5.000481E-1
9.695865E0	1.234869E1	4.577044E-1
9.729184E0	1.253904E1	4.872403E-1
9.762503E0	1.271031E1	4.785554E-1
9.795822E0	1.285261E1	5.061061E-1
9.829141E0	1.295572E1	5.221134E-1
9.862461E0	1.298333E1	5.096607E-1
9.895780E0	1.293789E1	4.955352E-1
9.929099E0	1.289387E1	4.489425E-1
9.962418E0	1.263306E1	5.293087E-1
9.995737E0	1.233849E1	5.496525E-1
1.002906E1	1.198400E1	5.950618E-1
1.006238E1	1.194569E1	5.879318E-1
1.009569E1	1.210482E1	5.949181E-1
1.012901E1	1.241489E1	5.799076E-1
1.016233E1	1.267159E1	5.549570E-1
1.019565E1	1.287232E1	5.550809E-1
1.022897E1	1.297831E1	5.500300E-1
1.026229E1	1.306678E1	5.173366E-1
1.029561E1	1.312557E1	5.144482E-1
1.032893E1	1.314776E1	4.878395E-1
1.036225E1	1.314902E1	4.585429E-1
1.039557E1	1.314497E1	4.214500E-1
1.042889E1	1.318401E1	4.358056E-1
1.046220E1	1.303851E1	4.620186E-1
1.049552E1	1.282349E1	6.197293E-1
1.052884E1	1.271625E1	7.646998E-1
1.056216E1	1.264620E1	8.134616E-1
1.059548E1	1.283151E1	6.869354E-1
1.062880E1	1.317193E1	6.423702E-1
1.066212E1	1.345036E1	6.318151E-1
1.069544E1	1.362921E1	6.072683E-1
1.072876E1	1.377167E1	5.854175E-1
1.076208E1	1.386348E1	5.612669E-1
1.079540E1	1.388565E1	5.847285E-1
1.082872E1	1.389587E1	5.889330E-1
1.086203E1	1.389710E1	5.854662E-1
1.089535E1	1.385860E1	5.749489E-1
1.092867E1	1.382007E1	5.828976E-1
1.096199E1	1.365947E1	6.387988E-1
1.099531E1	1.342732E1	6.641379E-1
1.102863E1	1.315175E1	6.635177E-1
1.106195E1	1.305509E1	6.192719E-1
1.109527E1	1.317713E1	6.460455E-1
1.112859E1	1.353382E1	6.088038E-1
1.116191E1	1.383709E1	6.635931E-1
1.119523E1	1.401534E1	6.721637E-1
1.122854E1	1.411978E1	6.764902E-1
1.126186E1	1.421575E1	6.233996E-1
1.129518E1	1.427216E1	5.828125E-1
1.132850E1	1.427384E1	5.811044E-1
1.136182E1	1.429097E1	5.689231E-1
1.139514E1	1.427459E1	5.831621E-1
1.142846E1	1.429758E1	5.677461E-1
1.146178E1	1.419093E1	6.017206E-1
1.149510E1	1.401969E1	7.543198E-1
1.152842E1	1.401994E1	8.025508E-1
1.156174E1	1.408196E1	7.371520E-1
1.159505E1	1.417594E1	6.668062E-1
1.162837E1	1.431887E1	6.401414E-1
1.166169E1	1.455109E1	6.323135E-1
1.169501E1	1.472869E1	6.358940E-1
1.172833E1	1.487606E1	6.597334E-1
1.176165E1	1.496997E1	6.952074E-1
1.179497E1	1.507513E1	6.893747E-1
1.182829E1	1.510554E1	6.791022E-1
1.186161E1	1.512295E1	6.786068E-1
1.189493E1	1.507950E1	6.920146E-1
1.192825E1	1.503915E1	6.574209E-1
1.196157E1	1.476291E1	7.357203E-1
1.199488E1	1.440902E1	7.430326E-1
1.202820E1	1.405189E1	7.531807E-1
1.206152E1	1.395190E1	7.405730E-1
1.209484E1	1.401056E1	7.498253E-1
1.212816E1	1.426817E1	7.381865E-1
1.216148E1	1.463205E1	7.276263E-1
1.219480E1	1.492551E1	7.516623E-1
1.222812E1	1.510940E1	7.464303E-1
1.226144E1	1.519169E1	7.383920E-1
1.229476E1	1.524116E1	6.494234E-1
1.232808E1	1.532195E1	5.837717E-1
1.236139E1	1.532978E1	5.776155E-1
1.239471E1	1.531534E1	6.075782E-1
1.242803E1	1.535839E1	6.209576E-1
1.246135E1	1.522613E1	6.203273E-1
1.249467E1	1.505719E1	7.791420E-1
1.252799E1	1.497716E1	9.120948E-1
1.256131E1	1.493510E1	9.070827E-1
1.259463E1	1.508354E1	8.084551E-1
1.262795E1	1.541160E1	7.358879E-1
1.266127E1	1.572867E1	7.423163E-1
1.269459E1	1.589848E1	7.419079E-1
1.272791E1	1.600505E1	7.109649E-1
1.276122E1	1.604014E1	6.827244E-1
1.279454E1	1.601943E1	7.067571E-1
1.282786E1	1.602967E1	7.089023E-1
1.286118E1	1.607379E1	7.211815E-1
1.289450E1	1.602907E1	7.093693E-1
1.292782E1	1.598174E1	6.996626E-1
1.296114E1	1.574605E1	8.025340E-1
1.299446E1	1.544333E1	8.370110E-1
1.302778E1	1.513541E1	8.478091E-1
1.306110E1	1.503590E1	8.047909E-1
1.309442E1	1.519889E1	8.324639E-1
1.312773E1	1.555384E1	7.921576E-1
1.316105E1	1.585889E1	8.478366E-1
1.319437E1	1.603998E1	8.458004E-1
1.322769E1	1.614932E1	8.367360E-1
1.326101E1	1.625813E1	7.678319E-1
1.329433E1	1.635475E1	6.862986E-1
1.332765E1	1.641171E1	6.761831E-1
1.336097E1	1.641045E1	6.796365E-1
1.339429E1	1.641241E1	6.788964E-1
1.342761E1	1.638533E1	7.002134E-1
1.346093E1	1.633447E1	7.448538E-1
1.349424E1	1.613408E1	8.521230E-1
1.352756E1	1.580473E1	1.050250E0
1.356088E1	1.572287E1	1.129513E0
1.359420E1	1.585803E1	1.072747E0
1.362752E1	1.615968E1	1.010475E0
1.366084E1	1.644856E1	9.473615E-1
1.369416E1	1.660165E1	9.579384E-1
1.372748E1	1.672952E1	9.362085E-1
1.376080E1	1.684879E1	9.086026E-1
1.379412E1	1.689923E1	9.071780E-1
1.382744E1	1.689687E1	9.402467E-1
1.386076E1	1.690437E1	9.445707E-1
1.389407E1	1.687734E1	9.497978E-1
1.392739E1	1.680363E1	9.320753E-1
1.396071E1	1.656074E1	1.024010E0
1.399403E1	1.624451E1	1.106480E0
1.402735E1	1.587192E1	1.210591E0
1.406067E1	1.574717E1	1.213874E0
1.409399E1	1.586695E1	1.222862E0
1.412731E1	1.619060E1	1.183591E0
1.416063E1	1.642021E1	1.172756E0
1.419395E1	1.645813E1	1.168579E0
1.422727E1	1.650980E1	1.097812E0
1.426058E1	1.650394E1	1.060676E0
1.429390E1	1.650563E1	1.061612E0
1.432722E1	1.650649E1	1.064371E0
1.436054E1	1.650581E1	1.066246E0
1.439386E1	1.648266E1	1.085518E0
1.442718E1	1.653081E1	1.051335E0
1.446050E1	1.644855E1	1.134782E0
1.449382E1	1.629556E1	1.379447E0
1.452714E1	1.619970E1	1.542450E0
1.456046E1	1.622219E1	1.555688E0
1.459378E1	1.638946E1	1.392189E0
1.462710E1	1.667690E1	1.279680E0
1.466041E1	1.696291E1	1.275099E0
1.469373E1	1.706231E1	1.308553E0
1.472705E1	1.703408E1	1.286939E0
1.476037E1	1.706474E1	1.192206E0
1.479369E1	1.714547E1	1.233941E0
1.482701E1	1.727721E1	1.222916E0
1.486033E1	1.731189E1	1.263314E0
1.489365E1	1.727096E1	1.224363E0
1.492697E1	1.719159E1	1.194867E0
1.496029E1	1.696819E1	1.220589E0
1.499361E1	1.666920E1	1.251784E0
1.502692E1	1.632938E1	1.274369E0
1.506024E1	1.619094E1	1.227657E0
1.509356E1	1.632305E1	1.247912E0
1.512688E1	1.661905E1	1.191295E0
1.516020E1	1.689850E1	1.197867E0
1.519352E1	1.710660E1	1.203774E0
1.522684E1	1.720831E1	1.198791E0
1.526016E1	1.726451E1	1.170270E0
1.529348E1	1.728270E1	1.121646E0
1.532680E1	1.731470E1	1.127672E0
1.536012E1	1.730973E1	1.132361E0
1.539344E1	1.728061E1	1.122916E0
1.542675E1	1.732403E1	1.135812E0
1.546007E1	1.726390E1	1.180293E0
1.549339E1	1.709931E1	1.334551E0
1.552671E1	1.705308E1	1.504228E0
1.556003E1	1.704175E1	1.605886E0
1.559335E1	1.717226E1	1.503831E0
1.562667E1	1.743886E1	1.429714E0
1.565999E1	1.765801E1	1.402761E0
1.569331E1	1.783344E1	1.367895E0
1.572663E1	1.797798E1	1.354930E0
1.575995E1	1.815875E1	1.291403E0
1.579326E1	1.822948E1	1.308108E0
1.582658E1	1.828971E1	1.313113E0
1.585990E1	1.831387E1	1.304352E0
1.589322E1	1.826219E1	1.290848E0
1.592654E1	1.823085E1	1.289722E0
1.595986E1	1.797211E1	1.311199E0
1.599318E1	1.768292E1	1.345569E0
1.602650E1	1.733347E1	1.305542E0
1.605982E1	1.715744E1	1.300123E0
1.609314E1	1.729113E1	1.315853E0
1.612646E1	1.762943E1	1.344698E0
1.615977E1	1.802920E1	1.336122E0
1.619309E1	1.824758E1	1.333423E0
1.622641E1	1.831325E1	1.326997E0
1.625973E1	1.829294E1	1.307850E0
1.629305E1	1.830401E1	1.250651E0
1.632637E1	1.834048E1	1.253325E0
1.635969E1	1.833857E1	1.254759E0
1.639301E1	1.831068E1	1.241495E0
1.642633E1	1.836010E1	1.249367E0
1.645965E1	1.830487E1	1.302599E0
1.649297E1	1.814130E1	1.477856E0
1.652629E1	1.809051E1	1.656475E0
1.655960E1	1.804876E1	1.712587E0
1.659292E1	1.817719E1	1.626967E0
1.662624E1	1.841938E1	1.510027E0
1.665956E1	1.869814E1	1.493666E0
1.669288E1	1.874709E1	1.541327E0
1.672620E1	1.873981E1	1.514476E0
1.675952E1	1.881760E1	1.423974E0
1.679284E1	1.890157E1	1.438466E0
1.682616E1	1.898374E1	1.468842E0
1.685948E1	1.902430E1	1.437472E0
1.689280E1	1.897307E1	1.431048E0
1.692611E1	1.890629E1	1.403689E0
1.695943E1	1.867101E1	1.460146E0
1.699275E1	1.837443E1	1.461106E0
1.702607E1	1.806731E1	1.456064E0
1.705939E1	1.792147E1	1.438948E0
1.709271E1	1.800724E1	1.467097E0
1.712603E1	1.826129E1	1.417292E0
1.715935E1	1.855561E1	1.452447E0
1.719267E1	1.874968E1	1.446782E0
1.722599E1	1.887471E1	1.467146E0
1.725931E1	1.893510E1	1.411548E0
1.729263E1	1.892189E1	1.346914E0
1.732594E1	1.893339E1	1.365839E0
1.735926E1	1.894563E1	1.357959E0
1.739258E1	1.892602E1	1.338472E0
1.742590E1	1.895248E1	1.344776E0
1.745922E1	1.888414E1	1.331147E0
1.749254E1	1.869941E1	1.430828E0
1.752586E1	1.862664E1	1.621607E0
1.755918E1	1.854194E1	1.702565E0
1.759250E1	1.864313E1	1.611757E0
1.762582E1	1.890457E1	1.540803E0
1.765914E1	1.921734E1	1.523048E0
1.769245E1	1.939707E1	1.523331E0
1.772577E1	1.953221E1	1.529224E0
1.775909E1	1.970097E1	1.451386E0
1.779241E1	1.973018E1	1.425644E0
1.782573E1	1.978568E1	1.436741E0
1.785905E1	1.983282E1	1.457667E0
1.789237E1	1.979794E1	1.464673E0
1.792569E1	1.976765E1	1.413855E0
1.795901E1	1.952223E1	1.436464E0
1.799233E1	1.920097E1	1.465565E0
1.802565E1	1.886069E1	1.484269E0
1.805896E1	1.868569E1	1.508798E0
1.809228E1	1.875149E1	1.507601E0
1.812560E1	1.900704E1	1.471484E0
1.815892E1	1.934507E1	1.459165E0
1.819224E1	1.956869E1	1.446552E0
1.822556E1	1.972556E1	1.445366E0
1.825888E1	1.982417E1	1.405870E0
1.829220E1	1.984671E1	1.343491E0
1.832552E1	1.987532E1	1.344936E0
1.835884E1	1.988037E1	1.345482E0
1.839216E1	1.986256E1	1.355574E0
1.842548E1	1.991032E1	1.364855E0
1.845879E1	1.986413E1	1.413775E0
1.849211E1	1.970643E1	1.586925E0
1.852543E1	1.968066E1	1.756257E0
1.855875E1	1.961344E1	1.845488E0
1.859207E1	1.969491E1	1.788370E0
1.862539E1	1.991502E1	1.692246E0
1.865871E1	2.027029E1	1.624245E0
1.869203E1	2.055817E1	1.638192E0
1.872535E1	2.074568E1	1.606922E0
1.875867E1	2.088387E1	1.577678E0
1.879199E1	2.098067E1	1.542315E0
1.882530E1	2.095519E1	1.587925E0
1.885862E1	2.097215E1	1.588226E0
1.889194E1	2.094505E1	1.585194E0
1.892526E1	2.093017E1	1.550256E0
1.895858E1	2.069512E1	1.575281E0
1.899190E1	2.041573E1	1.560457E0
1.902522E1	2.016618E1	1.494497E0
1.905854E1	2.006583E1	1.490897E0
1.909186E1	2.013915E1	1.524504E0
1.912518E1	2.038705E1	1.493104E0
1.915850E1	2.061240E1	1.531237E0
1.919182E1	2.065600E1	1.553662E0
1.922513E1	2.065437E1	1.566136E0
1.925845E1	2.072855E1	1.558524E0
1.929177E1	2.069113E1	1.525804E0
1.932509E1	2.066020E1	1.501552E0
1.935841E1	2.068914E1	1.503942E0
1.939173E1	2.067943E1	1.516391E0
1.942505E1	2.069349E1	1.517385E0
1.945837E1	2.063653E1	1.572236E0
1.949169E1	2.052016E1	1.765183E0
1.952501E1	2.051494E1	1.940488E0
1.955833E1	2.053146E1	1.934941E0
1.959164E1	2.060399E1	1.817840E0
1.962496E1	2.078408E1	1.847820E0
1.965828E1	2.104290E1	1.811818E0
1.969160E1	2.123493E1	1.733586E0
1.972492E1	2.138817E1	1.726736E0
1.975824E1	2.144698E1	1.724761E0
1.979156E1	2.144225E1	1.716382E0
1.982488E1	2.145830E1	1.715819E0
1.985820E1	2.147263E1	1.721692E0
1.989152E1	2.145754E1	1.721926E0
1.992484E1	2.143050E1	1.728160E0
1.995815E1	2.119454E1	1.709274E0
1.999147E1	2.092931E1	1.727400E0
2.002479E1	2.063688E1	1.717989E0
2.005811E1	2.048153E1	1.678522E0
2.009143E1	2.050098E1	1.673088E0
2.012475E1	2.074707E1	1.637401E0
2.015807E1	2.111594E1	1.683516E0
2.019139E1	2.139248E1	1.718338E0
2.022471E1	2.150190E1	1.678133E0
2.025803E1	2.159392E1	1.639440E0
2.029135E1	2.163946E1	1.569803E0
2.032467E1	2.164546E1	1.555234E0
2.035798E1	2.165607E1	1.559284E0
2.039130E1	2.164166E1	1.574581E0
2.042462E1	2.165895E1	1.559837E0
2.045794E1	2.161571E1	1.625117E0
2.049126E1	2.149957E1	1.825524E0
2.052458E1	2.145110E1	1.964311E0
2.055790E1	2.141364E1	2.030166E0
2.059122E1	2.147592E1	1.913831E0
2.062454E1	2.175399E1	1.855948E0
2.065786E1	2.201752E1	1.905145E0
2.069118E1	2.219620E1	1.949674E0
2.072449E1	2.233662E1	1.958305E0
2.075781E1	2.246473E1	1.913554E0
2.079113E1	2.248803E1	1.919231E0
2.082445E1	2.251769E1	1.964734E0
2.085777E1	2.253904E1	1.969112E0
2.089109E1	2.251295E1	1.955970E0
2.092441E1	2.250883E1	1.874038E0
2.095773E1	2.239406E1	1.775384E0
2.099105E1	2.213496E1	1.737671E0
2.102437E1	2.184573E1	1.737016E0
2.105769E1	2.166628E1	1.698858E0
2.109101E1	2.165536E1	1.680567E0
2.112432E1	2.191782E1	1.684493E0
2.115764E1	2.231054E1	1.679689E0
2.119096E1	2.253360E1	1.707737E0
2.122428E1	2.262598E1	1.732702E0
2.125760E1	2.261095E1	1.700565E0
2.129092E1	2.259805E1	1.612026E0
2.132424E1	2.262667E1	1.576995E0
2.135756E1	2.261198E1	1.594195E0
2.139088E1	2.261726E1	1.608516E0
2.142420E1	2.269435E1	1.651511E0
2.145752E1	2.263031E1	1.714832E0
2.149083E1	2.249613E1	1.864266E0
2.152415E1	2.248530E1	1.959081E0
2.155747E1	2.246803E1	1.964237E0
2.159079E1	2.258039E1	1.942947E0
2.162411E1	2.279114E1	1.954063E0
2.165743E1	2.302182E1	1.967167E0
2.169075E1	2.315777E1	1.967285E0
2.172407E1	2.320482E1	1.949504E0
2.175739E1	2.320744E1	1.954078E0
2.179071E1	2.324565E1	1.959289E0
2.182403E1	2.324677E1	2.050495E0
2.185734E1	2.322731E1	2.138790E0
2.189066E1	2.325546E1	2.127083E0
2.192398E1	2.322175E1	1.977639E0
2.195730E1	2.301669E1	1.881157E0
2.199062E1	2.272064E1	1.816893E0
2.202394E1	2.240833E1	1.806643E0
2.205726E1	2.224818E1	1.809487E0
2.209058E1	2.228749E1	1.788721E0
2.212390E1	2.252678E1	1.744767E0
2.215722E1	2.285583E1	1.733874E0
2.219054E1	2.310392E1	1.746617E0
2.222386E1	2.324954E1	1.747086E0
2.225717E1	2.331880E1	1.714911E0
2.229049E1	2.333768E1	1.634556E0
2.232381E1	2.336847E1	1.597238E0
2.235713E1	2.336738E1	1.595097E0
2.239045E1	2.337228E1	1.593368E0
2.242377E1	2.336373E1	1.610714E0
2.245709E1	2.332249E1	1.662221E0
2.249041E1	2.320527E1	1.820263E0
2.252373E1	2.299516E1	1.947976E0
2.255705E1	2.287710E1	2.072438E0
2.259037E1	2.289204E1	2.156096E0
2.262368E1	2.315493E1	2.101033E0
2.265700E1	2.348165E1	2.059393E0
2.269032E1	2.368059E1	2.087993E0
2.272364E1	2.385474E1	2.139330E0
2.275696E1	2.402044E1	2.119319E0
2.279028E1	2.413102E1	2.091025E0
2.282360E1	2.414037E1	2.138475E0
2.285692E1	2.414306E1	2.141008E0
2.289024E1	2.414005E1	2.116898E0
2.292356E1	2.413364E1	2.032839E0
2.295688E1	2.394919E1	1.978447E0
2.299020E1	2.361285E1	1.915744E0
2.302351E1	2.326556E1	1.941723E0
2.305683E1	2.307800E1	1.956820E0
2.309015E1	2.306515E1	1.949312E0
2.312347E1	2.315791E1	1.963033E0
2.315679E1	2.323542E1	1.959770E0
2.319011E1	2.343140E1	1.921446E0
2.322343E1	2.370388E1	1.868333E0
2.325675E1	2.387233E1	1.802954E0
2.329007E1	2.408325E1	1.764421E0
2.332339E1	2.418202E1	1.764872E0
2.335671E1	2.420879E1	1.765222E0
2.339002E1	2.418701E1	1.790673E0
2.342334E1	2.425441E1	1.839281E0
2.345666E1	2.419984E1	1.907340E0
2.348998E1	2.407104E1	2.059080E0
2.352330E1	2.406146E1	2.177625E0
2.355662E1	2.404152E1	2.214828E0
2.358994E1	2.412539E1	2.177790E0
2.362326E1	2.436284E1	2.140117E0
2.365658E1	2.464164E1	2.181230E0
2.368990E1	2.479216E1	2.203049E0
2.372322E1	2.484400E1	2.190147E0
2.375654E1	2.487224E1	2.191229E0
2.378985E1	2.488556E1	2.233405E0
2.382317E1	2.491168E1	2.275580E0
2.385649E1	2.494377E1	2.290238E0
2.388981E1	2.489646E1	2.285624E0
2.392313E1	2.487988E1	2.278419E0
2.395645E1	2.464188E1	2.287203E0
2.398977E1	2.426872E1	2.363714E0
2.402309E1	2.391917E1	2.346073E0
2.405641E1	2.374840E1	2.340459E0
2.408973E1	2.377131E1	2.328831E0
2.412305E1	2.401443E1	2.338217E0
2.415636E1	2.435742E1	2.339942E0
2.418968E1	2.460952E1	2.381133E0
2.422300E1	2.472932E1	2.352646E0
2.425632E1	2.482886E1	2.319606E0
2.428964E1	2.481908E1	2.291785E0
2.432296E1	2.478831E1	2.259534E0
2.435628E1	2.478870E1	2.266512E0
2.438960E1	2.477603E1	2.284129E0
2.442292E1	2.481851E1	2.302013E0
2.445624E1	2.479439E1	2.325195E0
2.448956E1	2.466790E1	2.515531E0
2.452287E1	2.463799E1	2.652530E0
2.455619E1	2.455976E1	2.705107E0
2.458951E1	2.456683E1	2.553398E0
2.462283E1	2.473834E1	2.452414E0
2.465615E1	2.509063E1	2.451324E0
2.468947E1	2.534486E1	2.454154E0
2.472279E1	2.549895E1	2.441330E0
2.475611E1	2.564059E1	2.427681E0
2.478943E1	2.580632E1	2.404204E0
2.482275E1	2.590951E1	2.446446E0
2.485607E1	2.596888E1	2.466104E0
2.488939E1	2.594614E1	2.437235E0
2.492270E1	2.589667E1	2.457027E0
2.495602E1	2.562811E1	2.507603E0
2.498934E1	2.525250E1	2.526404E0
2.502266E1	2.493424E1	2.529441E0
2.505598E1	2.478154E1	2.515073E0
2.508930E1	2.473863E1	2.509283E0
2.512262E1	2.484487E1	2.510853E0
2.515594E1	2.518579E1	2.487443E0
2.518926E1	2.557935E1	2.500341E0
2.522258E1	2.586742E1	2.449652E0
2.525590E1	2.598907E1	2.418395E0
2.528921E1	2.598593E1	2.381876E0
2.532253E1	2.596617E1	2.369111E0
2.535585E1	2.597435E1	2.359865E0
2.538917E1	2.596368E1	2.390418E0
2.542249E1	2.601871E1	2.393364E0
2.545581E1	2.598594E1	2.434994E0
2.548913E1	2.588216E1	2.610080E0
2.552245E1	2.592084E1	2.736600E0
2.555577E1	2.592871E1	2.719497E0
2.558909E1	2.603367E1	2.622119E0
2.562241E1	2.628365E1	2.618678E0
2.565573E1	2.654953E1	2.639672E0
2.568904E1	2.671022E1	2.635616E0
2.572236E1	2.677422E1	2.626934E0
2.575568E1	2.685435E1	2.559764E0
2.578900E1	2.685471E1	2.561844E0
2.582232E1	2.686800E1	2.567099E0
2.585564E1	2.690580E1	2.590414E0
2.588896E1	2.686060E1	2.575344E0
2.592228E1	2.682495E1	2.590474E0
2.595560E1	2.665307E1	2.611622E0
2.598892E1	2.635853E1	2.688887E0
2.602224E1	2.610819E1	2.662987E0
2.605555E1	2.593206E1	2.652316E0
2.608887E1	2.591388E1	2.646705E0
2.612219E1	2.614433E1	2.621420E0
2.615551E1	2.652794E1	2.652818E0
2.618883E1	2.679598E1	2.683698E0
2.622215E1	2.696211E1	2.671647E0
2.625547E1	2.705341E1	2.647155E0
2.628879E1	2.707897E1	2.566977E0
2.632211E1	2.708773E1	2.549702E0
2.635543E1	2.707689E1	2.557383E0
2.638875E1	2.707567E1	2.558347E0
2.642206E1	2.707190E1	2.560792E0
2.645538E1	2.709018E1	2.551918E0
2.648870E1	2.711184E1	2.609619E0
2.652202E1	2.713882E1	2.618726E0
2.655534E1	2.719670E1	2.656238E0
2.658866E1	2.717241E1	2.706291E0
2.662198E1	2.724004E1	2.676564E0
2.665530E1	2.755162E1	2.664164E0
2.668862E1	2.789236E1	2.661363E0
2.672194E1	2.805179E1	2.618938E0
2.675526E1	2.813373E1	2.586360E0
2.678858E1	2.825311E1	2.615855E0
2.682189E1	2.826743E1	2.629142E0
2.685521E1	2.824316E1	2.626476E0
2.688853E1	2.822462E1	2.607209E0
2.692185E1	2.810501E1	2.636297E0
2.695517E1	2.793511E1	2.742951E0
2.698849E1	2.759106E1	2.897760E0
2.702181E1	2.713166E1	2.926853E0
2.705513E1	2.675467E1	2.934971E0
2.708845E1	2.660876E1	2.959109E0
2.712177E1	2.675149E1	2.978053E0
2.715509E1	2.711196E1	3.052479E0
2.718840E1	2.762258E1	3.050282E0
2.722172E1	2.797055E1	3.060616E0
2.725504E1	2.810997E1	3.006472E0
2.728836E1	2.818231E1	3.011629E0
2.732168E1	2.822792E1	2.943474E0
2.735500E1	2.821986E1	2.938368E0
2.738832E1	2.821632E1	2.940231E0
2.742164E1	2.821314E1	2.912497E0
2.745496E1	2.815020E1	2.923943E0
2.748828E1	2.803878E1	3.041564E0
2.752160E1	2.799052E1	3.223424E0
2.755492E1	2.798156E1	3.319591E0
2.758823E1	2.802619E1	3.296976E0
2.762155E1	2.820455E1	3.236822E0
2.765487E1	2.832342E1	3.241787E0
2.768819E1	2.832264E1	3.215578E0
2.772151E1	2.848909E1	3.134395E0
2.775483E1	2.870162E1	3.118157E0
2.778815E1	2.890896E1	3.113603E0
2.782147E1	2.901695E1	3.143398E0
2.785479E1	2.902526E1	3.127199E0
2.788811E1	2.901043E1	3.142318E0
2.792143E1	2.895927E1	3.123405E0
2.795474E1	2.875801E1	3.111076E0
2.798806E1	2.843451E1	3.121698E0
2.802138E1	2.812162E1	3.086045E0
2.805470E1	2.793482E1	3.088921E0
2.808802E1	2.791484E1	3.110581E0
2.812134E1	2.811505E1	3.093303E0
2.815466E1	2.846144E1	3.121875E0
2.818798E1	2.870581E1	3.151496E0
2.822130E1	2.889594E1	3.172584E0
2.825462E1	2.902739E1	3.129680E0
2.828794E1	2.913083E1	3.087197E0
2.832125E1	2.913607E1	3.067382E0
2.835457E1	2.913051E1	3.066300E0
2.838789E1	2.912087E1	3.070351E0
2.842121E1	2.914537E1	3.056741E0
2.845453E1	2.916444E1	3.129152E0
2.848785E1	2.929067E1	3.234474E0
2.852117E1	2.941162E1	3.358146E0
2.855449E1	2.945177E1	3.348080E0
2.858781E1	2.945017E1	3.248394E0
2.862113E1	2.945287E1	3.241691E0
2.865445E1	2.951360E1	3.271889E0
2.868777E1	2.968184E1	3.301840E0
2.872108E1	2.998159E1	3.351364E0
2.875440E1	3.022530E1	3.368951E0
2.878772E1	3.040624E1	3.397026E0
2.882104E1	3.055970E1	3.383879E0
2.885436E1	3.063543E1	3.422056E0
2.888768E1	3.058595E1	3.427019E0
2.892100E1	3.053375E1	3.421929E0
2.895432E1	3.031730E1	3.442400E0
2.898764E1	3.000152E1	3.474800E0
2.902096E1	2.966358E1	3.450375E0
2.905428E1	2.944940E1	3.403737E0
2.908759E1	2.938950E1	3.395523E0
2.912091E1	2.960604E1	3.393769E0
2.915423E1	3.002101E1	3.367702E0
2.918755E1	3.034344E1	3.377224E0
2.922087E1	3.055080E1	3.381254E0
2.925419E1	3.065450E1	3.373883E0
2.928751E1	3.078062E1	3.317277E0
2.932083E1	3.090117E1	3.332967E0
2.935415E1	3.091858E1	3.319751E0
2.938747E1	3.093668E1	3.316050E0
2.942079E1	3.092395E1	3.321983E0
2.945411E1	3.082883E1	3.316958E0
2.948742E1	3.068054E1	3.463468E0
2.952074E1	3.058909E1	3.668957E0
2.955406E1	3.052392E1	3.787485E0
2.958738E1	3.054297E1	3.708460E0
2.962070E1	3.070413E1	3.569236E0
2.965402E1	3.107183E1	3.547897E0
2.968734E1	3.130676E1	3.614066E0
2.972066E1	3.128019E1	3.681981E0
2.975398E1	3.130456E1	3.575550E0
2.978730E1	3.142713E1	3.470201E0
2.982062E1	3.152705E1	3.473151E0
2.985393E1	3.160881E1	3.509650E0
2.988725E1	3.157780E1	3.485971E0
2.992057E1	3.151273E1	3.442344E0
2.995389E1	3.132518E1	3.419587E0
2.998721E1	3.102746E1	3.430273E0
3.002053E1	3.072424E1	3.333242E0
3.005385E1	3.053445E1	3.309962E0
3.008717E1	3.047488E1	3.306456E0
3.012049E1	3.066191E1	3.305596E0
3.015381E1	3.103542E1	3.339872E0
3.018713E1	3.131641E1	3.390990E0
3.022044E1	3.151402E1	3.413368E0
3.025376E1	3.161667E1	3.387673E0
3.028708E1	3.174576E1	3.316893E0
3.032040E1	3.178276E1	3.311482E0
3.035372E1	3.178481E1	3.319985E0
3.038704E1	3.179727E1	3.314937E0
3.042036E1	3.178094E1	3.330192E0
3.045368E1	3.175096E1	3.321208E0
3.048700E1	3.161476E1	3.389631E0
3.052032E1	3.136057E1	3.494527E0
3.055364E1	3.115194E1	3.580036E0
3.058696E1	3.110187E1	3.655341E0
3.062027E1	3.135280E1	3.662804E0
3.065359E1	3.169677E1	3.599568E0
3.068691E1	3.195642E1	3.599107E0
3.072023E1	3.211193E1	3.605950E0
3.075355E1	3.224424E1	3.580411E0
3.078687E1	3.234421E1	3.572254E0
3.082019E1	3.237696E1	3.601488E0
3.085351E1	3.238023E1	3.605295E0
3.088683E1	3.237250E1	3.605254E0
3.092015E1	3.232677E1	3.576175E0
3.095347E1	3.212248E1	3.605176E0
3.098678E1	3.188356E1	3.655236E0
3.102010E1	3.166959E1	3.647717E0
3.105342E1	3.151092E1	3.658589E0
3.108674E1	3.141769E1	3.610466E0
3.112006E1	3.149802E1	3.624602E0
3.115338E1	3.170009E1	3.559060E0
3.118670E1	3.205280E1	3.614056E0
3.122002E1	3.239400E1	3.574874E0
3.125334E1	3.267810E1	3.537497E0
3.128666E1	3.280419E1	3.548853E0
3.131998E1	3.282259E1	3.534274E0
3.135330E1	3.281355E1	3.544344E0
3.138661E1	3.280379E1	3.552608E0
3.141993E1	3.284356E1	3.537815E0
3.145325E1	3.282270E1	3.571700E0
3.148657E1	3.272799E1	3.715155E0
3.151989E1	3.270192E1	3.886252E0
3.155321E1	3.269605E1	3.890824E0
3.158653E1	3.271539E1	3.819128E0
3.161985E1	3.285694E1	3.821714E0
3.165317E1	3.314839E1	3.836053E0
3.168649E1	3.325461E1	3.834693E0
3.171981E1	3.335057E1	3.765479E0
3.175312E1	3.348174E1	3.696678E0
3.178644E1	3.353212E1	3.713455E0
3.181976E1	3.357699E1	3.751671E0
3.185308E1	3.359086E1	3.750035E0
3.188640E1	3.357056E1	3.764162E0
3.191972E1	3.354549E1	3.724775E0
3.195304E1	3.332914E1	3.744325E0
3.198636E1	3.294307E1	3.831251E0
3.201968E1	3.260566E1	3.821100E0
3.205300E1	3.241235E1	3.763117E0
3.208632E1	3.236357E1	3.770965E0
3.211964E1	3.259084E1	3.766542E0
3.215295E1	3.296144E1	3.794002E0
3.218627E1	3.323480E1	3.841984E0
3.221959E1	3.340912E1	3.831892E0
3.225291E1	3.349569E1	3.764501E0
3.228623E1	3.357524E1	3.738170E0
3.231955E1	3.361702E1	3.735054E0
3.235287E1	3.361533E1	3.729379E0
3.238619E1	3.360743E1	3.705006E0
3.241951E1	3.364605E1	3.710655E0
3.245283E1	3.358666E1	3.724397E0
3.248615E1	3.342646E1	3.831716E0
3.251946E1	3.336698E1	3.940921E0
3.255278E1	3.334534E1	3.951714E0
3.258610E1	3.341922E1	3.844939E0
3.261942E1	3.367111E1	3.787723E0
3.265274E1	3.399645E1	3.817521E0
3.268606E1	3.418564E1	3.825498E0
3.271938E1	3.428378E1	3.815153E0
3.275270E1	3.432428E1	3.831566E0
3.278602E1	3.435323E1	3.817548E0
3.281934E1	3.438289E1	3.834140E0
3.285266E1	3.444201E1	3.843136E0
3.288597E1	3.439880E1	3.825315E0
3.291929E1	3.440062E1	3.811579E0
3.295261E1	3.435283E1	3.767809E0
3.298593E1	3.437134E1	3.769721E0
3.301925E1	3.444224E1	3.656904E0
3.305257E1	3.455000E1	3.664399E0
3.308589E1	3.452402E1	3.750871E0
3.311921E1	3.446419E1	3.739774E0
3.315253E1	3.447950E1	3.701601E0
3.318585E1	3.465011E1	3.739091E0
3.321917E1	3.490199E1	3.776875E0
3.325249E1	3.515120E1	3.787005E0
3.328580E1	3.537155E1	3.766441E0
3.331912E1	3.554721E1	3.753686E0
3.335244E1	3.562747E1	3.773291E0
3.338576E1	3.558459E1	3.772969E0
3.341908E1	3.557457E1	3.777224E0
3.345240E1	3.558471E1	3.791386E0
3.348572E1	3.554144E1	3.961949E0
3.351904E1	3.552844E1	4.268998E0
3.355236E1	3.549384E1	4.312147E0
3.358568E1	3.547494E1	4.240550E0
3.361900E1	3.560632E1	4.162058E0
3.365231E1	3.592616E1	4.195993E0
3.368563E1	3.608296E1	4.226786E0
3.371895E1	3.624523E1	4.185884E0
3.375227E1	3.635492E1	4.161870E0
3.378559E1	3.642978E1	4.139495E0
3.381891E1	3.650456E1	4.194189E0
3.385223E1	3.655473E1	4.215457E0
3.388555E1	3.651658E1	4.204393E0
3.391887E1	3.647688E1	4.167786E0
3.395219E1	3.632293E1	4.150961E0
3.398551E1	3.604525E1	4.165443E0
3.401883E1	3.576807E1	4.134196E0
3.405214E1	3.557472E1	4.111839E0
3.408546E1	3.544760E1	4.060448E0
3.411878E1	3.553501E1	4.100802E0
3.415210E1	3.564891E1	4.097156E0
3.418542E1	3.569456E1	4.116866E0
3.421874E1	3.587821E1	4.086919E0
3.425206E1	3.612339E1	4.096446E0
3.428538E1	3.625021E1	4.057078E0
3.431870E1	3.634609E1	4.057325E0
3.435202E1	3.632113E1	4.032711E0
3.438534E1	3.630159E1	4.046750E0
3.441865E1	3.635519E1	4.052724E0
3.445197E1	3.635317E1	4.112186E0
3.448529E1	3.630687E1	4.331197E0
3.451861E1	3.625464E1	4.474932E0
3.455193E1	3.622654E1	4.481008E0
3.458525E1	3.619166E1	4.358409E0
3.461857E1	3.633614E1	4.353072E0
3.465189E1	3.673321E1	4.386525E0
3.468521E1	3.714138E1	4.413508E0
3.471853E1	3.726982E1	4.410671E0
3.475185E1	3.732208E1	4.386186E0
3.478516E1	3.738660E1	4.417370E0
3.481848E1	3.738603E1	4.445968E0
3.485180E1	3.739652E1	4.426474E0
3.488512E1	3.736970E1	4.443080E0
3.491844E1	3.733606E1	4.415652E0
3.495176E1	3.717223E1	4.439494E0
3.498508E1	3.688776E1	4.490641E0
3.501840E1	3.656755E1	4.496217E0
3.505172E1	3.636619E1	4.450825E0
3.508504E1	3.627979E1	4.426629E0
3.511836E1	3.650808E1	4.423933E0
3.515168E1	3.690025E1	4.431035E0
3.518499E1	3.719774E1	4.486989E0
3.521831E1	3.737605E1	4.480557E0
3.525163E1	3.742882E1	4.446036E0
3.528495E1	3.743999E1	4.412765E0
3.531827E1	3.743303E1	4.394245E0
3.535159E1	3.742364E1	4.375363E0
3.538491E1	3.747199E1	4.378539E0
3.541823E1	3.747281E1	4.378683E0
3.545155E1	3.745950E1	4.360065E0
3.548487E1	3.739368E1	4.391817E0
3.551819E1	3.737582E1	4.431798E0
3.555150E1	3.733504E1	4.469372E0
3.558482E1	3.735016E1	4.440600E0
3.561814E1	3.750642E1	4.437462E0
3.565146E1	3.778161E1	4.464667E0
3.568478E1	3.804803E1	4.480967E0
3.571810E1	3.825433E1	4.427723E0
3.575142E1	3.837377E1	4.391581E0
3.578474E1	3.841907E1	4.430096E0
3.581806E1	3.838602E1	4.414027E0
3.585138E1	3.835129E1	4.437964E0
3.588470E1	3.836327E1	4.454363E0
3.591802E1	3.829331E1	4.435406E0
3.595133E1	3.811052E1	4.433966E0
3.598465E1	3.765622E1	4.497345E0
3.601797E1	3.711312E1	4.526060E0
3.605129E1	3.677562E1	4.717130E0
3.608461E1	3.666138E1	4.752117E0
3.611793E1	3.667008E1	4.657585E0
3.615125E1	3.702933E1	4.692555E0
3.618457E1	3.745461E1	4.719588E0
3.621789E1	3.772752E1	4.703303E0
3.625121E1	3.781307E1	4.704535E0
3.628453E1	3.783586E1	4.674040E0
3.631784E1	3.783276E1	4.634525E0
3.635116E1	3.781828E1	4.629706E0
3.638448E1	3.783658E1	4.625457E0
3.641780E1	3.782206E1	4.611257E0
3.645112E1	3.776867E1	4.583787E0
3.648444E1	3.771480E1	4.843985E0
3.651776E1	3.769579E1	5.040412E0
3.655108E1	3.766142E1	5.145450E0
3.658440E1	3.767829E1	5.146339E0
3.661772E1	3.782257E1	5.093563E0
3.665104E1	3.812578E1	5.060331E0
3.668435E1	3.836938E1	5.078630E0
3.671767E1	3.847797E1	5.081247E0
3.675099E1	3.849129E1	5.013873E0
3.678431E1	3.853188E1	4.967324E0
3.681763E1	3.851602E1	4.980990E0
3.685095E1	3.857801E1	5.023616E0
3.688427E1	3.855950E1	5.018801E0
3.691759E1	3.852239E1	4.967302E0
3.695091E1	3.838236E1	4.959424E0
3.698423E1	3.818754E1	5.009131E0
3.701755E1	3.802705E1	4.984395E0
3.705087E1	3.792668E1	4.976659E0
3.708418E1	3.787978E1	4.970359E0
3.711750E1	3.804167E1	4.981654E0
3.715082E1	3.832476E1	5.013987E0
3.718414E1	3.853912E1	5.043570E0
3.721746E1	3.874769E1	5.072920E0
3.725078E1	3.891031E1	5.081904E0
3.728410E1	3.906104E1	5.041628E0
3.731742E1	3.917267E1	4.980882E0
3.735074E1	3.917281E1	4.977333E0
3.738406E1	3.915995E1	4.985915E0
3.741738E1	3.920266E1	4.964847E0
3.745069E1	3.917589E1	5.010035E0
3.748401E1	3.908863E1	5.134605E0
3.751733E1	3.902574E1	5.243824E0
3.755065E1	3.902711E1	5.173709E0
3.758397E1	3.897499E1	5.063812E0
3.761729E1	3.896790E1	5.080952E0
3.765061E1	3.908452E1	5.176264E0
3.768393E1	3.933529E1	5.262462E0
3.771725E1	3.962643E1	5.268466E0
3.775057E1	3.978770E1	5.256962E0
3.778389E1	3.990089E1	5.255099E0
3.781721E1	3.999411E1	5.296603E0
3.785052E1	4.000038E1	5.316232E0
3.788384E1	3.999568E1	5.301534E0
3.791716E1	3.994182E1	5.282945E0
3.795048E1	3.977594E1	5.301359E0
3.798380E1	3.954386E1	5.312266E0
3.801712E1	3.936013E1	5.294001E0
3.805044E1	3.928019E1	5.322854E0
3.808376E1	3.921611E1	5.298733E0
3.811708E1	3.927577E1	5.309799E0
3.815040E1	3.932945E1	5.317104E0
3.818372E1	3.955123E1	5.350375E0
3.821703E1	3.993085E1	5.399218E0
3.825035E1	4.020705E1	5.334797E0
3.828367E1	4.046615E1	5.263941E0
3.831699E1	4.064819E1	5.253332E0
3.835031E1	4.068512E1	5.267438E0
3.838363E1	4.067814E1	5.265668E0
3.841695E1	4.070866E1	5.249869E0
3.845027E1	4.070883E1	5.293313E0
3.848359E1	4.064743E1	5.478845E0
3.851691E1	4.065686E1	5.694668E0
3.855023E1	4.063743E1	5.797451E0
3.858354E1	4.064994E1	5.781924E0
3.861686E1	4.077454E1	5.709630E0
3.865018E1	4.107752E1	5.700085E0
3.868350E1	4.135750E1	5.704206E0
3.871682E1	4.151843E1	5.693696E0
3.875014E1	4.165505E1	5.692070E0
3.878346E1	4.174383E1	5.679383E0
3.881678E1	4.182668E1	5.681950E0
3.885010E1	4.183484E1	5.725718E0
3.888342E1	4.184079E1	5.765123E0
3.891674E1	4.177892E1	5.694889E0
3.895006E1	4.161873E1	5.676271E0
3.898337E1	4.143801E1	5.677075E0
3.901669E1	4.128310E1	5.595080E0
3.905001E1	4.119667E1	5.582106E0
3.908333E1	4.112988E1	5.583309E0
3.911665E1	4.129983E1	5.631174E0
3.914997E1	4.162367E1	5.685254E0
3.918329E1	4.184731E1	5.741392E0
3.921661E1	4.200131E1	5.781327E0
3.924993E1	4.210461E1	5.781946E0
3.928325E1	4.221385E1	5.724419E0
3.931657E1	4.225995E1	5.695341E0
3.934988E1	4.225965E1	5.699166E0
3.938320E1	4.226456E1	5.691605E0
3.941652E1	4.223974E1	5.674622E0
3.944984E1	4.222779E1	5.690609E0
3.948316E1	4.208250E1	5.719545E0
3.951648E1	4.195784E1	5.851313E0
3.954980E1	4.195464E1	6.010992E0
3.958312E1	4.193737E1	6.067892E0
3.961644E1	4.215318E1	6.022306E0
3.964976E1	4.244389E1	5.977378E0
3.968308E1	4.270553E1	6.006307E0
3.971640E1	4.287938E1	6.000807E0
3.974971E1	4.298968E1	5.980415E0
3.978303E1	4.312994E1	5.993526E0
3.981635E1	4.320650E1	6.009894E0
3.984967E1	4.324750E1	6.057993E0
3.988299E1	4.321331E1	6.023320E0
3.991631E1	4.317909E1	6.006266E0
3.994963E1	4.299930E1	5.969436E0
3.998295E1	4.276564E1	5.958716E0
4.001627E1	4.258894E1	5.908393E0
4.004959E1	4.248849E1	5.912510E0
4.008291E1	4.238665E1	5.868018E0
4.011622E1	4.244186E1	5.898326E0
4.014954E1	4.246429E1	5.901783E0
4.018286E1	4.252429E1	5.917549E0
4.021618E1	4.286891E1	5.959608E0
4.024950E1	4.319571E1	5.979427E0
4.028282E1	4.348615E1	5.916095E0
4.031614E1	4.368323E1	5.907841E0
4.034946E1	4.363785E1	5.902380E0
4.038278E1	4.362706E1	5.908481E0
4.041610E1	4.367642E1	5.917167E0
4.044942E1	4.367403E1	5.957161E0
4.048273E1	4.364376E1	6.101552E0
4.051605E1	4.366843E1	6.335243E0
4.054937E1	4.367885E1	6.378537E0
4.058269E1	4.367769E1	6.283212E0
4.061601E1	4.381715E1	6.216498E0
4.064933E1	4.411185E1	6.282758E0
4.068265E1	4.424186E1	6.294524E0
4.071597E1	4.425364E1	6.225897E0
4.074929E1	4.432750E1	6.235383E0
4.078261E1	4.443857E1	6.254966E0
4.081593E1	4.452401E1	6.272176E0
4.084925E1	4.453821E1	6.290592E0
4.088256E1	4.451503E1	6.276384E0
4.091588E1	4.448699E1	6.263587E0
4.094920E1	4.429845E1	6.246102E0
4.098252E1	4.405090E1	6.281705E0
4.101584E1	4.384438E1	6.239227E0
4.104916E1	4.373308E1	6.239276E0
4.108248E1	4.360530E1	6.165231E0
4.111580E1	4.375021E1	6.198145E0
4.114912E1	4.411610E1	6.264042E0
4.118244E1	4.439976E1	6.319108E0
4.121576E1	4.457958E1	6.318910E0
4.124907E1	4.465666E1	6.309711E0
4.128239E1	4.471154E1	6.247271E0
4.131571E1	4.472680E1	6.222963E0
4.134903E1	4.471889E1	6.230974E0
4.138235E1	4.470920E1	6.236562E0
4.141567E1	4.473836E1	6.225393E0
4.144899E1	4.477646E1	6.281286E0
4.148231E1	4.488720E1	6.412745E0
4.151563E1	4.503952E1	6.550854E0
4.154895E1	4.510495E1	6.520211E0
4.158227E1	4.519629E1	6.515936E0
4.161559E1	4.526067E1	6.618275E0
4.164890E1	4.533302E1	6.674769E0
4.168222E1	4.548821E1	6.627332E0
4.171554E1	4.573453E1	6.576648E0
4.174886E1	4.597161E1	6.587269E0
4.178218E1	4.619719E1	6.616426E0
4.181550E1	4.635323E1	6.630402E0
4.184882E1	4.641200E1	6.638239E0
4.188214E1	4.639135E1	6.625715E0
4.191546E1	4.634135E1	6.612489E0
4.194878E1	4.615145E1	6.603335E0
4.198210E1	4.588244E1	6.607067E0
4.201541E1	4.564324E1	6.622119E0
4.204873E1	4.557689E1	6.691586E0
4.208205E1	4.542619E1	6.613384E0
4.211537E1	4.554622E1	6.630278E0
4.214869E1	4.595115E1	6.671580E0
4.218201E1	4.624012E1	6.674565E0
4.221533E1	4.638837E1	6.690533E0
4.224865E1	4.642864E1	6.606973E0
4.228197E1	4.645490E1	6.569299E0
4.231529E1	4.651045E1	6.560931E0
4.234861E1	4.651582E1	6.557566E0
4.238193E1	4.650458E1	6.568395E0
4.241524E1	4.651034E1	6.565655E0
4.244856E1	4.656241E1	6.605757E0
4.248188E1	4.651273E1	6.720291E0
4.251520E1	4.651092E1	6.849681E0
4.254852E1	4.641336E1	6.895013E0
4.258184E1	4.637232E1	6.781954E0
4.261516E1	4.650442E1	6.742532E0
4.264848E1	4.681986E1	6.795049E0
4.268180E1	4.694158E1	6.799481E0
4.271512E1	4.690493E1	6.753861E0
4.274844E1	4.698325E1	6.765592E0
4.278175E1	4.717078E1	6.784847E0
4.281507E1	4.734021E1	6.774150E0
4.284839E1	4.745041E1	6.818570E0
4.288171E1	4.742206E1	6.830209E0
4.291503E1	4.731621E1	6.767306E0
4.294835E1	4.709381E1	6.783290E0
4.298167E1	4.675027E1	6.781310E0
4.301499E1	4.642870E1	6.716599E0
4.304831E1	4.626627E1	6.703010E0
4.308163E1	4.612421E1	6.701241E0
4.311495E1	4.631946E1	6.718128E0
4.314826E1	4.667538E1	6.780242E0
4.318158E1	4.693305E1	6.823452E0
4.321490E1	4.705964E1	6.806379E0
4.324822E1	4.705352E1	6.821939E0
4.328154E1	4.707717E1	6.807273E0
4.331486E1	4.705356E1	6.758354E0
4.334818E1	4.700466E1	6.717056E0
4.338150E1	4.702746E1	6.707575E0
4.341482E1	4.705833E1	6.760174E0
4.344814E1	4.702572E1	6.767567E0
4.348146E1	4.699282E1	6.921659E0
4.351478E1	4.699088E1	7.183729E0
4.354809E1	4.697510E1	7.255855E0
4.358141E1	4.695839E1	7.193417E0
4.361473E1	4.707608E1	7.114118E0
4.364805E1	4.740388E1	7.101646E0
4.368137E1	4.769391E1	7.153634E0
4.371469E1	4.780767E1	7.115913E0
4.374801E1	4.787437E1	7.054882E0
4.378133E1	4.796673E1	7.093784E0
4.381465E1	4.805145E1	7.145703E0
4.384797E1	4.810959E1	7.201407E0
4.388129E1	4.808601E1	7.203628E0
4.391460E1	4.803790E1	7.163494E0
4.394792E1	4.789568E1	7.146432E0
4.398124E1	4.761817E1	7.160457E0
4.401456E1	4.734090E1	7.093481E0
4.404788E1	4.727218E1	7.260600E0
4.408120E1	4.712160E1	7.149158E0
4.411452E1	4.722337E1	7.193909E0
4.414784E1	4.749142E1	7.224359E0
4.418116E1	4.770780E1	7.289670E0
4.421448E1	4.787234E1	7.308036E0
4.424780E1	4.797088E1	7.299964E0
4.428112E1	4.803095E1	7.232980E0
4.431443E1	4.809039E1	7.213731E0
4.434775E1	4.808830E1	7.214581E0
4.438107E1	4.808108E1	7.223876E0
4.441439E1	4.809290E1	7.218689E0
4.444771E1	4.810503E1	7.213555E0
4.448103E1	4.805130E1	7.328134E0
4.451435E1	4.803541E1	7.536591E0
4.454767E1	4.797482E1	7.661884E0
4.458099E1	4.789108E1	7.546296E0
4.461431E1	4.788676E1	7.420607E0
4.464763E1	4.815143E1	7.382482E0
4.468094E1	4.868964E1	7.376253E0
4.471426E1	4.914171E1	7.408345E0
4.474758E1	4.935800E1	7.387202E0
4.478090E1	4.944710E1	7.404113E0
4.481422E1	4.954443E1	7.472484E0
4.484754E1	4.958598E1	7.514516E0
4.488086E1	4.957859E1	7.476612E0
4.491418E1	4.951497E1	7.443023E0
4.494750E1	4.935603E1	7.437297E0
4.498082E1	4.908630E1	7.430802E0
4.501414E1	4.884929E1	7.435658E0
4.504745E1	4.879017E1	7.548609E0
4.508077E1	4.869061E1	7.470529E0
4.511409E1	4.886241E1	7.484118E0
4.514741E1	4.913645E1	7.492410E0
4.518073E1	4.932833E1	7.601079E0
4.521405E1	4.940459E1	7.533283E0
4.524737E1	4.948474E1	7.561026E0
4.528069E1	4.955215E1	7.505801E0
4.531401E1	4.961231E1	7.481551E0
4.534733E1	4.964165E1	7.505475E0
4.538065E1	4.963670E1	7.464864E0
4.541397E1	4.962060E1	7.484151E0
4.544728E1	4.960990E1	7.526811E0
4.548060E1	4.954462E1	7.650948E0
4.551392E1	4.955831E1	7.828280E0
4.554724E1	4.950326E1	7.985199E0
4.558056E1	4.944470E1	7.963663E0
4.561388E1	4.956036E1	7.824054E0
4.564720E1	4.992407E1	7.812334E0
4.568052E1	5.032016E1	7.845592E0
4.571384E1	5.050004E1	7.802520E0
4.574716E1	5.057476E1	7.766992E0
4.578048E1	5.073603E1	7.793539E0
4.581379E1	5.090315E1	7.848867E0
4.584711E1	5.098983E1	7.849696E0
4.588043E1	5.095947E1	7.847750E0
4.591375E1	5.096197E1	7.857080E0
4.594707E1	5.096236E1	7.862671E0
4.598039E1	5.094743E1	7.870221E0
4.601371E1	5.086392E1	7.818639E0
4.604703E1	5.071327E1	7.744756E0
4.608035E1	5.060026E1	7.681521E0
4.611367E1	5.059232E1	7.676655E0
4.614699E1	5.084984E1	7.749689E0
4.618031E1	5.115327E1	7.805532E0
4.621362E1	5.131262E1	7.854146E0
4.624694E1	5.136177E1	7.870061E0
4.628026E1	5.146759E1	7.869033E0
4.631358E1	5.155637E1	7.874996E0
4.634690E1	5.153337E1	7.801127E0
4.638022E1	5.148467E1	7.742300E0
4.641354E1	5.145551E1	7.753966E0
4.644686E1	5.135072E1	7.728208E0
4.648018E1	5.108044E1	7.699018E0
4.651350E1	5.074233E1	7.935788E0
4.654682E1	5.041412E1	8.451983E0
4.658013E1	5.004145E1	8.628299E0
4.661345E1	5.005813E1	8.503103E0
4.664677E1	5.022213E1	8.231545E0
4.668009E1	5.037853E1	8.083666E0
4.671341E1	5.054619E1	7.937035E0
4.674673E1	5.079270E1	7.837425E0
4.678005E1	5.111545E1	7.828254E0
4.681337E1	5.140029E1	7.831505E0
4.684669E1	5.155297E1	7.869986E0
4.688001E1	5.153319E1	7.819292E0
4.691333E1	5.139423E1	7.865283E0
4.694664E1	5.122131E1	7.891811E0
4.697996E1	5.101430E1	7.915680E0
4.701328E1	5.079982E1	7.843655E0
4.704660E1	5.068849E1	7.860390E0
4.707992E1	5.054971E1	7.799173E0
4.711324E1	5.073533E1	7.870636E0
4.714656E1	5.107413E1	7.915658E0
4.717988E1	5.130360E1	7.940078E0
4.721320E1	5.146215E1	7.934540E0
4.724652E1	5.150436E1	7.930512E0
4.727984E1	5.150686E1	7.927092E0
4.731316E1	5.150496E1	7.895391E0
4.734647E1	5.145556E1	7.863642E0
4.737979E1	5.145576E1	7.866182E0
4.741311E1	5.149459E1	7.890611E0
4.744643E1	5.145040E1	7.895944E0
4.747975E1	5.139415E1	8.011836E0
4.751307E1	5.137920E1	8.168334E0
4.754639E1	5.137877E1	8.264868E0
4.757971E1	5.135373E1	8.192459E0
4.761303E1	5.149432E1	8.159783E0
4.764635E1	5.183076E1	8.144129E0
4.767967E1	5.211633E1	8.141505E0
4.771298E1	5.220114E1	8.115585E0
4.774630E1	5.227637E1	8.055379E0
4.777962E1	5.237571E1	8.086818E0
4.781294E1	5.242173E1	8.121797E0
4.784626E1	5.244726E1	8.125303E0
4.787958E1	5.242760E1	8.140769E0
4.791290E1	5.238610E1	8.097966E0
4.794622E1	5.224320E1	8.080854E0
4.797954E1	5.196536E1	8.115923E0
4.801286E1	5.168892E1	8.179388E0
4.804618E1	5.160997E1	8.269250E0
4.807950E1	5.139842E1	8.182444E0
4.811281E1	5.149991E1	8.207258E0
4.814613E1	5.185454E1	8.137787E0
4.817945E1	5.216524E1	8.162112E0
4.821277E1	5.239049E1	8.147148E0
4.824609E1	5.248608E1	8.153398E0
4.827941E1	5.259474E1	8.097337E0
4.831273E1	5.275666E1	8.045262E0
4.834605E1	5.282218E1	7.986244E0
4.837937E1	5.283145E1	7.975882E0
4.841269E1	5.280708E1	7.996339E0
4.844601E1	5.275189E1	7.989711E0
4.847932E1	5.269291E1	8.056900E0
4.851264E1	5.269915E1	8.244843E0
4.854596E1	5.270146E1	8.345998E0
4.857928E1	5.264831E1	8.338909E0
4.861260E1	5.258644E1	8.269129E0
4.864592E1	5.265179E1	8.250907E0
4.867924E1	5.281379E1	8.245302E0
4.871256E1	5.323664E1	8.244946E0
4.874588E1	5.359040E1	8.246935E0
4.877920E1	5.384438E1	8.265551E0
4.881252E1	5.391644E1	8.207032E0
4.884583E1	5.390754E1	8.219572E0
4.887915E1	5.390564E1	8.211330E0
4.891247E1	5.386504E1	8.190968E0
4.894579E1	5.367150E1	8.241866E0
4.897911E1	5.340163E1	8.253810E0
4.901243E1	5.309650E1	8.196140E0
4.904575E1	5.293970E1	8.183622E0
4.907907E1	5.268215E1	8.158794E0
4.911239E1	5.279139E1	8.159950E0
4.914571E1	5.314657E1	8.090997E0
4.917903E1	5.352277E1	8.140978E0
4.921235E1	5.378076E1	8.166206E0
4.924566E1	5.387240E1	8.118879E0
4.927898E1	5.395399E1	8.120995E0
4.931230E1	5.406445E1	8.120746E0
4.934562E1	5.412107E1	8.086939E0
4.937894E1	5.416742E1	8.056652E0
4.941226E1	5.416798E1	8.066723E0
4.944558E1	5.406523E1	8.042291E0
4.947890E1	5.399869E1	8.191280E0
4.951222E1	5.399324E1	8.367329E0
4.954554E1	5.401012E1	8.418778E0
4.957886E1	5.403384E1	8.348959E0
4.961217E1	5.413460E1	8.300708E0
4.964549E1	5.440700E1	8.298256E0
4.967881E1	5.465698E1	8.314814E0
4.971213E1	5.476243E1	8.291125E0
4.974545E1	5.486001E1	8.274826E0
4.977877E1	5.498862E1	8.253069E0
4.981209E1	5.499977E1	8.285284E0
4.984541E1	5.500478E1	8.300843E0
4.987873E1	5.499163E1	8.304101E0
4.991205E1	5.494614E1	8.270829E0
4.994537E1	5.478596E1	8.302746E0
4.997869E1	5.452639E1	8.336782E0
5.001200E1	5.424492E1	8.301072E0
5.004532E1	5.423242E1	8.341436E0
5.007864E1	5.406410E1	8.284240E0
5.011196E1	5.419330E1	8.289860E0
5.014528E1	5.446228E1	8.305530E0
5.017860E1	5.467139E1	8.325022E0
5.021192E1	5.481606E1	8.374727E0
5.024524E1	5.487661E1	8.364594E0
5.027856E1	5.489221E1	8.297615E0
5.031188E1	5.492356E1	8.313635E0
5.034520E1	5.492562E1	8.315158E0
5.037851E1	5.491792E1	8.324564E0
5.041183E1	5.492778E1	8.322918E0
5.044515E1	5.490197E1	8.295278E0
5.047847E1	5.481462E1	8.435779E0
5.051179E1	5.487472E1	8.630828E0
5.054511E1	5.489216E1	8.734559E0
5.057843E1	5.487132E1	8.772752E0
5.061175E1	5.499407E1	8.729348E0
5.064507E1	5.525904E1	8.699939E0
5.067839E1	5.542999E1	8.728265E0
5.071171E1	5.531907E1	8.696097E0
5.074503E1	5.537845E1	8.667859E0
5.077834E1	5.548688E1	8.628646E0
5.081166E1	5.563012E1	8.636695E0
5.084498E1	5.568232E1	8.648999E0
5.087830E1	5.569334E1	8.656578E0
5.091162E1	5.563311E1	8.587748E0
5.094494E1	5.544311E1	8.558847E0
5.097826E1	5.515255E1	8.615287E0
5.101158E1	5.481214E1	8.584130E0
5.104490E1	5.467275E1	8.577485E0
5.107822E1	5.451398E1	8.535828E0
5.111154E1	5.465757E1	8.586640E0
5.114485E1	5.502019E1	8.604246E0
5.117817E1	5.527897E1	8.568208E0
5.121149E1	5.542050E1	8.590542E0
5.124481E1	5.546323E1	8.591893E0
5.127813E1	5.544304E1	8.518812E0
5.131145E1	5.548052E1	8.562538E0
5.134477E1	5.548088E1	8.568586E0
5.137809E1	5.544048E1	8.523395E0
5.141141E1	5.548413E1	8.561420E0
5.144473E1	5.547709E1	8.580467E0
5.147805E1	5.536997E1	8.595047E0
5.151136E1	5.542575E1	8.735549E0
5.154468E1	5.535020E1	8.865791E0
5.157800E1	5.535470E1	8.809573E0
5.161132E1	5.553550E1	8.716095E0
