	mass A		
t	x	y	
0.000000E0	9.661403E-2	-8.549914E-4
3.331913E-2	5.073384E-2	3.083878E-2
6.663826E-2	3.863718E-2	9.505778E-2
9.995739E-2	7.859146E-2	1.723970E-1
1.332765E-1	7.068511E-2	1.540284E-1
1.665956E-1	4.203701E-2	1.218072E-1
1.999148E-1	1.087720E-1	1.349257E-1
2.332339E-1	2.495952E-1	1.628971E-1
2.665530E-1	3.944366E-1	1.464587E-1
2.998722E-1	4.792595E-1	1.661187E-1
3.331913E-1	5.356547E-1	1.674124E-1
3.665104E-1	6.332752E-1	1.644777E-1
3.998295E-1	7.851960E-1	1.587236E-1
4.331487E-1	9.491134E-1	1.525988E-1
4.664678E-1	1.081637E0	1.057648E-1
4.997869E-1	1.226895E0	1.090849E-1
5.331061E-1	1.381751E0	1.000121E-1
5.664252E-1	1.518016E0	7.082271E-2
5.997443E-1	1.612948E0	8.248936E-2
6.330634E-1	1.727899E0	7.189827E-2
6.663826E-1	1.882637E0	4.150923E-2
6.997017E-1	2.028817E0	4.382496E-2
7.330208E-1	2.110054E0	3.159168E-2
7.663400E-1	2.125744E0	1.875269E-2
7.996591E-1	2.121784E0	2.011133E-2
8.329782E-1	2.112721E0	2.983436E-2
8.662973E-1	2.110352E0	2.993174E-2
8.996165E-1	2.101940E0	3.070492E-2
9.329356E-1	2.059581E0	2.719482E-2
9.662547E-1	1.945996E0	6.903132E-2
9.995739E-1	1.678755E0	2.072839E-1
1.032893E0	1.452933E0	3.855484E-1
1.066212E0	1.355153E0	4.619633E-1
1.099531E0	1.411699E0	4.068989E-1
1.132850E0	1.437924E0	3.642212E-1
1.166169E0	1.482803E0	3.871759E-1
1.199489E0	1.591599E0	3.823645E-1
1.232808E0	1.671371E0	3.694107E-1
1.266127E0	1.757985E0	3.713413E-1
1.299446E0	1.821430E0	3.515758E-1
1.332765E0	1.862760E0	3.332782E-1
1.366084E0	1.895011E0	3.089756E-1
1.399403E0	1.894271E0	3.071358E-1
1.432723E0	1.996262E0	2.901559E-1
1.466042E0	2.179804E0	2.508381E-1
1.499361E0	2.303374E0	3.084350E-1
1.532680E0	2.456918E0	2.883216E-1
1.565999E0	2.602664E0	2.760055E-1
1.599318E0	2.745100E0	2.583824E-1
1.632637E0	2.860599E0	2.531998E-1
1.665956E0	2.953604E0	2.673910E-1
1.699276E0	3.041311E0	2.473989E-1
1.732595E0	3.129570E0	2.546848E-1
1.765914E0	3.168115E0	2.597580E-1
1.799233E0	3.171150E0	2.542039E-1
1.832552E0	3.164529E0	2.591593E-1
1.865871E0	3.154464E0	2.375569E-1
1.899190E0	3.103470E0	2.256607E-1
1.932509E0	3.103433E0	1.896562E-1
1.965829E0	3.081343E0	1.373849E-1
1.999148E0	3.118995E0	9.001672E-2
2.032467E0	3.033694E0	1.676431E-1
2.065786E0	3.014720E0	2.510596E-1
2.099105E0	2.989846E0	2.467293E-1
2.132424E0	2.956960E0	2.474851E-1
2.165743E0	2.973564E0	2.427650E-1
2.199062E0	3.079095E0	2.778625E-1
2.232382E0	3.213834E0	2.768606E-1
2.265701E0	3.261232E0	2.890006E-1
2.299020E0	3.246385E0	2.893597E-1
2.332339E0	3.259748E0	2.880827E-1
2.365658E0	3.470198E0	2.901522E-1
2.398977E0	3.784912E0	2.960242E-1
2.432296E0	4.056170E0	3.381216E-1
2.465616E0	4.096533E0	3.554521E-1
2.498935E0	4.125804E0	3.312142E-1
2.532254E0	4.245121E0	3.300250E-1
2.565573E0	4.406524E0	3.301628E-1
2.598892E0	4.514733E0	3.374927E-1
2.632211E0	4.628103E0	3.614191E-1
2.665530E0	4.777743E0	3.284220E-1
2.698849E0	4.914907E0	3.404898E-1
2.732169E0	5.000748E0	3.263767E-1
2.765488E0	5.034264E0	3.354662E-1
2.798807E0	5.031011E0	3.373059E-1
2.832126E0	5.025176E0	3.390235E-1
2.865445E0	5.018880E0	3.441959E-1
2.898764E0	5.011567E0	3.455407E-1
2.932083E0	5.025998E0	3.475624E-1
2.965402E0	4.958226E0	5.069028E-1
2.998722E0	4.873291E0	6.268860E-1
3.032041E0	4.760432E0	6.332265E-1
3.065360E0	4.709059E0	5.959077E-1
3.098679E0	4.665672E0	5.855952E-1
3.131998E0	4.634542E0	6.197111E-1
3.165317E0	4.682520E0	5.863698E-1
3.198636E0	4.729171E0	5.652995E-1
3.231955E0	4.869027E0	5.660336E-1
3.265275E0	5.044206E0	5.540393E-1
3.298594E0	5.095528E0	5.668813E-1
3.331913E0	5.134058E0	5.772901E-1
3.365232E0	5.218956E0	5.351126E-1
3.398551E0	5.297003E0	5.518347E-1
3.431870E0	5.391015E0	5.621854E-1
3.465189E0	5.475506E0	5.432027E-1
3.498508E0	5.571526E0	5.458001E-1
3.531828E0	5.661197E0	5.562075E-1
3.565147E0	5.733909E0	5.517343E-1
3.598466E0	5.743564E0	5.448198E-1
3.631785E0	5.762487E0	5.298113E-1
3.665104E0	5.890162E0	5.203783E-1
3.698423E0	5.910858E0	5.409522E-1
3.731742E0	5.940434E0	5.623755E-1
3.765062E0	5.958558E0	5.407647E-1
3.798381E0	5.959590E0	5.409842E-1
3.831700E0	5.946761E0	5.480992E-1
3.865019E0	5.933311E0	5.514001E-1
3.898338E0	5.920946E0	4.914174E-1
3.931657E0	5.888222E0	4.973015E-1
3.964976E0	5.912944E0	4.317521E-1
3.998295E0	5.942899E0	4.150965E-1
4.031615E0	5.901869E0	5.049763E-1
4.064934E0	5.910501E0	5.229113E-1
4.098253E0	5.907872E0	5.251026E-1
4.131572E0	5.881440E0	5.168070E-1
4.164891E0	5.886885E0	5.080611E-1
4.198210E0	5.947682E0	5.279048E-1
4.231529E0	6.101570E0	5.581492E-1
4.264848E0	6.272573E0	5.746744E-1
4.298168E0	6.336715E0	5.862592E-1
4.331487E0	6.359359E0	5.814544E-1
4.364806E0	6.458381E0	5.853458E-1
4.398125E0	6.627112E0	5.897980E-1
4.431444E0	6.815318E0	6.257856E-1
4.464763E0	6.921340E0	6.438871E-1
4.498082E0	7.000063E0	6.332784E-1
4.531401E0	7.082448E0	6.447470E-1
4.564721E0	7.153681E0	6.230890E-1
4.598040E0	7.244078E0	6.299674E-1
4.631359E0	7.375082E0	5.881297E-1
4.664678E0	7.540467E0	5.663359E-1
4.697997E0	7.651963E0	5.390737E-1
4.731316E0	7.712133E0	5.268578E-1
4.764635E0	7.735445E0	5.406105E-1
4.797955E0	7.733710E0	5.389148E-1
4.831274E0	7.732245E0	5.388860E-1
4.864593E0	7.756387E0	5.275464E-1
4.897912E0	7.779504E0	5.532821E-1
4.931231E0	7.760079E0	5.236971E-1
4.964550E0	7.757745E0	5.321530E-1
4.997869E0	7.681934E0	5.928779E-1
5.031188E0	7.601262E0	6.244767E-1
5.064508E0	7.511343E0	6.884240E-1
5.097827E0	7.426906E0	6.991005E-1
5.131146E0	7.427858E0	7.287824E-1
5.164465E0	7.450871E0	7.662585E-1
5.197784E0	7.564659E0	7.442244E-1
5.231103E0	7.671480E0	7.126068E-1
5.264422E0	7.781683E0	6.940967E-1
5.297741E0	7.813585E0	6.543230E-1
5.331061E0	7.875320E0	6.323917E-1
5.364380E0	7.971949E0	6.314484E-1
5.397699E0	8.005225E0	6.346294E-1
5.431018E0	8.067259E0	6.093156E-1
5.464337E0	8.170794E0	6.069538E-1
5.497656E0	8.164123E0	6.218212E-1
5.530975E0	8.168111E0	6.261255E-1
5.564294E0	8.180206E0	6.225089E-1
5.597614E0	8.235206E0	6.126963E-1
5.630933E0	8.282583E0	6.018785E-1
5.664252E0	8.347329E0	6.001584E-1
5.697571E0	8.385821E0	5.979351E-1
5.730890E0	8.406840E0	5.791704E-1
5.764209E0	8.433012E0	5.905543E-1
5.797528E0	8.435638E0	5.886349E-1
5.830847E0	8.419590E0	5.756993E-1
5.864167E0	8.377351E0	5.868519E-1
5.897486E0	8.371076E0	5.785860E-1
5.930805E0	8.372915E0	5.939909E-1
5.964124E0	8.346009E0	6.473355E-1
5.997443E0	8.204529E0	6.829908E-1
6.030762E0	8.088228E0	7.420268E-1
6.064081E0	7.878124E0	7.220569E-1
6.097401E0	7.444604E0	6.137639E-1
6.130720E0	7.199400E0	5.438138E-1
6.164039E0	7.284466E0	5.731646E-1
6.197358E0	7.574233E0	7.293900E-1
6.230677E0	7.798044E0	8.509990E-1
6.263996E0	7.969910E0	8.817841E-1
6.297315E0	8.007888E0	8.894869E-1
6.330634E0	8.028154E0	8.906141E-1
6.363954E0	8.132211E0	8.992402E-1
6.397273E0	8.245333E0	9.204084E-1
6.430592E0	8.323531E0	9.548782E-1
6.463911E0	8.395436E0	9.539846E-1
6.497230E0	8.487443E0	9.730456E-1
6.530549E0	8.582853E0	9.462377E-1
6.563868E0	8.685736E0	9.462278E-1
6.597187E0	8.806804E0	9.685714E-1
6.630507E0	8.923612E0	9.597950E-1
6.663826E0	8.974189E0	9.660183E-1
6.697145E0	8.977823E0	9.705029E-1
6.730464E0	9.029979E0	9.678812E-1
6.763783E0	9.084899E0	9.708343E-1
6.797102E0	9.127037E0	9.433528E-1
6.830421E0	9.112955E0	9.514817E-1
6.863740E0	9.092953E0	9.636689E-1
6.897060E0	9.078885E0	9.698613E-1
6.930379E0	9.116344E0	9.810367E-1
6.963698E0	9.071714E0	1.167437E0
6.997017E0	9.052626E0	1.328504E0
7.030336E0	9.041522E0	1.295171E0
7.063655E0	9.014568E0	1.259927E0
7.096974E0	9.008043E0	1.284517E0
7.130293E0	9.015852E0	1.276801E0
7.163613E0	9.063803E0	1.275404E0
7.196932E0	9.174357E0	1.271373E0
7.230251E0	9.291622E0	1.311362E0
7.263570E0	9.388634E0	1.356496E0
7.296889E0	9.394382E0	1.332570E0
7.330208E0	9.418147E0	1.320581E0
7.363527E0	9.418896E0	1.320976E0
7.396847E0	9.432424E0	1.304707E0
7.430166E0	9.538106E0	1.287953E0
7.463485E0	9.708901E0	1.277053E0
7.496804E0	9.851355E0	1.316060E0
7.530123E0	9.921834E0	1.308401E0
7.563442E0	9.992862E0	1.273216E0
7.596761E0	1.007003E1	1.304326E0
7.630080E0	1.012707E1	1.314132E0
7.663400E0	1.010461E1	1.308714E0
7.696719E0	1.012851E1	1.320490E0
7.730038E0	1.015602E1	1.308517E0
7.763357E0	1.017796E1	1.337829E0
7.796676E0	1.018063E1	1.333036E0
7.829995E0	1.017620E1	1.334045E0
7.863314E0	1.015068E1	1.311770E0
7.896633E0	1.015312E1	1.273656E0
7.929953E0	1.012235E1	1.270113E0
7.963272E0	1.015520E1	1.245465E0
7.996591E0	1.013686E1	1.222180E0
8.029910E0	1.008077E1	1.287638E0
8.063229E0	1.008092E1	1.322813E0
8.096548E0	1.008046E1	1.317509E0
8.129867E0	1.006728E1	1.322113E0
8.163186E0	1.006841E1	1.321645E0
8.196506E0	1.010886E1	1.311396E0
8.229825E0	1.020533E1	1.333246E0
8.263144E0	1.033761E1	1.378849E0
8.296463E0	1.042526E1	1.401759E0
8.329782E0	1.044361E1	1.436291E0
8.363101E0	1.050496E1	1.421125E0
8.396420E0	1.058801E1	1.365059E0
8.429740E0	1.073611E1	1.373347E0
8.463059E0	1.089850E1	1.385270E0
8.496378E0	1.105602E1	1.405730E0
8.529697E0	1.117369E1	1.406848E0
8.563016E0	1.129101E1	1.398382E0
8.596335E0	1.143263E1	1.411287E0
8.629654E0	1.158172E1	1.427020E0
8.662973E0	1.170796E1	1.416064E0
8.696293E0	1.181942E1	1.413735E0
8.729612E0	1.190274E1	1.428754E0
8.762931E0	1.193037E1	1.413659E0
8.796250E0	1.192903E1	1.414113E0
8.829569E0	1.192868E1	1.413394E0
8.862888E0	1.192785E1	1.413694E0
8.896207E0	1.191718E1	1.420173E0
8.929526E0	1.189718E1	1.400488E0
8.962846E0	1.183142E1	1.436314E0
8.996165E0	1.171766E1	1.604897E0
9.029484E0	1.165105E1	1.782604E0
9.062803E0	1.164740E1	1.814067E0
9.096122E0	1.167290E1	1.746535E0
9.129441E0	1.166299E1	1.748054E0
9.162760E0	1.169839E1	1.753307E0
9.196079E0	1.175548E1	1.747152E0
9.229399E0	1.183696E1	1.745617E0
9.262718E0	1.191617E1	1.751219E0
9.296037E0	1.199596E1	1.719692E0
9.329356E0	1.203363E1	1.725829E0
9.362675E0	1.206760E1	1.741504E0
9.395994E0	1.213555E1	1.726873E0
9.429313E0	1.228019E1	1.710863E0
9.462632E0	1.246045E1	1.741803E0
9.495952E0	1.262492E1	1.768308E0
9.529271E0	1.272777E1	1.785401E0
9.562590E0	1.280919E1	1.732778E0
9.595909E0	1.282019E1	1.715279E0
9.629228E0	1.284716E1	1.718193E0
9.662547E0	1.288602E1	1.738517E0
9.695866E0	1.298556E1	1.767421E0
9.729186E0	1.308234E1	1.824751E0
9.762505E0	1.312963E1	1.841381E0
9.795824E0	1.313639E1	1.830323E0
9.829143E0	1.313289E1	1.833507E0
9.862462E0	1.311889E1	1.839108E0
9.895781E0	1.312270E1	1.796627E0
9.929100E0	1.309786E1	1.780084E0
9.962419E0	1.310451E1	1.740459E0
9.995739E0	1.312439E1	1.679007E0
1.002906E1	1.308901E1	1.780357E0
1.006238E1	1.311131E1	1.843530E0
1.009570E1	1.308539E1	1.835685E0
1.012902E1	1.307755E1	1.837308E0
1.016233E1	1.306080E1	1.838992E0
1.019565E1	1.307947E1	1.827580E0
1.022897E1	1.317025E1	1.830082E0
1.026229E1	1.333789E1	1.868465E0
1.029561E1	1.343559E1	1.911783E0
1.032893E1	1.351417E1	1.919841E0
1.036225E1	1.361518E1	1.926566E0
1.039557E1	1.371437E1	1.934761E0
1.042889E1	1.379017E1	1.927748E0
1.046221E1	1.382858E1	1.915080E0
1.049553E1	1.388284E1	1.888297E0
1.052884E1	1.402633E1	1.893843E0
1.056216E1	1.417933E1	1.886806E0
1.059548E1	1.427530E1	1.899033E0
1.062880E1	1.435793E1	1.918431E0
1.066212E1	1.443815E1	1.872641E0
1.069544E1	1.452922E1	1.877285E0
1.072876E1	1.463481E1	1.865870E0
1.076208E1	1.473300E1	1.868306E0
1.079540E1	1.478340E1	1.874479E0
1.082872E1	1.478938E1	1.873730E0
1.086204E1	1.479422E1	1.874297E0
1.089536E1	1.481241E1	1.875426E0
1.092867E1	1.480244E1	1.893436E0
1.096199E1	1.485429E1	2.014725E0
1.099531E1	1.497288E1	2.167573E0
1.102863E1	1.503731E1	2.175013E0
1.106195E1	1.504063E1	2.205172E0
1.109527E1	1.509277E1	2.221560E0
1.112859E1	1.513763E1	2.183038E0
1.116191E1	1.514207E1	2.189601E0
1.119523E1	1.515553E1	2.196550E0
1.122855E1	1.524549E1	2.195700E0
1.126187E1	1.535367E1	2.188551E0
1.129518E1	1.541888E1	2.177666E0
1.132850E1	1.542898E1	2.178403E0
1.136182E1	1.542551E1	2.186334E0
1.139514E1	1.552696E1	2.197013E0
1.142846E1	1.568586E1	2.213329E0
1.146178E1	1.581655E1	2.231317E0
1.149510E1	1.584077E1	2.218044E0
1.152842E1	1.582860E1	2.207489E0
1.156174E1	1.587306E1	2.203263E0
1.159506E1	1.600090E1	2.191063E0
1.162838E1	1.610857E1	2.196686E0
1.166169E1	1.618616E1	2.197528E0
1.169501E1	1.625218E1	2.230466E0
1.172833E1	1.630882E1	2.237266E0
1.176165E1	1.633492E1	2.241546E0
1.179497E1	1.635209E1	2.236792E0
1.182829E1	1.633019E1	2.242331E0
1.186161E1	1.630067E1	2.250318E0
1.189493E1	1.631761E1	2.227686E0
1.192825E1	1.626357E1	2.198134E0
1.196157E1	1.622282E1	2.190979E0
1.199489E1	1.619333E1	2.138121E0
1.202821E1	1.614693E1	2.209620E0
1.206152E1	1.620220E1	2.245944E0
1.209484E1	1.620778E1	2.237002E0
1.212816E1	1.618829E1	2.216041E0
1.216148E1	1.620000E1	2.216430E0
1.219480E1	1.626959E1	2.245799E0
1.222812E1	1.641419E1	2.337813E0
1.226144E1	1.648550E1	2.392442E0
1.229476E1	1.654779E1	2.398664E0
1.232808E1	1.660495E1	2.406937E0
1.236140E1	1.671321E1	2.421004E0
1.239472E1	1.686884E1	2.442515E0
1.242803E1	1.698173E1	2.461014E0
1.246135E1	1.706725E1	2.481661E0
1.249467E1	1.715775E1	2.488393E0
1.252799E1	1.728768E1	2.499410E0
1.256131E1	1.745358E1	2.499811E0
1.259463E1	1.759040E1	2.491815E0
1.262795E1	1.768324E1	2.491298E0
1.266127E1	1.777738E1	2.495603E0
1.269459E1	1.786796E1	2.442929E0
1.272791E1	1.791732E1	2.435124E0
1.276123E1	1.791444E1	2.436540E0
1.279455E1	1.791101E1	2.438353E0
1.282786E1	1.790759E1	2.439920E0
1.286118E1	1.790558E1	2.441148E0
1.289450E1	1.791394E1	2.442568E0
1.292782E1	1.789872E1	2.470394E0
1.296114E1	1.790968E1	2.554756E0
1.299446E1	1.795005E1	2.680796E0
1.302778E1	1.798993E1	2.722330E0
1.306110E1	1.801297E1	2.720588E0
1.309442E1	1.803439E1	2.718222E0
1.312774E1	1.807053E1	2.725133E0
1.316106E1	1.813019E1	2.729335E0
1.319437E1	1.813517E1	2.750437E0
1.322769E1	1.817657E1	2.759578E0
1.326101E1	1.828702E1	2.760546E0
1.329433E1	1.838173E1	2.746145E0
1.332765E1	1.843265E1	2.730203E0
1.336097E1	1.850112E1	2.715779E0
1.339429E1	1.852700E1	2.722704E0
1.342761E1	1.849724E1	2.712946E0
1.346093E1	1.854696E1	2.708874E0
1.349425E1	1.871333E1	2.711396E0
1.352757E1	1.893538E1	2.698653E0
1.356089E1	1.905068E1	2.719169E0
1.359420E1	1.914033E1	2.730995E0
1.362752E1	1.918895E1	2.734419E0
1.366084E1	1.926179E1	2.759170E0
1.369416E1	1.934687E1	2.773644E0
1.372748E1	1.940934E1	2.797887E0
1.376080E1	1.945076E1	2.811992E0
1.379412E1	1.945450E1	2.806383E0
1.382744E1	1.945918E1	2.807841E0
1.386076E1	1.943457E1	2.801107E0
1.389408E1	1.944655E1	2.760847E0
1.392740E1	1.939692E1	2.751611E0
1.396071E1	1.937150E1	2.755564E0
1.399403E1	1.933618E1	2.715653E0
1.402735E1	1.925743E1	2.766472E0
1.406067E1	1.911988E1	2.800931E0
1.409399E1	1.921388E1	2.808639E0
1.412731E1	1.933206E1	2.776228E0
1.416063E1	1.933020E1	2.757007E0
1.419395E1	1.937371E1	2.774549E0
1.422727E1	1.945988E1	2.820737E0
1.426059E1	1.958768E1	2.879398E0
1.429391E1	1.967225E1	2.919661E0
1.432723E1	1.972526E1	2.919331E0
1.436054E1	1.981324E1	2.921637E0
1.439386E1	1.993512E1	2.947312E0
1.442718E1	2.003233E1	2.980667E0
1.446050E1	2.012571E1	2.998407E0
1.449382E1	2.019213E1	2.979779E0
1.452714E1	2.024127E1	2.956334E0
1.456046E1	2.032794E1	2.970826E0
1.459378E1	2.043598E1	2.995591E0
1.462710E1	2.054718E1	3.030325E0
1.466042E1	2.063339E1	3.015863E0
1.469374E1	2.066223E1	3.025610E0
1.472705E1	2.064440E1	3.028903E0
1.476037E1	2.064915E1	3.026698E0
1.479369E1	2.065872E1	3.023587E0
1.482701E1	2.066073E1	3.022489E0
1.486033E1	2.066249E1	3.021896E0
1.489365E1	2.063365E1	3.014785E0
1.492697E1	2.066304E1	3.030679E0
1.496029E1	2.066793E1	3.057542E0
1.499361E1	2.054442E1	3.175759E0
1.502693E1	2.040170E1	3.296433E0
1.506025E1	2.039980E1	3.340787E0
1.509357E1	2.040837E1	3.288182E0
1.512688E1	2.039838E1	3.264627E0
1.516020E1	2.043794E1	3.285109E0
1.519352E1	2.049689E1	3.287516E0
1.522684E1	2.058004E1	3.285386E0
1.526016E1	2.069859E1	3.278728E0
1.529348E1	2.077363E1	3.263222E0
1.532680E1	2.080117E1	3.243326E0
1.536012E1	2.082566E1	3.247246E0
1.539344E1	2.087683E1	3.249775E0
1.542676E1	2.100632E1	3.245039E0
1.546008E1	2.112843E1	3.267330E0
1.549339E1	2.121732E1	3.284594E0
1.552671E1	2.124009E1	3.290704E0
1.556003E1	2.122783E1	3.289432E0
1.559335E1	2.122777E1	3.286662E0
1.562667E1	2.127558E1	3.279275E0
1.565999E1	2.138489E1	3.249136E0
1.569331E1	2.141167E1	3.289994E0
1.572663E1	2.150661E1	3.313192E0
1.575995E1	2.153674E1	3.319913E0
1.579327E1	2.153799E1	3.327172E0
1.582659E1	2.153520E1	3.332131E0
1.585991E1	2.149706E1	3.331105E0
1.589322E1	2.149824E1	3.315732E0
1.592654E1	2.144564E1	3.293654E0
1.595986E1	2.141051E1	3.294636E0
1.599318E1	2.140792E1	3.223788E0
1.602650E1	2.136622E1	3.278162E0
1.605982E1	2.141407E1	3.342708E0
1.609314E1	2.144145E1	3.299918E0
1.612646E1	2.141978E1	3.251492E0
1.615978E1	2.143656E1	3.254726E0
1.619310E1	2.143558E1	3.251451E0
1.622642E1	2.146547E1	3.265350E0
1.625973E1	2.161678E1	3.315365E0
1.629305E1	2.181164E1	3.418497E0
1.632637E1	2.193672E1	3.441787E0
1.635969E1	2.196176E1	3.454672E0
1.639301E1	2.202621E1	3.449020E0
1.642633E1	2.214989E1	3.467681E0
1.645965E1	2.224384E1	3.488727E0
1.649297E1	2.228087E1	3.472933E0
1.652629E1	2.231785E1	3.439063E0
1.655961E1	2.238815E1	3.426101E0
1.659293E1	2.242310E1	3.423914E0
1.662625E1	2.246123E1	3.411056E0
1.665956E1	2.257862E1	3.379652E0
1.669288E1	2.271379E1	3.392076E0
1.672620E1	2.277219E1	3.397749E0
1.675952E1	2.277904E1	3.394520E0
1.679284E1	2.278185E1	3.392597E0
1.682616E1	2.278080E1	3.392902E0
1.685948E1	2.276699E1	3.397672E0
1.689280E1	2.280224E1	3.392819E0
1.692612E1	2.280207E1	3.429952E0
1.695944E1	2.285903E1	3.549286E0
1.699276E1	2.286672E1	3.714788E0
1.702607E1	2.287685E1	3.630711E0
1.705939E1	2.292917E1	3.568003E0
1.709271E1	2.293017E1	3.635545E0
1.712603E1	2.295574E1	3.605010E0
1.715935E1	2.298580E1	3.600596E0
1.719267E1	2.302853E1	3.564667E0
1.722599E1	2.308682E1	3.630101E0
1.725931E1	2.308939E1	3.721659E0
1.729263E1	2.308075E1	3.698684E0
1.732595E1	2.315197E1	3.701451E0
1.735927E1	2.324828E1	3.688693E0
1.739259E1	2.332571E1	3.692403E0
1.742590E1	2.340482E1	3.688530E0
1.745922E1	2.351826E1	3.695631E0
1.749254E1	2.363930E1	3.714395E0
1.752586E1	2.373539E1	3.704070E0
1.755918E1	2.381489E1	3.711753E0
1.759250E1	2.391721E1	3.713509E0
1.762582E1	2.400439E1	3.713426E0
1.765914E1	2.402630E1	3.721599E0
1.769246E1	2.404604E1	3.682862E0
1.772578E1	2.404953E1	3.680721E0
1.775910E1	2.404797E1	3.683268E0
1.779241E1	2.404340E1	3.688177E0
1.782573E1	2.404158E1	3.691135E0
1.785905E1	2.403989E1	3.692244E0
1.789237E1	2.402996E1	3.701520E0
1.792569E1	2.403053E1	3.694794E0
1.795901E1	2.402427E1	3.709932E0
1.799233E1	2.395593E1	3.706115E0
1.802565E1	2.380189E1	3.660423E0
1.805897E1	2.368828E1	3.649014E0
1.809229E1	2.363927E1	3.608297E0
1.812561E1	2.359753E1	3.544830E0
1.815893E1	2.360020E1	3.546565E0
1.819224E1	2.365748E1	3.546650E0
1.822556E1	2.374965E1	3.561475E0
1.825888E1	2.380091E1	3.581964E0
1.829220E1	2.385094E1	3.590533E0
1.832552E1	2.390305E1	3.593154E0
1.835884E1	2.396095E1	3.604106E0
1.839216E1	2.399879E1	3.600816E0
1.842548E1	2.406281E1	3.595182E0
1.845880E1	2.415409E1	3.582402E0
1.849212E1	2.424706E1	3.597930E0
1.852544E1	2.432448E1	3.583301E0
1.855875E1	2.440923E1	3.583931E0
1.859207E1	2.445788E1	3.557565E0
1.862539E1	2.444158E1	3.527756E0
1.865871E1	2.449628E1	3.497874E0
1.869203E1	2.454263E1	3.499396E0
1.872535E1	2.459695E1	3.524654E0
1.875867E1	2.464250E1	3.526743E0
1.879199E1	2.464335E1	3.531789E0
1.882531E1	2.465135E1	3.538633E0
1.885863E1	2.465985E1	3.584414E0
1.889195E1	2.476267E1	3.674454E0
1.892526E1	2.486972E1	3.786410E0
1.895858E1	2.498534E1	3.941051E0
1.899190E1	2.499627E1	4.066701E0
1.902522E1	2.501246E1	4.028299E0
1.905854E1	2.493194E1	3.958442E0
1.909186E1	2.486804E1	3.948609E0
1.912518E1	2.487604E1	3.966086E0
1.915850E1	2.488960E1	3.972181E0
1.919182E1	2.493524E1	3.974759E0
1.922514E1	2.498697E1	3.979166E0
1.925846E1	2.503454E1	4.000288E0
1.929178E1	2.519013E1	4.033641E0
1.932509E1	2.528022E1	4.076565E0
1.935841E1	2.531704E1	4.079796E0
1.939173E1	2.535283E1	4.084608E0
1.942505E1	2.544459E1	4.131215E0
1.945837E1	2.559171E1	4.140074E0
1.949169E1	2.569013E1	4.156449E0
1.952501E1	2.576591E1	4.183451E0
1.955833E1	2.584478E1	4.190714E0
1.959165E1	2.594398E1	4.207383E0
1.962497E1	2.607547E1	4.227618E0
1.965829E1	2.619710E1	4.254180E0
1.969160E1	2.630010E1	4.293560E0
1.972492E1	2.640122E1	4.329357E0
1.975824E1	2.653468E1	4.180678E0
1.979156E1	2.651855E1	4.180821E0
1.982488E1	2.649684E1	4.159497E0
1.985820E1	2.651279E1	4.137839E0
1.989152E1	2.650779E1	4.180916E0
1.992484E1	2.650829E1	4.180540E0
1.995816E1	2.647074E1	4.156990E0
1.999148E1	2.639671E1	4.141846E0
2.002480E1	2.634650E1	4.183007E0
2.005812E1	2.634384E1	4.300690E0
2.009143E1	2.635719E1	4.358298E0
2.012475E1	2.634343E1	4.308228E0
2.015807E1	2.627919E1	4.184836E0
2.019139E1	2.628902E1	4.133605E0
2.022471E1	2.644251E1	4.180033E0
2.025803E1	2.662662E1	4.216609E0
2.029135E1	2.674652E1	4.210830E0
2.032467E1	2.683086E1	4.190315E0
2.035799E1	2.690183E1	4.194825E0
2.039131E1	2.699336E1	4.206211E0
2.042463E1	2.706995E1	4.218275E0
2.045794E1	2.710946E1	4.239650E0
2.049126E1	2.717133E1	4.255122E0
2.052458E1	2.726036E1	4.283862E0
2.055790E1	2.728591E1	4.278060E0
2.059122E1	2.729114E1	4.273144E0
2.062454E1	2.741708E1	4.263775E0
2.065786E1	2.759251E1	4.205120E0
2.069118E1	2.764072E1	4.167863E0
2.072450E1	2.759209E1	4.163820E0
2.075782E1	2.754379E1	4.148969E0
2.079114E1	2.755892E1	4.120106E0
2.082446E1	2.753973E1	4.134903E0
2.085777E1	2.751472E1	4.143476E0
2.089109E1	2.744012E1	4.091726E0
2.092441E1	2.737935E1	4.073447E0
2.095773E1	2.737285E1	4.068626E0
2.099105E1	2.734212E1	4.127486E0
2.102437E1	2.725588E1	4.274791E0
2.105769E1	2.691297E1	4.452727E0
2.109101E1	2.629543E1	4.564224E0
2.112433E1	2.589403E1	4.773006E0
2.115765E1	2.579614E1	4.897771E0
2.119097E1	2.584442E1	4.831355E0
2.122428E1	2.591055E1	4.741234E0
2.125760E1	2.600321E1	4.619011E0
2.129092E1	2.624661E1	4.395455E0
2.132424E1	2.652924E1	4.140090E0
2.135756E1	2.672163E1	3.947901E0
2.139088E1	2.677194E1	3.902654E0
2.142420E1	2.679151E1	3.911273E0
2.145752E1	2.689430E1	3.917308E0
2.149084E1	2.705714E1	3.928291E0
2.152416E1	2.721390E1	3.942924E0
2.155748E1	2.728892E1	3.941976E0
2.159080E1	2.733060E1	3.937827E0
2.162411E1	2.738789E1	3.944225E0
2.165743E1	2.746309E1	3.958242E0
2.169075E1	2.756818E1	3.965905E0
2.172407E1	2.765401E1	3.980381E0
2.175739E1	2.772473E1	3.995871E0
2.179071E1	2.772709E1	3.999157E0
2.182403E1	2.771837E1	4.003070E0
2.185735E1	2.769046E1	4.014972E0
2.189067E1	2.765616E1	4.006030E0
2.192399E1	2.765752E1	4.005926E0
2.195731E1	2.759913E1	4.019589E0
2.199062E1	2.743590E1	4.023261E0
2.202394E1	2.734053E1	4.001145E0
2.205726E1	2.731336E1	4.034412E0
2.209058E1	2.730432E1	4.037525E0
2.212390E1	2.726637E1	3.990964E0
2.215722E1	2.727477E1	3.988666E0
2.219054E1	2.736196E1	4.023562E0
2.222386E1	2.746748E1	4.050730E0
2.225718E1	2.755868E1	4.060508E0
2.229050E1	2.761103E1	4.096880E0
2.232382E1	2.768192E1	4.161164E0
2.235714E1	2.776372E1	4.181506E0
2.239045E1	2.783738E1	4.214701E0
2.242377E1	2.788195E1	4.266185E0
2.245709E1	2.792671E1	4.285250E0
2.249041E1	2.801523E1	4.293109E0
2.252373E1	2.814094E1	4.279881E0
2.255705E1	2.827484E1	4.277038E0
2.259037E1	2.836899E1	4.237559E0
2.262369E1	2.843190E1	4.213643E0
2.265701E1	2.843288E1	4.209800E0
2.269033E1	2.844171E1	4.225504E0
2.272365E1	2.845669E1	4.205387E0
2.275696E1	2.841175E1	4.113731E0
2.279028E1	2.841865E1	4.008068E0
2.282360E1	2.844815E1	4.031345E0
2.285692E1	2.841479E1	4.038922E0
2.289024E1	2.834094E1	4.012913E0
2.292356E1	2.830845E1	3.983136E0
2.295688E1	2.829995E1	3.995049E0
2.299020E1	2.830346E1	4.034626E0
2.302352E1	2.819931E1	4.176608E0
2.305684E1	2.787255E1	4.389081E0
2.309016E1	2.736176E1	4.502224E0
2.312348E1	2.710169E1	4.579779E0
2.315679E1	2.731878E1	4.490870E0
2.319011E1	2.760929E1	4.352703E0
2.322343E1	2.787014E1	4.230435E0
2.325675E1	2.795206E1	4.216737E0
2.329007E1	2.805258E1	4.260396E0
2.332339E1	2.810093E1	4.276222E0
2.335671E1	2.816572E1	4.231990E0
2.339003E1	2.828055E1	4.170562E0
2.342335E1	2.831570E1	4.170183E0
2.345667E1	2.836769E1	4.140112E0
2.348999E1	2.853125E1	4.051138E0
2.352330E1	2.865635E1	4.052810E0
2.355662E1	2.874246E1	4.083717E0
2.358994E1	2.879082E1	4.060164E0
2.362326E1	2.887807E1	4.057825E0
2.365658E1	2.898260E1	4.061277E0
2.368990E1	2.908163E1	4.069846E0
2.372322E1	2.917776E1	4.069497E0
2.375654E1	2.924642E1	4.100213E0
2.378986E1	2.926597E1	4.119234E0
2.382318E1	2.925708E1	4.117950E0
2.385650E1	2.926227E1	4.116899E0
2.388982E1	2.923178E1	4.099621E0
2.392313E1	2.922785E1	4.092997E0
2.395645E1	2.917460E1	4.119425E0
2.398977E1	2.899139E1	4.136158E0
2.402309E1	2.885089E1	4.098166E0
2.405641E1	2.878389E1	4.076252E0
2.408973E1	2.876048E1	4.028568E0
2.412305E1	2.872051E1	4.028585E0
2.415637E1	2.872990E1	4.018220E0
2.418969E1	2.879076E1	4.035169E0
2.422301E1	2.888709E1	4.052302E0
2.425633E1	2.899872E1	4.070013E0
2.428964E1	2.907211E1	4.110698E0
2.432296E1	2.911122E1	4.162647E0
2.435628E1	2.917268E1	4.178326E0
2.438960E1	2.929035E1	4.214001E0
2.442292E1	2.937489E1	4.272422E0
2.445624E1	2.939850E1	4.290908E0
2.448956E1	2.945453E1	4.318881E0
2.452288E1	2.956848E1	4.332076E0
2.455620E1	2.972574E1	4.322154E0
2.458952E1	2.987134E1	4.300673E0
2.462284E1	2.998903E1	4.276488E0
2.465616E1	3.005247E1	4.247213E0
2.468947E1	3.006761E1	4.214111E0
2.472279E1	3.003752E1	4.213718E0
2.475611E1	2.996844E1	4.196472E0
2.478943E1	2.998160E1	4.170296E0
2.482275E1	2.998565E1	4.172423E0
2.485607E1	2.995361E1	4.172828E0
2.488939E1	2.992640E1	4.167401E0
2.492271E1	2.995162E1	4.179414E0
2.495603E1	2.994027E1	4.222066E0
2.498935E1	2.984464E1	4.221699E0
2.502267E1	2.977363E1	4.276716E0
2.505598E1	2.951407E1	4.390551E0
2.508930E1	2.906054E1	4.470404E0
2.512262E1	2.884895E1	4.492408E0
2.515594E1	2.906656E1	4.475780E0
2.518926E1	2.928529E1	4.419346E0
2.522258E1	2.949685E1	4.345898E0
2.525590E1	2.959029E1	4.330824E0
2.528922E1	2.962649E1	4.336732E0
2.532254E1	2.964963E1	4.345282E0
2.535586E1	2.964981E1	4.331798E0
2.538918E1	2.970261E1	4.319744E0
2.542250E1	2.989865E1	4.226103E0
2.545581E1	3.013965E1	4.101762E0
2.548913E1	3.031981E1	4.093572E0
2.552245E1	3.040994E1	4.155182E0
2.555577E1	3.046353E1	4.158059E0
2.558909E1	3.054388E1	4.150534E0
2.562241E1	3.064327E1	4.155528E0
2.565573E1	3.074470E1	4.171510E0
2.568905E1	3.084479E1	4.200412E0
2.572237E1	3.089411E1	4.219871E0
2.575569E1	3.091206E1	4.218795E0
2.578901E1	3.091001E1	4.216824E0
2.582232E1	3.089631E1	4.222364E0
2.585564E1	3.090477E1	4.217785E0
2.588896E1	3.083862E1	4.219620E0
2.592228E1	3.078919E1	4.208081E0
2.595560E1	3.079069E1	4.156309E0
2.598892E1	3.080149E1	4.060757E0
2.602224E1	3.081016E1	4.101633E0
2.605556E1	3.084859E1	4.163386E0
2.608888E1	3.085281E1	4.104351E0
2.612220E1	3.080214E1	4.057950E0
2.615552E1	3.081204E1	4.060933E0
2.618883E1	3.081750E1	4.071107E0
2.622215E1	3.081145E1	4.062395E0
2.625547E1	3.081187E1	4.059946E0
2.628879E1	3.088969E1	4.103445E0
2.632211E1	3.111149E1	4.161788E0
2.635543E1	3.136766E1	4.189728E0
2.638875E1	3.144686E1	4.235172E0
2.642207E1	3.144576E1	4.233820E0
2.645539E1	3.149164E1	4.243323E0
2.648871E1	3.154535E1	4.231592E0
2.652203E1	3.160759E1	4.212526E0
2.655535E1	3.166528E1	4.183499E0
2.658866E1	3.171554E1	4.190204E0
2.662198E1	3.176561E1	4.181149E0
2.665530E1	3.181606E1	4.157531E0
2.668862E1	3.190482E1	4.136506E0
2.672194E1	3.198712E1	4.143745E0
2.675526E1	3.205739E1	4.139757E0
2.678858E1	3.206378E1	4.138734E0
2.682190E1	3.205618E1	4.141089E0
2.685522E1	3.204151E1	4.145455E0
2.688854E1	3.205105E1	4.148300E0
2.692186E1	3.208844E1	4.180675E0
2.695517E1	3.212255E1	4.288005E0
2.698849E1	3.215809E1	4.519632E0
2.702181E1	3.226609E1	4.564975E0
2.705513E1	3.226518E1	4.493675E0
2.708845E1	3.219098E1	4.474355E0
2.712177E1	3.217185E1	4.470952E0
2.715509E1	3.221111E1	4.465447E0
2.718841E1	3.221925E1	4.462184E0
2.722173E1	3.225361E1	4.477056E0
2.725505E1	3.236735E1	4.478143E0
2.728837E1	3.245914E1	4.487919E0
2.732169E1	3.249700E1	4.476223E0
2.735500E1	3.257957E1	4.482079E0
2.738832E1	3.268711E1	4.479804E0
2.742164E1	3.278155E1	4.466968E0
2.745496E1	3.285774E1	4.480500E0
2.748828E1	3.285614E1	4.474978E0
2.752160E1	3.284743E1	4.468191E0
2.755492E1	3.290911E1	4.465356E0
2.758824E1	3.301437E1	4.484421E0
2.762156E1	3.312505E1	4.484598E0
2.765488E1	3.323845E1	4.496047E0
2.768820E1	3.334005E1	4.510257E0
2.772151E1	3.340939E1	4.515131E0
2.775483E1	3.346114E1	4.523546E0
2.778815E1	3.346369E1	4.516543E0
2.782147E1	3.345674E1	4.519084E0
2.785479E1	3.342195E1	4.514552E0
2.788811E1	3.340374E1	4.510280E0
2.792143E1	3.335987E1	4.473330E0
2.795475E1	3.330097E1	4.467145E0
2.798807E1	3.324919E1	4.392628E0
2.802139E1	3.319897E1	4.402147E0
2.805471E1	3.322618E1	4.475359E0
2.808803E1	3.324452E1	4.457004E0
2.812134E1	3.318649E1	4.408222E0
2.815466E1	3.319597E1	4.407055E0
2.818798E1	3.320106E1	4.405851E0
2.822130E1	3.320448E1	4.408244E0
2.825462E1	3.331197E1	4.452898E0
2.828794E1	3.347311E1	4.519608E0
2.832126E1	3.352298E1	4.570763E0
2.835458E1	3.353523E1	4.569898E0
2.838790E1	3.363359E1	4.601311E0
2.842122E1	3.377794E1	4.630439E0
2.845454E1	3.389079E1	4.638894E0
2.848785E1	3.397536E1	4.623491E0
2.852117E1	3.406890E1	4.628770E0
2.855449E1	3.417525E1	4.618955E0
2.858781E1	3.427112E1	4.618646E0
2.862113E1	3.431947E1	4.585300E0
2.865445E1	3.432910E1	4.564520E0
2.868777E1	3.434458E1	4.552374E0
2.872109E1	3.432203E1	4.558576E0
2.875441E1	3.432872E1	4.557032E0
2.878773E1	3.433637E1	4.554460E0
2.882105E1	3.432609E1	4.557951E0
2.885437E1	3.431788E1	4.561377E0
2.888768E1	3.434857E1	4.557978E0
2.892100E1	3.437004E1	4.603808E0
2.895432E1	3.444863E1	4.709466E0
2.898764E1	3.451230E1	4.911739E0
2.902096E1	3.460809E1	4.873841E0
2.905428E1	3.456432E1	4.766165E0
2.908760E1	3.451500E1	4.766942E0
2.912092E1	3.449918E1	4.825826E0
2.915424E1	3.450399E1	4.782491E0
2.918756E1	3.451619E1	4.786430E0
2.922088E1	3.459125E1	4.809330E0
2.925419E1	3.466784E1	4.818860E0
2.928751E1	3.470094E1	4.838347E0
2.932083E1	3.476344E1	4.834337E0
2.935415E1	3.485641E1	4.834554E0
2.938747E1	3.496787E1	4.835940E0
2.942079E1	3.508212E1	4.843631E0
2.945411E1	3.517079E1	4.832562E0
2.948743E1	3.524846E1	4.834699E0
2.952075E1	3.533817E1	4.845066E0
2.955407E1	3.546719E1	4.846845E0
2.958739E1	3.558066E1	4.864591E0
2.962071E1	3.567581E1	4.881917E0
2.965402E1	3.576523E1	4.878040E0
2.968734E1	3.584270E1	4.908403E0
2.972066E1	3.589752E1	4.924751E0
2.975398E1	3.590136E1	4.932157E0
2.978730E1	3.590724E1	4.928489E0
2.982062E1	3.590175E1	4.929862E0
2.985394E1	3.587143E1	4.924679E0
2.988726E1	3.585597E1	4.912158E0
2.992058E1	3.580499E1	4.874636E0
2.995390E1	3.575781E1	4.859020E0
2.998722E1	3.570204E1	4.765583E0
3.002053E1	3.568541E1	4.774497E0
3.005385E1	3.570762E1	4.823748E0
3.008717E1	3.570500E1	4.783382E0
3.012049E1	3.565077E1	4.713333E0
3.015381E1	3.564529E1	4.709425E0
3.018713E1	3.568633E1	4.730825E0
3.022045E1	3.578190E1	4.762216E0
3.025377E1	3.585129E1	4.771284E0
3.028709E1	3.590009E1	4.792646E0
3.032041E1	3.595616E1	4.811868E0
3.035373E1	3.601501E1	4.821862E0
3.038705E1	3.606978E1	4.831166E0
3.042036E1	3.611207E1	4.835917E0
3.045368E1	3.613089E1	4.818634E0
3.048700E1	3.613640E1	4.817822E0
3.052032E1	3.613251E1	4.816642E0
3.055364E1	3.616130E1	4.828586E0
3.058696E1	3.623443E1	4.796022E0
3.062028E1	3.630351E1	4.736270E0
3.065360E1	3.638840E1	4.723306E0
3.068692E1	3.639468E1	4.714777E0
3.072024E1	3.642052E1	4.719696E0
3.075356E1	3.647579E1	4.717148E0
3.078687E1	3.651373E1	4.703047E0
3.082019E1	3.651009E1	4.702800E0
3.085351E1	3.649268E1	4.709897E0
3.088683E1	3.653824E1	4.711791E0
3.092015E1	3.655908E1	4.732919E0
3.095347E1	3.660484E1	4.866515E0
3.098679E1	3.666367E1	5.057622E0
3.102011E1	3.673848E1	5.008290E0
3.105343E1	3.671420E1	4.926090E0
3.108675E1	3.671767E1	4.956270E0
3.112007E1	3.673935E1	4.987236E0
3.115339E1	3.673477E1	4.958919E0
3.118670E1	3.675836E1	4.963242E0
3.122002E1	3.684550E1	4.964362E0
3.125334E1	3.692574E1	4.973590E0
3.128666E1	3.698380E1	4.950849E0
3.131998E1	3.705325E1	4.956211E0
3.135330E1	3.716009E1	4.966666E0
3.138662E1	3.726030E1	4.968479E0
3.141994E1	3.734929E1	4.973926E0
3.145326E1	3.744406E1	4.965016E0
3.148658E1	3.754835E1	4.970055E0
3.151990E1	3.765751E1	4.976455E0
3.155321E1	3.774705E1	5.001580E0
3.158653E1	3.781132E1	5.006880E0
3.161985E1	3.787986E1	5.008688E0
3.165317E1	3.795165E1	5.047129E0
3.168649E1	3.801828E1	5.063192E0
3.171981E1	3.805511E1	5.066175E0
3.175313E1	3.807099E1	5.063337E0
3.178645E1	3.807547E1	5.062519E0
3.181977E1	3.807644E1	5.062684E0
3.185309E1	3.807714E1	5.062618E0
3.188641E1	3.807873E1	5.062789E0
3.191973E1	3.808172E1	5.061271E0
3.195304E1	3.814133E1	5.072264E0
3.198636E1	3.814471E1	5.040587E0
3.201968E1	3.812768E1	5.056737E0
3.205300E1	3.817022E1	5.119661E0
3.208632E1	3.824578E1	5.171922E0
3.211964E1	3.829119E1	5.170147E0
3.215296E1	3.828181E1	5.151321E0
3.218628E1	3.822835E1	5.115823E0
3.221960E1	3.822753E1	5.077521E0
3.225292E1	3.835170E1	5.089961E0
3.228624E1	3.849329E1	5.157805E0
3.231955E1	3.859172E1	5.178028E0
3.235287E1	3.870178E1	5.159098E0
3.238619E1	3.880059E1	5.147207E0
3.241951E1	3.884580E1	5.148463E0
3.245283E1	3.894243E1	5.151134E0
3.248615E1	3.902139E1	5.162879E0
3.251947E1	3.903627E1	5.199262E0
3.255279E1	3.901897E1	5.178613E0
3.258611E1	3.904213E1	5.174873E0
3.261943E1	3.913518E1	5.168110E0
3.265275E1	3.930831E1	5.113047E0
3.268607E1	3.941293E1	5.074519E0
3.271938E1	3.944629E1	5.095571E0
3.275270E1	3.945398E1	5.098066E0
3.278602E1	3.945216E1	5.092615E0
3.281934E1	3.943288E1	5.095388E0
3.285266E1	3.942592E1	5.105355E0
3.288598E1	3.941346E1	5.114134E0
3.291930E1	3.942473E1	5.107608E0
3.295262E1	3.939796E1	5.103957E0
3.298594E1	3.930983E1	5.199487E0
3.301926E1	3.927970E1	5.257997E0
3.305258E1	3.908701E1	5.336001E0
3.308589E1	3.861487E1	5.497465E0
3.311921E1	3.817466E1	5.714906E0
3.315253E1	3.796614E1	5.837766E0
3.318585E1	3.789505E1	5.724486E0
3.321917E1	3.801089E1	5.466961E0
3.325249E1	3.816265E1	5.213348E0
3.328581E1	3.824853E1	5.057302E0
3.331913E1	3.823468E1	5.022701E0
3.335245E1	3.835076E1	4.961903E0
3.338577E1	3.860880E1	4.908678E0
3.341909E1	3.884091E1	4.883905E0
3.345241E1	3.893909E1	4.881510E0
3.348572E1	3.896845E1	4.898737E0
3.351904E1	3.904222E1	4.892123E0
3.355236E1	3.914626E1	4.891300E0
3.358568E1	3.926258E1	4.911143E0
3.361900E1	3.939238E1	4.930044E0
3.365232E1	3.948985E1	4.941464E0
3.368564E1	3.953042E1	4.983142E0
3.371896E1	3.957589E1	4.990639E0
3.375228E1	3.958293E1	4.991206E0
3.378560E1	3.958506E1	4.991854E0
3.381892E1	3.958525E1	4.993583E0
3.385223E1	3.957653E1	4.996731E0
3.388555E1	3.949027E1	5.009112E0
3.391887E1	3.938238E1	5.049316E0
3.395219E1	3.936839E1	5.010618E0
3.398551E1	3.940743E1	4.888793E0
3.401883E1	3.945931E1	4.896076E0
3.405215E1	3.948183E1	4.946181E0
3.408547E1	3.944876E1	4.867268E0
3.411879E1	3.939449E1	4.831068E0
3.415211E1	3.937572E1	4.822368E0
3.418543E1	3.938573E1	4.811959E0
3.421874E1	3.937548E1	4.827891E0
3.425206E1	3.937638E1	4.843381E0
3.428538E1	3.947328E1	4.872785E0
3.431870E1	3.959012E1	4.898448E0
3.435202E1	3.964712E1	4.925857E0
3.438534E1	3.967752E1	4.960898E0
3.441866E1	3.972607E1	4.946980E0
3.445198E1	3.981582E1	4.948127E0
3.448530E1	3.992245E1	4.959663E0
3.451862E1	4.004960E1	4.971052E0
3.455194E1	4.016539E1	5.004871E0
3.458526E1	4.026368E1	4.988318E0
3.461857E1	4.034452E1	4.995030E0
3.465189E1	4.046939E1	4.980645E0
3.468521E1	4.061096E1	4.993354E0
3.471853E1	4.069081E1	4.982894E0
3.475185E1	4.070684E1	4.994370E0
3.478517E1	4.071248E1	4.993801E0
3.481849E1	4.071834E1	4.991847E0
3.485181E1	4.072054E1	4.990776E0
3.488513E1	4.072254E1	4.990198E0
3.491845E1	4.069878E1	4.978467E0
3.495177E1	4.066657E1	4.978128E0
3.498508E1	4.055449E1	4.958669E0
3.501840E1	4.038338E1	4.993521E0
3.505172E1	4.026592E1	5.099902E0
3.508504E1	4.015498E1	5.174343E0
3.511836E1	4.012973E1	5.086963E0
3.515168E1	4.018260E1	4.992972E0
3.518500E1	4.025428E1	4.984702E0
3.521832E1	4.034981E1	4.991972E0
3.525164E1	4.046899E1	5.010211E0
3.528496E1	4.059501E1	5.042107E0
3.531828E1	4.063456E1	5.051998E0
3.535160E1	4.067457E1	5.046458E0
3.538491E1	4.075983E1	5.043598E0
3.541823E1	4.084463E1	5.021631E0
3.545155E1	4.091568E1	5.024924E0
3.548487E1	4.098373E1	5.054156E0
3.551819E1	4.101002E1	5.039456E0
3.555151E1	4.110623E1	5.076270E0
3.558483E1	4.124164E1	5.093140E0
3.561815E1	4.138398E1	5.087392E0
3.565147E1	4.150097E1	5.096348E0
3.568479E1	4.161617E1	5.102919E0
3.571811E1	4.168944E1	5.136966E0
3.575142E1	4.174711E1	5.149261E0
3.578474E1	4.175369E1	5.142586E0
3.581806E1	4.175611E1	5.142722E0
3.585138E1	4.174343E1	5.144624E0
3.588470E1	4.174567E1	5.131215E0
3.591802E1	4.168788E1	5.108496E0
3.595134E1	4.165920E1	5.087084E0
3.598466E1	4.163521E1	5.025509E0
3.601798E1	4.162981E1	5.053051E0
3.605130E1	4.170146E1	5.106740E0
3.608462E1	4.176596E1	5.086620E0
3.611794E1	4.169898E1	5.029809E0
3.615125E1	4.169452E1	5.021838E0
3.618457E1	4.170983E1	5.025277E0
3.621789E1	4.177447E1	5.043263E0
3.625121E1	4.179484E1	5.052075E0
3.628453E1	4.180192E1	5.046406E0
3.631785E1	4.186000E1	5.080451E0
3.635117E1	4.207089E1	5.133744E0
3.638449E1	4.227194E1	5.167502E0
3.641781E1	4.232565E1	5.185294E0
3.645113E1	4.233561E1	5.195789E0
3.648445E1	4.242900E1	5.185840E0
3.651776E1	4.257002E1	5.207311E0
3.655108E1	4.269108E1	5.199116E0
3.658440E1	4.276758E1	5.200306E0
3.661772E1	4.286529E1	5.174775E0
3.665104E1	4.301180E1	5.172336E0
3.668436E1	4.315384E1	5.181925E0
3.671768E1	4.324823E1	5.167003E0
3.675100E1	4.330511E1	5.166368E0
3.678432E1	4.331074E1	5.184792E0
3.681764E1	4.331150E1	5.184810E0
3.685096E1	4.329986E1	5.171760E0
3.688428E1	4.330874E1	5.188306E0
3.691759E1	4.331762E1	5.185981E0
3.695091E1	4.331928E1	5.185381E0
3.698423E1	4.332245E1	5.184624E0
3.701755E1	4.327520E1	5.170627E0
3.705087E1	4.320265E1	5.186727E0
3.708419E1	4.314597E1	5.245668E0
3.711751E1	4.308959E1	5.277964E0
3.715083E1	4.302300E1	5.300385E0
3.718415E1	4.308282E1	5.292023E0
3.721747E1	4.316367E1	5.246968E0
3.725079E1	4.328706E1	5.197211E0
3.728410E1	4.342218E1	5.190160E0
3.731742E1	4.349745E1	5.172073E0
3.735074E1	4.349920E1	5.162668E0
3.738406E1	4.358130E1	5.170179E0
3.741738E1	4.372640E1	5.159775E0
3.745070E1	4.381805E1	5.164000E0
3.748402E1	4.384637E1	5.132922E0
3.751734E1	4.391566E1	5.137246E0
3.755066E1	4.404808E1	5.134369E0
3.758398E1	4.414838E1	5.142299E0
3.761730E1	4.422926E1	5.145521E0
3.765062E1	4.429480E1	5.141534E0
3.768393E1	4.435616E1	5.133852E0
3.771725E1	4.439851E1	5.139048E0
3.775057E1	4.441994E1	5.155672E0
3.778389E1	4.442158E1	5.152184E0
3.781721E1	4.442713E1	5.157515E0
3.785053E1	4.438331E1	5.164447E0
3.788385E1	4.430441E1	5.196051E0
3.791717E1	4.422331E1	5.209955E0
3.795049E1	4.411383E1	5.264287E0
3.798381E1	4.404923E1	5.271805E0
3.801713E1	4.395595E1	5.333091E0
3.805044E1	4.389202E1	5.352818E0
3.808376E1	4.373940E1	5.266802E0
3.811708E1	4.349356E1	5.192570E0
3.815040E1	4.353604E1	5.194929E0
3.818372E1	4.369455E1	5.269812E0
3.821704E1	4.386276E1	5.356677E0
3.825036E1	4.398530E1	5.350408E0
3.828368E1	4.401633E1	5.350523E0
3.831700E1	4.406686E1	5.345671E0
3.835032E1	4.414783E1	5.372832E0
3.838364E1	4.419996E1	5.393038E0
3.841696E1	4.419899E1	5.401119E0
3.845027E1	4.420131E1	5.396836E0
3.848359E1	4.425866E1	5.437323E0
3.851691E1	4.443490E1	5.467742E0
3.855023E1	4.465229E1	5.474809E0
3.858355E1	4.484066E1	5.512335E0
3.861687E1	4.489112E1	5.516522E0
3.865019E1	4.491254E1	5.495051E0
3.868351E1	4.492056E1	5.465978E0
3.871683E1	4.490981E1	5.476317E0
3.875015E1	4.490191E1	5.483628E0
3.878347E1	4.490679E1	5.484449E0
3.881678E1	4.490741E1	5.486718E0
3.885010E1	4.488778E1	5.495226E0
3.888342E1	4.492015E1	5.489621E0
3.891674E1	4.493102E1	5.499852E0
3.895006E1	4.499990E1	5.611426E0
3.898338E1	4.507706E1	5.794869E0
3.901670E1	4.518524E1	5.756110E0
3.905002E1	4.523067E1	5.713666E0
3.908334E1	4.523051E1	5.725949E0
3.911666E1	4.524999E1	5.732326E0
3.914998E1	4.523697E1	5.710225E0
3.918330E1	4.524252E1	5.708800E0
3.921661E1	4.525842E1	5.704842E0
3.924993E1	4.532905E1	5.720605E0
3.928325E1	4.554730E1	5.726139E0
3.931657E1	4.567015E1	5.696413E0
3.934989E1	4.566893E1	5.683160E0
3.938321E1	4.567527E1	5.688231E0
3.941653E1	4.571748E1	5.710646E0
3.944985E1	4.579649E1	5.718836E0
3.948317E1	4.586601E1	5.737473E0
3.951649E1	4.591946E1	5.742993E0
3.954981E1	4.596040E1	5.742511E0
3.958312E1	4.597282E1	5.754644E0
3.961644E1	4.600485E1	5.744070E0
3.964976E1	4.604469E1	5.741637E0
3.968308E1	4.606656E1	5.749506E0
3.971640E1	4.610421E1	5.748224E0
3.974972E1	4.617925E1	5.750595E0
3.978304E1	4.623023E1	5.780411E0
3.981636E1	4.623616E1	5.783900E0
3.984968E1	4.619438E1	5.798780E0
3.988300E1	4.618246E1	5.785936E0
3.991632E1	4.613641E1	5.768339E0
3.994964E1	4.609657E1	5.788764E0
3.998295E1	4.603852E1	5.724223E0
4.001627E1	4.603925E1	5.698239E0
4.004959E1	4.610386E1	5.784432E0
4.008291E1	4.617307E1	5.787045E0
4.011623E1	4.611355E1	5.729087E0
4.014955E1	4.609292E1	5.704572E0
4.018287E1	4.610923E1	5.707075E0
4.021619E1	4.617198E1	5.727654E0
4.024951E1	4.622621E1	5.758264E0
4.028283E1	4.627524E1	5.770035E0
4.031615E1	4.632455E1	5.766427E0
4.034946E1	4.638522E1	5.760914E0
4.038278E1	4.647832E1	5.797081E0
4.041610E1	4.658079E1	5.823802E0
4.044942E1	4.666391E1	5.818445E0
4.048274E1	4.667016E1	5.812122E0
4.051606E1	4.668825E1	5.842124E0
4.054938E1	4.674555E1	5.849375E0
4.058270E1	4.676389E1	5.811353E0
4.061602E1	4.682787E1	5.799598E0
4.064934E1	4.685977E1	5.810483E0
4.068266E1	4.689881E1	5.807098E0
4.071598E1	4.696816E1	5.796621E0
4.074929E1	4.699014E1	5.789207E0
4.078261E1	4.698679E1	5.790965E0
4.081593E1	4.698453E1	5.792040E0
4.084925E1	4.696610E1	5.798733E0
4.088257E1	4.697876E1	5.798821E0
4.091589E1	4.700288E1	5.819928E0
4.094921E1	4.708190E1	5.900637E0
4.098253E1	4.717339E1	6.103315E0
4.101585E1	4.729507E1	6.154769E0
4.104917E1	4.729788E1	6.061562E0
4.108249E1	4.723008E1	5.981585E0
4.111580E1	4.721923E1	5.979976E0
4.114912E1	4.722813E1	5.974263E0
4.118244E1	4.723162E1	5.973939E0
4.121576E1	4.725357E1	5.963366E0
4.124908E1	4.736848E1	5.967993E0
4.128240E1	4.755053E1	5.988669E0
4.131572E1	4.762863E1	6.017914E0
4.134904E1	4.763236E1	5.998012E0
4.138236E1	4.772599E1	5.986148E0
4.141568E1	4.785350E1	6.007786E0
4.144900E1	4.792847E1	6.009941E0
4.148231E1	4.798759E1	6.006426E0
4.151563E1	4.804745E1	6.025642E0
4.154895E1	4.810309E1	6.045068E0
4.158227E1	4.811626E1	6.059164E0
4.161559E1	4.807853E1	6.027445E0
4.164891E1	4.804774E1	6.009225E0
4.168223E1	4.806857E1	6.021071E0
4.171555E1	4.811861E1	6.043175E0
4.174887E1	4.814884E1	6.073484E0
4.178219E1	4.817167E1	6.080782E0
4.181551E1	4.817150E1	6.074185E0
4.184883E1	4.815439E1	6.074173E0
4.188214E1	4.813169E1	6.048089E0
4.191546E1	4.807248E1	6.025974E0
4.194878E1	4.804238E1	6.046868E0
4.198210E1	4.799182E1	5.988214E0
4.201542E1	4.796360E1	5.960061E0
4.204874E1	4.798669E1	6.020396E0
4.208206E1	4.806363E1	6.003646E0
4.211538E1	4.804643E1	5.957007E0
4.214870E1	4.800684E1	5.930555E0
4.218202E1	4.804804E1	5.962550E0
4.221534E1	4.811453E1	5.996777E0
4.224865E1	4.817184E1	6.026449E0
4.228197E1	4.821205E1	6.055539E0
4.231529E1	4.823601E1	6.060465E0
4.234861E1	4.827792E1	6.062718E0
4.238193E1	4.834150E1	6.080626E0
4.241525E1	4.843653E1	6.106226E0
4.244857E1	4.853573E1	6.119288E0
4.248189E1	4.865784E1	6.118454E0
4.251521E1	4.876711E1	6.109671E0
4.254853E1	4.885332E1	6.111801E0
4.258185E1	4.893289E1	6.102404E0
4.261517E1	4.904104E1	6.088799E0
4.264848E1	4.910338E1	6.097454E0
4.268180E1	4.911418E1	6.097889E0
4.271512E1	4.908868E1	6.097945E0
4.274844E1	4.905388E1	6.085360E0
4.278176E1	4.907955E1	6.103669E0
4.281508E1	4.907217E1	6.106792E0
4.284840E1	4.906558E1	6.110086E0
4.288172E1	4.908791E1	6.108076E0
4.291504E1	4.908542E1	6.120255E0
4.294836E1	4.915226E1	6.188733E0
4.298168E1	4.924898E1	6.404329E0
4.301499E1	4.936540E1	6.455682E0
4.304831E1	4.938349E1	6.353194E0
4.308163E1	4.933575E1	6.279394E0
4.311495E1	4.933326E1	6.279257E0
4.314827E1	4.932220E1	6.277601E0
4.318159E1	4.934306E1	6.287117E0
4.321491E1	4.941290E1	6.283369E0
4.324823E1	4.952545E1	6.278843E0
4.328155E1	4.962337E1	6.284127E0
4.331487E1	4.963742E1	6.274106E0
4.334819E1	4.965108E1	6.271207E0
4.338151E1	4.973719E1	6.273528E0
4.341482E1	4.984688E1	6.261510E0
4.344814E1	4.991414E1	6.264346E0
4.348146E1	4.990956E1	6.258320E0
4.351478E1	4.991370E1	6.267311E0
4.354810E1	4.991844E1	6.344028E0
4.358142E1	4.998985E1	6.370892E0
4.361474E1	5.001958E1	6.370855E0
4.364806E1	5.005162E1	6.365063E0
4.368138E1	5.008870E1	6.369117E0
4.371470E1	5.012627E1	6.379943E0
4.374802E1	5.018515E1	6.380013E0
4.378133E1	5.020260E1	6.381801E0
4.381465E1	5.019676E1	6.376869E0
4.384797E1	5.017450E1	6.380395E0
4.388129E1	5.016064E1	6.362900E0
4.391461E1	5.011026E1	6.329426E0
4.394793E1	5.008684E1	6.307230E0
4.398125E1	5.003259E1	6.199989E0
4.401457E1	5.003762E1	6.158492E0
4.404789E1	5.006842E1	6.241353E0
4.408121E1	5.006093E1	6.251045E0
4.411453E1	4.996936E1	6.177060E0
4.414785E1	4.996593E1	6.169194E0
4.418116E1	4.998623E1	6.208492E0
4.421448E1	5.006221E1	6.235235E0
4.424780E1	5.013734E1	6.248105E0
4.428112E1	5.017600E1	6.257245E0
4.431444E1	5.017122E1	6.254558E0
4.434776E1	5.017168E1	6.262554E0
4.438108E1	5.022930E1	6.270088E0
4.441440E1	5.039839E1	6.295651E0
4.444772E1	5.056510E1	6.346852E0
4.448104E1	5.065616E1	6.363676E0
4.451436E1	5.068167E1	6.356565E0
4.454767E1	5.070995E1	6.333741E0
4.458099E1	5.071555E1	6.281646E0
4.461431E1	5.071378E1	6.268160E0
4.464763E1	5.071584E1	6.266240E0
4.468095E1	5.074421E1	6.255769E0
4.471427E1	5.073589E1	6.255657E0
4.474759E1	5.071239E1	6.260877E0
4.478091E1	5.072226E1	6.256020E0
4.481423E1	5.072200E1	6.255605E0
4.484755E1	5.070616E1	6.260294E0
4.488087E1	5.071562E1	6.259327E0
4.491419E1	5.074507E1	6.276712E0
4.494750E1	5.080584E1	6.353126E0
4.498082E1	5.087674E1	6.528686E0
4.501414E1	5.098819E1	6.567457E0
4.504746E1	5.096870E1	6.492338E0
4.508078E1	5.093117E1	6.426229E0
4.511410E1	5.093405E1	6.442737E0
4.514742E1	5.093479E1	6.455047E0
4.518074E1	5.093313E1	6.455841E0
4.521406E1	5.094290E1	6.458020E0
4.524738E1	5.103682E1	6.465958E0
4.528070E1	5.125476E1	6.474040E0
4.531401E1	5.141071E1	6.519033E0
4.534733E1	5.141592E1	6.507708E0
4.538065E1	5.142365E1	6.498521E0
4.541397E1	5.145776E1	6.521539E0
4.544729E1	5.149041E1	6.514777E0
4.548061E1	5.152466E1	6.496653E0
4.551393E1	5.149637E1	6.516734E0
4.554725E1	5.153386E1	6.528576E0
4.558057E1	5.159888E1	6.535424E0
4.561389E1	5.166335E1	6.518306E0
4.564721E1	5.169929E1	6.536959E0
4.568053E1	5.175604E1	6.534588E0
4.571384E1	5.182502E1	6.533765E0
4.574716E1	5.190418E1	6.557421E0
4.578048E1	5.193957E1	6.562783E0
4.581380E1	5.194615E1	6.573728E0
4.584712E1	5.194726E1	6.572864E0
4.588044E1	5.195290E1	6.571830E0
4.591376E1	5.195772E1	6.571120E0
4.594708E1	5.195764E1	6.571166E0
4.598040E1	5.194315E1	6.563217E0
4.601372E1	5.189370E1	6.547184E0
4.604704E1	5.190979E1	6.615715E0
4.608035E1	5.193525E1	6.657061E0
4.611367E1	5.181618E1	6.599909E0
4.614699E1	5.174847E1	6.558282E0
4.618031E1	5.180401E1	6.579355E0
4.621363E1	5.187702E1	6.612133E0
4.624695E1	5.192521E1	6.599460E0
4.628027E1	5.200395E1	6.620892E0
4.631359E1	5.208998E1	6.627355E0
4.634691E1	5.216762E1	6.661323E0
4.638023E1	5.222842E1	6.670103E0
4.641355E1	5.231040E1	6.671680E0
4.644687E1	5.240281E1	6.704810E0
4.648018E1	5.244815E1	6.743692E0
4.651350E1	5.251254E1	6.763737E0
4.654682E1	5.259062E1	6.753872E0
4.658014E1	5.265941E1	6.755232E0
4.661346E1	5.273480E1	6.749783E0
4.664678E1	5.281911E1	6.738483E0
4.668010E1	5.283855E1	6.735937E0
4.671342E1	5.282604E1	6.736311E0
4.674674E1	5.283219E1	6.724616E0
4.678006E1	5.283288E1	6.726656E0
4.681338E1	5.283438E1	6.725939E0
4.684669E1	5.283929E1	6.705314E0
4.688001E1	5.285298E1	6.721458E0
4.691333E1	5.283372E1	6.689099E0
4.694665E1	5.277661E1	6.667918E0
4.697997E1	5.279827E1	6.665016E0
4.701329E1	5.285370E1	6.802775E0
4.704661E1	5.276776E1	6.892991E0
4.707993E1	5.233464E1	6.961882E0
4.711325E1	5.180971E1	7.069537E0
4.714657E1	5.151553E1	7.215811E0
4.717989E1	5.161886E1	7.252848E0
4.721321E1	5.187923E1	7.114035E0
4.724652E1	5.214258E1	6.875433E0
4.727984E1	5.240477E1	6.649096E0
4.731316E1	5.251556E1	6.564456E0
4.734648E1	5.251229E1	6.610650E0
4.737980E1	5.255611E1	6.652284E0
4.741312E1	5.261905E1	6.584125E0
4.744644E1	5.273283E1	6.474568E0
4.747976E1	5.282275E1	6.477112E0
4.751308E1	5.290214E1	6.465436E0
4.754640E1	5.294429E1	6.423969E0
4.757972E1	5.295466E1	6.400883E0
4.761303E1	5.298396E1	6.427011E0
4.764635E1	5.300729E1	6.434272E0
4.767967E1	5.299523E1	6.441427E0
4.771299E1	5.301844E1	6.443485E0
4.774631E1	5.302443E1	6.462663E0
4.777963E1	5.304133E1	6.456895E0
4.781295E1	5.304442E1	6.454781E0
4.784627E1	5.302528E1	6.461381E0
4.787959E1	5.300304E1	6.451404E0
4.791291E1	5.294683E1	6.436113E0
4.794623E1	5.290258E1	6.439500E0
4.797955E1	5.283112E1	6.352781E0
4.801286E1	5.279539E1	6.322598E0
4.804618E1	5.279357E1	6.386096E0
4.807950E1	5.273957E1	6.374984E0
4.811282E1	5.265414E1	6.325760E0
4.814614E1	5.261751E1	6.295010E0
4.817946E1	5.258335E1	6.288226E0
4.821278E1	5.254673E1	6.305064E0
4.824610E1	5.260452E1	6.319523E0
4.827942E1	5.268241E1	6.337949E0
4.831274E1	5.277665E1	6.353028E0
4.834606E1	5.283405E1	6.347344E0
4.837937E1	5.288360E1	6.360034E0
4.841269E1	5.294472E1	6.381994E0
4.844601E1	5.299107E1	6.398052E0
4.847933E1	5.303992E1	6.401630E0
4.851265E1	5.306056E1	6.379066E0
4.854597E1	5.302648E1	6.347616E0
4.857929E1	5.302962E1	6.350994E0
4.861261E1	5.305580E1	6.345517E0
4.864593E1	5.305066E1	6.338546E0
4.867925E1	5.305387E1	6.336894E0
4.871257E1	5.304318E1	6.341302E0
4.874588E1	5.301490E1	6.331143E0
4.877920E1	5.302909E1	6.345293E0
4.881252E1	5.303387E1	6.344311E0
4.884584E1	5.302976E1	6.346367E0
4.887916E1	5.301444E1	6.333713E0
4.891248E1	5.304491E1	6.350304E0
4.894580E1	5.310143E1	6.404943E0
4.897912E1	5.314969E1	6.549757E0
4.901244E1	5.319735E1	6.664993E0
4.904576E1	5.320604E1	6.671164E0
4.907908E1	5.306849E1	6.579877E0
4.911240E1	5.299177E1	6.561730E0
4.914571E1	5.303040E1	6.571348E0
4.917903E1	5.306634E1	6.546846E0
4.921235E1	5.311073E1	6.546348E0
4.924567E1	5.325030E1	6.544855E0
4.927899E1	5.339054E1	6.544727E0
4.931231E1	5.344449E1	6.557436E0
4.934563E1	5.348201E1	6.556885E0
4.937895E1	5.357911E1	6.553455E0
4.941227E1	5.368099E1	6.550786E0
4.944559E1	5.372607E1	6.552145E0
4.947891E1	5.374424E1	6.559731E0
4.951222E1	5.380016E1	6.548398E0
4.954554E1	5.382575E1	6.526465E0
4.957886E1	5.382217E1	6.529891E0
4.961218E1	5.381392E1	6.547793E0
4.964550E1	5.382071E1	6.546031E0
4.967882E1	5.383320E1	6.502300E0
4.971214E1	5.397447E1	6.480015E0
4.974546E1	5.413784E1	6.480076E0
4.977878E1	5.412503E1	6.493910E0
4.981210E1	5.412967E1	6.481638E0
4.984542E1	5.411426E1	6.499042E0
4.987874E1	5.408919E1	6.472639E0
4.991205E1	5.401919E1	6.461862E0
4.994537E1	5.396729E1	6.455422E0
4.997869E1	5.385903E1	6.374402E0
5.001201E1	5.379905E1	6.346498E0
5.004533E1	5.381227E1	6.389270E0
5.007865E1	5.379810E1	6.392599E0
5.011197E1	5.373758E1	6.383167E0
5.014529E1	5.368097E1	6.352701E0
5.017861E1	5.364202E1	6.372807E0
5.021193E1	5.374171E1	6.413742E0
5.024525E1	5.385682E1	6.419484E0
5.027856E1	5.392444E1	6.412315E0
5.031188E1	5.394473E1	6.410439E0
5.034520E1	5.396001E1	6.389198E0
5.037852E1	5.397519E1	6.384023E0
5.041184E1	5.405839E1	6.407633E0
5.044516E1	5.413531E1	6.411792E0
5.047848E1	5.419498E1	6.400759E0
5.051180E1	5.424568E1	6.382465E0
5.054512E1	5.424027E1	6.360745E0
5.057844E1	5.418763E1	6.338785E0
5.061176E1	5.416577E1	6.330178E0
5.064508E1	5.418872E1	6.312512E0
5.067839E1	5.419902E1	6.305306E0
5.071171E1	5.418936E1	6.316998E0
5.074503E1	5.418372E1	6.322243E0
5.077835E1	5.418634E1	6.323469E0
5.081167E1	5.418645E1	6.325555E0
5.084499E1	5.417137E1	6.332847E0
5.087831E1	5.416222E1	6.338261E0
5.091163E1	5.418469E1	6.329575E0
5.094495E1	5.417413E1	6.335384E0
5.097827E1	5.417657E1	6.334582E0
5.101159E1	5.418269E1	6.336397E0
5.104490E1	5.415534E1	6.432677E0
5.107822E1	5.410675E1	6.493137E0
5.111154E1	5.405101E1	6.535357E0
5.114486E1	5.400079E1	6.573582E0
5.117818E1	5.405029E1	6.550584E0
5.121150E1	5.416798E1	6.546542E0
5.124482E1	5.429153E1	6.537181E0
5.127814E1	5.435311E1	6.518271E0
5.131146E1	5.443536E1	6.506655E0
5.134478E1	5.449892E1	6.492824E0
5.137810E1	5.457289E1	6.476525E0
5.141142E1	5.467607E1	6.457241E0
5.144473E1	5.476435E1	6.432727E0
5.147805E1	5.482571E1	6.417151E0
5.151137E1	5.486990E1	6.431869E0
5.154469E1	5.487915E1	6.427429E0
5.157801E1	5.488705E1	6.417665E0
5.161133E1	5.488108E1	6.421849E0
5.164465E1	5.485025E1	6.399414E0
5.167797E1	5.484465E1	6.383408E0
5.171129E1	5.486453E1	6.381815E0
5.174461E1	5.490152E1	6.388196E0
5.177793E1	5.490036E1	6.383995E0
5.181124E1	5.490251E1	6.381111E0
5.184456E1	5.487968E1	6.385361E0
5.187788E1	5.486777E1	6.384654E0
5.191120E1	5.482159E1	6.360887E0
5.194452E1	5.467325E1	6.374083E0
5.197784E1	5.452801E1	6.431568E0
5.201116E1	5.441078E1	6.502416E0
5.204448E1	5.425435E1	6.496274E0
5.207780E1	5.398555E1	6.408934E0
5.211112E1	5.382023E1	6.325528E0
5.214444E1	5.375002E1	6.311283E0
5.217776E1	5.385424E1	6.399621E0
5.221107E1	5.402910E1	6.513435E0
5.224439E1	5.418949E1	6.542957E0
5.227771E1	5.420679E1	6.523159E0
5.231103E1	5.421544E1	6.533626E0
5.234435E1	5.429306E1	6.551899E0
5.237767E1	5.439810E1	6.588761E0
5.241099E1	5.442872E1	6.596463E0
5.244431E1	5.442081E1	6.601143E0
5.247763E1	5.441428E1	6.599934E0
5.251095E1	5.441888E1	6.603560E0
5.254427E1	5.449295E1	6.643671E0
5.257758E1	5.445985E1	6.621127E0
5.261090E1	5.444143E1	6.584089E0
5.264422E1	5.445923E1	6.587543E0
5.267754E1	5.446511E1	6.585317E0
5.271086E1	5.447982E1	6.576934E0
5.274418E1	5.444581E1	6.593834E0
5.277750E1	5.444903E1	6.595495E0
5.281082E1	5.445431E1	6.595179E0
5.284414E1	5.443301E1	6.585098E0
5.287746E1	5.442418E1	6.590973E0
5.291078E1	5.443258E1	6.599222E0
5.294410E1	5.446109E1	6.668024E0
5.297741E1	5.454205E1	6.799074E0
5.301073E1	5.463555E1	6.873801E0
5.304405E1	5.467207E1	6.818448E0
5.307737E1	5.469126E1	6.766057E0
5.311069E1	5.469427E1	6.792023E0
5.314401E1	5.468826E1	6.808817E0
5.317733E1	5.468830E1	6.813481E0
5.321065E1	5.469976E1	6.830071E0
5.324397E1	5.480113E1	6.846377E0
5.327729E1	5.495178E1	6.853728E0
5.331061E1	5.501838E1	6.833409E0
5.334392E1	5.502472E1	6.808988E0
5.337724E1	5.507166E1	6.804152E0
5.341056E1	5.517429E1	6.805976E0
5.344388E1	5.522326E1	6.807366E0
5.347720E1	5.522550E1	6.793916E0
5.351052E1	5.517409E1	6.800208E0
5.354384E1	5.517561E1	6.810200E0
5.357716E1	5.520826E1	6.837873E0
5.361048E1	5.523734E1	6.811186E0
5.364380E1	5.524631E1	6.800961E0
5.367712E1	5.527610E1	6.806642E0
5.371044E1	5.531116E1	6.820377E0
5.374375E1	5.534421E1	6.814979E0
5.377707E1	5.535935E1	6.826623E0
5.381039E1	5.536989E1	6.821557E0
5.384371E1	5.534870E1	6.816455E0
5.387703E1	5.529738E1	6.810456E0
5.391035E1	5.527556E1	6.764224E0
5.394367E1	5.520639E1	6.782479E0
5.397699E1	5.508609E1	6.767710E0
5.401031E1	5.499602E1	6.695933E0
5.404363E1	5.502036E1	6.744722E0
5.407695E1	5.497165E1	6.764717E0
5.411026E1	5.487882E1	6.707146E0
5.414358E1	5.482853E1	6.696623E0
5.417690E1	5.484736E1	6.706980E0
5.421022E1	5.490964E1	6.725119E0
5.424354E1	5.499467E1	6.723223E0
5.427686E1	5.507441E1	6.703179E0
5.431018E1	5.507937E1	6.700834E0
5.434350E1	5.509646E1	6.701707E0
5.437682E1	5.513169E1	6.698573E0
5.441014E1	5.517432E1	6.711825E0
5.444346E1	5.522456E1	6.715696E0
5.447678E1	5.525752E1	6.705953E0
5.451009E1	5.526307E1	6.698509E0
5.454341E1	5.523543E1	6.675387E0
5.457673E1	5.520995E1	6.657470E0
5.461005E1	5.521437E1	6.654388E0
5.464337E1	5.523164E1	6.652465E0
5.467669E1	5.523395E1	6.648615E0
5.471001E1	5.522154E1	6.624644E0
5.474333E1	5.518387E1	6.624663E0
5.477665E1	5.521731E1	6.636841E0
5.480997E1	5.521697E1	6.640394E0
5.484329E1	5.520185E1	6.648298E0
5.487660E1	5.521460E1	6.645839E0
5.490992E1	5.522555E1	6.653187E0
5.494324E1	5.525191E1	6.752305E0
5.497656E1	5.532558E1	6.947654E0
5.500988E1	5.540350E1	7.011177E0
5.504320E1	5.539247E1	6.940374E0
5.507652E1	5.534760E1	6.863957E0
5.510984E1	5.529708E1	6.882439E0
5.514316E1	5.526467E1	6.878667E0
5.517648E1	5.530757E1	6.872922E0
5.520980E1	5.536104E1	6.872024E0
5.524312E1	5.546946E1	6.872142E0
5.527643E1	5.562671E1	6.869782E0
5.530975E1	5.575638E1	6.900880E0
5.534307E1	5.576417E1	6.902331E0
5.537639E1	5.576276E1	6.904888E0
5.540971E1	5.577000E1	6.904988E0
5.544303E1	5.581843E1	6.893388E0
5.547635E1	5.593047E1	6.894444E0
5.550967E1	5.601708E1	6.917694E0
5.554299E1	5.602438E1	6.919278E0
5.557631E1	5.598352E1	6.900556E0
5.560963E1	5.599794E1	6.886025E0
5.564294E1	5.603398E1	6.918317E0
5.567626E1	5.608400E1	6.933635E0
5.570958E1	5.611186E1	6.918797E0
5.574290E1	5.611819E1	6.935181E0
5.577622E1	5.614026E1	6.923167E0
5.580954E1	5.614318E1	6.919633E0
5.584286E1	5.613362E1	6.923679E0
5.587618E1	5.605375E1	6.938775E0
5.590950E1	5.602508E1	6.900143E0
5.594282E1	5.600352E1	6.899971E0
5.597614E1	5.592885E1	6.849335E0
5.600945E1	5.593355E1	6.781273E0
5.604277E1	5.598618E1	6.869657E0
5.607609E1	5.607765E1	6.905022E0
5.610941E1	5.603664E1	6.872873E0
5.614273E1	5.596252E1	6.835194E0
5.617605E1	5.597435E1	6.848474E0
5.620937E1	5.600289E1	6.871455E0
5.624269E1	5.606457E1	6.878424E0
