	mass A		
t	x	y	
0.000000E0	1.650032E-1	1.602268E-2
3.331913E-2	1.787048E-1	9.273613E-3
6.663825E-2	1.899947E-1	2.389924E-3
9.995738E-2	2.326013E-1	2.409382E-2
1.332765E-1	2.844029E-1	2.757530E-2
1.665956E-1	4.315528E-1	5.793156E-2
1.999148E-1	5.213926E-1	7.697603E-2
2.332339E-1	5.997883E-1	6.100084E-2
2.665530E-1	7.436170E-1	7.114862E-2
2.998721E-1	8.302400E-1	2.295936E-2
3.331913E-1	9.277144E-1	4.416059E-2
3.665104E-1	9.857873E-1	1.553946E-2
3.998295E-1	1.099378E0	-1.126637E-2
4.331486E-1	1.214859E0	-1.848789E-2
4.664678E-1	1.320670E0	-2.029872E-2
4.997869E-1	1.428799E0	-4.906578E-2
5.331060E-1	1.563653E0	-5.273343E-2
5.664252E-1	1.688070E0	-9.522327E-2
5.997443E-1	1.823085E0	-1.258176E-1
6.330634E-1	1.920999E0	-1.326690E-1
6.663825E-1	1.958019E0	-1.393931E-1
6.997017E-1	1.956648E0	-1.471683E-1
7.330208E-1	1.952700E0	-1.477681E-1
7.663399E-1	1.954564E0	-1.519071E-1
7.996590E-1	1.986332E0	-1.671773E-1
8.329782E-1	2.007057E0	-1.319624E-1
8.662973E-1	2.011092E0	-5.094579E-2
8.996164E-1	1.933942E0	9.464412E-2
9.329355E-1	1.952139E0	7.174089E-2
9.662547E-1	1.944704E0	5.661270E-2
9.995738E-1	1.912804E0	3.839900E-2
1.032893E0	1.912579E0	4.226632E-2
1.066212E0	1.918413E0	3.626375E-2
1.099531E0	1.964652E0	1.212665E-2
1.132850E0	2.048151E0	1.293366E-2
1.166169E0	2.078754E0	-8.453661E-3
1.199489E0	2.073574E0	-4.425495E-3
1.232808E0	2.073699E0	-5.306630E-3
1.266127E0	2.086932E0	-1.582482E-2
1.299446E0	2.242677E0	-3.450925E-2
1.332765E0	2.555539E0	-1.253724E-2
1.366084E0	2.826001E0	-5.572418E-3
1.399403E0	2.901322E0	-2.609581E-2
1.432722E0	2.883239E0	-1.218992E-2
1.466042E0	2.970378E0	-5.383523E-3
1.499361E0	3.115968E0	-3.469832E-2
1.532680E0	3.231134E0	-3.690374E-2
1.565999E0	3.271671E0	-4.474755E-2
1.599318E0	3.326151E0	-3.778433E-2
1.632637E0	3.325761E0	-3.050920E-2
1.665956E0	3.306753E0	-1.434851E-2
1.699275E0	3.321657E0	-2.053475E-2
1.732595E0	3.321544E0	-1.931450E-2
1.765914E0	3.322279E0	-1.901568E-2
1.799233E0	3.296684E0	-3.791380E-3
1.832552E0	3.301547E0	-1.020833E-2
1.865871E0	3.225320E0	-6.010459E-2
1.899190E0	3.155912E0	-3.900473E-2
1.932509E0	3.055146E0	-8.447557E-2
1.965828E0	2.852557E0	-9.305573E-2
1.999148E0	2.828618E0	-5.383560E-2
2.032467E0	2.827570E0	-7.256197E-2
2.065786E0	2.852715E0	-8.506978E-2
2.099105E0	2.952250E0	-7.089723E-2
2.132424E0	3.085944E0	-4.788987E-2
2.165743E0	3.230345E0	-7.074722E-2
2.199062E0	3.308860E0	-2.305295E-2
2.232381E0	3.329304E0	-4.961473E-2
2.265701E0	3.440786E0	-5.873454E-2
2.299020E0	3.600712E0	-6.325336E-2
2.332339E0	3.751902E0	-3.085667E-2
2.365658E0	3.818563E0	-5.232672E-2
2.398977E0	3.876900E0	-6.978788E-2
2.432296E0	3.897148E0	-6.189446E-2
2.465615E0	3.979578E0	-1.175909E-1
2.498935E0	4.136146E0	-1.287609E-1
2.532254E0	4.289817E0	-1.416680E-1
2.565573E0	4.388801E0	-1.716570E-1
2.598892E0	4.500629E0	-1.930869E-1
2.632211E0	4.611673E0	-2.344800E-1
2.665530E0	4.670258E0	-2.376369E-1
2.698849E0	4.649846E0	-2.533480E-1
2.732168E0	4.656796E0	-2.315366E-1
2.765488E0	4.661947E0	-2.349018E-1
2.798807E0	4.664849E0	-2.367418E-1
2.832126E0	4.650553E0	-2.526214E-1
2.865445E0	4.656242E0	-2.273117E-1
2.898764E0	4.522240E0	-1.637296E-1
2.932083E0	4.239775E0	3.867323E-2
2.965402E0	4.053746E0	1.288243E-1
2.998721E0	4.027945E0	1.345173E-1
3.032041E0	3.972294E0	5.779603E-2
3.065360E0	4.011697E0	5.544245E-2
3.098679E0	4.095062E0	1.529777E-2
3.131998E0	4.250919E0	-2.702787E-2
3.165317E0	4.412904E0	-4.002664E-2
3.198636E0	4.499259E0	-2.185136E-2
3.231955E0	4.573775E0	-4.641715E-2
3.265274E0	4.619002E0	-6.056757E-2
3.298594E0	4.711558E0	-6.711032E-2
3.331913E0	4.800608E0	-1.184252E-1
3.365232E0	4.867517E0	-1.520788E-1
3.398551E0	4.851229E0	-1.405282E-1
3.431870E0	4.838116E0	-1.328661E-1
3.465189E0	4.859148E0	-1.437504E-1
3.498508E0	4.907564E0	-1.211277E-1
3.531827E0	4.991007E0	-7.419500E-2
3.565147E0	5.018109E0	-1.203886E-1
3.598466E0	5.038786E0	-8.307287E-2
3.631785E0	5.037492E0	-7.953808E-2
3.665104E0	5.018902E0	-9.619132E-2
3.698423E0	5.015429E0	-9.287602E-2
3.731742E0	4.998508E0	-8.391333E-2
3.765061E0	4.961180E0	-8.876889E-2
3.798380E0	4.960174E0	-9.051031E-2
3.831700E0	4.955390E0	-1.079141E-1
3.865019E0	4.910749E0	-1.335242E-1
3.898338E0	4.976080E0	-2.159984E-1
3.931657E0	4.903939E0	-2.115128E-1
3.964976E0	4.851022E0	-1.700872E-1
3.998295E0	4.889896E0	-1.664359E-1
4.031614E0	4.870455E0	-2.140976E-1
4.064933E0	4.864200E0	-2.092552E-1
4.098253E0	4.956932E0	-1.866275E-1
4.131572E0	5.058482E0	-1.744872E-1
4.164891E0	5.151299E0	-1.720681E-1
4.198210E0	5.219719E0	-1.830861E-1
4.231529E0	5.302203E0	-2.045028E-1
4.264848E0	5.346540E0	-1.887218E-1
4.298167E0	5.336214E0	-1.824968E-1
4.331486E0	5.336257E0	-1.850395E-1
4.364806E0	5.336182E0	-1.866178E-1
4.398125E0	5.351315E0	-1.929101E-1
4.431444E0	5.493576E0	-1.908754E-1
4.464763E0	5.706167E0	-2.171482E-1
4.498082E0	5.925134E0	-2.265524E-1
4.531401E0	5.934671E0	-2.343235E-1
4.564720E0	5.945218E0	-2.547303E-1
4.598039E0	6.072488E0	-2.416537E-1
4.631359E0	6.246949E0	-2.489694E-1
4.664678E0	6.303868E0	-2.523140E-1
4.697997E0	6.296411E0	-2.479146E-1
4.731316E0	6.299584E0	-2.494106E-1
4.764635E0	6.285990E0	-2.711176E-1
4.797954E0	6.324362E0	-2.617749E-1
4.831273E0	6.321589E0	-2.327455E-1
4.864592E0	6.306895E0	-1.384095E-1
4.897912E0	6.242745E0	8.080197E-2
4.931231E0	6.277673E0	1.080734E-2
4.964550E0	6.294072E0	-2.512095E-2
4.997869E0	6.197425E0	-2.279285E-2
5.031188E0	6.216755E0	-4.436758E-2
5.064507E0	6.262898E0	-5.669111E-2
5.097826E0	6.279321E0	-6.901478E-2
5.131146E0	6.325356E0	-7.698206E-2
5.164465E0	6.432032E0	-8.639211E-2
5.197784E0	6.587401E0	-9.245659E-2
5.231103E0	6.688427E0	-8.967309E-2
5.264422E0	6.753568E0	-9.959428E-2
5.297741E0	6.802396E0	-9.579974E-2
5.331060E0	6.857111E0	-9.804498E-2
5.364379E0	6.921416E0	-1.164878E-1
5.397699E0	6.974528E0	-1.113688E-1
5.431018E0	7.022445E0	-9.441515E-2
5.464337E0	7.068673E0	-8.446748E-2
5.497656E0	7.095032E0	-1.094534E-1
5.530975E0	7.089907E0	-9.490204E-2
5.564294E0	7.142940E0	-7.487258E-2
5.597613E0	7.167430E0	-4.535350E-2
5.630932E0	7.215872E0	-4.131358E-2
5.664252E0	7.260651E0	-6.840118E-2
5.697571E0	7.274773E0	-4.468203E-2
5.730890E0	7.284944E0	-4.973820E-2
5.764209E0	7.288815E0	-5.137651E-2
5.797528E0	7.290863E0	-5.217758E-2
5.830847E0	7.300588E0	-5.623923E-2
5.864166E0	7.374258E0	-7.128514E-2
5.897485E0	7.344317E0	-8.911915E-2
5.930805E0	7.309836E0	-1.123076E-1
5.964124E0	7.276087E0	-5.188331E-2
5.997443E0	7.260152E0	-5.436557E-2
6.030762E0	7.291683E0	-4.857053E-2
6.064081E0	7.276348E0	-8.913958E-2
6.097400E0	7.345876E0	-1.260279E-1
6.130719E0	7.499420E0	-1.090162E-1
6.164038E0	7.669480E0	-1.216507E-1
6.197358E0	7.765341E0	-1.485748E-1
6.230677E0	7.846016E0	-1.719457E-1
6.263996E0	7.921857E0	-1.907546E-1
6.297315E0	8.010661E0	-1.719135E-1
6.330634E0	8.107798E0	-1.389692E-1
6.363953E0	8.174827E0	-1.344951E-1
6.397272E0	8.248985E0	-1.377474E-1
6.430591E0	8.324941E0	-1.061822E-1
6.463911E0	8.450615E0	-1.254424E-1
6.497230E0	8.584173E0	-1.200900E-1
6.530549E0	8.669498E0	-1.252663E-1
6.563868E0	8.702874E0	-1.101612E-1
6.597187E0	8.702095E0	-1.151445E-1
6.630506E0	8.700456E0	-1.169963E-1
6.663825E0	8.710517E0	-1.219138E-1
6.697144E0	8.720148E0	-1.273747E-1
6.730464E0	8.718770E0	-1.263851E-1
6.763783E0	8.695261E0	-1.280374E-1
6.797102E0	8.629819E0	-1.889602E-1
6.830421E0	8.498785E0	-2.310663E-1
6.863740E0	8.450999E0	-2.763518E-1
6.897059E0	8.380431E0	-1.956288E-1
6.930378E0	8.226038E0	-1.481657E-1
6.963697E0	7.899476E0	-2.264253E-2
6.997017E0	7.409968E0	1.261625E-1
7.030336E0	7.216670E0	3.085751E-1
7.063655E0	7.285021E0	3.390480E-1
7.096974E0	7.528335E0	1.216557E-1
7.130293E0	7.839677E0	-4.993030E-2
7.163612E0	7.943235E0	-9.646550E-2
7.196931E0	8.036976E0	-1.012740E-1
7.230250E0	8.161271E0	-1.448466E-1
7.263570E0	8.203572E0	-1.631702E-1
7.296889E0	8.292609E0	-2.413181E-1
7.330208E0	8.393610E0	-2.914912E-1
7.363527E0	8.442548E0	-3.008165E-1
7.396846E0	8.503602E0	-3.296251E-1
7.430165E0	8.579171E0	-3.240862E-1
7.463484E0	8.653955E0	-3.501350E-1
7.496804E0	8.714699E0	-3.536002E-1
7.530123E0	8.763246E0	-3.575170E-1
7.563442E0	8.773197E0	-3.871597E-1
7.596761E0	8.845148E0	-4.241148E-1
7.630080E0	8.787538E0	-3.611219E-1
7.663399E0	8.824936E0	-3.519154E-1
7.696718E0	8.849534E0	-3.400141E-1
7.730037E0	8.828455E0	-3.510697E-1
7.763357E0	8.818811E0	-3.456395E-1
7.796676E0	8.822405E0	-3.817551E-1
7.829995E0	8.825962E0	-4.001275E-1
7.863314E0	8.877755E0	-4.581581E-1
7.896633E0	9.012404E0	-5.457065E-1
7.929952E0	9.036014E0	-5.631732E-1
7.963271E0	9.002587E0	-5.329476E-1
7.996590E0	9.001852E0	-5.361646E-1
8.029910E0	8.979077E0	-5.181605E-1
8.063229E0	8.979918E0	-5.188279E-1
8.096548E0	8.980640E0	-5.195197E-1
8.129867E0	8.979945E0	-5.191117E-1
8.163186E0	8.980629E0	-5.188142E-1
8.196505E0	9.055637E0	-5.307894E-1
8.229824E0	9.302318E0	-5.008889E-1
8.263143E0	9.620061E0	-4.632472E-1
8.296463E0	9.801367E0	-4.453572E-1
8.329782E0	9.842665E0	-4.248798E-1
8.363101E0	9.849226E0	-4.400331E-1
8.396420E0	9.917088E0	-4.652236E-1
8.429739E0	9.949266E0	-4.650573E-1
8.463058E0	1.002593E1	-5.149911E-1
8.496377E0	1.011780E1	-5.246578E-1
8.529696E0	1.017421E1	-5.411711E-1
8.563016E0	1.024616E1	-5.890379E-1
8.596335E0	1.035723E1	-6.034866E-1
8.629654E0	1.047841E1	-5.677961E-1
8.662973E0	1.054959E1	-5.808220E-1
8.696292E0	1.054913E1	-5.805334E-1
8.729611E0	1.054972E1	-5.801752E-1
8.762930E0	1.052996E1	-6.005977E-1
8.796249E0	1.056364E1	-5.857724E-1
8.829569E0	1.055958E1	-5.720371E-1
8.862888E0	1.059475E1	-5.060599E-1
8.896207E0	1.063458E1	-3.763979E-1
8.929526E0	1.060916E1	-3.407007E-1
8.962845E0	1.065890E1	-4.602977E-1
8.996164E0	1.066749E1	-4.564207E-1
9.029483E0	1.067154E1	-4.005826E-1
9.062802E0	1.072770E1	-4.146923E-1
9.096122E0	1.077100E1	-4.060439E-1
9.129441E0	1.081229E1	-4.123082E-1
9.162760E0	1.078707E1	-4.195912E-1
9.196079E0	1.079562E1	-3.883984E-1
9.229398E0	1.084733E1	-3.853697E-1
9.262717E0	1.090116E1	-4.173634E-1
9.296036E0	1.098612E1	-4.323329E-1
9.329355E0	1.104440E1	-4.644434E-1
9.362675E0	1.109812E1	-4.689777E-1
9.395994E0	1.116932E1	-4.909210E-1
9.429313E0	1.127025E1	-4.957341E-1
9.462632E0	1.136837E1	-5.034038E-1
9.495951E0	1.145307E1	-5.487612E-1
9.529270E0	1.151523E1	-5.172823E-1
9.562589E0	1.151673E1	-5.109914E-1
9.595908E0	1.153344E1	-5.275791E-1
9.629228E0	1.152967E1	-5.316485E-1
9.662547E0	1.150064E1	-5.431214E-1
9.695866E0	1.152707E1	-5.181399E-1
9.729185E0	1.153554E1	-5.314377E-1
9.762504E0	1.150882E1	-5.452012E-1
9.795823E0	1.154630E1	-5.588134E-1
9.829142E0	1.152313E1	-5.430909E-1
9.862462E0	1.151905E1	-5.643907E-1
9.895781E0	1.155585E1	-6.361516E-1
9.929100E0	1.155792E1	-5.886727E-1
9.962419E0	1.143200E1	-4.917012E-1
9.995738E0	1.132864E1	-4.779927E-1
1.002906E1	1.130627E1	-4.624560E-1
1.006238E1	1.130189E1	-4.818815E-1
1.009570E1	1.135528E1	-4.658538E-1
1.012901E1	1.146158E1	-4.557001E-1
1.016233E1	1.161480E1	-4.860178E-1
1.019565E1	1.174156E1	-4.709441E-1
1.022897E1	1.180300E1	-4.740588E-1
1.026229E1	1.186049E1	-4.883600E-1
1.029561E1	1.190994E1	-4.906846E-1
1.032893E1	1.198243E1	-5.224744E-1
1.036225E1	1.212517E1	-4.915102E-1
1.039557E1	1.219340E1	-5.160648E-1
1.042889E1	1.219274E1	-5.220533E-1
1.046221E1	1.219290E1	-5.257344E-1
1.049552E1	1.224366E1	-5.300049E-1
1.052884E1	1.232336E1	-5.510379E-1
1.056216E1	1.242615E1	-5.625627E-1
1.059548E1	1.251977E1	-5.554684E-1
1.062880E1	1.258007E1	-5.603443E-1
1.066212E1	1.264514E1	-5.732739E-1
1.069544E1	1.263985E1	-5.655473E-1
1.072876E1	1.263686E1	-5.605572E-1
1.076208E1	1.261818E1	-5.429066E-1
1.079540E1	1.264312E1	-5.592197E-1
1.082872E1	1.266727E1	-5.313126E-1
1.086204E1	1.267823E1	-4.762086E-1
1.089535E1	1.263012E1	-2.942546E-1
1.092867E1	1.257800E1	-3.334110E-1
1.096199E1	1.257654E1	-4.290671E-1
1.099531E1	1.252252E1	-4.195919E-1
1.102863E1	1.250252E1	-3.741766E-1
1.106195E1	1.252937E1	-4.017249E-1
1.109527E1	1.256938E1	-4.229985E-1
1.112859E1	1.262607E1	-4.334058E-1
1.116191E1	1.273561E1	-4.332263E-1
1.119523E1	1.288761E1	-4.327188E-1
1.122855E1	1.291872E1	-4.456326E-1
1.126186E1	1.289913E1	-4.355433E-1
1.129518E1	1.296420E1	-4.521933E-1
1.132850E1	1.313905E1	-4.596614E-1
1.136182E1	1.328620E1	-4.788396E-1
1.139514E1	1.335862E1	-5.058526E-1
1.142846E1	1.337812E1	-4.809319E-1
1.146178E1	1.338823E1	-4.737399E-1
1.149510E1	1.339957E1	-4.855075E-1
1.152842E1	1.341224E1	-4.988225E-1
1.156174E1	1.345160E1	-4.999133E-1
1.159506E1	1.348721E1	-4.796492E-1
1.162838E1	1.349464E1	-4.838950E-1
1.166169E1	1.353136E1	-4.841157E-1
1.169501E1	1.354408E1	-4.918510E-1
1.172833E1	1.354446E1	-4.919736E-1
1.176165E1	1.351836E1	-5.063469E-1
1.179497E1	1.352276E1	-5.139934E-1
1.182829E1	1.352430E1	-5.652566E-1
1.186161E1	1.350670E1	-5.642309E-1
1.189493E1	1.351531E1	-6.112849E-1
1.192825E1	1.350234E1	-5.790802E-1
1.196157E1	1.350088E1	-5.442587E-1
1.199489E1	1.354572E1	-5.215206E-1
1.202820E1	1.351737E1	-5.500688E-1
1.206152E1	1.351026E1	-5.537419E-1
1.209484E1	1.353342E1	-5.313244E-1
1.212816E1	1.354151E1	-5.365552E-1
1.216148E1	1.365501E1	-5.207530E-1
1.219480E1	1.392064E1	-4.840379E-1
1.222812E1	1.410341E1	-4.606746E-1
1.226144E1	1.419398E1	-4.098107E-1
1.229476E1	1.421953E1	-4.475577E-1
1.232808E1	1.424342E1	-4.389872E-1
1.236140E1	1.426442E1	-4.937895E-1
1.239472E1	1.438379E1	-5.080900E-1
1.242803E1	1.451556E1	-4.891499E-1
1.246135E1	1.465515E1	-5.266610E-1
1.249467E1	1.476508E1	-5.540366E-1
1.252799E1	1.487712E1	-5.753577E-1
1.256131E1	1.497774E1	-6.067873E-1
1.259463E1	1.512402E1	-6.143917E-1
1.262795E1	1.526479E1	-6.526151E-1
1.266127E1	1.532156E1	-6.503809E-1
1.269459E1	1.532468E1	-6.128843E-1
1.272791E1	1.533313E1	-6.167704E-1
1.276123E1	1.533828E1	-6.191439E-1
1.279454E1	1.533311E1	-6.154859E-1
1.282786E1	1.533664E1	-6.165576E-1
1.286118E1	1.538410E1	-6.143687E-1
1.289450E1	1.528496E1	-5.800073E-1
1.292782E1	1.511690E1	-4.088129E-1
1.296114E1	1.505678E1	-3.346056E-1
1.299446E1	1.502903E1	-3.323480E-1
1.302778E1	1.501317E1	-3.544912E-1
1.306110E1	1.503283E1	-3.698265E-1
1.309442E1	1.506888E1	-3.649209E-1
1.312774E1	1.514073E1	-3.914927E-1
1.316106E1	1.527692E1	-3.842625E-1
1.319437E1	1.539514E1	-4.011670E-1
1.322769E1	1.543282E1	-4.383314E-1
1.326101E1	1.546903E1	-4.397555E-1
1.329433E1	1.555607E1	-4.471545E-1
1.332765E1	1.569980E1	-4.844126E-1
1.336097E1	1.579973E1	-5.004691E-1
1.339429E1	1.583545E1	-4.841661E-1
1.342761E1	1.583175E1	-4.655533E-1
1.346093E1	1.582760E1	-4.163841E-1
1.349425E1	1.589881E1	-4.580826E-1
1.352757E1	1.594281E1	-4.210937E-1
1.356088E1	1.599243E1	-3.989263E-1
1.359420E1	1.605735E1	-4.152200E-1
1.362752E1	1.605728E1	-4.143062E-1
1.366084E1	1.606928E1	-4.157728E-1
1.369416E1	1.608204E1	-4.266981E-1
1.372748E1	1.607375E1	-4.234131E-1
1.376080E1	1.607580E1	-4.254555E-1
1.379412E1	1.607280E1	-4.234873E-1
1.382744E1	1.604097E1	-4.028383E-1
1.386076E1	1.600518E1	-4.047950E-1
1.389408E1	1.589039E1	-4.263245E-1
1.392739E1	1.571401E1	-4.086716E-1
1.396071E1	1.550568E1	-3.961452E-1
1.399403E1	1.536718E1	-3.813312E-1
1.402735E1	1.534500E1	-3.733296E-1
1.406067E1	1.535261E1	-4.039554E-1
1.409399E1	1.547084E1	-3.900028E-1
1.412731E1	1.558271E1	-3.675769E-1
1.416063E1	1.567552E1	-3.583557E-1
1.419395E1	1.574504E1	-3.633065E-1
1.422727E1	1.580085E1	-3.724595E-1
1.426059E1	1.588085E1	-3.551179E-1
1.429391E1	1.597592E1	-3.724391E-1
1.432722E1	1.605746E1	-3.604328E-1
1.436054E1	1.612313E1	-3.928400E-1
1.439386E1	1.618050E1	-4.196224E-1
1.442718E1	1.626219E1	-4.110189E-1
1.446050E1	1.634359E1	-4.616161E-1
1.449382E1	1.644768E1	-5.112154E-1
1.452714E1	1.658851E1	-5.272407E-1
1.456046E1	1.673469E1	-6.024252E-1
1.459378E1	1.682315E1	-5.918475E-1
1.462710E1	1.682104E1	-5.900365E-1
1.466042E1	1.682124E1	-5.890318E-1
1.469373E1	1.682077E1	-5.884415E-1
1.472705E1	1.682058E1	-5.882309E-1
1.476037E1	1.681997E1	-5.881720E-1
1.479369E1	1.684109E1	-5.964417E-1
1.482701E1	1.682709E1	-5.803632E-1
1.486033E1	1.680264E1	-5.172366E-1
1.489365E1	1.677662E1	-3.977984E-1
1.492697E1	1.675092E1	-4.170815E-1
1.496029E1	1.671648E1	-4.537655E-1
1.499361E1	1.671045E1	-4.078809E-1
1.502693E1	1.671093E1	-4.174227E-1
1.506025E1	1.671395E1	-4.423262E-1
1.509356E1	1.677131E1	-4.475695E-1
1.512688E1	1.681212E1	-4.461562E-1
1.516020E1	1.688641E1	-4.458904E-1
1.519352E1	1.703840E1	-4.354860E-1
1.522684E1	1.713166E1	-4.230116E-1
1.526016E1	1.716027E1	-4.474940E-1
1.529348E1	1.719902E1	-4.441674E-1
1.532680E1	1.731019E1	-4.529514E-1
1.536012E1	1.741474E1	-4.812168E-1
1.539344E1	1.747838E1	-5.005186E-1
1.542676E1	1.749667E1	-5.073571E-1
1.546007E1	1.748776E1	-4.984306E-1
1.549339E1	1.748969E1	-4.939218E-1
1.552671E1	1.750387E1	-4.893670E-1
1.556003E1	1.753001E1	-4.931318E-1
1.559335E1	1.759525E1	-5.153553E-1
1.562667E1	1.762538E1	-5.183258E-1
1.565999E1	1.764236E1	-5.516964E-1
1.569331E1	1.764403E1	-5.479341E-1
1.572663E1	1.764041E1	-5.467353E-1
1.575995E1	1.762013E1	-5.302705E-1
1.579327E1	1.763041E1	-5.440455E-1
1.582659E1	1.763282E1	-5.864300E-1
1.585990E1	1.762514E1	-5.971331E-1
1.589322E1	1.763341E1	-6.356965E-1
1.592654E1	1.763661E1	-6.238475E-1
1.595986E1	1.762356E1	-5.442797E-1
1.599318E1	1.763670E1	-5.704513E-1
1.602650E1	1.763208E1	-5.580097E-1
1.605982E1	1.762603E1	-5.480039E-1
1.609314E1	1.763605E1	-5.549130E-1
1.612646E1	1.769686E1	-5.936347E-1
1.615978E1	1.780436E1	-6.021829E-1
1.619310E1	1.794093E1	-5.018877E-1
1.622641E1	1.795366E1	-4.952659E-1
1.625973E1	1.803279E1	-5.267289E-1
1.629305E1	1.809714E1	-5.142019E-1
1.632637E1	1.808032E1	-5.287936E-1
1.635969E1	1.809201E1	-5.151533E-1
1.639301E1	1.809511E1	-5.123052E-1
1.642633E1	1.810676E1	-5.463262E-1
1.645965E1	1.814704E1	-6.767952E-1
1.649297E1	1.823387E1	-6.977184E-1
1.652629E1	1.828528E1	-6.526248E-1
1.655961E1	1.827197E1	-7.093496E-1
1.659293E1	1.832671E1	-7.667940E-1
1.662624E1	1.844221E1	-7.642342E-1
1.665956E1	1.853448E1	-8.217978E-1
1.669288E1	1.854413E1	-8.135656E-1
1.672620E1	1.853757E1	-8.229257E-1
1.675952E1	1.857346E1	-8.021257E-1
1.679284E1	1.876207E1	-7.116339E-1
1.682616E1	1.891577E1	-6.270545E-1
1.685948E1	1.912427E1	-5.374767E-1
1.689280E1	1.924173E1	-3.086367E-1
1.692612E1	1.914091E1	-3.523660E-1
1.695944E1	1.908599E1	-4.432122E-1
1.699275E1	1.909411E1	-3.848424E-1
1.702607E1	1.909444E1	-3.834988E-1
1.705939E1	1.902568E1	-3.711425E-1
1.709271E1	1.907779E1	-4.057509E-1
1.712603E1	1.903273E1	-3.582936E-1
1.715935E1	1.909102E1	-3.505004E-1
1.719267E1	1.930383E1	-3.511682E-1
1.722599E1	1.957023E1	-3.548157E-1
1.725931E1	1.963804E1	-3.437622E-1
1.729263E1	1.962327E1	-3.635552E-1
1.732595E1	1.966760E1	-3.747596E-1
1.735927E1	1.977630E1	-3.752139E-1
1.739258E1	1.985645E1	-3.417090E-1
1.742590E1	1.991468E1	-3.352743E-1
1.745922E1	1.995053E1	-3.614625E-1
1.749254E1	1.997026E1	-3.367793E-1
1.752586E1	1.996150E1	-3.048410E-1
1.755918E1	2.000760E1	-3.090831E-1
1.759250E1	2.005881E1	-3.101536E-1
1.762582E1	2.005631E1	-2.722032E-1
1.765914E1	2.012093E1	-2.977056E-1
1.769246E1	2.010792E1	-2.723697E-1
1.772578E1	2.011019E1	-2.685543E-1
1.775909E1	2.012469E1	-2.920574E-1
1.779241E1	2.011799E1	-3.067663E-1
1.782573E1	2.017673E1	-3.523482E-1
1.785905E1	2.017593E1	-3.606756E-1
1.789237E1	2.016908E1	-3.198982E-1
1.792569E1	2.016102E1	-3.283782E-1
1.795901E1	2.011645E1	-4.114110E-1
1.799233E1	2.007078E1	-4.050574E-1
1.802565E1	2.006087E1	-4.176888E-1
1.805897E1	2.001163E1	-4.554138E-1
1.809229E1	1.997058E1	-4.426837E-1
1.812560E1	2.006492E1	-4.602175E-1
1.815892E1	2.015672E1	-4.402900E-1
1.819224E1	2.024132E1	-3.961085E-1
1.822556E1	2.022636E1	-3.728159E-1
1.825888E1	2.023413E1	-3.636027E-1
1.829220E1	2.034412E1	-4.007410E-1
1.832552E1	2.044698E1	-4.064929E-1
1.835884E1	2.044767E1	-3.616797E-1
1.839216E1	2.046364E1	-3.386394E-1
1.842548E1	2.051079E1	-3.412522E-1
1.845880E1	2.051935E1	-3.421480E-1
1.849212E1	2.050207E1	-3.685498E-1
1.852543E1	2.050554E1	-3.615818E-1
1.855875E1	2.051019E1	-3.987325E-1
1.859207E1	2.045239E1	-4.149480E-1
1.862539E1	2.043458E1	-4.364526E-1
1.865871E1	2.045492E1	-4.056287E-1
1.869203E1	2.045230E1	-4.096972E-1
1.872535E1	2.044104E1	-4.245287E-1
1.875867E1	2.044619E1	-3.771449E-1
1.879199E1	2.060910E1	-3.134582E-1
1.882531E1	2.077002E1	-2.168304E-1
1.885863E1	2.071678E1	-2.030405E-1
1.889194E1	2.061984E1	-1.721057E-1
1.892526E1	2.055129E1	-1.554552E-1
1.895858E1	2.039749E1	-1.327136E-1
1.899190E1	1.996788E1	-2.798059E-3
1.902522E1	1.964176E1	1.160825E-1
1.905854E1	1.965227E1	2.026241E-1
1.909186E1	1.985394E1	1.524152E-1
1.912518E1	2.016954E1	-5.300691E-2
1.915850E1	2.027504E1	-9.260081E-2
1.919182E1	2.031325E1	-1.218762E-1
1.922514E1	2.045756E1	-1.329853E-1
1.925846E1	2.050549E1	-1.527328E-1
1.929177E1	2.056286E1	-1.918326E-1
1.932509E1	2.054281E1	-2.686487E-1
1.935841E1	2.065715E1	-3.853551E-1
1.939173E1	2.068711E1	-2.797577E-1
1.942505E1	2.068751E1	-2.412509E-1
1.945837E1	2.072631E1	-2.127660E-1
1.949169E1	2.065982E1	-1.254339E-1
1.952501E1	2.071639E1	-2.415474E-1
1.955833E1	2.082189E1	-2.811413E-1
1.959165E1	2.085077E1	-2.814377E-1
1.962497E1	2.088937E1	-2.722063E-1
1.965828E1	2.087906E1	-3.394945E-1
1.969160E1	2.088664E1	-3.382867E-1
1.972492E1	2.088506E1	-3.383837E-1
1.975824E1	2.086523E1	-3.289128E-1
1.979156E1	2.083077E1	-3.401960E-1
1.982488E1	2.084142E1	-3.875150E-1
1.985820E1	2.093394E1	-4.486709E-1
1.989152E1	2.105833E1	-6.159046E-1
1.992484E1	2.111539E1	-6.331956E-1
1.995816E1	2.109538E1	-5.310957E-1
1.999148E1	2.110020E1	-5.013603E-1
2.002480E1	2.108007E1	-4.869660E-1
2.005811E1	2.104102E1	-5.171073E-1
2.009143E1	2.108439E1	-4.994504E-1
2.012475E1	2.117145E1	-5.071994E-1
2.015807E1	2.117455E1	-5.042659E-1
2.019139E1	2.115616E1	-4.952540E-1
2.022471E1	2.119737E1	-4.716366E-1
2.025803E1	2.137689E1	-4.537745E-1
2.029135E1	2.168895E1	-4.150586E-1
2.032467E1	2.194854E1	-3.908809E-1
2.035799E1	2.202017E1	-4.029973E-1
2.039131E1	2.202083E1	-4.046942E-1
2.042462E1	2.207031E1	-4.383215E-1
2.045794E1	2.210955E1	-4.517327E-1
2.049126E1	2.213188E1	-5.019412E-1
2.052458E1	2.213482E1	-5.101201E-1
2.055790E1	2.218264E1	-5.157200E-1
2.059122E1	2.226895E1	-5.079894E-1
2.062454E1	2.236073E1	-5.634113E-1
2.065786E1	2.245348E1	-5.679123E-1
2.069118E1	2.246079E1	-5.736631E-1
2.072450E1	2.245696E1	-5.714385E-1
2.075782E1	2.244858E1	-5.660357E-1
2.079114E1	2.245377E1	-5.687520E-1
2.082445E1	2.249436E1	-5.558393E-1
2.085777E1	2.253396E1	-5.330082E-1
2.089109E1	2.256640E1	-3.200175E-1
2.092441E1	2.251235E1	-3.039141E-1
2.095773E1	2.250741E1	-3.826323E-1
2.099105E1	2.246500E1	-3.710296E-1
2.102437E1	2.245361E1	-3.136305E-1
2.105769E1	2.246149E1	-3.572138E-1
2.109101E1	2.251113E1	-3.664657E-1
2.112433E1	2.253455E1	-3.711099E-1
2.115765E1	2.258954E1	-3.650887E-1
2.119096E1	2.259642E1	-3.312217E-1
2.122428E1	2.258395E1	-3.547157E-1
2.125760E1	2.259245E1	-3.617749E-1
2.129092E1	2.263092E1	-3.554769E-1
2.132424E1	2.284483E1	-3.354419E-1
2.135756E1	2.311462E1	-3.124517E-1
2.139088E1	2.332276E1	-3.184635E-1
2.142420E1	2.335443E1	-3.317313E-1
2.145752E1	2.336347E1	-3.055225E-1
2.149084E1	2.340757E1	-3.146613E-1
2.152416E1	2.346355E1	-3.193555E-1
2.155747E1	2.347048E1	-3.019664E-1
2.159079E1	2.350486E1	-3.235176E-1
2.162411E1	2.348953E1	-3.064489E-1
2.165743E1	2.349212E1	-3.122683E-1
2.169075E1	2.349517E1	-3.140270E-1
2.172407E1	2.349550E1	-3.139149E-1
2.175739E1	2.347079E1	-3.016988E-1
2.179071E1	2.345601E1	-3.214046E-1
2.182403E1	2.346070E1	-3.546576E-1
2.185735E1	2.344985E1	-3.569959E-1
2.189067E1	2.349368E1	-4.782060E-1
2.192399E1	2.350514E1	-5.327754E-1
2.195730E1	2.348882E1	-4.309071E-1
2.199062E1	2.353524E1	-3.910562E-1
2.202394E1	2.349774E1	-4.069282E-1
2.205726E1	2.348397E1	-4.048063E-1
2.209058E1	2.348924E1	-4.095013E-1
2.212390E1	2.348640E1	-4.104491E-1
2.215722E1	2.352288E1	-3.956696E-1
2.219054E1	2.372102E1	-3.941050E-1
2.222386E1	2.393455E1	-3.696899E-1
2.225718E1	2.405273E1	-3.622684E-1
2.229050E1	2.405573E1	-3.676383E-1
2.232381E1	2.404476E1	-3.717257E-1
2.235713E1	2.410745E1	-3.861251E-1
2.239045E1	2.424262E1	-3.768018E-1
2.242377E1	2.435695E1	-3.793644E-1
2.245709E1	2.442263E1	-4.053613E-1
2.249041E1	2.451500E1	-4.151277E-1
2.252373E1	2.458188E1	-4.254552E-1
2.255705E1	2.464280E1	-4.483203E-1
2.259037E1	2.473269E1	-4.330192E-1
2.262369E1	2.479952E1	-4.349979E-1
2.265701E1	2.481562E1	-4.482671E-1
2.269033E1	2.481230E1	-4.446407E-1
2.272364E1	2.481045E1	-4.422744E-1
2.275696E1	2.479778E1	-4.328030E-1
2.279028E1	2.479337E1	-4.289211E-1
2.282360E1	2.484611E1	-4.263739E-1
2.285692E1	2.490413E1	-3.750836E-1
2.289024E1	2.495723E1	-1.990359E-1
2.292356E1	2.492603E1	-2.152643E-1
2.295688E1	2.497376E1	-2.686329E-1
2.299020E1	2.497490E1	-2.696797E-1
2.302352E1	2.497272E1	-2.701091E-1
2.305684E1	2.503138E1	-2.936148E-1
2.309015E1	2.507815E1	-3.130758E-1
2.312347E1	2.508949E1	-3.233567E-1
2.315679E1	2.514734E1	-2.971795E-1
2.319011E1	2.516526E1	-2.668146E-1
2.322343E1	2.519139E1	-2.897939E-1
2.325675E1	2.527833E1	-2.857468E-1
2.329007E1	2.538186E1	-3.047051E-1
2.332339E1	2.548912E1	-3.282675E-1
2.335671E1	2.556412E1	-3.747871E-1
2.339003E1	2.562854E1	-3.767465E-1
2.342335E1	2.573276E1	-3.563432E-1
2.345667E1	2.582334E1	-3.374493E-1
2.348998E1	2.588603E1	-3.410813E-1
2.352330E1	2.594744E1	-3.330965E-1
2.355662E1	2.601885E1	-3.417136E-1
2.358994E1	2.602897E1	-3.224353E-1
2.362326E1	2.603617E1	-3.266029E-1
2.365658E1	2.604119E1	-3.293481E-1
2.368990E1	2.604428E1	-3.313034E-1
2.372322E1	2.604612E1	-3.322729E-1
2.375654E1	2.604348E1	-3.308422E-1
2.378986E1	2.601938E1	-3.425819E-1
2.382318E1	2.600481E1	-3.512675E-1
2.385649E1	2.596230E1	-3.960819E-1
2.388981E1	2.600731E1	-4.479513E-1
2.392313E1	2.600246E1	-4.591456E-1
2.395645E1	2.596864E1	-3.979885E-1
2.398977E1	2.598041E1	-3.283814E-1
2.402309E1	2.594353E1	-3.712049E-1
2.405641E1	2.589494E1	-3.997819E-1
2.408973E1	2.589986E1	-3.937643E-1
2.412305E1	2.599418E1	-3.825457E-1
2.415637E1	2.612156E1	-3.594185E-1
2.418969E1	2.619368E1	-3.247081E-1
2.422301E1	2.649927E1	-2.385810E-1
2.425632E1		
2.428964E1		
2.432296E1	2.642493E1	-3.097762E-1
2.435628E1	2.647306E1	-3.102703E-1
2.438960E1	2.653063E1	-3.301166E-1
2.442292E1	2.653063E1	-3.301166E-1
2.445624E1	2.652120E1	-3.107644E-1
2.448956E1	2.654920E1	-2.973602E-1
2.452288E1	2.663182E1	-3.370748E-1
2.455620E1	2.673242E1	-3.698880E-1
2.458952E1	2.685527E1	-4.035309E-1
2.462283E1	2.689240E1	-3.768737E-1
2.465615E1	2.690600E1	-3.810604E-1
2.468947E1	2.691073E1	-3.797515E-1
2.472279E1	2.691123E1	-3.784518E-1
2.475611E1	2.689674E1	-3.672866E-1
2.478943E1	2.689789E1	-3.671327E-1
2.482275E1	2.695210E1	-3.656837E-1
2.485607E1	2.699347E1	-3.070143E-1
2.488939E1	2.701782E1	-1.225211E-1
2.492271E1	2.700923E1	-5.889174E-2
2.495603E1	2.702202E1	-1.548203E-1
2.498935E1	2.698212E1	-1.713530E-1
2.502266E1	2.695566E1	-1.087721E-1
2.505598E1	2.695530E1	-1.388995E-1
2.508930E1	2.700063E1	-1.499183E-1
2.512262E1	2.701330E1	-1.573902E-1
2.515594E1	2.701127E1	-1.548591E-1
2.518926E1	2.703732E1	-1.763628E-1
2.522258E1	2.717193E1	-1.547493E-1
2.525590E1	2.739356E1	-1.542379E-1
2.528922E1	2.749386E1	-1.911414E-1
2.532254E1	2.751061E1	-2.065431E-1
2.535586E1	2.756862E1	-2.090632E-1
2.538917E1	2.766169E1	-2.132255E-1
2.542249E1	2.777167E1	-2.243775E-1
2.545581E1	2.787993E1	-2.041731E-1
2.548913E1	2.799152E1	-1.966782E-1
2.552245E1	2.808791E1	-1.805750E-1
2.555577E1	2.812198E1	-2.171393E-1
2.558909E1	2.814822E1	-2.149904E-1
2.562241E1	2.814194E1	-2.126794E-1
2.565573E1	2.815476E1	-2.189387E-1
2.568905E1	2.815651E1	-2.183149E-1
2.572237E1	2.815713E1	-2.181978E-1
2.575568E1	2.814242E1	-2.083101E-1
2.578900E1	2.811505E1	-2.245235E-1
2.582232E1	2.809701E1	-2.346227E-1
2.585564E1	2.806662E1	-2.651679E-1
2.588896E1	2.809553E1	-3.752950E-1
2.592228E1	2.805440E1	-3.999886E-1
2.595560E1	2.798337E1	-3.293607E-1
2.598892E1	2.794249E1	-3.245300E-1
2.602224E1	2.789507E1	-3.242991E-1
2.605556E1	2.790659E1	-3.317923E-1
2.608888E1	2.789015E1	-3.243600E-1
2.612220E1	2.789152E1	-3.063418E-1
2.615551E1	2.802291E1	-2.575630E-1
2.618883E1	2.821482E1	-2.930984E-1
2.622215E1	2.826512E1	-3.015597E-1
2.625547E1	2.826196E1	-3.084614E-1
2.628879E1	2.828025E1	-3.280699E-1
2.632211E1	2.834238E1	-3.327673E-1
2.635543E1	2.843437E1	-3.288270E-1
2.638875E1	2.852090E1	-3.234458E-1
2.642207E1	2.859494E1	-3.353965E-1
2.645539E1	2.868877E1	-3.369263E-1
2.648871E1	2.877355E1	-3.594033E-1
2.652202E1	2.886588E1	-3.564480E-1
2.655534E1	2.896146E1	-3.832647E-1
2.658866E1	2.905829E1	-3.919759E-1
2.662198E1	2.908687E1	-4.324075E-1
2.665530E1	2.907939E1	-4.327845E-1
2.668862E1	2.908909E1	-4.433883E-1
2.672194E1	2.908627E1	-4.432187E-1
2.675526E1	2.907027E1	-4.314465E-1
2.678858E1	2.907660E1	-4.367504E-1
2.682190E1	2.913764E1	-4.441904E-1
2.685522E1	2.916220E1	-3.772323E-1
2.688854E1	2.928448E1	-2.399582E-1
2.692185E1	2.925639E1	-2.518351E-1
2.695517E1	2.925604E1	-3.183199E-1
2.698849E1	2.927943E1	-2.683578E-1
2.702181E1	2.929175E1	-2.804257E-1
2.705513E1	2.936807E1	-3.402817E-1
2.708845E1	2.940399E1	-3.708525E-1
2.712177E1	2.942045E1	-3.909498E-1
2.715509E1	2.942396E1	-3.588273E-1
2.718841E1	2.942755E1	-3.475394E-1
2.722173E1	2.946458E1	-3.567627E-1
2.725505E1	2.952664E1	-3.790081E-1
2.728836E1	2.962724E1	-3.968419E-1
2.732168E1	2.968280E1	-4.087495E-1
2.735500E1	2.972232E1	-3.900673E-1
2.738832E1	2.977663E1	-3.912309E-1
2.742164E1	2.984543E1	-3.988767E-1
2.745496E1	2.994176E1	-3.600035E-1
2.748828E1	3.002095E1	-3.551802E-1
2.752160E1	3.006040E1	-3.429065E-1
2.755492E1	3.006603E1	-3.457693E-1
2.758824E1	3.006496E1	-3.457308E-1
2.762156E1	3.007623E1	-3.552096E-1
2.765488E1	3.010860E1	-3.465128E-1
2.768819E1	3.010056E1	-3.280566E-1
2.772151E1	3.012225E1	-3.461083E-1
2.775483E1	3.011876E1	-3.444573E-1
2.778815E1	3.009309E1	-3.319211E-1
2.782147E1	3.010359E1	-3.622221E-1
2.785479E1	3.006921E1	-4.024122E-1
2.788811E1	3.004071E1	-4.900314E-1
2.792143E1	3.002987E1	-5.815930E-1
2.795475E1	2.999664E1	-5.030341E-1
2.798807E1	3.000466E1	-4.754043E-1
2.802139E1	2.994588E1	-5.027106E-1
2.805470E1	2.990248E1	-5.057111E-1
2.808802E1	2.991724E1	-5.127596E-1
2.812134E1	2.996915E1	-5.059352E-1
2.815466E1	3.007252E1	-5.131052E-1
2.818798E1	3.017901E1	-5.166121E-1
2.822130E1	3.023531E1	-5.161603E-1
2.825462E1	3.027333E1	-5.079307E-1
2.828794E1	3.029733E1	-5.322535E-1
2.832126E1	3.032936E1	-5.231129E-1
2.835458E1	3.041006E1	-5.411488E-1
2.838790E1	3.049619E1	-5.249382E-1
2.842122E1	3.057990E1	-5.145443E-1
2.845453E1	3.066063E1	-5.610487E-1
2.848785E1	3.074226E1	-5.559215E-1
2.852117E1	3.076113E1	-5.681633E-1
2.855449E1	3.076080E1	-5.687590E-1
2.858781E1	3.076274E1	-5.699257E-1
2.862113E1	3.076663E1	-5.675265E-1
2.865445E1	3.074784E1	-5.570105E-1
2.868777E1	3.075137E1	-5.651423E-1
2.872109E1	3.079094E1	-5.920163E-1
2.875441E1	3.075659E1	-5.702238E-1
2.878773E1	3.076658E1	-5.752081E-1
2.882104E1	3.082957E1	-5.842423E-1
2.885436E1	3.084457E1	-5.738421E-1
2.888768E1	3.087450E1	-3.876128E-1
2.892100E1	3.086674E1	-3.061121E-1
2.895432E1	3.086674E1	-3.613618E-1
2.898764E1	3.083297E1	-3.657381E-1
2.902096E1	3.081065E1	-3.020428E-1
2.905428E1	3.081807E1	-3.574830E-1
2.908760E1	3.085782E1	-3.875618E-1
2.912092E1	3.091963E1	-3.971374E-1
2.915424E1	3.101731E1	-3.963300E-1
2.918755E1	3.113019E1	-4.061623E-1
2.922087E1	3.116208E1	-4.230242E-1
2.925419E1	3.118654E1	-4.095767E-1
2.928751E1	3.126609E1	-4.267295E-1
2.932083E1	3.136828E1	-4.365990E-1
2.935415E1	3.144006E1	-4.701261E-1
2.938747E1	3.150571E1	-4.525825E-1
2.942079E1	3.152852E1	-4.118973E-1
2.945411E1	3.155351E1	-4.230960E-1
2.948743E1	3.158887E1	-4.291738E-1
2.952075E1	3.159670E1	-4.010217E-1
2.955407E1	3.167170E1	-3.582142E-1
2.958738E1	3.173275E1	-3.599410E-1
2.962070E1	3.175574E1	-3.763443E-1
2.965402E1	3.176655E1	-3.774236E-1
2.968734E1	3.180091E1	-3.642493E-1
2.972066E1	3.180272E1	-3.655780E-1
2.975398E1	3.179142E1	-3.595636E-1
2.978730E1	3.177886E1	-3.569082E-1
2.982062E1	3.176313E1	-3.909819E-1
2.985394E1	3.173032E1	-3.753405E-1
2.988726E1	3.173060E1	-5.022547E-1
2.992058E1	3.174794E1	-5.737854E-1
2.995389E1	3.180393E1	-4.917590E-1
2.998721E1	3.187696E1	-4.922328E-1
3.002053E1	3.186024E1	-4.896255E-1
3.005385E1	3.180547E1	-4.902539E-1
3.008717E1	3.180803E1	-4.843608E-1
3.012049E1	3.181814E1	-4.863115E-1
3.015381E1	3.180530E1	-4.780769E-1
3.018713E1	3.180786E1	-4.798247E-1
3.022045E1	3.181325E1	-4.812569E-1
3.025377E1	3.190212E1	-4.546987E-1
3.028709E1	3.218520E1	-4.328275E-1
3.032041E1	3.246293E1	-5.112549E-1
3.035372E1	3.261172E1	-5.059131E-1
3.038704E1	3.260502E1	-4.780376E-1
3.042036E1	3.257217E1	-5.179857E-1
3.045368E1	3.256387E1	-5.356856E-1
3.048700E1	3.258879E1	-5.506001E-1
3.052032E1	3.262292E1	-5.399365E-1
3.055364E1	3.266416E1	-5.438394E-1
3.058696E1	3.272737E1	-5.599730E-1
3.062028E1	3.278241E1	-5.521764E-1
3.065360E1	3.280598E1	-5.620029E-1
3.068692E1	3.281032E1	-5.318881E-1
3.072023E1	3.281762E1	-5.345860E-1
3.075355E1	3.281007E1	-5.293966E-1
3.078687E1	3.280017E1	-5.513478E-1
3.082019E1	3.286596E1	-5.328788E-1
3.085351E1	3.293228E1	-4.839327E-1
3.088683E1	3.299051E1	-2.673426E-1
3.092015E1	3.301392E1	-2.251961E-1
3.095347E1	3.304173E1	-3.034649E-1
3.098679E1	3.300937E1	-3.644358E-1
3.102011E1	3.300343E1	-3.110009E-1
3.105343E1	3.301035E1	-3.189151E-1
3.108675E1	3.301307E1	-3.671464E-1
3.112006E1	3.303907E1	-3.597654E-1
3.115338E1	3.309420E1	-3.284150E-1
3.118670E1	3.315267E1	-3.520423E-1
3.122002E1	3.315809E1	-3.636053E-1
3.125334E1	3.315193E1	-3.638684E-1
3.128666E1	3.316258E1	-3.722922E-1
3.131998E1	3.320456E1	-3.698465E-1
3.135330E1	3.339082E1	-4.061392E-1
3.138662E1	3.351174E1	-3.812193E-1
3.141994E1	3.355397E1	-3.730113E-1
3.145326E1	3.357821E1	-3.779899E-1
3.148657E1	3.360400E1	-4.350557E-1
3.151989E1	3.365609E1	-4.205970E-1
3.155321E1	3.376594E1	-4.076565E-1
3.158653E1	3.385370E1	-3.919205E-1
3.161985E1	3.392474E1	-4.282673E-1
3.165317E1	3.398201E1	-4.318221E-1
3.168649E1	3.399862E1	-4.413072E-1
3.171981E1	3.399392E1	-4.420375E-1
3.175313E1	3.398011E1	-4.366832E-1
3.178645E1	3.397053E1	-4.381282E-1
3.181977E1	3.392949E1	-4.763143E-1
3.185309E1	3.387333E1	-4.621808E-1
3.188640E1	3.384940E1	-4.963447E-1
3.191972E1	3.390132E1	-5.961888E-1
3.195304E1	3.394594E1	-5.715065E-1
3.198636E1	3.395071E1	-5.732875E-1
3.201968E1	3.388103E1	-6.191384E-1
3.205300E1	3.384588E1	-5.936315E-1
3.208632E1	3.387041E1	-6.040564E-1
3.211964E1	3.385993E1	-5.989191E-1
3.215296E1	3.387360E1	-5.985494E-1
3.218628E1	3.399382E1	-5.733617E-1
3.221960E1	3.420399E1	-5.649029E-1
3.225291E1	3.432068E1	-5.807646E-1
3.228623E1	3.432220E1	-5.801564E-1
3.231955E1	3.429632E1	-5.816498E-1
3.235287E1	3.428651E1	-5.947694E-1
3.238619E1	3.432953E1	-6.232740E-1
3.241951E1	3.435086E1	-6.085229E-1
3.245283E1	3.438017E1	-6.221530E-1
3.248615E1	3.444521E1	-5.988209E-1
3.251947E1	3.456413E1	-6.165119E-1
3.255279E1	3.469601E1	-6.652435E-1
3.258611E1	3.485998E1	-7.215589E-1
3.261943E1	3.499936E1	-7.521053E-1
3.265274E1	3.508083E1	-7.813793E-1
3.268606E1	3.509212E1	-7.885058E-1
3.271938E1	3.508103E1	-7.855428E-1
3.275270E1	3.506933E1	-7.789997E-1
3.278602E1	3.506245E1	-7.761150E-1
3.281934E1	3.511022E1	-7.786856E-1
3.285266E1	3.516214E1	-7.392662E-1
3.288598E1	3.523105E1	-5.640839E-1
3.291930E1	3.526446E1	-4.347116E-1
3.295262E1	3.527310E1	-4.968246E-1
3.298594E1	3.522960E1	-5.465107E-1
3.301925E1	3.523410E1	-5.087217E-1
3.305257E1	3.522468E1	-5.039505E-1
3.308589E1	3.522478E1	-5.118077E-1
3.311921E1	3.523278E1	-5.098193E-1
3.315253E1	3.523118E1	-5.098300E-1
3.318585E1	3.523060E1	-5.094182E-1
3.321917E1	3.526341E1	-5.049961E-1
3.325249E1	3.540015E1	-5.363200E-1
3.328581E1	3.574236E1	-5.856652E-1
3.331913E1	3.599155E1	-5.717638E-1
3.335245E1	3.602524E1	-5.637083E-1
3.338576E1	3.598509E1	-6.008965E-1
3.341908E1	3.602153E1	-5.624161E-1
3.345240E1	3.609685E1	-5.472173E-1
3.348572E1	3.615934E1	-5.417253E-1
3.351904E1	3.617445E1	-5.757451E-1
3.355236E1	3.619119E1	-5.668574E-1
3.358568E1	3.623961E1	-5.603090E-1
3.361900E1	3.627614E1	-5.804912E-1
3.365232E1	3.630834E1	-5.715006E-1
3.368564E1	3.632859E1	-5.790414E-1
3.371896E1	3.632981E1	-5.807555E-1
3.375228E1	3.632474E1	-5.778441E-1
3.378559E1	3.630988E1	-5.761095E-1
3.381891E1	3.632022E1	-6.103127E-1
3.385223E1	3.630130E1	-6.019570E-1
3.388555E1	3.613564E1	-5.568776E-1
3.391887E1	3.588716E1	-5.691422E-1
3.395219E1	3.565430E1	-6.029818E-1
3.398551E1	3.553996E1	-6.165164E-1
3.401883E1	3.540087E1	-6.575653E-1
3.405215E1	3.541528E1	-6.812961E-1
3.408547E1	3.546157E1	-6.653899E-1
3.411879E1	3.556045E1	-6.396968E-1
3.415210E1	3.566652E1	-6.378002E-1
3.418542E1	3.574080E1	-6.317038E-1
3.421874E1	3.580880E1	-6.176728E-1
3.425206E1	3.586865E1	-6.220029E-1
3.428538E1	3.592427E1	-6.218132E-1
3.431870E1	3.592884E1	-6.308015E-1
3.435202E1	3.594184E1	-6.564603E-1
3.438534E1	3.600061E1	-6.681791E-1
3.441866E1	3.608668E1	-6.584284E-1
3.445198E1	3.615362E1	-6.781811E-1
3.448530E1	3.615246E1	-7.121767E-1
3.451862E1	3.615849E1	-7.338080E-1
3.455193E1	3.620163E1	-7.306234E-1
3.458525E1	3.626773E1	-7.501086E-1
3.461857E1	3.634665E1	-7.702115E-1
3.465189E1	3.641837E1	-7.905537E-1
3.468521E1	3.644051E1	-8.030614E-1
3.471853E1	3.643650E1	-7.996887E-1
3.475185E1	3.641964E1	-7.897687E-1
3.478517E1	3.641131E1	-7.835420E-1
3.481849E1	3.645945E1	-7.835934E-1
3.485181E1	3.650482E1	-7.589076E-1
3.488513E1	3.657498E1	-5.701964E-1
3.491844E1	3.663825E1	-4.678097E-1
3.495176E1	3.663661E1	-5.557348E-1
3.498508E1	3.656930E1	-6.118049E-1
3.501840E1	3.656501E1	-5.680708E-1
3.505172E1	3.654363E1	-5.758777E-1
3.508504E1	3.656851E1	-5.719150E-1
3.511836E1	3.661572E1	-6.039713E-1
3.515168E1	3.664753E1	-5.850225E-1
3.518500E1	3.674716E1	-5.909872E-1
3.521832E1	3.689488E1	-6.136736E-1
3.525164E1	3.699577E1	-6.501523E-1
3.528496E1	3.697645E1	-6.290613E-1
3.531827E1	3.697663E1	-6.334777E-1
3.535159E1	3.697786E1	-6.356586E-1
3.538491E1	3.697547E1	-6.348876E-1
3.541823E1	3.697372E1	-6.341762E-1
3.545155E1	3.697316E1	-6.342378E-1
3.548487E1	3.697236E1	-6.341882E-1
3.551819E1	3.697231E1	-6.343114E-1
3.555151E1	3.697243E1	-6.346317E-1
3.558483E1	3.697136E1	-6.340421E-1
3.561815E1	3.697118E1	-6.339639E-1
3.565147E1	3.697097E1	-6.338974E-1
3.568478E1	3.697059E1	-6.336165E-1
3.571810E1	3.697536E1	-6.376549E-1
3.575142E1	3.700573E1	-6.304646E-1
3.578474E1	3.697695E1	-5.835309E-1
3.581806E1	3.696240E1	-5.226554E-1
3.585138E1	3.697076E1	-5.712109E-1
3.588470E1	3.686832E1	-6.101601E-1
3.591802E1	3.690247E1	-6.239687E-1
3.595134E1	3.691733E1	-6.087221E-1
3.598466E1	3.696149E1	-6.194950E-1
3.601798E1	3.690227E1	-6.407704E-1
3.605130E1	3.685439E1	-6.484059E-1
3.608461E1	3.687667E1	-6.534167E-1
3.611793E1	3.693634E1	-6.502035E-1
3.615125E1	3.701822E1	-6.374765E-1
3.618457E1	3.710081E1	-6.467128E-1
3.621789E1	3.713446E1	-6.265398E-1
3.625121E1	3.714838E1	-6.435712E-1
3.628453E1	3.714942E1	-6.494020E-1
3.631785E1	3.723861E1	-6.407677E-1
3.635117E1	3.734995E1	-6.390025E-1
3.638449E1	3.744692E1	-6.381100E-1
3.641781E1	3.752150E1	-6.732824E-1
3.645112E1	3.757670E1	-6.989483E-1
3.648444E1	3.760417E1	-6.893069E-1
3.651776E1	3.762264E1	-7.066265E-1
3.655108E1	3.762330E1	-7.335904E-1
3.658440E1	3.768150E1	-7.539670E-1
3.661772E1	3.775682E1	-7.761964E-1
3.665104E1	3.779331E1	-7.862388E-1
3.668436E1	3.783236E1	-7.780120E-1
3.671768E1	3.783267E1	-7.669187E-1
3.675100E1	3.782694E1	-7.555735E-1
3.678432E1	3.780471E1	-7.745188E-1
3.681763E1	3.784928E1	-7.670699E-1
3.685095E1	3.790262E1	-7.364618E-1
3.688427E1	3.799904E1	-5.504919E-1
3.691759E1	3.800333E1	-4.705817E-1
3.695091E1	3.800191E1	-5.310879E-1
3.698423E1	3.795674E1	-5.930657E-1
3.701755E1	3.794817E1	-5.479062E-1
3.705087E1	3.791088E1	-5.729261E-1
3.708419E1	3.794493E1	-5.930817E-1
3.711751E1	3.800662E1	-6.063845E-1
3.715083E1	3.811180E1	-6.253763E-1
3.718415E1	3.825803E1	-6.366704E-1
3.721746E1	3.828739E1	-6.626825E-1
3.725078E1	3.829189E1	-6.647291E-1
3.728410E1	3.837350E1	-6.553966E-1
3.731742E1	3.849402E1	-6.966811E-1
3.735074E1	3.860693E1	-7.157825E-1
3.738406E1	3.867033E1	-7.278206E-1
3.741738E1	3.872241E1	-7.447351E-1
3.745070E1	3.877393E1	-7.226298E-1
3.748402E1	3.878120E1	-7.044781E-1
3.751734E1	3.877354E1	-6.861038E-1
3.755066E1	3.882074E1	-6.924406E-1
3.758397E1	3.890676E1	-6.931995E-1
3.761729E1	3.894943E1	-7.137618E-1
3.765061E1	3.896452E1	-6.972447E-1
3.768393E1	3.897272E1	-7.009993E-1
3.771725E1	3.897661E1	-7.036282E-1
3.775057E1	3.896720E1	-6.985524E-1
3.778389E1	3.894377E1	-7.127056E-1
3.781721E1	3.893873E1	-7.337546E-1
3.785053E1	3.887249E1	-7.071076E-1
3.788385E1	3.878388E1	-7.814201E-1
3.791717E1	3.876869E1	-8.747761E-1
3.795049E1	3.878509E1	-8.386236E-1
3.798380E1	3.877415E1	-7.915532E-1
3.801712E1	3.872351E1	-8.135564E-1
3.805044E1	3.866352E1	-8.120707E-1
3.808376E1	3.864792E1	-8.016984E-1
3.811708E1	3.867130E1	-8.099081E-1
3.815040E1	3.877211E1	-8.089248E-1
3.818372E1	3.894195E1	-8.262456E-1
3.821704E1	3.901916E1	-8.023065E-1
3.825036E1	3.901614E1	-8.014936E-1
3.828368E1	3.908426E1	-8.130443E-1
3.831700E1	3.919144E1	-8.195570E-1
3.835031E1	3.926652E1	-8.370961E-1
3.838363E1	3.929214E1	-8.266372E-1
3.841695E1	3.926677E1	-8.591695E-1
3.845027E1	3.923662E1	-8.509313E-1
3.848359E1	3.924567E1	-8.609152E-1
3.851691E1	3.930631E1	-8.746960E-1
3.855023E1	3.943053E1	-9.163192E-1
3.858355E1	3.959291E1	-9.456331E-1
3.861687E1	3.969246E1	-9.473859E-1
3.865019E1	3.973269E1	-9.700600E-1
3.868351E1	3.973399E1	-9.765298E-1
3.871683E1	3.973689E1	-9.795888E-1
3.875014E1	3.973270E1	-9.772733E-1
3.878346E1	3.971724E1	-1.000330E0
3.881678E1	3.975963E1	-9.987240E-1
3.885010E1	3.981032E1	-9.705654E-1
3.888342E1	3.992014E1	-8.338488E-1
3.891674E1	3.992359E1	-7.708400E-1
3.895006E1	3.992441E1	-8.529180E-1
3.898338E1	3.988604E1	-8.613949E-1
3.901670E1	3.990836E1	-8.310822E-1
3.905002E1	3.989014E1	-8.148232E-1
3.908334E1	3.990899E1	-8.775506E-1
3.911665E1	3.995693E1	-8.870157E-1
3.914997E1	4.001768E1	-8.904858E-1
3.918329E1	4.014714E1	-9.294533E-1
3.921661E1	4.029195E1	-9.384298E-1
3.924993E1	4.033875E1	-9.363404E-1
3.928325E1	4.035133E1	-9.457609E-1
3.931657E1	4.041705E1	-9.521600E-1
3.934989E1	4.050531E1	-9.511852E-1
3.938321E1	4.054386E1	-9.356092E-1
3.941653E1	4.056036E1	-9.292693E-1
3.944985E1	4.054192E1	-8.776410E-1
3.948317E1	4.055830E1	-8.812107E-1
3.951648E1	4.060530E1	-8.489249E-1
3.954980E1	4.066019E1	-8.671482E-1
3.958312E1	4.069043E1	-8.901483E-1
3.961644E1	4.069637E1	-8.935240E-1
3.964976E1	4.070915E1	-8.744066E-1
3.968308E1	4.072176E1	-8.831722E-1
3.971640E1	4.072262E1	-8.845215E-1
3.974972E1	4.071547E1	-8.799531E-1
3.978304E1	4.068388E1	-8.911030E-1
3.981636E1	4.067960E1	-9.023614E-1
3.984968E1	4.061954E1	-8.901678E-1
3.988299E1	4.052703E1	-9.028089E-1
3.991631E1	4.056211E1	-9.571504E-1
3.994963E1	4.059755E1	-8.769493E-1
3.998295E1	4.064666E1	-8.704943E-1
4.001627E1	4.061472E1	-9.423691E-1
4.004959E1	4.054921E1	-9.448666E-1
4.008291E1	4.055831E1	-9.527816E-1
4.011623E1	4.056856E1	-9.486306E-1
4.014955E1	4.066506E1	-9.449712E-1
4.018287E1	4.081471E1	-9.360100E-1
4.021619E1	4.088052E1	-9.145405E-1
4.024951E1	4.087359E1	-9.210411E-1
4.028282E1	4.091601E1	-9.489204E-1
4.031614E1	4.096367E1	-9.576740E-1
4.034946E1	4.103054E1	-9.436976E-1
4.038278E1	4.112024E1	-9.694797E-1
4.041610E1	4.121072E1	-9.678751E-1
4.044942E1	4.126251E1	-9.624716E-1
4.048274E1	4.127269E1	-1.000692E0
4.051606E1	4.128516E1	-1.001569E0
4.054938E1	4.133143E1	-1.006997E0
4.058270E1	4.138739E1	-1.016982E0
4.061602E1	4.143761E1	-1.030110E0
4.064933E1	4.148603E1	-1.031438E0
4.068265E1	4.149398E1	-1.046544E0
4.071597E1	4.148571E1	-1.043471E0
4.074929E1	4.147885E1	-1.043936E0
4.078261E1	4.147225E1	-1.040889E0
4.081593E1	4.153102E1	-1.049237E0
4.084925E1	4.158429E1	-1.008767E0
4.088257E1	4.163182E1	-8.840653E-1
4.091589E1	4.165101E1	-8.155089E-1
4.094921E1	4.166347E1	-8.857813E-1
4.098253E1	4.160026E1	-9.528860E-1
4.101584E1	4.158728E1	-9.351228E-1
4.104916E1	4.155308E1	-9.286210E-1
4.108248E1	4.157725E1	-9.453084E-1
4.111580E1	4.164666E1	-9.784414E-1
4.114912E1	4.172226E1	-1.010835E0
4.118244E1	4.184592E1	-1.001679E0
4.121576E1	4.191403E1	-1.013505E0
4.124908E1	4.195918E1	-1.013541E0
4.128240E1	4.202861E1	-1.026443E0
4.131572E1	4.212654E1	-1.024715E0
4.134904E1	4.223874E1	-1.054443E0
4.138236E1	4.231698E1	-1.081407E0
4.141567E1	4.236623E1	-1.078845E0
4.144899E1	4.237353E1	-1.058818E0
4.148231E1	4.240673E1	-9.897504E-1
4.151563E1	4.242201E1	-9.845101E-1
4.154895E1	4.243050E1	-9.876580E-1
4.158227E1	4.246425E1	-9.670952E-1
4.161559E1	4.252688E1	-9.799888E-1
4.164891E1	4.258524E1	-9.852762E-1
4.168223E1	4.262252E1	-9.690733E-1
4.171555E1	4.263272E1	-9.726582E-1
4.174887E1	4.261997E1	-9.583219E-1
4.178218E1	4.259979E1	-9.775146E-1
4.181550E1	4.256623E1	-9.727615E-1
4.184882E1	4.252039E1	-9.771051E-1
4.188214E1	4.246237E1	-1.041290E0
4.191546E1	4.242151E1	-1.120464E0
4.194878E1	4.245365E1	-1.008319E0
4.198210E1	4.250864E1	-1.012712E0
4.201542E1	4.244989E1	-1.047092E0
4.204874E1	4.239473E1	-1.046259E0
4.208206E1	4.237468E1	-1.077903E0
4.211538E1	4.236446E1	-1.067835E0
4.214870E1	4.246390E1	-1.072042E0
4.218201E1	4.262145E1	-1.087156E0
4.221533E1	4.266246E1	-1.061356E0
4.224865E1	4.265169E1	-1.087563E0
4.228197E1	4.272884E1	-1.073541E0
4.231529E1	4.284821E1	-1.087533E0
4.234861E1	4.296709E1	-1.103576E0
4.238193E1	4.305246E1	-1.085942E0
4.241525E1	4.306264E1	-1.121928E0
4.244857E1	4.301464E1	-1.137095E0
4.248189E1	4.300979E1	-1.135307E0
4.251521E1	4.305515E1	-1.128933E0
4.254852E1	4.305461E1	-1.132049E0
4.258184E1	4.307166E1	-1.165769E0
4.261516E1	4.316923E1	-1.173907E0
4.264848E1	4.323497E1	-1.225678E0
4.268180E1	4.327876E1	-1.210588E0
4.271512E1	4.327479E1	-1.195413E0
4.274844E1	4.326929E1	-1.184699E0
4.278176E1	4.326185E1	-1.179797E0
4.281508E1	4.331635E1	-1.179726E0
4.284840E1	4.334129E1	-1.182215E0
4.288172E1	4.344391E1	-1.023634E0
4.291504E1	4.351035E1	-9.554014E-1
4.294835E1	4.351227E1	-1.072392E0
4.298167E1	4.342925E1	-1.123638E0
4.301499E1	4.342906E1	-1.070671E0
4.304831E1	4.344399E1	-1.053369E0
4.308163E1	4.346955E1	-1.104512E0
4.311495E1	4.350871E1	-1.107516E0
4.314827E1	4.361517E1	-1.105754E0
4.318159E1	4.370792E1	-1.103367E0
4.321491E1	4.371569E1	-1.126609E0
4.324823E1	4.375437E1	-1.123288E0
4.328155E1	4.383217E1	-1.160875E0
4.331486E1	4.396422E1	-1.171893E0
4.334818E1	4.410031E1	-1.205906E0
4.338150E1	4.414908E1	-1.201189E0
4.341482E1	4.416075E1	-1.200591E0
4.344814E1	4.416387E1	-1.152788E0
4.348146E1	4.416308E1	-1.149860E0
4.351478E1	4.418808E1	-1.122452E0
4.354810E1	4.424880E1	-1.136072E0
4.358142E1	4.431187E1	-1.142327E0
4.361474E1	4.436817E1	-1.145948E0
4.364806E1	4.441577E1	-1.140463E0
4.368138E1	4.443187E1	-1.149367E0
4.371469E1	4.443026E1	-1.148376E0
4.374801E1	4.442604E1	-1.146097E0
4.378133E1	4.439874E1	-1.160770E0
4.381465E1	4.437468E1	-1.166553E0
4.384797E1	4.432046E1	-1.171508E0
4.388129E1	4.424386E1	-1.229793E0
4.391461E1	4.419341E1	-1.304146E0
4.394793E1	4.417269E1	-1.320013E0
4.398125E1	4.420365E1	-1.262104E0
4.401457E1	4.417678E1	-1.328651E0
4.404789E1	4.407972E1	-1.351134E0
4.408120E1	4.406663E1	-1.367156E0
4.411452E1	4.410334E1	-1.345243E0
4.414784E1	4.420544E1	-1.303251E0
4.418116E1	4.431140E1	-1.286089E0
4.421448E1	4.438526E1	-1.279890E0
4.424780E1	4.441130E1	-1.259334E0
4.428112E1	4.446801E1	-1.254744E0
4.431444E1	4.454506E1	-1.269475E0
4.434776E1	4.459606E1	-1.278964E0
4.438108E1	4.460028E1	-1.299732E0
4.441440E1	4.462836E1	-1.288288E0
4.444772E1	4.462108E1	-1.297611E0
4.448103E1	4.460615E1	-1.322605E0
4.451435E1	4.464681E1	-1.321792E0
4.454767E1	4.473160E1	-1.302947E0
4.458099E1	4.486385E1	-1.358302E0
4.461431E1	4.496690E1	-1.365359E0
4.464763E1	4.500913E1	-1.364282E0
4.468095E1	4.502369E1	-1.380775E0
4.471427E1	4.502103E1	-1.374507E0
4.474759E1	4.501248E1	-1.363453E0
4.478091E1	4.500025E1	-1.355256E0
4.481423E1	4.504859E1	-1.393137E0
4.484754E1	4.508599E1	-1.366510E0
4.488086E1	4.518409E1	-1.220064E0
4.491418E1	4.524083E1	-1.151020E0
4.494750E1	4.524965E1	-1.244611E0
4.498082E1	4.514746E1	-1.328894E0
4.501414E1	4.511977E1	-1.315434E0
4.504746E1	4.509339E1	-1.311278E0
4.508078E1	4.509701E1	-1.325974E0
4.511410E1	4.514371E1	-1.327453E0
4.514742E1	4.520221E1	-1.332658E0
4.518074E1	4.528279E1	-1.317629E0
4.521405E1	4.533868E1	-1.324108E0
4.524737E1	4.537244E1	-1.374445E0
4.528069E1	4.546857E1	-1.385981E0
4.531401E1	4.555929E1	-1.382773E0
4.534733E1	4.562866E1	-1.398968E0
4.538065E1	4.568818E1	-1.426416E0
4.541397E1	4.580825E1	-1.451131E0
4.544729E1	4.593767E1	-1.432914E0
4.548061E1	4.602262E1	-1.454886E0
4.551393E1	4.606486E1	-1.432441E0
4.554725E1	4.607654E1	-1.439757E0
4.558057E1	4.606870E1	-1.437780E0
4.561388E1	4.607738E1	-1.444346E0
4.564720E1	4.609900E1	-1.414362E0
4.568052E1	4.610236E1	-1.421428E0
4.571384E1	4.610547E1	-1.426354E0
4.574716E1	4.609986E1	-1.423813E0
4.578048E1	4.608987E1	-1.422450E0
4.581380E1	4.604165E1	-1.428669E0
4.584712E1	4.600702E1	-1.431904E0
4.588044E1	4.595750E1	-1.530308E0
4.591376E1	4.595283E1	-1.620361E0
4.594708E1	4.599753E1	-1.538337E0
4.598039E1	4.611062E1	-1.488688E0
4.601371E1	4.609257E1	-1.466273E0
4.604703E1	4.603413E1	-1.472792E0
4.608035E1	4.601213E1	-1.491101E0
4.611367E1	4.605183E1	-1.483540E0
4.614699E1	4.614315E1	-1.479369E0
4.618031E1	4.620384E1	-1.483597E0
4.621363E1	4.624362E1	-1.495382E0
4.624695E1	4.630728E1	-1.477956E0
4.628027E1	4.636805E1	-1.487758E0
4.631359E1	4.637782E1	-1.494207E0
4.634691E1	4.643119E1	-1.493615E0
4.638022E1	4.654229E1	-1.504806E0
4.641354E1	4.665036E1	-1.530720E0
4.644686E1	4.674237E1	-1.542491E0
4.648018E1	4.683667E1	-1.611492E0
4.651350E1	4.690535E1	-1.611699E0
4.654682E1	4.695424E1	-1.642574E0
4.658014E1	4.700131E1	-1.669600E0
4.661346E1	4.706725E1	-1.648667E0
4.664678E1	4.711435E1	-1.676900E0
4.668010E1	4.714028E1	-1.666155E0
4.671342E1	4.714086E1	-1.665349E0
4.674673E1	4.712454E1	-1.652206E0
4.678005E1	4.710939E1	-1.670980E0
4.681337E1	4.714859E1	-1.664826E0
4.684669E1	4.723002E1	-1.603193E0
4.688001E1	4.738665E1	-1.505452E0
4.691333E1	4.746093E1	-1.478816E0
4.694665E1	4.748648E1	-1.521204E0
4.697997E1	4.742995E1	-1.531828E0
4.701329E1	4.743058E1	-1.515248E0
4.704661E1	4.744561E1	-1.498238E0
4.707993E1	4.745707E1	-1.509147E0
4.711325E1	4.746643E1	-1.501675E0
4.714656E1	4.752443E1	-1.471366E0
4.717988E1	4.759087E1	-1.466330E0
4.721320E1	4.767778E1	-1.468018E0
4.724652E1	4.773279E1	-1.501391E0
4.727984E1	4.779649E1	-1.515629E0
4.731316E1	4.780077E1	-1.521116E0
4.734648E1	4.781717E1	-1.533580E0
4.737980E1	4.780847E1	-1.518081E0
4.741312E1	4.783458E1	-1.500609E0
4.744644E1	4.789715E1	-1.500580E0
4.747976E1	4.795485E1	-1.515663E0
4.751307E1	4.797747E1	-1.533571E0
4.754639E1	4.799641E1	-1.502532E0
4.757971E1	4.801379E1	-1.504706E0
4.761303E1	4.803817E1	-1.527248E0
4.764635E1	4.804949E1	-1.500982E0
4.767967E1	4.807141E1	-1.513256E0
4.771299E1	4.807298E1	-1.514406E0
4.774631E1	4.806242E1	-1.504462E0
4.777963E1	4.802033E1	-1.508444E0
4.781295E1	4.797232E1	-1.529919E0
4.784627E1	4.792256E1	-1.533160E0
4.787959E1	4.786945E1	-1.618109E0
4.791290E1	4.786574E1	-1.779454E0
4.794622E1	4.790549E1	-1.767943E0
4.797954E1	4.798256E1	-1.787579E0
4.801286E1	4.796104E1	-1.837622E0
4.804618E1	4.788162E1	-1.826084E0
4.807950E1	4.790495E1	-1.820423E0
4.811282E1	4.795806E1	-1.776298E0
4.814614E1	4.801823E1	-1.736438E0
4.817946E1	4.808014E1	-1.697083E0
4.821278E1	4.815340E1	-1.657095E0
4.824610E1	4.824571E1	-1.685808E0
4.827941E1	4.834000E1	-1.692336E0
4.831273E1	4.840423E1	-1.717513E0
4.834605E1	4.844146E1	-1.727420E0
4.837937E1	4.845547E1	-1.748194E0
4.841269E1	4.849204E1	-1.776701E0
4.844601E1	4.850151E1	-1.788304E0
4.847933E1	4.850353E1	-1.799784E0
4.851265E1	4.853607E1	-1.791694E0
4.854597E1	4.859655E1	-1.822145E0
4.857929E1	4.872218E1	-1.848625E0
4.861261E1	4.885188E1	-1.903041E0
4.864592E1	4.895639E1	-1.929208E0
4.867924E1	4.899535E1	-1.921494E0
4.871256E1	4.899166E1	-1.912216E0
4.874588E1	4.898267E1	-1.900645E0
4.877920E1	4.897052E1	-1.889427E0
4.881252E1	4.899324E1	-1.900728E0
4.884584E1	4.905272E1	-1.881379E0
4.887916E1	4.924657E1	-1.721480E0
4.891248E1	4.942435E1	-1.541438E0
4.894580E1	4.944768E1	-1.553019E0
4.897912E1	4.937279E1	-1.576843E0
4.901244E1	4.941425E1	-1.526025E0
4.904575E1	4.940602E1	-1.505362E0
4.907907E1	4.942039E1	-1.541651E0
4.911239E1	4.944488E1	-1.576889E0
4.914571E1	4.948979E1	-1.567535E0
4.917903E1	4.955836E1	-1.590455E0
4.921235E1	4.962891E1	-1.570070E0
4.924567E1	4.963816E1	-1.573670E0
4.927899E1	4.965907E1	-1.595284E0
4.931231E1	4.966244E1	-1.581773E0
4.934563E1	4.961104E1	-1.532809E0
4.937895E1	4.963293E1	-1.526078E0
4.941226E1	4.964710E1	-1.570234E0
4.944558E1	4.969082E1	-1.475008E0
4.947890E1	4.975042E1	-1.471648E0
4.951222E1	4.975883E1	-1.506478E0
4.954554E1	4.980667E1	-1.494533E0
4.957886E1	4.980176E1	-1.405330E0
4.961218E1	4.981781E1	-1.422085E0
4.964550E1	4.980560E1	-1.412995E0
4.967882E1	4.981976E1	-1.429368E0
4.971214E1	4.982173E1	-1.427593E0
4.974546E1	4.982052E1	-1.423927E0
4.977878E1	4.978558E1	-1.430731E0
4.981209E1	4.975159E1	-1.425700E0
4.984541E1	4.967011E1	-1.432125E0
4.987873E1	4.964748E1	-1.476592E0
4.991205E1	4.971398E1	-1.596488E0
4.994537E1	4.977765E1	-1.539663E0
4.997869E1	4.986419E1	-1.516399E0
5.001201E1	4.986670E1	-1.525450E0
5.004533E1	4.980337E1	-1.527290E0
5.007865E1	4.976700E1	-1.570777E0
5.011197E1	4.975606E1	-1.572995E0
5.014529E1	4.982582E1	-1.592471E0
5.017860E1	4.988413E1	-1.588487E0
5.021192E1	4.994010E1	-1.599260E0
5.024524E1	4.999379E1	-1.605660E0
5.027856E1	5.007281E1	-1.616033E0
5.031188E1	5.016935E1	-1.623324E0
5.034520E1	5.023096E1	-1.642119E0
5.037852E1	5.024173E1	-1.664293E0
5.041184E1	5.021403E1	-1.693027E0
5.044516E1	5.017644E1	-1.681721E0
5.047848E1	5.022226E1	-1.689804E0
5.051180E1	5.031222E1	-1.725480E0
5.054512E1	5.040024E1	-1.745173E0
5.057843E1	5.052343E1	-1.778029E0
5.061175E1	5.062746E1	-1.789961E0
5.064507E1	5.068083E1	-1.773296E0
5.067839E1	5.068341E1	-1.769651E0
5.071171E1	5.068663E1	-1.769772E0
5.074503E1	5.067222E1	-1.754481E0
5.077835E1	5.066244E1	-1.742286E0
5.081167E1	5.071698E1	-1.746812E0
5.084499E1	5.080783E1	-1.725678E0
5.087831E1	5.094549E1	-1.591450E0
5.091163E1	5.107489E1	-1.473259E0
5.094494E1	5.113908E1	-1.494057E0
5.097826E1	5.109448E1	-1.476371E0
5.101158E1	5.116102E1	-1.471395E0
5.104490E1	5.118992E1	-1.505404E0
5.107822E1	5.115770E1	-1.490318E0
5.111154E1	5.121309E1	-1.485922E0
5.114486E1	5.129557E1	-1.503056E0
5.117818E1	5.137029E1	-1.487442E0
5.121150E1	5.141689E1	-1.516673E0
5.124482E1	5.145000E1	-1.506164E0
5.127814E1	5.145729E1	-1.501754E0
5.131146E1	5.147605E1	-1.471609E0
5.134477E1	5.147953E1	-1.466569E0
5.137809E1	5.148474E1	-1.484385E0
5.141141E1	5.147148E1	-1.496730E0
5.144473E1	5.150577E1	-1.478432E0
5.147805E1	5.159517E1	-1.486031E0
5.151137E1	5.162272E1	-1.495330E0
5.154469E1	5.160883E1	-1.421464E0
5.157801E1	5.164778E1	-1.381446E0
5.161133E1	5.167593E1	-1.409981E0
5.164465E1	5.165975E1	-1.425704E0
5.167797E1	5.167301E1	-1.406809E0
5.171128E1	5.167852E1	-1.404524E0
5.174460E1	5.166471E1	-1.389142E0
5.177792E1	5.162333E1	-1.387963E0
5.181124E1	5.159562E1	-1.377365E0
5.184456E1	5.151466E1	-1.396475E0
5.187788E1	5.146108E1	-1.459651E0
5.191120E1	5.155552E1	-1.550755E0
5.194452E1	5.165945E1	-1.490605E0
5.197784E1	5.171847E1	-1.495238E0
5.201116E1	5.168207E1	-1.543567E0
5.204448E1	5.159994E1	-1.534844E0
5.207780E1	5.160396E1	-1.541564E0
5.211111E1	5.161594E1	-1.553081E0
5.214443E1	5.165712E1	-1.556862E0
5.217775E1	5.167058E1	-1.561997E0
5.221107E1	5.170592E1	-1.553780E0
5.224439E1	5.177275E1	-1.582959E0
5.227771E1	5.184441E1	-1.612933E0
5.231103E1	5.192149E1	-1.602288E0
5.234435E1	5.200190E1	-1.624971E0
5.237767E1	5.205015E1	-1.634499E0
5.241099E1	5.200055E1	-1.652479E0
5.244431E1	5.197999E1	-1.649329E0
5.247762E1	5.199796E1	-1.665660E0
5.251094E1	5.198977E1	-1.672020E0
5.254426E1	5.203428E1	-1.705454E0
5.257758E1	5.210614E1	-1.739126E0
5.261090E1	5.215657E1	-1.740618E0
5.264422E1	5.216497E1	-1.740748E0
5.267754E1	5.216200E1	-1.732862E0
5.271086E1	5.216312E1	-1.732121E0
5.274418E1	5.215020E1	-1.718794E0
5.277750E1	5.213592E1	-1.704299E0
5.281082E1	5.219364E1	-1.714426E0
5.284413E1	5.226277E1	-1.703008E0
5.287745E1	5.236746E1	-1.586446E0
5.291077E1	5.255030E1	-1.403588E0
5.294409E1	5.267907E1	-1.381199E0
5.297741E1	5.264072E1	-1.439136E0
5.301073E1	5.268464E1	-1.439447E0
5.304405E1	5.267640E1	-1.430410E0
5.307737E1	5.268484E1	-1.441531E0
5.311069E1	5.271595E1	-1.467299E0
5.314401E1	5.275709E1	-1.450139E0
5.317733E1	5.284625E1	-1.445258E0
5.321065E1	5.291385E1	-1.455100E0
5.324396E1	5.291600E1	-1.448400E0
5.327728E1	5.296030E1	-1.447165E0
5.331060E1	5.302844E1	-1.464165E0
5.334392E1	5.306351E1	-1.452273E0
5.337724E1	5.306499E1	-1.451459E0
5.341056E1	5.303337E1	-1.414725E0
5.344388E1	5.304681E1	-1.417312E0
5.347720E1	5.305654E1	-1.393675E0
5.351052E1	5.307945E1	-1.415057E0
5.354384E1	5.311654E1	-1.384126E0
5.357716E1	5.314499E1	-1.382751E0
5.361047E1	5.314180E1	-1.376678E0
5.364379E1	5.314775E1	-1.394332E0
5.367711E1	5.314683E1	-1.398559E0
5.371043E1	5.314485E1	-1.399567E0
5.374375E1	5.314048E1	-1.398488E0
5.377707E1	5.311252E1	-1.377244E0
5.381039E1	5.311473E1	-1.392363E0
5.384371E1	5.303934E1	-1.438775E0
5.387703E1	5.298101E1	-1.448602E0
5.391035E1	5.307339E1	-1.452467E0
5.394367E1	5.321778E1	-1.314900E0
5.397699E1	5.332754E1	-1.202597E0
5.401030E1	5.333567E1	-1.118769E0
5.404362E1	5.328738E1	-1.032631E0
5.407694E1	5.328203E1	-9.418926E-1
5.411026E1	5.332008E1	-8.494000E-1
5.414358E1	5.345671E1	-7.538722E-1
5.417690E1	5.358040E1	-6.844417E-1
