	mass A		
t	x	y	
2.032467E0	-6.206426E0	-1.297235E0
2.065786E0	-6.289726E0	-1.303697E0
2.099105E0	-6.322520E0	-1.292261E0
2.132424E0	-6.318254E0	-1.248276E0
2.165743E0	-6.253567E0	-1.216726E0
2.199063E0	-6.047949E0	-1.164434E0
2.232382E0	-5.750385E0	-1.141053E0
2.265701E0	-5.463602E0	-1.123589E0
2.299020E0	-5.220082E0	-1.149360E0
2.332339E0	-5.017437E0	-1.144249E0
2.365658E0	-4.803245E0	-1.174071E0
2.398977E0	-4.621202E0	-1.248332E0
2.432296E0	-4.531268E0	-1.283237E0
2.465616E0	-4.543262E0	-1.278689E0
2.498935E0	-4.529185E0	-1.289461E0
2.532254E0	-4.636735E0	-1.290488E0
2.565573E0	-4.898428E0	-1.195512E0
2.598892E0	-5.014562E0	-1.033993E0
2.632211E0	-5.041907E0	-1.047422E0
2.665530E0	-5.026673E0	-1.123130E0
2.698849E0	-4.956526E0	-1.181024E0
2.732169E0	-4.947533E0	-1.139449E0
2.765488E0	-4.747488E0	-1.083721E0
2.798807E0	-4.456057E0	-1.118743E0
2.832126E0	-4.264182E0	-1.115694E0
2.865445E0	-4.119678E0	-1.129755E0
2.898764E0	-4.018505E0	-1.124276E0
2.932083E0	-3.935902E0	-1.119220E0
2.965403E0	-3.917143E0	-1.118786E0
2.998722E0	-3.993484E0	-1.119151E0
3.032041E0	-4.131854E0	-1.094199E0
3.065360E0	-4.346240E0	-1.063459E0
3.098679E0	-4.589847E0	-1.036831E0
3.131998E0	-4.791429E0	-1.071602E0
3.165317E0	-4.693742E0	-1.066142E0
3.198636E0	-4.479363E0	-1.070686E0
3.231956E0	-4.112289E0	-1.061583E0
3.265275E0	-3.875642E0	-1.014971E0
3.298594E0	-3.723685E0	-9.970267E-1
3.331913E0	-3.530049E0	-1.043098E0
3.365232E0	-3.369993E0	-1.102622E0
3.398551E0	-3.257157E0	-1.152916E0
3.431870E0	-3.209975E0	-1.198052E0
3.465189E0	-3.175280E0	-1.195685E0
3.498509E0	-3.149040E0	-1.200633E0
3.531828E0	-3.212421E0	-1.183695E0
3.565147E0	-3.441077E0	-1.116773E0
3.598466E0	-3.674164E0	-9.991246E-1
3.631785E0	-3.805465E0	-9.213250E-1
3.665104E0	-3.713036E0	-9.627169E-1
3.698423E0	-3.502624E0	-1.016792E0
3.731743E0	-3.150424E0	-1.076958E0
3.765062E0	-2.933995E0	-1.070660E0
3.798381E0	-2.783244E0	-1.083134E0
3.831700E0	-2.682651E0	-1.103473E0
3.865019E0	-2.506085E0	-1.094331E0
3.898338E0	-2.326012E0	-1.090709E0
3.931657E0	-2.180342E0	-1.072932E0
3.964976E0	-2.198761E0	-1.066651E0
3.998296E0	-2.295702E0	-1.067468E0
4.031615E0	-2.414014E0	-1.024445E0
4.064934E0	-2.623237E0	-1.002286E0
4.098253E0	-2.835696E0	-9.875067E-1
4.131572E0	-3.019192E0	-9.700463E-1
4.164891E0	-2.992061E0	-9.973269E-1
4.198210E0	-2.792262E0	-9.843224E-1
4.231529E0	-2.434288E0	-9.816713E-1
4.264849E0	-2.074424E0	-9.353783E-1
4.298168E0	-1.911480E0	-9.400202E-1
4.331487E0	-1.811269E0	-9.717147E-1
4.364806E0	-1.662837E0	-1.016537E0
4.398125E0	-1.469057E0	-1.092037E0
4.431444E0	-1.358893E0	-1.122824E0
4.464763E0	-1.370349E0	-1.120340E0
4.498082E0	-1.368072E0	-1.116361E0
4.531402E0	-1.437916E0	-1.107874E0
4.564721E0	-1.709785E0	-1.054305E0
4.598040E0	-1.970881E0	-8.886312E-1
4.631359E0	-2.086026E0	-7.865335E-1
4.664678E0	-1.965646E0	-8.400570E-1
4.697997E0	-1.762852E0	-8.526293E-1
4.731316E0	-1.458685E0	-8.831047E-1
4.764636E0	-1.223575E0	-8.940505E-1
4.797955E0	-9.968166E-1	-9.271857E-1
4.831274E0	-8.124866E-1	-9.591259E-1
4.864593E0	-6.586915E-1	-9.519702E-1
4.897912E0	-5.366301E-1	-9.284968E-1
4.931231E0	-5.058002E-1	-8.807316E-1
4.964550E0	-5.446726E-1	-8.959376E-1
4.997869E0	-5.526426E-1	-9.403992E-1
5.031189E0	-7.014264E-1	-9.353305E-1
5.064508E0	-9.599478E-1	-8.911268E-1
5.097827E0	-1.279388E0	-9.003988E-1
5.131146E0	-1.578034E0	-9.220351E-1
5.164465E0	-1.558559E0	-8.995214E-1
5.197784E0	-1.361880E0	-9.137826E-1
5.231103E0	-9.248758E-1	-9.218179E-1
5.264422E0	-5.858466E-1	-9.142237E-1
5.297742E0	-4.034698E-1	-8.981610E-1
5.331061E0	-2.855179E-1	-9.224276E-1
5.364380E0	-1.372319E-1	-9.633099E-1
5.397699E0	-3.282781E-2	-1.011867E0
5.431018E0	-1.756766E-2	-1.048412E0
5.464337E0	-2.811335E-2	-1.046956E0
5.497656E0	-6.589040E-3	-1.059706E0
5.530975E0	-8.752150E-2	-1.050226E0
5.564295E0	-3.775390E-1	-1.025898E0
5.597614E0	-6.786805E-1	-8.714978E-1
5.630933E0	-8.398827E-1	-7.853805E-1
5.664252E0	-7.381439E-1	-7.987654E-1
5.697571E0	-4.582646E-1	-8.637190E-1
5.730890E0	-1.400377E-1	-8.997450E-1
5.764209E0	5.541820E-2	-9.216320E-1
5.797529E0	2.018138E-1	-9.439471E-1
5.830848E0	3.974382E-1	-9.580635E-1
5.864167E0	5.692004E-1	-9.544209E-1
5.897486E0	7.384314E-1	-9.232498E-1
5.930805E0	8.359628E-1	-8.997756E-1
5.964124E0	8.339261E-1	-9.020061E-1
5.997443E0	7.823617E-1	-9.079511E-1
6.030762E0	6.172253E-1	-8.942639E-1
6.064082E0	3.874775E-1	-9.087392E-1
6.097401E0	1.429032E-1	-9.064323E-1
6.130720E0	-1.145682E-1	-9.432622E-1
6.164039E0	-1.029141E-1	-9.661832E-1
6.197358E0	4.708099E-2	-9.599047E-1
6.230677E0	4.326226E-1	-9.652765E-1
6.263996E0	7.463404E-1	-9.091049E-1
6.297315E0	8.998716E-1	-8.976375E-1
6.330635E0	1.021251E0	-9.305070E-1
6.363954E0	1.118468E0	-9.972108E-1
6.397273E0	1.182137E0	-1.054100E0
6.430592E0	1.191555E0	-1.063877E0
6.463911E0	1.181394E0	-1.060922E0
6.497230E0	1.191057E0	-1.066686E0
6.530549E0	1.184280E0	-1.055004E0
6.563869E0	1.004948E0	-9.647387E-1
6.597188E0	8.511863E-1	-7.987927E-1
6.630507E0	7.522081E-1	-7.176963E-1
6.663826E0	7.794887E-1	-7.887994E-1
6.697145E0	9.593006E-1	-8.588445E-1
6.730464E0	1.271292E0	-8.987310E-1
6.763783E0	1.600875E0	-8.959520E-1
6.797102E0	1.801762E0	-9.321306E-1
6.830422E0	1.885639E0	-9.580396E-1
6.863741E0	1.959634E0	-9.339767E-1
6.897060E0	1.993992E0	-8.986477E-1
6.930379E0	2.011207E0	-9.051101E-1
6.963698E0	1.996552E0	-9.047690E-1
6.997017E0	1.972969E0	-9.078656E-1
7.030336E0	1.835761E0	-9.195636E-1
7.063655E0	1.549130E0	-8.611727E-1
7.096975E0	1.189659E0	-8.225253E-1
7.130294E0	8.494421E-1	-8.438893E-1
7.163613E0	9.002614E-1	-8.476251E-1
7.196932E0	1.116914E0	-8.549659E-1
7.230251E0	1.501345E0	-8.677785E-1
7.263570E0	1.784461E0	-8.447654E-1
7.296889E0	1.953044E0	-8.549353E-1
7.330208E0	2.087502E0	-8.546240E-1
7.363528E0	2.237326E0	-9.666928E-1
7.396847E0	2.391002E0	-1.019520E0
7.430166E0	2.479861E0	-1.017955E0
7.463485E0	2.460641E0	-1.006835E0
7.496804E0	2.482788E0	-1.015931E0
7.530123E0	2.499858E0	-1.019455E0
7.563442E0	2.469734E0	-9.493605E-1
7.596762E0	2.371863E0	-8.322621E-1
7.630081E0	2.363049E0	-7.978057E-1
7.663400E0	2.375920E0	-7.998235E-1
7.696719E0	2.473180E0	-7.968787E-1
7.730038E0	2.627680E0	-8.432236E-1
7.763357E0	2.801251E0	-9.074922E-1
7.796676E0	2.964154E0	-9.464024E-1
7.829995E0	3.117588E0	-9.459116E-1
7.863315E0	3.295591E0	-9.490194E-1
7.896634E0	3.426750E0	-9.604902E-1
7.929953E0	3.463712E0	-9.479224E-1
7.963272E0	3.434200E0	-9.603804E-1
7.996591E0	3.426206E0	-9.663187E-1
8.029910E0	3.238787E0	-9.012813E-1
8.063229E0	2.905258E0	-7.789309E-1
8.096548E0	2.478382E0	-6.667082E-1
8.129868E0	2.107844E0	-6.688812E-1
8.163187E0	2.129879E0	-7.641024E-1
8.196506E0	2.351592E0	-7.313321E-1
8.229825E0	2.777896E0	-8.024738E-1
8.263144E0	3.135565E0	-7.645232E-1
8.296463E0	3.347177E0	-7.950366E-1
8.329782E0	3.455021E0	-8.059751E-1
8.363102E0	3.595806E0	-8.653080E-1
8.396421E0	3.698396E0	-9.073698E-1
8.429740E0	3.739550E0	-9.194083E-1
8.463059E0	3.718201E0	-9.028607E-1
8.496378E0	3.739381E0	-9.110011E-1
8.529697E0	3.645338E0	-9.123104E-1
8.563016E0	3.368698E0	-8.474650E-1
8.596335E0	3.050421E0	-6.994765E-1
8.629655E0	2.962430E0	-5.957078E-1
8.662974E0	3.051180E0	-6.943099E-1
8.696293E0	3.303620E0	-7.753267E-1
8.729612E0	3.662121E0	-7.868033E-1
8.762931E0	3.844775E0	-7.782156E-1
8.796250E0	3.944705E0	-7.860977E-1
8.829569E0	3.997318E0	-7.886349E-1
8.862888E0	4.055400E0	-7.583807E-1
8.896208E0	4.102279E0	-7.288054E-1
8.929527E0	4.162922E0	-7.334580E-1
8.962846E0	4.150622E0	-7.357442E-1
8.996165E0	4.109822E0	-7.477347E-1
9.029484E0	3.991690E0	-7.538869E-1
9.062803E0	3.634716E0	-7.222425E-1
9.096122E0	3.264445E0	-6.878821E-1
9.129441E0	2.924736E0	-7.124870E-1
9.162761E0	2.902337E0	-7.267230E-1
9.196080E0	3.174530E0	-7.323930E-1
9.229399E0	3.590963E0	-7.477958E-1
9.262718E0	3.894425E0	-6.907187E-1
9.296037E0	4.041743E0	-6.871660E-1
9.329356E0	4.140841E0	-7.166186E-1
9.362675E0	4.263687E0	-7.900496E-1
9.395995E0	4.322797E0	-8.373090E-1
9.429314E0	4.349270E0	-8.596583E-1
9.462633E0	4.319986E0	-8.406251E-1
9.495952E0	4.318034E0	-8.323402E-1
9.529271E0	4.264166E0	-8.107515E-1
9.562590E0	3.989525E0	-7.411583E-1
9.595909E0	3.734001E0	-5.471927E-1
9.629228E0	3.615544E0	-4.364930E-1
9.662548E0	3.681596E0	-4.894807E-1
9.695867E0	3.882446E0	-5.668515E-1
9.729186E0	4.233354E0	-6.227257E-1
9.762505E0	4.486384E0	-5.894603E-1
9.795824E0	4.572013E0	-6.439970E-1
9.829143E0	4.597419E0	-6.511308E-1
9.862462E0	4.670091E0	-6.453537E-1
9.895781E0	4.760349E0	-5.989773E-1
9.929101E0	4.807333E0	-5.901504E-1
9.962420E0	4.801338E0	-5.855042E-1
9.995739E0	4.760094E0	-6.012895E-1
1.002906E1	4.624474E0	-6.398548E-1
1.006238E1	4.305643E0	-5.583249E-1
1.009570E1	3.963803E0	-5.671919E-1
1.012902E1	3.674467E0	-5.352462E-1
1.016233E1	3.706150E0	-5.074607E-1
1.019565E1	3.919635E0	-5.431514E-1
1.022897E1	4.280172E0	-5.484283E-1
1.026229E1	4.536350E0	-5.134413E-1
1.029561E1	4.615008E0	-5.257219E-1
1.032893E1	4.633959E0	-5.104197E-1
1.036225E1	4.712576E0	-5.852020E-1
1.039557E1	4.770623E0	-6.445339E-1
1.042889E1	4.811430E0	-6.387456E-1
1.046221E1	4.803510E0	-6.327161E-1
1.049553E1	4.795432E0	-6.209568E-1
1.052884E1	4.777832E0	-6.883659E-1
1.056216E1	4.594700E0	-6.840127E-1
1.059548E1	4.448171E0	-5.337420E-1
1.062880E1	4.350219E0	-4.306690E-1
1.066212E1	4.391047E0	-4.450476E-1
1.069544E1	4.658460E0	-5.269038E-1
1.072876E1	4.985391E0	-5.488386E-1
1.076208E1	5.185686E0	-5.235120E-1
1.079540E1	5.354269E0	-5.480210E-1
1.082872E1	5.507477E0	-5.797817E-1
1.086204E1	5.629584E0	-6.168240E-1
1.089536E1	5.690066E0	-5.897528E-1
1.092867E1	5.699081E0	-5.843513E-1
1.096199E1	5.688003E0	-5.815563E-1
1.099531E1	5.672726E0	-5.837491E-1
1.102863E1	5.534269E0	-5.984285E-1
1.106195E1	5.196011E0	-5.131579E-1
1.109527E1	4.800340E0	-4.593743E-1
1.112859E1	4.450788E0	-5.187407E-1
1.116191E1	4.423103E0	-5.029514E-1
1.119523E1	4.631408E0	-5.091271E-1
1.122855E1	5.057173E0	-5.496399E-1
1.126187E1	5.363829E0	-5.088565E-1
1.129518E1	5.527329E0	-5.158717E-1
1.132850E1	5.606792E0	-5.504488E-1
1.136182E1	5.643495E0	-5.931434E-1
1.139514E1	5.677779E0	-6.164104E-1
1.142846E1	5.711523E0	-6.460019E-1
1.146178E1	5.695948E0	-6.348430E-1
1.149510E1	5.684718E0	-6.221448E-1
1.152842E1	5.663712E0	-6.109396E-1
1.156174E1	5.424022E0	-5.780286E-1
1.159506E1	5.218115E0	-4.122444E-1
1.162838E1	5.107638E0	-3.030245E-1
1.166170E1	5.189282E0	-3.197067E-1
1.169501E1	5.449725E0	-4.099068E-1
1.172833E1	5.800962E0	-4.600059E-1
1.176165E1	6.023674E0	-4.459770E-1
1.179497E1	6.192437E0	-4.743687E-1
1.182829E1	6.324512E0	-4.979001E-1
1.186161E1	6.451907E0	-5.299607E-1
1.189493E1	6.484009E0	-4.781182E-1
1.192825E1	6.503831E0	-4.692127E-1
1.196157E1	6.493787E0	-4.706612E-1
1.199489E1	6.489084E0	-4.741055E-1
1.202821E1	6.355166E0	-4.862726E-1
1.206152E1	6.070124E0	-4.268598E-1
1.209484E1	5.704977E0	-4.283684E-1
1.212816E1	5.361022E0	-4.868253E-1
1.216148E1	5.319788E0	-5.109639E-1
1.219480E1	5.474158E0	-5.083076E-1
1.222812E1	5.851349E0	-5.122034E-1
1.226144E1	6.176817E0	-4.513666E-1
1.229476E1	6.400463E0	-4.459597E-1
1.232808E1	6.575661E0	-4.743219E-1
1.236140E1	6.721796E0	-5.230424E-1
1.239472E1	6.825644E0	-5.819873E-1
1.242804E1	6.863859E0	-5.740427E-1
1.246135E1	6.847271E0	-5.937258E-1
1.249467E1	6.864295E0	-5.662503E-1
1.252799E1	6.821584E0	-5.640422E-1
1.256131E1	6.622373E0	-4.883116E-1
1.259463E1	6.373185E0	-2.543530E-1
1.262795E1	6.228865E0	-1.369653E-1
1.266127E1	6.239606E0	-1.788318E-1
1.269459E1	6.405608E0	-2.977008E-1
1.272791E1	6.777723E0	-3.531399E-1
1.276123E1	7.107801E0	-3.109849E-1
1.279455E1	7.235269E0	-3.118432E-1
1.282786E1	7.332662E0	-3.662629E-1
1.286118E1	7.353798E0	-3.546696E-1
1.289450E1	7.389970E0	-3.545626E-1
1.292782E1	7.439592E0	-3.229132E-1
1.296114E1	7.435665E0	-3.277759E-1
1.299446E1	7.382339E0	-3.460943E-1
1.302778E1	7.284333E0	-3.853586E-1
1.306110E1	6.971826E0	-3.082981E-1
1.309442E1	6.613831E0	-3.132900E-1
1.312774E1	6.246491E0	-3.721447E-1
1.316106E1	6.155778E0	-3.562421E-1
1.319438E1	6.338073E0	-3.541561E-1
1.322769E1	6.786887E0	-3.794804E-1
1.326101E1	7.157235E0	-3.467254E-1
1.329433E1	7.386579E0	-3.578730E-1
1.332765E1	7.490462E0	-3.585987E-1
1.336097E1	7.632208E0	-3.672608E-1
1.339429E1	7.747605E0	-4.209743E-1
1.342761E1	7.758301E0	-4.554794E-1
1.346093E1	7.740348E0	-4.412825E-1
1.349425E1	7.751976E0	-4.519887E-1
1.352757E1	7.709535E0	-4.676528E-1
1.356089E1	7.478002E0	-4.041789E-1
1.359420E1	7.223423E0	-2.552675E-1
1.362752E1	7.081334E0	-1.175983E-1
1.366084E1	7.154768E0	-1.557742E-1
1.369416E1	7.365925E0	-2.521355E-1
1.372748E1	7.691829E0	-2.859419E-1
1.376080E1	7.847374E0	-2.413735E-1
1.379412E1	7.949570E0	-2.544650E-1
1.382744E1	8.040576E0	-3.140754E-1
1.386076E1	8.067099E0	-2.924035E-1
1.389408E1	8.142508E0	-2.813126E-1
1.392740E1	8.196691E0	-2.778044E-1
1.396072E1	8.190993E0	-2.815509E-1
1.399403E1	8.168330E0	-2.834475E-1
1.402735E1	8.068833E0	-3.001409E-1
1.406067E1	7.742881E0	-2.297522E-1
1.409399E1	7.404784E0	-1.870420E-1
1.412731E1	7.125925E0	-2.735378E-1
1.416063E1	7.092322E0	-2.595098E-1
1.419395E1	7.233178E0	-2.728282E-1
1.422727E1	7.593508E0	-2.799115E-1
1.426059E1	7.934838E0	-2.491232E-1
1.429391E1	8.145612E0	-2.190579E-1
1.432723E1	8.203718E0	-2.418998E-1
1.436054E1	8.253120E0	-2.977545E-1
1.439386E1	8.281776E0	-3.002389E-1
1.442718E1	8.274762E0	-2.949433E-1
1.446050E1	8.281696E0	-2.983818E-1
1.449382E1	8.264183E0	-3.159591E-1
1.452714E1	8.250816E0	-3.172866E-1
1.456046E1	8.029897E0	-2.493043E-1
1.459378E1	7.878547E0	-4.241419E-2
1.462710E1	7.834549E0	8.853214E-2
1.466042E1	7.886218E0	5.208989E-3
1.469374E1	8.083140E0	-8.208810E-2
1.472706E1	8.386611E0	-8.856465E-2
1.476037E1	8.463718E0	-6.579354E-2
1.479369E1	8.461249E0	-8.249164E-2
1.482701E1	8.577854E0	-1.479386E-1
1.486033E1	8.609754E0	-9.729192E-2
1.489365E1	8.733547E0	-9.459950E-2
1.492697E1	8.749022E0	-1.005148E-1
1.496029E1	8.726687E0	-9.496064E-2
1.499361E1	8.715177E0	-9.734833E-2
1.502693E1	8.577124E0	-1.220176E-1
1.506025E1	8.251871E0	-6.589958E-2
1.509357E1	7.899882E0	-6.314366E-2
1.512688E1	7.635619E0	-1.048278E-1
1.516020E1	7.602625E0	-1.200019E-1
1.519352E1	7.746635E0	-9.717475E-2
1.522684E1	8.062203E0	-8.104325E-2
1.526016E1	8.320965E0	-5.478784E-2
1.529348E1	8.500675E0	3.498480E-3
1.532680E1	8.642070E0	-4.181617E-2
1.536012E1	8.788797E0	-1.030909E-1
1.539344E1	8.935053E0	-1.429313E-1
1.542676E1	8.957099E0	-1.694826E-1
1.546008E1	8.960429E0	-1.639118E-1
1.549340E1	8.961238E0	-1.566231E-1
1.552671E1	8.903440E0	-1.738756E-1
1.556003E1	8.677031E0	-1.236660E-1
1.559335E1	8.528414E0	3.494080E-2
1.562667E1	8.454560E0	1.681001E-1
1.565999E1	8.502428E0	1.532821E-1
1.569331E1	8.740586E0	5.334912E-2
1.572663E1	9.076923E0	1.299762E-2
1.575995E1	9.286305E0	4.359442E-2
1.579327E1	9.428452E0	4.388750E-2
1.582659E1	9.560133E0	-1.468602E-2
1.585991E1	9.604012E0	-2.142869E-2
1.589322E1	9.610966E0	-1.485501E-2
1.592654E1	9.658325E0	1.108982E-2
1.595986E1	9.655248E0	1.592966E-2
1.599318E1	9.640122E0	1.689454E-2
1.602650E1	9.508130E0	-2.278502E-2
1.605982E1	9.160355E0	4.301284E-2
1.609314E1	8.781664E0	3.108924E-2
1.612646E1	8.463711E0	1.557280E-2
1.615978E1	8.444210E0	2.400469E-2
1.619310E1	8.587474E0	5.951100E-3
1.622642E1	8.930460E0	1.160140E-2
1.625974E1	9.216025E0	4.979533E-2
1.629305E1	9.394105E0	3.882853E-2
1.632637E1	9.480823E0	4.255531E-2
1.635969E1	9.566975E0	-3.046496E-2
1.639301E1	9.651051E0	-3.591261E-2
1.642633E1	9.721364E0	-4.572780E-2
1.645965E1	9.704577E0	-2.926168E-2
1.649297E1	9.700334E0	-2.018964E-2
1.652629E1	9.686062E0	-1.049751E-2
1.655961E1	9.492233E0	3.949733E-2
1.659293E1	9.370038E0	2.546730E-1
1.662625E1	9.361550E0	3.222336E-1
1.665956E1	9.399666E0	2.446533E-1
1.669288E1	9.592879E0	1.777984E-1
1.672620E1	9.921275E0	1.643167E-1
1.675952E1	1.014123E1	1.875913E-1
1.679284E1	1.028498E1	1.892669E-1
1.682616E1	1.041804E1	1.390041E-1
1.685948E1	1.050961E1	1.703616E-1
1.689280E1	1.056013E1	1.943081E-1
1.692612E1	1.057405E1	1.940942E-1
1.695944E1	1.058608E1	1.842954E-1
1.699276E1	1.056672E1	1.886149E-1
1.702608E1	1.051796E1	1.500879E-1
1.705939E1	1.028642E1	1.960259E-1
1.709271E1	1.013807E1	1.293498E-1
1.712603E1	9.969758E0	6.945065E-2
1.715935E1	9.866694E0	-7.367621E-3
1.719267E1	9.946758E0	9.833878E-4
1.722599E1	1.027918E1	8.866150E-2
1.725931E1	1.058871E1	1.814275E-1
1.729263E1	1.073662E1	2.763766E-1
1.732595E1	1.075019E1	2.603452E-1
1.735927E1	1.080340E1	1.869305E-1
1.739259E1	1.076519E1	1.160548E-1
1.742590E1	1.075471E1	1.071191E-1
1.745922E1	1.078255E1	1.154214E-1
1.749254E1	1.078921E1	1.109672E-1
1.752586E1	1.071849E1	4.440138E-2
1.755918E1	1.047979E1	8.326502E-3
1.759250E1	1.024603E1	1.324972E-1
1.762582E1	1.017351E1	2.109674E-1
1.765914E1	1.020498E1	2.059934E-1
1.769246E1	1.030650E1	1.756267E-1
1.772578E1	1.059162E1	1.509767E-1
1.775910E1	1.090779E1	1.960236E-1
1.779242E1	1.113596E1	1.780296E-1
1.782573E1	1.127783E1	1.430873E-1
1.785905E1	1.141776E1	1.210240E-1
1.789237E1	1.144866E1	1.716649E-1
1.792569E1	1.143378E1	1.926758E-1
1.795901E1	1.145127E1	1.816442E-1
1.799233E1	1.141439E1	1.668182E-1
1.802565E1	1.131586E1	1.877570E-1
1.805897E1	1.104979E1	2.527312E-1
1.809229E1	1.079288E1	2.156110E-1
1.812561E1	1.049046E1	1.622017E-1
1.815893E1	1.037811E1	1.312244E-1
1.819224E1	1.051896E1	1.582591E-1
1.822556E1	1.091556E1	1.563763E-1
1.825888E1	1.123243E1	2.508181E-1
1.829220E1	1.138238E1	3.015764E-1
1.832552E1	1.144386E1	2.619181E-1
1.835884E1	1.154404E1	1.883431E-1
1.839216E1	1.162694E1	8.784440E-2
1.842548E1	1.162934E1	7.369617E-2
1.845880E1	1.163423E1	7.040152E-2
1.849212E1	1.161703E1	7.133021E-2
1.852544E1	1.161253E1	3.983868E-2
1.855876E1	1.143988E1	7.431802E-2
1.859207E1	1.129927E1	1.303762E-1
1.862539E1	1.122609E1	1.928353E-1
1.865871E1	1.116548E1	2.368127E-1
1.869203E1	1.128651E1	2.048080E-1
1.872535E1	1.162798E1	1.719101E-1
1.875867E1	1.193138E1	1.842737E-1
1.879199E1	1.205285E1	1.714771E-1
1.882531E1	1.208637E1	1.384810E-1
1.885863E1	1.216827E1	1.146832E-1
1.889195E1	1.217133E1	1.342906E-1
1.892527E1	1.219475E1	1.395638E-1
1.895858E1	1.218124E1	1.528687E-1
1.899190E1	1.218727E1	1.431273E-1
1.902522E1	1.201645E1	1.542966E-1
1.905854E1	1.167269E1	1.854422E-1
1.909186E1	1.123472E1	2.376426E-1
1.912518E1	1.094457E1	2.856539E-1
1.915850E1	1.086165E1	2.269712E-1
1.919182E1	1.100740E1	2.705738E-1
1.922514E1	1.140767E1	2.819042E-1
1.925846E1	1.172420E1	3.301186E-1
1.929178E1	1.189329E1	3.272770E-1
1.932510E1	1.194766E1	3.089162E-1
1.935841E1	1.199869E1	2.635839E-1
1.939173E1	1.199562E1	1.960814E-1
1.942505E1	1.198147E1	1.942866E-1
1.945837E1	1.199050E1	1.876083E-1
1.949169E1	1.198076E1	1.910760E-1
1.952501E1	1.198334E1	1.401174E-1
1.955833E1	1.177028E1	1.551940E-1
1.959165E1	1.151961E1	2.894878E-1
1.962497E1	1.139366E1	4.390851E-1
1.965829E1	1.144787E1	3.975781E-1
1.969161E1	1.165418E1	3.105571E-1
1.972492E1	1.200047E1	2.663206E-1
1.975824E1	1.225498E1	3.116862E-1
1.979156E1	1.236851E1	3.091995E-1
1.982488E1	1.245900E1	2.985681E-1
1.985820E1	1.253663E1	2.608157E-1
1.989152E1	1.250912E1	3.113551E-1
1.992484E1	1.254483E1	2.802303E-1
1.995816E1	1.253230E1	2.907162E-1
1.999148E1	1.247638E1	2.956835E-1
2.002480E1	1.241673E1	3.344329E-1
2.005812E1	1.220043E1	3.889643E-1
2.009144E1	1.189853E1	4.589366E-1
2.012475E1	1.161023E1	4.987643E-1
2.015807E1	1.152915E1	4.737682E-1
2.019139E1	1.167201E1	4.486587E-1
2.022471E1	1.205117E1	4.194457E-1
2.025803E1	1.235577E1	4.717126E-1
2.029135E1	1.254234E1	4.617612E-1
2.032467E1	1.269461E1	4.355622E-1
2.035799E1	1.280891E1	3.614095E-1
2.039131E1	1.286808E1	3.132037E-1
2.042463E1	1.289741E1	3.141206E-1
2.045795E1	1.287746E1	2.971543E-1
2.049126E1	1.288098E1	2.959373E-1
2.052458E1	1.288970E1	3.221494E-1
2.055790E1	1.274622E1	3.603490E-1
2.059122E1	1.268380E1	5.785557E-1
2.062454E1	1.264014E1	7.423398E-1
2.065786E1	1.263282E1	7.294923E-1
2.069118E1	1.280567E1	6.055018E-1
2.072450E1	1.316773E1	5.605061E-1
2.075782E1	1.349917E1	6.087461E-1
2.079114E1	1.372283E1	6.217708E-1
2.082446E1	1.385880E1	5.634675E-1
2.085778E1	1.389774E1	5.581408E-1
2.089109E1	1.394612E1	5.894434E-1
2.092441E1	1.401922E1	6.078136E-1
2.095773E1	1.402753E1	6.237854E-1
2.099105E1	1.399340E1	6.122948E-1
2.102437E1	1.393755E1	5.689330E-1
2.105769E1	1.362278E1	6.140199E-1
2.109101E1	1.326234E1	6.023014E-1
2.112433E1	1.291573E1	5.633070E-1
2.115765E1	1.270880E1	4.829286E-1
2.119097E1	1.279361E1	4.762186E-1
2.122429E1	1.319298E1	4.566333E-1
2.125760E1	1.359842E1	5.178048E-1
2.129092E1	1.376084E1	5.339294E-1
2.132424E1	1.387461E1	5.377824E-1
2.135756E1	1.404376E1	5.407931E-1
2.139088E1	1.420526E1	5.283128E-1
2.142420E1	1.426259E1	5.195867E-1
2.145752E1	1.426384E1	5.198594E-1
2.149084E1	1.426452E1	5.205992E-1
2.152416E1	1.426590E1	5.201403E-1
2.155748E1	1.425300E1	5.389745E-1
2.159080E1	1.425957E1	6.282109E-1
2.162412E1	1.427039E1	6.874029E-1
2.165743E1	1.425599E1	7.318981E-1
2.169075E1	1.427430E1	7.338442E-1
2.172407E1	1.450092E1	7.309476E-1
2.175739E1	1.480456E1	7.278465E-1
2.179071E1	1.497926E1	6.654415E-1
2.182403E1	1.508260E1	5.980080E-1
2.185735E1	1.520399E1	5.404147E-1
2.189067E1	1.523230E1	5.337532E-1
2.192399E1	1.514720E1	5.190536E-1
2.195731E1	1.514607E1	5.249313E-1
2.199063E1	1.518437E1	5.476329E-1
2.202394E1	1.518319E1	5.537293E-1
2.205726E1	1.519623E1	5.322337E-1
2.209058E1	1.503284E1	5.099908E-1
2.212390E1	1.469111E1	4.580975E-1
2.215722E1	1.441720E1	4.184334E-1
2.219054E1	1.453141E1	4.570771E-1
2.222386E1	1.486773E1	5.359055E-1
2.225718E1	1.520594E1	6.729311E-1
2.229050E1	1.546217E1	7.763566E-1
2.232382E1	1.556624E1	8.054122E-1
2.235714E1	1.567374E1	7.917697E-1
2.239046E1	1.580481E1	6.760449E-1
2.242377E1	1.578666E1	6.375331E-1
2.245709E1	1.580385E1	6.627027E-1
2.249041E1	1.578123E1	7.046135E-1
2.252373E1	1.567136E1	6.910329E-1
2.255705E1	1.540059E1	6.836505E-1
2.259037E1	1.482289E1	7.833661E-1
2.262369E1	1.420913E1	1.129139E0
2.265701E1	1.382717E1	1.388629E0
2.269033E1	1.398877E1	1.380304E0
2.272365E1	1.426153E1	1.094119E0
2.275697E1	1.452990E1	8.414359E-1
2.279028E1	1.488390E1	7.247775E-1
2.282360E1	1.513077E1	7.790308E-1
2.285692E1	1.519988E1	7.478840E-1
2.289024E1	1.520579E1	7.400297E-1
2.292356E1	1.523354E1	7.975922E-1
2.295688E1	1.525925E1	7.571865E-1
2.299020E1	1.522166E1	7.629556E-1
2.302352E1	1.507360E1	7.756934E-1
2.305684E1	1.480167E1	8.029962E-1
2.309016E1	1.459985E1	7.282983E-1
2.312348E1	1.448633E1	6.768243E-1
2.315680E1	1.442167E1	6.689161E-1
2.319011E1	1.442147E1	6.824095E-1
2.322343E1	1.458756E1	7.219533E-1
2.325675E1	1.482067E1	7.702347E-1
2.329007E1	1.498375E1	7.822183E-1
2.332339E1	1.510448E1	7.735657E-1
2.335671E1	1.522009E1	7.559032E-1
2.339003E1	1.534333E1	7.215621E-1
2.342335E1	1.539951E1	6.985358E-1
2.345667E1	1.537973E1	6.757833E-1
2.348999E1	1.535478E1	6.910393E-1
2.352331E1	1.539823E1	6.910214E-1
2.355662E1	1.525220E1	7.519005E-1
2.358994E1	1.509513E1	9.276085E-1
2.362326E1	1.507227E1	1.054169E0
2.365658E1	1.507754E1	9.964855E-1
2.368990E1	1.522384E1	9.018231E-1
2.372322E1	1.553549E1	8.471151E-1
2.375654E1	1.583119E1	9.097112E-1
2.378986E1	1.600075E1	8.998988E-1
2.382318E1	1.605161E1	8.576194E-1
2.385650E1	1.606408E1	8.559614E-1
2.388982E1	1.606507E1	8.596968E-1
2.392313E1	1.606368E1	8.627328E-1
2.395645E1	1.606066E1	8.591059E-1
2.398977E1	1.601412E1	8.477408E-1
2.402309E1	1.593994E1	8.677814E-1
2.405641E1	1.571488E1	9.575391E-1
2.408973E1	1.540022E1	1.011966E0
2.412305E1	1.510611E1	9.845699E-1
2.415637E1	1.498599E1	9.479275E-1
2.418969E1	1.508600E1	9.525799E-1
2.422301E1	1.545461E1	9.336851E-1
2.425633E1	1.578108E1	9.955267E-1
2.428965E1	1.600216E1	1.008621E0
2.432296E1	1.610824E1	9.889043E-1
2.435628E1	1.620692E1	9.177875E-1
2.438960E1	1.622372E1	8.652657E-1
2.442292E1	1.621474E1	8.610774E-1
2.445624E1	1.620336E1	8.678475E-1
2.448956E1	1.620746E1	8.645255E-1
2.452288E1	1.626030E1	8.702211E-1
2.455620E1	1.616298E1	9.535427E-1
2.458952E1	1.604730E1	1.183315E0
2.462284E1	1.601813E1	1.316698E0
2.465616E1	1.596424E1	1.295652E0
2.468947E1	1.609863E1	1.191418E0
2.472279E1	1.638101E1	1.136719E0
2.475611E1	1.669145E1	1.176465E0
2.478943E1	1.693429E1	1.163142E0
2.482275E1	1.707335E1	1.133768E0
2.485607E1	1.718769E1	1.094118E0
2.488939E1	1.721750E1	1.098105E0
2.492271E1	1.722913E1	1.136412E0
2.495603E1	1.724681E1	1.124239E0
2.498935E1	1.722519E1	1.114848E0
2.502267E1	1.716081E1	1.131106E0
2.505599E1	1.686721E1	1.176165E0
2.508930E1	1.649943E1	1.156456E0
2.512262E1	1.622545E1	1.123948E0
2.515594E1	1.613614E1	1.091400E0
2.518926E1	1.617462E1	1.112254E0
2.522258E1	1.644466E1	1.090189E0
2.525590E1	1.675996E1	1.143229E0
2.528922E1	1.694946E1	1.161372E0
2.532254E1	1.702274E1	1.163496E0
2.535586E1	1.709781E1	1.072389E0
2.538918E1	1.716160E1	1.004628E0
2.542250E1	1.715269E1	1.009545E0
2.545581E1	1.713720E1	1.020627E0
2.548913E1	1.713355E1	1.018357E0
2.552245E1	1.714636E1	9.946156E-1
2.555577E1	1.707727E1	1.034534E0
2.558909E1	1.697639E1	1.189836E0
2.562241E1	1.698593E1	1.264061E0
2.565573E1	1.700006E1	1.215911E0
2.568905E1	1.708081E1	1.117098E0
2.572237E1	1.730153E1	1.082526E0
2.575569E1	1.758441E1	1.123852E0
2.578901E1	1.772963E1	1.120164E0
2.582233E1	1.785439E1	1.099740E0
2.585564E1	1.791995E1	1.127884E0
2.588896E1	1.793639E1	1.179107E0
2.592228E1	1.792416E1	1.218873E0
2.595560E1	1.795334E1	1.217287E0
2.598892E1	1.795254E1	1.172106E0
2.602224E1	1.794209E1	1.096831E0
2.605556E1	1.771768E1	1.044105E0
2.608888E1	1.743723E1	9.923596E-1
2.612220E1	1.720127E1	9.762734E-1
2.615552E1	1.708644E1	9.723393E-1
2.618884E1	1.719390E1	9.486721E-1
2.622215E1	1.748683E1	9.659815E-1
2.625547E1	1.777938E1	9.896402E-1
2.628879E1	1.798252E1	1.065155E0
2.632211E1	1.809935E1	1.075904E0
2.635543E1	1.812099E1	1.030015E0
2.638875E1	1.815928E1	9.195214E-1
2.642207E1	1.822146E1	8.675957E-1
2.645539E1	1.821258E1	8.942508E-1
2.648871E1	1.822751E1	9.186211E-1
2.652203E1	1.827591E1	9.763405E-1
2.655535E1	1.820741E1	1.118732E0
2.658867E1	1.811452E1	1.305531E0
2.662198E1	1.804131E1	1.414573E0
2.665530E1	1.801338E1	1.405294E0
2.668862E1	1.809957E1	1.344274E0
2.672194E1	1.832808E1	1.302015E0
2.675526E1	1.862857E1	1.392630E0
2.678858E1	1.887547E1	1.450128E0
2.682190E1	1.905297E1	1.446191E0
2.685522E1	1.918232E1	1.407352E0
2.688854E1	1.926338E1	1.434719E0
2.692186E1	1.925983E1	1.542920E0
2.695518E1	1.925745E1	1.541407E0
2.698849E1	1.925203E1	1.413860E0
2.702181E1	1.922533E1	1.307094E0
2.705513E1	1.903675E1	1.249415E0
2.708845E1	1.876537E1	1.128491E0
2.712177E1	1.854281E1	1.094967E0
2.715509E1	1.840426E1	1.133391E0
2.718841E1	1.846806E1	1.119631E0
2.722173E1	1.881505E1	1.121562E0
2.725505E1	1.923270E1	1.109781E0
2.728837E1	1.945993E1	1.127055E0
2.732169E1	1.956506E1	1.156127E0
2.735501E1	1.953823E1	1.115281E0
2.738832E1	1.952775E1	1.027278E0
2.742164E1	1.955186E1	1.019366E0
2.745496E1	1.952369E1	1.025723E0
2.748828E1	1.955084E1	1.076495E0
2.752160E1	1.962697E1	1.124437E0
2.755492E1	1.954720E1	1.231524E0
2.758824E1	1.946606E1	1.403769E0
2.762156E1	1.942897E1	1.502478E0
2.765488E1	1.937070E1	1.505699E0
2.768820E1	1.948620E1	1.442603E0
2.772152E1	1.977916E1	1.463730E0
2.775483E1	2.006417E1	1.540024E0
2.778815E1	2.016241E1	1.569525E0
2.782147E1	2.027158E1	1.538452E0
2.785479E1	2.029150E1	1.551529E0
2.788811E1	2.031799E1	1.626150E0
2.792143E1	2.034547E1	1.672385E0
2.795475E1	2.035537E1	1.647272E0
2.798807E1	2.033850E1	1.612632E0
2.802139E1	2.033523E1	1.478571E0
2.805471E1	2.007852E1	1.404119E0
2.808803E1	1.971689E1	1.347008E0
2.812135E1	1.940729E1	1.337399E0
2.815466E1	1.923521E1	1.387433E0
2.818798E1	1.928836E1	1.347045E0
2.822130E1	1.963003E1	1.320986E0
2.825462E1	2.002470E1	1.287669E0
2.828794E1	2.029031E1	1.318948E0
2.832126E1	2.037367E1	1.351997E0
2.835458E1	2.043427E1	1.304805E0
2.838790E1	2.048363E1	1.222703E0
2.842122E1	2.050385E1	1.192030E0
2.845454E1	2.049326E1	1.215379E0
2.848786E1	2.051031E1	1.244463E0
2.852117E1	2.055874E1	1.293541E0
2.855449E1	2.046764E1	1.398254E0
2.858781E1	2.038257E1	1.618942E0
2.862113E1	2.032934E1	1.716557E0
2.865445E1	2.028978E1	1.672396E0
2.868777E1	2.035490E1	1.666685E0
2.872109E1	2.061316E1	1.725951E0
2.875441E1	2.094584E1	1.775698E0
2.878773E1	2.115729E1	1.760623E0
2.882105E1	2.125670E1	1.753088E0
2.885437E1	2.128777E1	1.789229E0
2.888769E1	2.127176E1	1.831011E0
2.892100E1	2.126835E1	1.895403E0
2.895432E1	2.130151E1	1.888998E0
2.898764E1	2.129299E1	1.833031E0
2.902096E1	2.130337E1	1.710714E0
2.905428E1	2.108827E1	1.617088E0
2.908760E1	2.077991E1	1.516612E0
2.912092E1	2.052793E1	1.514797E0
2.915424E1	2.036823E1	1.526828E0
2.918756E1	2.043390E1	1.484853E0
2.922088E1	2.076252E1	1.489883E0
2.925420E1	2.114195E1	1.488260E0
2.928751E1	2.135029E1	1.525361E0
2.932083E1	2.137200E1	1.802447E0
2.935415E1	2.142738E1	1.467906E0
2.938747E1	2.143925E1	1.378194E0
2.942079E1	2.143019E1	1.357429E0
2.945411E1	2.143686E1	1.380223E0
2.948743E1	2.142967E1	1.409765E0
2.952075E1	2.148776E1	1.458137E0
2.955407E1	2.142399E1	1.542058E0
2.958739E1	2.132548E1	1.761581E0
2.962071E1	2.132162E1	1.936564E0
2.965403E1	2.124407E1	1.966969E0
2.968734E1	2.135116E1	1.818966E0
2.972066E1	2.161858E1	1.760372E0
2.975398E1	2.196586E1	1.787174E0
2.978730E1	2.219619E1	1.780475E0
2.982062E1	2.234955E1	1.764087E0
2.985394E1	2.248023E1	1.700138E0
2.988726E1	2.256072E1	1.723620E0
2.992058E1	2.259197E1	1.733280E0
2.995390E1	2.260585E1	1.750355E0
2.998722E1	2.258012E1	1.726221E0
3.002054E1	2.255500E1	1.717525E0
3.005385E1	2.229916E1	1.741033E0
3.008717E1	2.193228E1	1.739216E0
3.012049E1	2.163279E1	1.731821E0
3.015381E1	2.147375E1	1.686814E0
3.018713E1	2.149583E1	1.675981E0
3.022045E1	2.177173E1	1.628910E0
3.025377E1	2.212611E1	1.687334E0
3.028709E1	2.240044E1	1.728992E0
3.032041E1	2.255565E1	1.730928E0
3.035373E1	2.268558E1	1.670038E0
3.038705E1	2.277044E1	2.021258E0
3.042037E1	2.274331E1	1.994070E0
3.045368E1	2.273038E1	2.003253E0
3.048700E1	2.274556E1	1.997752E0
3.052032E1	2.270896E1	1.988789E0
3.055364E1	2.268405E1	2.039116E0
3.058696E1	2.262729E1	2.233777E0
3.062028E1	2.259360E1	2.320613E0
3.065360E1	2.259681E1	2.297034E0
3.068692E1	2.266131E1	2.199492E0
3.072024E1	2.289449E1	2.169476E0
3.075356E1	2.318003E1	2.213327E0
3.078688E1	2.339148E1	2.243039E0
3.082019E1	2.354084E1	2.261893E0
3.085351E1	2.368633E1	2.198197E0
3.088683E1	2.375851E1	2.225615E0
3.092015E1	2.381958E1	2.250203E0
3.095347E1	2.382371E1	2.263679E0
3.098679E1	2.378073E1	2.241910E0
3.102011E1	2.371817E1	2.214132E0
3.105343E1	2.348696E1	2.263919E0
3.108675E1	2.319385E1	2.204733E0
3.112007E1	2.296904E1	2.163596E0
3.115339E1	2.280681E1	2.116159E0
3.118671E1	2.278555E1	2.157727E0
3.122002E1	2.305543E1	2.151723E0
3.125334E1	2.345151E1	2.177246E0
3.128666E1	2.371326E1	2.174919E0
3.131998E1	2.379631E1	2.155073E0
3.135330E1	2.384289E1	2.159466E0
3.138662E1	2.390179E1	2.114076E0
3.141994E1	2.388762E1	2.092677E0
3.145326E1	2.389802E1	2.090614E0
3.148658E1	2.389300E1	2.098960E0
3.151990E1	2.388542E1	2.113968E0
3.155322E1	2.382303E1	2.210829E0
3.158653E1	2.373194E1	2.419468E0
3.161985E1	2.367594E1	2.570690E0
3.165317E1	2.366961E1	2.573288E0
3.168649E1	2.370954E1	2.476937E0
3.171981E1	2.394871E1	2.403310E0
3.175313E1	2.435084E1	2.484415E0
3.178645E1	2.464246E1	2.519306E0
3.181977E1	2.475782E1	2.468826E0
3.185309E1	2.480158E1	2.464902E0
3.188641E1	2.481633E1	2.473071E0
3.191973E1	2.485880E1	2.503582E0
3.195305E1	2.486309E1	2.484771E0
3.198636E1	2.483054E1	2.470478E0
3.201968E1	2.477626E1	2.421373E0
3.205300E1	2.448926E1	2.470076E0
3.208632E1	2.410664E1	2.472953E0
3.211964E1	2.379779E1	2.457026E0
3.215296E1	2.357644E1	2.410896E0
3.218628E1	2.357272E1	2.430178E0
3.221960E1	2.389623E1	2.381175E0
3.225292E1	2.433800E1	2.404582E0
3.228624E1	2.466723E1	2.411117E0
3.231956E1	2.475957E1	2.433534E0
3.235287E1	2.481683E1	2.418056E0
3.238619E1	2.492442E1	2.374634E0
3.241951E1	2.495369E1	2.372478E0
3.245283E1	2.496925E1	2.366192E0
3.248615E1	2.497336E1	2.366099E0
3.251947E1	2.498313E1	2.367221E0
3.255279E1	2.491407E1	2.437756E0
3.258611E1	2.481492E1	2.640723E0
3.261943E1	2.479672E1	2.748293E0
3.265275E1	2.481641E1	2.686741E0
3.268607E1	2.481388E1	2.641071E0
3.271939E1	2.499340E1	2.629385E0
3.275270E1	2.533239E1	2.697412E0
3.278602E1	2.560309E1	2.667124E0
3.281934E1	2.576497E1	2.615036E0
3.285266E1	2.590280E1	2.590398E0
3.288598E1	2.600665E1	2.634640E0
3.291930E1	2.604996E1	2.679076E0
3.295262E1	2.601473E1	2.656983E0
3.298594E1	2.599107E1	2.652547E0
3.301926E1	2.594318E1	2.638522E0
3.305258E1	2.572353E1	2.686916E0
3.308590E1	2.542192E1	2.637699E0
3.311921E1	2.522790E1	2.666231E0
3.315253E1	2.511611E1	2.653670E0
3.318585E1	2.513498E1	2.645777E0
3.321917E1	2.540207E1	2.640392E0
3.325249E1	2.572807E1	2.683724E0
3.328581E1	2.596708E1	2.683891E0
3.331913E1	2.606048E1	2.737536E0
3.335245E1	2.609699E1	2.718391E0
3.338577E1	2.611415E1	2.632049E0
3.341909E1	2.614697E1	2.610423E0
3.345241E1	2.616581E1	2.595164E0
3.348573E1	2.615078E1	2.609812E0
3.351904E1	2.619369E1	2.612766E0
3.355236E1	2.615828E1	2.696545E0
3.358568E1	2.609772E1	2.935277E0
3.361900E1	2.607152E1	3.017782E0
3.365232E1	2.609149E1	2.938943E0
3.368564E1	2.621543E1	2.795576E0
3.371896E1	2.648812E1	2.764547E0
3.375228E1	2.676134E1	2.814489E0
3.378560E1	2.692675E1	2.829199E0
3.381892E1	2.701167E1	2.826636E0
3.385224E1	2.705131E1	2.797441E0
3.388555E1	2.703890E1	2.807539E0
3.391887E1	2.707487E1	2.836037E0
3.395219E1	2.709998E1	2.848458E0
3.398551E1	2.707422E1	2.857858E0
3.401883E1	2.701374E1	2.855965E0
3.405215E1	2.678417E1	2.895163E0
3.408547E1	2.648256E1	2.943563E0
3.411879E1	2.626164E1	2.936054E0
3.415211E1	2.609189E1	2.874850E0
3.418543E1	2.604323E1	2.905733E0
3.421875E1	2.628689E1	2.851988E0
3.425207E1	2.671853E1	2.857956E0
3.428538E1	2.708531E1	2.876782E0
3.431870E1	2.728884E1	2.881058E0
3.435202E1	2.734892E1	2.867234E0
3.438534E1	2.745934E1	2.817854E0
3.441866E1	2.749149E1	2.788407E0
3.445198E1	2.746652E1	2.807998E0
3.448530E1	2.749253E1	2.795186E0
3.451862E1	2.747664E1	2.809685E0
3.455194E1	2.741338E1	2.869897E0
3.458526E1	2.735654E1	3.197658E0
3.461858E1	2.736757E1	3.304832E0
3.465189E1	2.735652E1	3.314076E0
3.468521E1	2.739314E1	3.204494E0
3.471853E1	2.762763E1	3.136906E0
3.475185E1	2.801492E1	3.178888E0
3.478517E1	2.828042E1	3.220509E0
3.481849E1	2.839217E1	3.174273E0
3.485181E1	2.841384E1	3.117678E0
3.488513E1	2.840231E1	3.132637E0
3.491845E1	2.844481E1	3.179625E0
3.495177E1	2.846653E1	3.182649E0
3.498509E1	2.842926E1	3.200071E0
3.501841E1	2.835081E1	3.143361E0
3.505172E1	2.813873E1	3.182519E0
3.508504E1	2.789232E1	3.180291E0
3.511836E1	2.769927E1	3.120344E0
3.515168E1	2.756162E1	3.095403E0
3.518500E1	2.758015E1	3.084227E0
3.521832E1	2.784578E1	3.088507E0
3.525164E1	2.817960E1	3.129077E0
3.528496E1	2.843274E1	3.175494E0
3.531828E1	2.856475E1	3.148152E0
3.535160E1	2.864960E1	3.140103E0
3.538492E1	2.864595E1	3.100332E0
3.541823E1	2.864965E1	3.094634E0
3.545155E1	2.864741E1	3.095274E0
3.548487E1	2.864131E1	3.098996E0
3.551819E1	2.870309E1	3.098935E0
3.555151E1	2.871594E1	3.173040E0
3.558483E1	2.868101E1	3.387467E0
3.561815E1	2.865996E1	3.520298E0
3.565147E1	2.861961E1	3.408022E0
3.568479E1	2.868579E1	3.243548E0
3.571811E1	2.893499E1	3.220828E0
3.575143E1	2.927852E1	3.252215E0
3.578475E1	2.948038E1	3.303731E0
3.581806E1	2.959562E1	3.286992E0
3.585138E1	2.967273E1	3.303015E0
3.588470E1	2.969238E1	3.308787E0
3.591802E1	2.972700E1	3.318758E0
3.595134E1	2.973912E1	3.314796E0
3.598466E1	2.971740E1	3.284184E0
3.601798E1	2.964722E1	3.259149E0
3.605130E1	2.938282E1	3.293749E0
3.608462E1	2.909227E1	3.281200E0
3.611794E1	2.888536E1	3.219860E0
3.615126E1	2.873109E1	3.139663E0
3.618457E1	2.868964E1	3.126669E0
3.621789E1	2.889002E1	3.161434E0
3.625121E1	2.926786E1	3.193041E0
3.628453E1	2.954660E1	3.228201E0
3.631785E1	2.979697E1	3.282841E0
3.635117E1	2.991233E1	3.292980E0
3.638449E1	2.997770E1	3.234271E0
3.641781E1	2.997876E1	3.186703E0
3.645113E1	2.997841E1	3.187662E0
3.648445E1	2.997848E1	3.191097E0
3.651777E1	3.000105E1	3.209141E0
3.655109E1	2.992032E1	3.241950E0
3.658440E1	2.980028E1	3.429648E0
3.661772E1	2.981075E1	3.536171E0
3.665104E1	2.980890E1	3.539503E0
3.668436E1	2.984855E1	3.448484E0
3.671768E1	3.008179E1	3.381993E0
3.675100E1	3.040123E1	3.444008E0
3.678432E1	3.064525E1	3.479285E0
3.681764E1	3.078080E1	3.420133E0
3.685096E1	3.088312E1	3.381020E0
3.688428E1	3.094694E1	3.392547E0
3.691760E1	3.094402E1	3.420272E0
3.695091E1	3.094371E1	3.416815E0
3.698423E1	3.092944E1	3.412154E0
3.701755E1	3.085288E1	3.359286E0
3.705087E1	3.061584E1	3.435278E0
3.708419E1	3.036565E1	3.389904E0
3.711751E1	3.012563E1	3.361871E0
3.715083E1	2.996779E1	3.285506E0
3.718415E1	2.995085E1	3.299330E0
3.721747E1	3.022414E1	3.299827E0
3.725079E1	3.057402E1	3.343959E0
3.728411E1	3.081982E1	3.428928E0
3.731743E1	3.098916E1	3.450890E0
3.735074E1	3.106704E1	3.366011E0
3.738406E1	3.110388E1	3.316513E0
3.741738E1	3.109908E1	3.310921E0
3.745070E1	3.110160E1	3.308199E0
3.748402E1	3.109358E1	3.315575E0
3.751734E1	3.115628E1	3.308633E0
3.755066E1	3.112338E1	3.360140E0
3.758398E1	3.108850E1	3.659495E0
3.761730E1	3.106353E1	3.755636E0
3.765062E1	3.100936E1	3.730455E0
3.768394E1	3.104940E1	3.606986E0
3.771725E1	3.126555E1	3.548242E0
3.775057E1	3.165859E1	3.587353E0
3.778389E1	3.196203E1	3.635906E0
3.781721E1	3.206589E1	3.590924E0
3.785053E1	3.213305E1	3.533961E0
3.788385E1	3.219767E1	3.526653E0
3.791717E1	3.223351E1	3.585726E0
3.795049E1	3.223372E1	3.581336E0
3.798381E1	3.219817E1	3.554350E0
3.801713E1	3.213053E1	3.532845E0
3.805045E1	3.190289E1	3.623059E0
3.808377E1	3.159656E1	3.626688E0
3.811708E1	3.133338E1	3.588062E0
3.815040E1	3.118432E1	3.517399E0
3.818372E1	3.119305E1	3.547512E0
3.821704E1	3.149014E1	3.528083E0
3.825036E1	3.183584E1	3.561385E0
3.828368E1	3.204391E1	3.609530E0
3.831700E1	3.214980E1	3.583608E0
3.835032E1	3.229064E1	3.566075E0
3.838364E1	3.235996E1	3.518561E0
3.841696E1	3.232543E1	3.498456E0
3.845028E1	3.231067E1	3.511215E0
3.848359E1	3.230811E1	3.514894E0
3.851691E1	3.236297E1	3.520918E0
3.855023E1	3.234284E1	3.614494E0
3.858355E1	3.228861E1	3.810739E0
3.861687E1	3.223596E1	3.868100E0
3.865019E1	3.221815E1	3.776287E0
3.868351E1	3.219387E1	3.712009E0
3.871683E1	3.239196E1	3.692559E0
3.875015E1	3.277490E1	3.708507E0
3.878347E1	3.304425E1	3.757510E0
3.881679E1	3.318654E1	3.730985E0
3.885011E1	3.327290E1	3.712468E0
3.888342E1	3.334942E1	3.704584E0
3.891674E1	3.334852E1	3.710701E0
3.895006E1	3.333594E1	3.705950E0
3.898338E1	3.333664E1	3.693495E0
3.901670E1	3.323657E1	3.694249E0
3.905002E1	3.296778E1	3.805630E0
3.908334E1	3.263867E1	3.794611E0
3.911666E1	3.238214E1	3.787041E0
3.914998E1	3.220135E1	3.751035E0
3.918330E1	3.215669E1	3.738572E0
3.921662E1	3.242401E1	3.734910E0
3.924993E1	3.278126E1	3.764443E0
3.928325E1	3.305562E1	3.796739E0
3.931657E1	3.321346E1	3.791918E0
3.934989E1	3.328726E1	3.715033E0
3.938321E1	3.332903E1	3.688299E0
3.941653E1	3.329875E1	3.665803E0
3.944985E1	3.329879E1	3.668278E0
3.948317E1	3.328442E1	3.687188E0
3.951649E1	3.332328E1	3.697058E0
3.954981E1	3.332326E1	3.791377E0
3.958313E1	3.327869E1	3.993812E0
3.961644E1	3.322945E1	4.096004E0
3.964976E1	3.322966E1	4.023571E0
3.968308E1	3.330003E1	3.881096E0
3.971640E1	3.356344E1	3.849732E0
3.974972E1	3.387571E1	3.911443E0
3.978304E1	3.405222E1	3.911620E0
3.981636E1	3.416166E1	3.858121E0
3.984968E1	3.428847E1	3.870706E0
3.988300E1	3.436463E1	3.903591E0
3.991632E1	3.439884E1	3.933693E0
3.994964E1	3.442086E1	3.920826E0
3.998296E1	3.437661E1	3.910032E0
4.001627E1	3.432502E1	3.891673E0
4.004959E1	3.414211E1	3.961956E0
4.008291E1	3.387532E1	3.980497E0
4.011623E1	3.365804E1	3.971476E0
4.014955E1	3.351831E1	3.946379E0
4.018287E1	3.347566E1	3.971095E0
4.021619E1	3.374090E1	3.968443E0
4.024951E1	3.406992E1	3.986134E0
4.028283E1	3.430474E1	3.966825E0
4.031615E1	3.443795E1	3.952963E0
4.034947E1	3.450246E1	3.925485E0
4.038278E1	3.452184E1	3.870606E0
4.041610E1	3.452042E1	3.865956E0
4.044942E1	3.450023E1	3.848120E0
4.048274E1	3.448341E1	3.856088E0
4.051606E1	3.452541E1	3.868536E0
4.054938E1	3.458228E1	3.947332E0
4.058270E1	3.457410E1	4.199200E0
4.061602E1	3.457118E1	4.352304E0
4.064934E1	3.453240E1	4.275394E0
4.068266E1	3.455366E1	4.109144E0
4.071598E1	3.475839E1	4.068820E0
4.074930E1	3.516219E1	4.140148E0
4.078261E1	3.546697E1	4.168958E0
4.081593E1	3.560603E1	4.123899E0
4.084925E1	3.572187E1	4.096316E0
4.088257E1	3.585621E1	4.113578E0
4.091589E1	3.589810E1	4.182133E0
4.094921E1	3.589484E1	4.182765E0
4.098253E1	3.584572E1	4.158598E0
4.101585E1	3.578049E1	4.139351E0
4.104917E1	3.555444E1	4.190699E0
4.108249E1	3.522916E1	4.207832E0
4.111581E1	3.497404E1	4.216486E0
4.114912E1	3.481036E1	4.223025E0
4.118244E1	3.468631E1	4.228851E0
4.121576E1	3.485722E1	4.208276E0
4.124908E1	3.518079E1	4.207870E0
4.128240E1	3.544584E1	4.205601E0
4.131572E1	3.564744E1	4.199014E0
4.134904E1	3.581508E1	4.184146E0
4.138236E1	3.594525E1	4.135263E0
4.141568E1	3.603578E1	4.131826E0
4.144900E1	3.604476E1	4.125490E0
4.148232E1	3.604079E1	4.131677E0
4.151564E1	3.600454E1	4.104678E0
4.154895E1	3.600800E1	4.167809E0
4.158227E1	3.581777E1	4.276235E0
4.161559E1	3.574290E1	4.439105E0
4.164891E1	3.563276E1	4.491631E0
4.168223E1	3.559108E1	4.384405E0
4.171555E1	3.567985E1	4.354081E0
4.174887E1	3.605538E1	4.282433E0
4.178219E1	3.650020E1	4.290184E0
4.181551E1	3.672268E1	4.327969E0
4.184883E1	3.677370E1	4.292696E0
4.188215E1	3.684203E1	4.268305E0
4.191546E1	3.684001E1	4.313721E0
4.194878E1	3.687747E1	4.388625E0
4.198210E1	3.686090E1	4.395814E0
4.201542E1	3.673087E1	4.299454E0
4.204874E1	3.650700E1	4.329581E0
4.208206E1	3.622375E1	4.334282E0
4.211538E1	3.594655E1	4.344117E0
4.214870E1	3.579943E1	4.327270E0
4.218202E1	3.573966E1	4.334515E0
4.221534E1	3.600133E1	4.332095E0
4.224866E1	3.630618E1	4.358847E0
4.228198E1	3.644838E1	4.415364E0
4.231529E1	3.660622E1	4.413486E0
4.234861E1	3.677501E1	4.342026E0
4.238193E1	3.693427E1	4.272403E0
4.241525E1	3.695063E1	4.264415E0
4.244857E1	3.694472E1	4.271969E0
4.248189E1	3.694259E1	4.275275E0
4.251521E1	3.699314E1	4.284063E0
4.254853E1	3.697405E1	4.356610E0
4.258185E1	3.687690E1	4.505798E0
4.261517E1	3.681557E1	4.622669E0
4.264849E1	3.666908E1	4.621295E0
4.268180E1	3.667819E1	4.532908E0
4.271512E1	3.686444E1	4.520543E0
4.274844E1	3.730008E1	4.533056E0
4.278176E1	3.759198E1	4.538585E0
4.281508E1	3.765111E1	4.498215E0
4.284840E1	3.770616E1	4.488647E0
4.288172E1	3.769427E1	4.505937E0
4.291504E1	3.773388E1	4.549319E0
4.294836E1	3.776063E1	4.534908E0
4.298168E1	3.770012E1	4.541371E0
4.301500E1	3.764804E1	4.500984E0
4.304832E1	3.748626E1	4.549274E0
4.308163E1	3.721812E1	4.590403E0
4.311495E1	3.697860E1	4.611828E0
4.314827E1	3.684315E1	4.574072E0
4.318159E1	3.676363E1	4.575158E0
4.321491E1	3.698338E1	4.595225E0
4.324823E1	3.731989E1	4.599229E0
4.328155E1	3.758501E1	4.602207E0
4.331487E1	3.780406E1	4.608632E0
4.334819E1	3.793787E1	4.583194E0
4.338151E1	3.807467E1	4.565649E0
4.341483E1	3.823109E1	4.544884E0
4.344814E1	3.824883E1	4.537160E0
4.348146E1	3.822344E1	4.559076E0
4.351478E1	3.820451E1	4.534658E0
4.354810E1	3.818640E1	4.575296E0
4.358142E1	3.812541E1	4.724821E0
4.361474E1	3.810264E1	4.872303E0
4.364806E1	3.802576E1	4.918207E0
4.368138E1	3.801088E1	4.813617E0
4.371470E1	3.816242E1	4.768612E0
4.374802E1	3.851980E1	4.786270E0
4.378134E1	3.882610E1	4.824908E0
4.381466E1	3.898270E1	4.825766E0
4.384797E1	3.905859E1	4.785349E0
4.388129E1	3.906677E1	4.799520E0
4.391461E1	3.910020E1	4.857692E0
4.394793E1	3.912481E1	4.862517E0
4.398125E1	3.908558E1	4.885687E0
4.401457E1	3.903620E1	4.844361E0
4.404789E1	3.885808E1	4.831514E0
4.408121E1	3.864087E1	4.824623E0
4.411453E1	3.845950E1	4.810784E0
4.414785E1	3.833709E1	4.812114E0
4.418117E1	3.824506E1	4.772863E0
4.421448E1	3.847759E1	4.773094E0
4.424780E1	3.878960E1	4.822034E0
4.428112E1	3.901181E1	4.840876E0
4.431444E1	3.916838E1	4.828173E0
4.434776E1	3.925061E1	4.791259E0
4.438108E1	3.927264E1	4.739229E0
4.441440E1	3.928317E1	4.722976E0
4.444772E1	3.926651E1	4.729979E0
4.448104E1	3.924678E1	4.739714E0
4.451436E1	3.929171E1	4.725134E0
4.454768E1	3.929393E1	4.775963E0
4.458100E1	3.921074E1	4.961672E0
4.461431E1	3.914163E1	5.117425E0
4.464763E1	3.905332E1	5.057819E0
4.468095E1	3.910252E1	4.960588E0
4.471427E1	3.931108E1	4.967439E0
4.474759E1	3.954747E1	4.983623E0
4.478091E1	3.967186E1	4.943018E0
4.481423E1	3.987336E1	4.917419E0
4.484755E1	3.996703E1	4.957262E0
4.488087E1	4.003985E1	4.979113E0
4.491419E1	4.003940E1	4.989761E0
4.494751E1	4.004119E1	4.989970E0
4.498082E1	4.002514E1	4.993354E0
4.501414E1	3.994943E1	4.978548E0
4.504746E1	3.972782E1	5.029688E0
4.508078E1	3.944192E1	5.096311E0
4.511410E1	3.917195E1	5.094759E0
4.514742E1	3.903924E1	5.082674E0
4.518074E1	3.899031E1	5.048610E0
4.521406E1	3.928766E1	5.036090E0
4.524738E1	3.960227E1	5.077540E0
4.528070E1	3.978284E1	5.079451E0
4.531402E1	3.988149E1	5.089332E0
4.534734E1	3.993875E1	5.074157E0
4.538065E1	3.991979E1	5.046276E0
4.541397E1	3.988549E1	4.989494E0
4.544729E1	3.988201E1	4.988608E0
4.548061E1	3.987543E1	4.992287E0
4.551393E1	3.991791E1	5.022252E0
4.554725E1	3.990448E1	5.099639E0
4.558057E1	3.983151E1	5.219892E0
4.561389E1	3.991405E1	5.480096E0
4.564721E1	3.985395E1	5.600047E0
4.568053E1	3.990373E1	5.548969E0
4.571385E1	4.002561E1	5.410166E0
4.574716E1	4.032445E1	5.306920E0
4.578048E1	4.056582E1	5.323373E0
4.581380E1	4.074478E1	5.321262E0
4.584712E1	4.087548E1	5.327614E0
4.588044E1	4.091059E1	5.313517E0
4.591376E1	4.091579E1	5.321555E0
4.594708E1	4.094777E1	5.363609E0
4.598040E1	4.089690E1	5.355283E0
4.601372E1	4.083629E1	5.316257E0
4.604704E1	4.064681E1	5.316921E0
4.608036E1	4.039261E1	5.332816E0
4.611368E1	4.015364E1	5.270545E0
4.614699E1	4.003203E1	5.299805E0
4.618031E1	3.992920E1	5.299964E0
4.621363E1	4.009087E1	5.329665E0
4.624695E1	4.039738E1	5.333890E0
4.628027E1	4.069069E1	5.299853E0
4.631359E1	4.095016E1	5.325841E0
4.634691E1	4.113472E1	5.315845E0
4.638023E1	4.116758E1	5.283105E0
4.641355E1	4.117372E1	5.253146E0
4.644687E1	4.117589E1	5.254200E0
4.648019E1	4.115442E1	5.273931E0
4.651350E1	4.117834E1	5.262320E0
4.654682E1	4.115830E1	5.317813E0
4.658014E1	4.107960E1	5.463398E0
4.661346E1	4.106889E1	5.686320E0
4.664678E1	4.097325E1	5.756639E0
4.668010E1	4.095390E1	5.704551E0
4.671342E1	4.105447E1	5.615408E0
4.674674E1	4.143293E1	5.528037E0
4.678006E1	4.176970E1	5.542243E0
4.681338E1	4.184699E1	5.530877E0
4.684670E1	4.189262E1	5.533083E0
4.688002E1	4.189128E1	5.521659E0
4.691333E1	4.191489E1	5.542364E0
4.694665E1	4.194554E1	5.545423E0
4.697997E1	4.189778E1	5.529939E0
4.701329E1	4.184211E1	5.475268E0
4.704661E1	4.164985E1	5.488890E0
4.707993E1	4.143310E1	5.495113E0
4.711325E1	4.124644E1	5.427238E0
4.714657E1	4.116894E1	5.464116E0
4.717989E1	4.108762E1	5.450602E0
4.721321E1	4.131378E1	5.497865E0
4.724653E1	4.160497E1	5.512866E0
4.727984E1	4.178790E1	5.488081E0
4.731316E1	4.193959E1	5.509798E0
4.734648E1	4.201051E1	5.465212E0
4.737980E1	4.203878E1	5.442500E0
4.741312E1	4.208778E1	5.439712E0
4.744644E1	4.209119E1	5.435305E0
4.747976E1	4.207414E1	5.445431E0
4.751308E1	4.211344E1	5.430282E0
4.754640E1	4.211506E1	5.462250E0
4.757972E1	4.203284E1	5.642595E0
4.761304E1	4.200553E1	5.776222E0
4.764636E1	4.192008E1	5.849096E0
4.767967E1	4.187486E1	5.717969E0
4.771299E1	4.204300E1	5.620256E0
4.774631E1	4.250061E1	5.578684E0
4.777963E1	4.290166E1	5.651549E0
4.781295E1	4.298224E1	5.624084E0
4.784627E1	4.296631E1	5.627869E0
4.787959E1	4.295874E1	5.661513E0
4.791291E1	4.301545E1	5.692824E0
4.794623E1	4.304224E1	5.694843E0
4.797955E1	4.300510E1	5.707181E0
4.801287E1	4.293416E1	5.677715E0
4.804618E1	4.274374E1	5.724260E0
4.807950E1	4.251037E1	5.822119E0
4.811282E1	4.228541E1	5.788441E0
4.814614E1	4.215917E1	5.760407E0
4.817946E1	4.208420E1	5.739204E0
4.821278E1	4.236682E1	5.743915E0
4.824610E1	4.266406E1	5.733369E0
4.827942E1	4.280629E1	5.752188E0
4.831274E1	4.283804E1	5.808718E0
4.834606E1	4.281491E1	5.732051E0
4.837938E1	4.280004E1	5.688850E0
4.841270E1	4.284958E1	5.674689E0
4.844601E1	4.285979E1	5.674299E0
4.847933E1	4.283607E1	5.698684E0
4.851265E1	4.287751E1	5.680898E0
4.854597E1	4.286363E1	5.743803E0
4.857929E1	4.277756E1	5.936206E0
4.861261E1	4.278639E1	6.096784E0
4.864593E1	4.269775E1	6.115810E0
4.867925E1	4.274177E1	6.038235E0
4.871257E1	4.298058E1	5.971612E0
4.874589E1	4.330709E1	5.949310E0
4.877921E1	4.349759E1	5.987444E0
4.881252E1	4.352329E1	5.959847E0
4.884584E1	4.347284E1	5.908550E0
4.887916E1	4.349134E1	5.912934E0
4.891248E1	4.354315E1	5.919684E0
4.894580E1	4.360685E1	5.947778E0
4.897912E1	4.355944E1	5.928219E0
4.901244E1	4.349358E1	5.899515E0
4.904576E1	4.328027E1	5.920695E0
4.907908E1	4.298320E1	5.914535E0
4.911240E1	4.273425E1	5.935976E0
4.914572E1	4.263479E1	5.913091E0
4.917904E1	4.257893E1	5.908293E0
4.921235E1	4.286123E1	5.912234E0
4.924567E1	4.311778E1	5.931389E0
4.927899E1	4.328729E1	5.920885E0
4.931231E1	4.336900E1	5.894357E0
4.934563E1	4.336963E1	5.846946E0
4.937895E1	4.339763E1	5.818829E0
4.941227E1	4.340002E1	5.816208E0
4.944559E1	4.340031E1	5.811998E0
4.947891E1	4.337686E1	5.827083E0
4.951223E1	4.340967E1	5.815047E0
4.954555E1	4.342898E1	5.879339E0
4.957886E1	4.335147E1	6.014010E0
4.961218E1	4.335037E1	6.186440E0
4.964550E1	4.327037E1	6.253361E0
4.967882E1	4.331305E1	6.131524E0
4.971214E1	4.354362E1	6.100217E0
4.974546E1	4.389821E1	6.073856E0
4.977878E1	4.412100E1	6.085821E0
4.981210E1	4.417433E1	6.060000E0
4.984542E1	4.420031E1	6.058146E0
4.987874E1	4.421677E1	6.068406E0
4.991206E1	4.422971E1	6.084336E0
4.994538E1	4.426287E1	6.094074E0
4.997869E1	4.422606E1	6.075820E0
5.001201E1	4.416765E1	6.040477E0
5.004533E1	4.397502E1	6.045736E0
5.007865E1	4.373097E1	6.079649E0
5.011197E1	4.345681E1	6.068318E0
5.014529E1	4.329849E1	6.030729E0
5.017861E1	4.319776E1	5.989668E0
5.021193E1	4.347796E1	6.013029E0
5.024525E1	4.378988E1	6.039202E0
5.027857E1	4.399717E1	6.041825E0
5.031189E1	4.411977E1	6.029622E0
5.034520E1	4.419248E1	6.033242E0
5.037852E1	4.418064E1	5.966696E0
5.041184E1	4.417263E1	5.967316E0
5.044516E1	4.416608E1	5.971482E0
5.047848E1	4.414938E1	5.981275E0
5.051180E1	4.417325E1	5.973722E0
5.054512E1	4.414975E1	6.011821E0
5.057844E1	4.403913E1	6.145283E0
5.061176E1	4.398247E1	6.303606E0
5.064508E1	4.389782E1	6.318767E0
5.067840E1	4.390020E1	6.208836E0
5.071172E1	4.410824E1	6.183772E0
5.074503E1	4.447800E1	6.196841E0
5.077835E1	4.475161E1	6.210765E0
5.081167E1	4.481211E1	6.185515E0
5.084499E1	4.482442E1	6.149404E0
5.087831E1	4.482962E1	6.175466E0
5.091163E1	4.485866E1	6.217539E0
5.094495E1	4.486044E1	6.226634E0
5.097827E1	4.482509E1	6.236267E0
5.101159E1	4.477881E1	6.200209E0
5.104491E1	4.462710E1	6.253820E0
5.107823E1	4.441539E1	6.311076E0
5.111154E1	4.427901E1	6.294964E0
5.114486E1	4.421405E1	6.286737E0
5.117818E1	4.412063E1	6.207032E0
5.121150E1	4.438039E1	6.221756E0
5.124482E1	4.465593E1	6.245396E0
5.127814E1	4.490495E1	6.293954E0
5.131146E1	4.507133E1	6.288745E0
5.134478E1	4.518869E1	6.243694E0
5.137810E1	4.529646E1	6.217962E0
5.141142E1	4.525336E1	6.176121E0
5.144474E1	4.523945E1	6.187777E0
5.147806E1	4.524977E1	6.175664E0
5.151137E1	4.526078E1	6.167407E0
5.154469E1	4.518260E1	6.146980E0
5.157801E1	4.502171E1	6.212242E0
5.161133E1	4.494003E1	6.345937E0
5.164465E1	4.485903E1	6.437719E0
5.167797E1	4.483338E1	6.364843E0
5.171129E1	4.493997E1	6.290604E0
5.174461E1	4.531380E1	6.290732E0
5.177793E1	4.568402E1	6.344090E0
5.181125E1	4.581004E1	6.331834E0
5.184457E1	4.580262E1	6.285516E0
5.187788E1	4.582324E1	6.341261E0
5.191120E1	4.586337E1	6.359196E0
5.194452E1	4.588961E1	6.392815E0
5.197784E1	4.585081E1	6.381059E0
5.201116E1	4.577733E1	6.366033E0
5.204448E1	4.559249E1	6.362051E0
5.207780E1	4.532417E1	6.351276E0
5.211112E1	4.504314E1	6.263673E0
5.214444E1	4.500661E1	6.320688E0
5.217776E1	4.485932E1	6.274581E0
5.221108E1	4.498840E1	6.275377E0
5.224440E1	4.527363E1	6.272635E0
5.227771E1	4.547369E1	6.283482E0
5.231103E1	4.556883E1	6.275455E0
5.234435E1	4.564750E1	6.219860E0
5.237767E1	4.575015E1	6.191007E0
5.241099E1	4.587764E1	6.198674E0
5.244431E1	4.595442E1	6.184797E0
5.247763E1	4.592122E1	6.177030E0
5.251095E1	4.590415E1	6.194543E0
5.254427E1	4.589026E1	6.243616E0
5.257759E1	4.575651E1	6.343357E0
5.261091E1	4.567869E1	6.460665E0
5.264422E1	4.558341E1	6.468520E0
5.267754E1	4.560679E1	6.404138E0
5.271086E1	4.582031E1	6.378088E0
5.274418E1	4.620781E1	6.383895E0
5.277750E1	4.642785E1	6.418516E0
5.281082E1	4.644926E1	6.369437E0
5.284414E1	4.646460E1	6.343707E0
5.287746E1	4.644982E1	6.370413E0
5.291078E1	4.648307E1	6.393671E0
5.294410E1	4.650797E1	6.392599E0
5.297742E1	4.646296E1	6.394148E0
5.301074E1	4.639534E1	6.386834E0
5.304405E1	4.621122E1	6.443642E0
5.307737E1	4.594397E1	6.501016E0
5.311069E1	4.567201E1	6.458169E0
5.314401E1	4.561813E1	6.462339E0
5.317733E1	4.550309E1	6.437951E0
5.321065E1	4.567449E1	6.465117E0
5.324397E1	4.595850E1	6.493381E0
5.327729E1	4.615454E1	6.530467E0
5.331061E1	4.627952E1	6.487753E0
5.334393E1	4.634247E1	6.438865E0
5.337725E1	4.639744E1	6.394050E0
5.341056E1	4.645184E1	6.370889E0
5.344388E1	4.645970E1	6.352144E0
5.347720E1	4.643697E1	6.370185E0
5.351052E1	4.642935E1	6.377029E0
5.354384E1	4.638650E1	6.401058E0
5.357716E1	4.625682E1	6.530891E0
5.361048E1	4.618768E1	6.616785E0
5.364380E1	4.611506E1	6.710772E0
5.367712E1	4.604933E1	6.645811E0
5.371044E1	4.615075E1	6.578052E0
5.374376E1	4.649907E1	6.569162E0
5.377708E1	4.688851E1	6.588495E0
5.381039E1	4.706110E1	6.569385E0
5.384371E1	4.710098E1	6.512461E0
5.387703E1	4.716444E1	6.525805E0
5.391035E1	4.716311E1	6.570910E0
5.394367E1	4.716983E1	6.608140E0
5.397699E1	4.714253E1	6.617984E0
5.401031E1	4.708588E1	6.578351E0
5.404363E1	4.687729E1	6.593253E0
5.407695E1	4.660194E1	6.667454E0
5.411027E1	4.629570E1	6.603479E0
5.414359E1	4.613662E1	6.587628E0
5.417690E1	4.602797E1	6.557845E0
5.421022E1	4.624148E1	6.603843E0
5.424354E1	4.645863E1	6.589379E0
5.427686E1	4.664909E1	6.567627E0
5.431018E1	4.683838E1	6.507367E0
5.434350E1	4.704014E1	6.475877E0
5.437682E1	4.719993E1	6.431185E0
5.441014E1	4.730099E1	6.416562E0
5.444346E1	4.730575E1	6.412607E0
5.447678E1	4.729400E1	6.419963E0
5.451010E1	4.731706E1	6.412574E0
5.454342E1	4.725289E1	6.439107E0
5.457673E1	4.708946E1	6.538112E0
5.461005E1	4.698750E1	6.648257E0
5.464337E1	4.686428E1	6.728068E0
5.467669E1	4.687933E1	6.672105E0
5.471001E1	4.705497E1	6.627804E0
5.474333E1	4.745455E1	6.636050E0
5.477665E1	4.777966E1	6.648078E0
5.480997E1	4.789326E1	6.584566E0
5.484329E1	4.796014E1	6.538206E0
5.487661E1	4.804038E1	6.559685E0
5.490993E1	4.804869E1	6.628439E0
5.494324E1	4.806396E1	6.626265E0
5.497656E1	4.802976E1	6.618882E0
5.500988E1	4.797804E1	6.601375E0
5.504320E1	4.778868E1	6.645728E0
5.507652E1	4.752850E1	6.702739E0
5.510984E1	4.726671E1	6.657118E0
5.514316E1	4.713567E1	6.657810E0
5.517648E1	4.693728E1	6.622320E0
5.520980E1	4.720197E1	6.656345E0
5.524312E1	4.756755E1	6.675941E0
5.527644E1	4.789673E1	6.661486E0
5.530975E1	4.805651E1	6.667494E0
5.534307E1	4.811860E1	6.665958E0
5.537639E1	4.821737E1	6.628829E0
5.540971E1	4.828775E1	6.545332E0
5.544303E1	4.829074E1	6.529408E0
5.547635E1	4.828652E1	6.549983E0
5.550967E1	4.829512E1	6.536890E0
5.554299E1	4.823393E1	6.598883E0
