	mass A		
t	x	y	
0.000000E0	5.606582E-2	-5.783704E-3
3.331912E-2	3.200219E-2	4.412907E-3
6.663825E-2	9.533007E-2	2.481879E-3
9.995737E-2	1.649071E-1	5.871588E-3
1.332765E-1	2.755208E-1	1.686818E-2
1.665956E-1	4.248882E-1	4.690673E-2
1.999147E-1	4.948641E-1	4.654771E-2
2.332339E-1	6.059660E-1	4.731277E-2
2.665530E-1	7.572688E-1	4.135553E-2
2.998721E-1	9.025491E-1	4.903975E-2
3.331912E-1	9.950289E-1	2.846854E-2
3.665104E-1	1.082299E0	3.880034E-2
3.998295E-1	1.140336E0	1.799397E-2
4.331486E-1	1.195537E0	-1.428234E-2
4.664677E-1	1.320126E0	-6.219922E-2
4.997869E-1	1.488292E0	-8.700898E-2
5.331060E-1	1.580974E0	-1.137288E-1
5.664251E-1	1.682227E0	-1.324614E-1
5.997442E-1	1.780929E0	-1.619210E-1
6.330634E-1	1.865440E0	-1.902996E-1
6.663825E-1	1.860121E0	-1.883762E-1
6.997016E-1	1.856892E0	-1.868312E-1
7.330207E-1	1.851537E0	-1.839759E-1
7.663399E-1	1.870988E0	-1.911125E-1
7.996590E-1	1.864041E0	-1.808803E-1
8.329781E-1	1.853349E0	-7.866669E-2
8.662972E-1	1.744488E0	1.333894E-1
8.996164E-1	1.787389E0	1.323586E-1
9.329355E-1	1.850799E0	8.499910E-2
9.662546E-1	1.867283E0	6.847722E-2
9.995737E-1	1.860964E0	7.458133E-2
1.032893E0	1.756876E0	9.199155E-2
1.066212E0	1.786797E0	1.090220E-1
1.099531E0	1.845571E0	1.235991E-1
1.132850E0	1.858435E0	1.178231E-1
1.166169E0	1.910606E0	9.818653E-2
1.199488E0	2.044374E0	1.033207E-1
1.232808E0	2.137618E0	6.585261E-2
1.266127E0	2.135580E0	4.033251E-2
1.299446E0	2.191120E0	2.898535E-2
1.332765E0	2.298837E0	1.751632E-2
1.366084E0	2.414636E0	4.848473E-3
1.399403E0	2.509008E0	5.851759E-3
1.432722E0	2.517505E0	4.421177E-3
1.466041E0	2.505387E0	1.771508E-2
1.499361E0	2.511014E0	1.393231E-2
1.532680E0	2.516224E0	1.122810E-2
1.565999E0	2.573951E0	1.087476E-2
1.599318E0	2.657314E0	2.785842E-2
1.632637E0	2.770893E0	5.577237E-2
1.665956E0	2.816951E0	3.314273E-2
1.699275E0	2.823945E0	2.377178E-2
1.732594E0	2.823461E0	2.545677E-2
1.765914E0	2.825404E0	7.328006E-3
1.799233E0	2.774067E0	4.717272E-4
1.832552E0	2.795728E0	-3.564907E-2
1.865871E0	2.825634E0	-9.007080E-2
1.899190E0	2.756903E0	-7.795489E-2
1.932509E0	2.708236E0	-1.742149E-2
1.965828E0	2.691892E0	-3.662385E-3
1.999147E0	2.678714E0	-4.149845E-2
2.032467E0	2.665383E0	-3.320731E-2
2.065786E0	2.764408E0	-1.110031E-2
2.099105E0	2.894093E0	-4.036629E-3
2.132424E0	2.995306E0	-2.000765E-2
2.165743E0	3.066613E0	-3.670696E-2
2.199062E0	3.140629E0	-1.425524E-2
2.232381E0	3.256008E0	-2.841537E-2
2.265700E0	3.291588E0	-2.413703E-2
2.299020E0	3.292983E0	-2.186957E-2
2.332339E0	3.298337E0	-2.457300E-2
2.365658E0	3.341358E0	-5.026716E-2
2.398977E0	3.536081E0	-8.914646E-2
2.432296E0	3.798073E0	-1.871472E-1
2.465615E0	4.022148E0	-2.079177E-1
2.498934E0	4.058255E0	-1.878846E-1
2.532253E0	4.064689E0	-1.940611E-1
2.565573E0	4.187062E0	-2.213936E-1
2.598892E0	4.341649E0	-2.474780E-1
2.632211E0	4.461190E0	-2.701440E-1
2.665530E0	4.459084E0	-2.647600E-1
2.698849E0	4.457678E0	-2.629207E-1
2.732168E0	4.456957E0	-2.596677E-1
2.765487E0	4.486349E0	-2.425747E-1
2.798806E0	4.499649E0	-2.219209E-1
2.832126E0	4.455866E0	-1.443741E-1
2.865445E0	4.344630E0	9.298255E-2
2.898764E0	4.294860E0	1.182445E-1
2.932083E0	4.245313E0	1.047991E-1
2.965402E0	4.181525E0	9.364071E-2
2.998721E0	4.116251E0	1.326856E-1
3.032040E0	4.167814E0	1.228065E-1
3.065359E0	4.181727E0	1.140398E-1
3.098679E0	4.173670E0	1.201977E-1
3.131998E0	4.179644E0	1.176148E-1
3.165317E0	4.233720E0	1.097953E-1
3.198636E0	4.405851E0	7.158587E-2
3.231955E0	4.720542E0	5.592464E-2
3.265274E0	4.883329E0	5.656284E-2
3.298593E0	4.883752E0	2.938506E-2
3.331912E0	4.915095E0	-1.044414E-2
3.365232E0	4.985150E0	1.914481E-2
3.398551E0	5.102563E0	1.845275E-2
3.431870E0	5.180475E0	4.925938E-3
3.465189E0	5.233561E0	-1.034562E-3
3.498508E0	5.276412E0	-2.054145E-2
3.531827E0	5.259492E0	3.546161E-3
3.565146E0	5.275106E0	1.011174E-2
3.598465E0	5.292931E0	-9.170879E-4
3.631785E0	5.305333E0	1.570533E-2
3.665104E0	5.312465E0	1.166913E-2
3.698423E0	5.316701E0	9.104664E-3
3.731742E0	5.285292E0	4.577312E-3
3.765061E0	5.277175E0	-9.211706E-4
3.798380E0	5.279049E0	-5.227518E-2
3.831699E0	5.322625E0	-6.943583E-2
3.865018E0	5.402965E0	-1.572360E-1
3.898338E0	5.391078E0	-1.165798E-1
3.931657E0	5.357732E0	-8.715147E-2
3.964976E0	5.338973E0	-1.229919E-1
3.998295E0	5.277664E0	-1.102398E-1
4.031614E0	5.214773E0	-6.818941E-2
4.064933E0	5.201326E0	-3.945275E-2
4.098252E0	5.281739E0	-5.094073E-2
4.131571E0	5.481198E0	-2.174750E-2
4.164891E0	5.554188E0	-8.443617E-3
4.198210E0	5.554566E0	-1.000741E-2
4.231529E0	5.642113E0	-2.011344E-3
4.264848E0	5.765473E0	-5.154581E-3
4.298167E0	5.848622E0	4.664301E-3
4.331486E0	5.881717E0	-2.526717E-2
4.364805E0	5.926287E0	-2.874745E-2
4.398124E0	6.022889E0	-4.328065E-2
4.431444E0	6.170183E0	-5.595194E-2
4.464763E0	6.238636E0	-6.366166E-2
4.498082E0	6.239858E0	-6.190692E-2
4.531401E0	6.296012E0	-9.422066E-2
4.564720E0	6.403325E0	-1.151199E-1
4.598039E0	6.563665E0	-1.410019E-1
4.631358E0	6.593831E0	-1.436996E-1
4.664677E0	6.580587E0	-1.297257E-1
4.697997E0	6.586884E0	-1.300140E-1
4.731316E0	6.567211E0	-1.157510E-1
4.764635E0	6.590227E0	-1.183336E-1
4.797954E0	6.600491E0	-1.201739E-1
4.831273E0	6.529195E0	-4.443265E-2
4.864592E0	6.421424E0	1.554803E-1
4.897911E0	6.369336E0	2.003692E-1
4.931230E0	6.314293E0	1.584520E-1
4.964550E0	6.279657E0	1.359473E-1
4.997869E0	6.240565E0	1.975171E-1
5.031188E0	6.243875E0	2.006211E-1
5.064507E0	6.290054E0	2.022349E-1
5.097826E0	6.326133E0	1.550425E-1
5.131145E0	6.436026E0	1.444555E-1
5.164464E0	6.605581E0	1.229848E-1
5.197783E0	6.683679E0	1.456879E-1
5.231102E0	6.727849E0	1.518022E-1
5.264422E0	6.796984E0	1.302081E-1
5.297741E0	6.859424E0	9.750751E-2
5.331060E0	6.926053E0	8.023706E-2
5.364379E0	6.921928E0	8.245545E-2
5.397698E0	6.914736E0	8.631840E-2
5.431017E0	6.981847E0	6.852291E-2
5.464336E0	7.066590E0	1.229036E-1
5.497655E0	7.188429E0	1.192425E-1
5.530975E0	7.225431E0	1.364174E-1
5.564294E0	7.256099E0	1.208629E-1
5.597613E0	7.307666E0	1.256703E-1
5.630932E0	7.325698E0	1.504235E-1
5.664251E0	7.342377E0	1.396256E-1
5.697570E0	7.337231E0	1.421117E-1
5.730889E0	7.313919E0	1.530765E-1
5.764208E0	7.328477E0	1.379765E-1
5.797528E0	7.308976E0	8.191781E-2
5.830847E0	7.326160E0	7.904905E-2
5.864166E0	7.322009E0	2.312701E-3
5.897485E0	7.249215E0	-2.063743E-2
5.930804E0	7.195274E0	6.883300E-2
5.964123E0	7.179503E0	9.003026E-2
5.997442E0	7.142049E0	6.755164E-2
6.030761E0	7.116822E0	8.955649E-2
6.064081E0	7.148419E0	8.519099E-2
6.097400E0	7.224147E0	1.260184E-1
6.130719E0	7.399053E0	1.113529E-1
6.164038E0	7.574514E0	8.513160E-2
6.197357E0	7.657942E0	1.027958E-1
6.230676E0	7.684441E0	8.472001E-2
6.263995E0	7.755797E0	8.931173E-2
6.297314E0	7.826875E0	4.423247E-2
6.330634E0	7.910732E0	4.756027E-2
6.363953E0	8.006854E0	1.629748E-2
6.397272E0	8.111065E0	8.182748E-3
6.430591E0	8.253534E0	-1.793192E-2
6.463910E0	8.417519E0	-3.328394E-2
6.497229E0	8.496147E0	-4.980552E-2
6.530548E0	8.536694E0	-7.318810E-2
6.563867E0	8.662958E0	-1.103116E-1
6.597187E0	8.793167E0	-1.301995E-1
6.630506E0	8.866002E0	-1.486535E-1
6.663825E0	8.857466E0	-1.412813E-1
6.697144E0	8.862460E0	-1.418001E-1
6.730463E0	8.864327E0	-1.417085E-1
6.763782E0	8.860809E0	-1.428014E-1
6.797101E0	8.865331E0	-1.418418E-1
6.830420E0	8.861532E0	-1.431728E-1
6.863740E0	8.843921E0	-9.790696E-2
6.897059E0	8.806136E0	-5.387275E-2
6.930378E0	8.759040E0	-1.849172E-2
6.963697E0	8.671313E0	4.407795E-2
6.997016E0	8.597243E0	8.491284E-2
7.030335E0	8.599323E0	9.882166E-2
7.063654E0	8.682283E0	1.073319E-1
7.096973E0	8.788163E0	7.497331E-2
7.130293E0	8.916043E0	1.212477E-2
7.163612E0	9.021123E0	-5.018515E-3
7.196931E0	9.076995E0	-1.161862E-2
7.230250E0	9.192944E0	-1.022949E-2
7.263569E0	9.383598E0	2.365294E-2
7.296888E0	9.457048E0	1.395270E-2
7.330207E0	9.461185E0	1.050618E-3
7.363526E0	9.513536E0	-1.547124E-2
7.396846E0	9.625059E0	-4.591167E-2
7.430165E0	9.662310E0	-3.495836E-2
7.463484E0	9.625437E0	-4.678680E-2
7.496803E0	9.692555E0	-4.844862E-2
7.530122E0	9.768912E0	-6.231454E-2
7.563441E0	9.824393E0	-6.167659E-2
7.596760E0	9.807500E0	-6.228754E-2
7.630079E0	9.739394E0	-6.794150E-2
7.663399E0	9.728281E0	-5.119542E-2
7.696718E0	9.719881E0	-4.550603E-2
7.730037E0	9.676327E0	-3.958069E-2
7.763356E0	9.664550E0	-3.160878E-2
7.796675E0	9.660131E0	-3.961164E-2
7.829994E0	9.607677E0	4.405466E-2
7.863313E0	9.508562E0	1.992544E-1
7.896632E0	9.435427E0	2.497496E-1
7.929952E0	9.241196E0	3.855803E-1
7.963271E0	8.639539E0	6.529293E-2
7.996590E0	8.193942E0	-1.420299E-3
8.029909E0	8.056205E0	2.524239E-2
8.063228E0	8.085279E0	1.481149E-1
8.096547E0	8.192634E0	2.952321E-1
8.129866E0	8.276278E0	3.634758E-1
8.163185E0	8.448286E0	3.927654E-1
8.196505E0	8.784644E0	4.167040E-1
8.229824E0	9.122111E0	3.588893E-1
8.263143E0	9.254965E0	3.392747E-1
8.296462E0	9.250741E0	3.306821E-1
8.329781E0	9.309645E0	3.129509E-1
8.363100E0	9.439128E0	3.343058E-1
8.396419E0	9.531921E0	2.881650E-1
8.429738E0	9.639790E0	2.631657E-1
8.463058E0	9.743426E0	2.495317E-1
8.496377E0	9.824070E0	2.514065E-1
8.529696E0	9.916089E0	2.042645E-1
8.563015E0	1.003172E1	1.960809E-1
8.596334E0	1.021681E1	1.633351E-1
8.629653E0	1.033919E1	1.414636E-1
8.662972E0	1.033934E1	1.449147E-1
8.696291E0	1.034811E1	1.509541E-1
8.729611E0	1.034378E1	1.561950E-1
8.762930E0	1.034183E1	1.584658E-1
8.796249E0	1.033449E1	1.645145E-1
8.829568E0	1.029056E1	1.705859E-1
8.862887E0	1.007168E1	1.258866E-1
8.896206E0	9.668605E0	2.129898E-1
8.929525E0	9.250271E0	3.333666E-1
8.962844E0	8.941168E0	4.861787E-1
8.996164E0	8.980049E0	4.950027E-1
9.029483E0	9.085571E0	4.482443E-1
9.062802E0	9.215050E0	4.329679E-1
9.096121E0	9.439908E0	4.545628E-1
9.129440E0	9.584403E0	4.133062E-1
9.162759E0	9.627984E0	4.177584E-1
9.196078E0	9.674564E0	3.947577E-1
9.229397E0	9.741713E0	3.414233E-1
9.262717E0	9.804617E0	3.223706E-1
9.296036E0	9.853788E0	3.248305E-1
9.329355E0	9.879198E0	3.424006E-1
9.362674E0	9.887429E0	3.381103E-1
9.395993E0	9.951668E0	3.199262E-1
9.429312E0	1.001693E1	2.957393E-1
9.462631E0	1.005300E1	3.265599E-1
9.495950E0	1.010192E1	3.272407E-1
9.529270E0	1.012798E1	3.100777E-1
9.562589E0	1.015791E1	3.357258E-1
9.595908E0	1.019553E1	3.521383E-1
9.629227E0	1.023405E1	3.330873E-1
9.662546E0	1.026418E1	3.433257E-1
9.695865E0	1.026052E1	3.446943E-1
9.729184E0	1.024466E1	3.283384E-1
9.762503E0	1.025528E1	3.375531E-1
9.795823E0	1.023265E1	2.922315E-1
9.829142E0	1.021056E1	2.980273E-1
9.862461E0	1.021721E1	2.622115E-1
9.895780E0	1.012143E1	2.855680E-1
9.929099E0	1.005692E1	3.558952E-1
9.962418E0	1.005908E1	3.604323E-1
9.995737E0	1.005500E1	3.507858E-1
1.002906E1	1.004963E1	3.529755E-1
1.006238E1	1.007756E1	3.400309E-1
1.009569E1	1.014389E1	3.607253E-1
1.012901E1	1.026885E1	3.449907E-1
1.016233E1	1.046858E1	3.984485E-1
1.019565E1	1.054837E1	4.177443E-1
1.022897E1	1.059054E1	4.325471E-1
1.026229E1	1.066070E1	4.000504E-1
1.029561E1	1.080951E1	4.288894E-1
1.032893E1	1.093936E1	4.266258E-1
1.036225E1	1.104182E1	4.263569E-1
1.039557E1	1.114255E1	4.201641E-1
1.042889E1	1.125625E1	4.028789E-1
1.046220E1	1.139905E1	4.012258E-1
1.049552E1	1.151473E1	3.789449E-1
1.052884E1	1.159108E1	3.376269E-1
1.056216E1	1.172490E1	3.247219E-1
1.059548E1	1.191587E1	2.959771E-1
1.062880E1	1.199563E1	3.201279E-1
1.066212E1	1.198366E1	3.047184E-1
1.069544E1	1.198898E1	3.326214E-1
1.072876E1	1.199489E1	3.290237E-1
1.076208E1	1.199576E1	3.283477E-1
1.079540E1	1.200092E1	3.285456E-1
1.082872E1	1.200876E1	3.214419E-1
1.086203E1	1.202357E1	3.535959E-1
1.089535E1	1.202664E1	4.064688E-1
1.092867E1	1.200437E1	4.824413E-1
1.096199E1	1.198279E1	4.602275E-1
1.099531E1	1.197451E1	4.570844E-1
1.102863E1	1.195556E1	4.861221E-1
1.106195E1	1.196608E1	5.274910E-1
1.109527E1	1.205796E1	5.559479E-1
1.112859E1	1.223096E1	5.041994E-1
1.116191E1	1.232924E1	4.749401E-1
1.119523E1	1.236005E1	4.402327E-1
1.122854E1	1.245909E1	4.507353E-1
1.126186E1	1.256165E1	4.458801E-1
1.129518E1	1.261526E1	4.249549E-1
1.132850E1	1.268330E1	3.870919E-1
1.136182E1	1.277963E1	3.624413E-1
1.139514E1	1.280769E1	3.758831E-1
1.142846E1	1.284118E1	3.396951E-1
1.146178E1	1.292543E1	3.485325E-1
1.149510E1	1.297325E1	3.561125E-1
1.152842E1	1.294655E1	3.185847E-1
1.156174E1	1.290642E1	2.982216E-1
1.159506E1	1.288128E1	3.137853E-1
1.162837E1	1.287117E1	3.098375E-1
1.166169E1	1.289481E1	3.046812E-1
1.169501E1	1.289051E1	3.076585E-1
1.172833E1	1.285109E1	3.121629E-1
1.176165E1	1.283878E1	3.061880E-1
1.179497E1	1.284351E1	3.027977E-1
1.182829E1	1.283857E1	3.410554E-1
1.186161E1	1.277912E1	4.134059E-1
1.189493E1	1.261816E1	4.281326E-1
1.192825E1	1.235439E1	4.061363E-1
1.196157E1	1.186597E1	3.149084E-1
1.199488E1	1.147306E1	2.242866E-1
1.202820E1	1.135219E1	2.728560E-1
1.206152E1	1.137642E1	3.569233E-1
1.209484E1	1.150362E1	5.656028E-1
1.212816E1	1.175388E1	7.366466E-1
1.216148E1	1.197625E1	7.915271E-1
1.219480E1	1.205135E1	7.584950E-1
1.222812E1	1.216317E1	7.542528E-1
1.226144E1	1.219894E1	7.340853E-1
1.229476E1	1.223179E1	7.474419E-1
1.232808E1	1.240503E1	7.356980E-1
1.236140E1	1.263110E1	7.082938E-1
1.239471E1	1.282565E1	7.261851E-1
1.242803E1	1.288840E1	7.172136E-1
1.246135E1	1.295010E1	6.969455E-1
1.249467E1	1.310278E1	6.906470E-1
1.252799E1	1.324324E1	7.028732E-1
1.256131E1	1.332604E1	6.750348E-1
1.259463E1	1.342010E1	6.815185E-1
1.262795E1	1.353769E1	6.543541E-1
1.266127E1	1.360761E1	6.299879E-1
1.269459E1	1.359142E1	6.417076E-1
1.272791E1	1.357749E1	6.487257E-1
1.276122E1	1.355308E1	6.215074E-1
1.279454E1	1.352887E1	6.288673E-1
1.282786E1	1.358785E1	6.984628E-1
1.286118E1	1.361247E1	8.804406E-1
1.289450E1	1.363845E1	8.934282E-1
1.292782E1	1.361228E1	8.756414E-1
1.296114E1	1.359462E1	8.661307E-1
1.299446E1	1.360457E1	8.624181E-1
1.302778E1	1.358824E1	8.706690E-1
1.306110E1	1.360153E1	8.422897E-1
1.309442E1	1.370004E1	8.401129E-1
1.312773E1	1.372094E1	8.446727E-1
1.316105E1	1.376519E1	8.467701E-1
1.319437E1	1.387113E1	8.432910E-1
1.322769E1	1.394016E1	8.325475E-1
1.326101E1	1.400891E1	8.477911E-1
1.329433E1	1.409537E1	8.207689E-1
1.332765E1	1.410173E1	8.313653E-1
1.336097E1	1.412492E1	8.497332E-1
1.339429E1	1.423402E1	8.455822E-1
1.342761E1	1.430364E1	8.581050E-1
1.346093E1	1.435642E1	8.592657E-1
1.349425E1	1.441059E1	8.649297E-1
1.352756E1	1.446793E1	8.662728E-1
1.356088E1	1.452797E1	8.597535E-1
1.359420E1	1.462688E1	8.662447E-1
1.362752E1	1.468414E1	8.708183E-1
1.366084E1	1.469828E1	8.513826E-1
1.369416E1	1.469533E1	8.462445E-1
1.372748E1	1.469318E1	8.443527E-1
1.376080E1	1.465394E1	8.332111E-1
1.379412E1	1.467462E1	8.293121E-1
1.382744E1	1.458085E1	8.019009E-1
1.386076E1	1.450868E1	7.956251E-1
1.389407E1	1.444983E1	7.726550E-1
1.392739E1	1.442311E1	8.263802E-1
1.396071E1	1.440746E1	8.436343E-1
1.399403E1	1.435162E1	8.069921E-1
1.402735E1	1.434995E1	8.149873E-1
1.406067E1	1.440637E1	8.400992E-1
1.409399E1	1.451639E1	8.716911E-1
1.412731E1	1.462807E1	8.551453E-1
1.416063E1	1.473900E1	8.505912E-1
1.419395E1	1.474697E1	8.451355E-1
1.422727E1	1.474885E1	8.446534E-1
1.426059E1	1.475636E1	8.375192E-1
1.429390E1	1.476337E1	8.342009E-1
1.432722E1	1.491786E1	8.650529E-1
1.436054E1	1.524150E1	8.516102E-1
1.439386E1	1.555759E1	7.987384E-1
1.442718E1	1.567897E1	8.065293E-1
1.446050E1	1.570014E1	8.407297E-1
1.449382E1	1.573983E1	8.023360E-1
1.452714E1	1.581672E1	7.662355E-1
1.456046E1	1.594204E1	7.136243E-1
1.459378E1	1.603418E1	7.175908E-1
1.462710E1	1.605723E1	6.998578E-1
1.466041E1	1.608382E1	7.165306E-1
1.469373E1	1.610432E1	7.041191E-1
1.472705E1	1.610264E1	7.061731E-1
1.476037E1	1.612248E1	7.305603E-1
1.479369E1	1.609517E1	7.212475E-1
1.482701E1	1.611378E1	7.656810E-1
1.486033E1	1.610551E1	9.600336E-1
1.489365E1	1.614483E1	9.728271E-1
1.492697E1	1.613412E1	1.007546E0
1.496029E1	1.614298E1	9.938904E-1
1.499361E1	1.616500E1	9.963733E-1
1.502693E1	1.615607E1	9.934590E-1
1.506024E1	1.615619E1	9.916047E-1
1.509356E1	1.623773E1	1.008028E0
1.512688E1	1.637130E1	1.001884E0
1.516020E1	1.650159E1	9.850471E-1
1.519352E1	1.654244E1	9.740955E-1
1.522684E1	1.656346E1	9.838052E-1
1.526016E1	1.664534E1	9.500766E-1
1.529348E1	1.678202E1	9.464324E-1
1.532680E1	1.689990E1	9.505135E-1
1.536012E1	1.696554E1	9.405446E-1
1.539344E1	1.698424E1	9.272726E-1
1.542675E1	1.694924E1	9.696885E-1
1.546007E1	1.697648E1	9.465227E-1
1.549339E1	1.702991E1	9.425801E-1
1.552671E1	1.710882E1	9.426355E-1
1.556003E1	1.713191E1	9.423018E-1
1.559335E1	1.717390E1	9.433101E-1
1.562667E1	1.718890E1	9.347974E-1
1.565999E1	1.720243E1	9.257287E-1
1.569331E1	1.719881E1	9.275579E-1
1.572663E1	1.717327E1	9.406840E-1
1.575995E1	1.714314E1	9.212870E-1
1.579326E1	1.712090E1	9.255117E-1
1.582658E1	1.708803E1	9.209828E-1
1.585990E1	1.710570E1	8.759902E-1
1.589322E1	1.708298E1	8.639236E-1
1.592654E1	1.708608E1	9.161918E-1
1.595986E1	1.710324E1	9.456972E-1
1.599318E1	1.707349E1	9.219269E-1
1.602650E1	1.704711E1	8.941664E-1
1.605982E1	1.709619E1	9.177310E-1
1.609314E1	1.720685E1	9.476379E-1
1.612646E1	1.731754E1	9.592610E-1
1.615978E1	1.740138E1	1.002985E0
1.619309E1	1.745159E1	1.039657E0
1.622641E1	1.751562E1	1.063594E0
1.625973E1	1.762636E1	1.086344E0
1.629305E1	1.772099E1	1.086212E0
1.632637E1	1.780378E1	1.024422E0
1.635969E1	1.788534E1	1.003102E0
1.639301E1	1.794569E1	9.852290E-1
1.642633E1	1.795396E1	9.965565E-1
1.645965E1	1.795798E1	1.003593E0
1.649297E1	1.798500E1	1.011400E0
1.652629E1	1.805499E1	9.698155E-1
1.655960E1	1.816916E1	9.125083E-1
1.659292E1	1.827985E1	9.054435E-1
1.662624E1	1.827339E1	9.170193E-1
1.665956E1	1.827827E1	9.134217E-1
1.669288E1	1.827758E1	9.132209E-1
1.672620E1	1.826282E1	9.244472E-1
1.675952E1	1.827850E1	9.168524E-1
1.679284E1	1.828425E1	9.149526E-1
1.682616E1	1.826344E1	9.676209E-1
1.685948E1	1.823212E1	1.126037E0
1.689280E1	1.823159E1	1.142496E0
1.692612E1	1.824173E1	1.104794E0
1.695943E1	1.822685E1	1.126739E0
1.699275E1	1.824789E1	1.130566E0
1.702607E1	1.826739E1	1.092478E0
1.705939E1	1.825939E1	1.091754E0
1.709271E1	1.827367E1	1.084768E0
1.712603E1	1.827867E1	1.077804E0
1.715935E1	1.830839E1	1.071387E0
1.719267E1	1.854299E1	1.112813E0
1.722599E1	1.878023E1	1.109120E0
1.725931E1	1.886726E1	1.076941E0
1.729263E1	1.886896E1	1.076318E0
1.732594E1	1.888815E1	1.056684E0
1.735926E1	1.900622E1	1.189288E0
1.739258E1	1.913936E1	1.186296E0
1.742590E1	1.927617E1	1.192752E0
1.745922E1	1.937973E1	1.200309E0
1.749254E1	1.943312E1	1.202611E0
1.752586E1	1.948306E1	1.220911E0
1.755918E1	1.949233E1	1.269148E0
1.759250E1	1.948352E1	1.264912E0
1.762582E1	1.944949E1	1.250308E0
1.765914E1	1.947927E1	1.271770E0
1.769245E1	1.948060E1	1.274473E0
1.772577E1	1.947671E1	1.281082E0
1.775909E1	1.950879E1	1.232925E0
1.779241E1	1.955238E1	1.138468E0
1.782573E1	1.958522E1	1.080606E0
1.785905E1	1.959389E1	9.621001E-1
1.789237E1	1.962391E1	9.654605E-1
1.792569E1	1.960651E1	1.003665E0
1.795901E1	1.956438E1	9.940118E-1
1.799233E1	1.954641E1	9.983440E-1
1.802565E1	1.946690E1	9.776906E-1
1.805897E1	1.942388E1	9.577485E-1
1.809228E1	1.942304E1	9.704102E-1
1.812560E1	1.944398E1	9.763728E-1
1.815892E1	1.953597E1	1.013554E0
1.819224E1	1.967297E1	1.055851E0
1.822556E1	1.978218E1	1.078677E0
1.825888E1	1.985236E1	1.069821E0
1.829220E1	1.988867E1	1.024716E0
1.832552E1	1.994886E1	1.006351E0
1.835884E1	1.996283E1	9.651989E-1
1.839216E1	2.003070E1	9.173334E-1
1.842548E1	2.012744E1	9.066734E-1
1.845879E1	2.020393E1	8.763080E-1
1.849211E1	2.031373E1	8.435277E-1
1.852543E1	2.040384E1	8.192267E-1
1.855875E1	2.055227E1	7.933496E-1
1.859207E1	2.065827E1	7.746277E-1
1.862539E1	2.064548E1	7.840446E-1
1.865871E1	2.064547E1	7.854498E-1
1.869203E1	2.064157E1	7.872883E-1
1.872535E1	2.063847E1	7.898763E-1
1.875867E1	2.067794E1	8.301228E-1
1.879199E1	2.070309E1	8.953404E-1
1.882531E1	2.072296E1	1.007674E0
1.885862E1	2.078941E1	1.202839E0
1.889194E1	2.078705E1	1.210765E0
1.892526E1	2.075009E1	1.181808E0
1.895858E1	2.069503E1	1.182769E0
1.899190E1	2.064216E1	1.195470E0
1.902522E1	2.064395E1	1.181150E0
1.905854E1	2.068521E1	1.167967E0
1.909186E1	2.073071E1	1.169976E0
1.912518E1	2.081431E1	1.180494E0
1.915850E1	2.090197E1	1.187823E0
1.919182E1	2.093767E1	1.196056E0
1.922513E1	2.097001E1	1.186830E0
1.925845E1	2.104330E1	1.173096E0
1.929177E1	2.112164E1	1.176016E0
1.932509E1	2.113356E1	1.177282E0
1.935841E1	2.111757E1	1.175788E0
1.939173E1	2.112993E1	1.172508E0
1.942505E1	2.112869E1	1.172574E0
1.945837E1	2.117399E1	1.175944E0
1.949169E1	2.121858E1	1.233755E0
1.952501E1	2.124739E1	1.348717E0
1.955833E1	2.129030E1	1.330493E0
1.959165E1	2.129271E1	1.289801E0
1.962496E1	2.131969E1	1.317819E0
1.965828E1	2.134244E1	1.333340E0
1.969160E1	2.135097E1	1.324969E0
1.972492E1	2.134000E1	1.322038E0
1.975824E1	2.137621E1	1.284399E0
1.979156E1	2.142942E1	1.193352E0
1.982488E1	2.144989E1	1.127592E0
1.985820E1	2.143472E1	1.012253E0
1.989152E1	2.145997E1	1.026965E0
1.992484E1	2.145302E1	1.048961E0
1.995816E1	2.142890E1	1.056108E0
1.999147E1	2.141217E1	1.018202E0
2.002479E1	2.135314E1	1.001165E0
2.005811E1	2.127534E1	9.706550E-1
2.009143E1	2.125995E1	9.951267E-1
2.012475E1	2.124428E1	1.046052E0
2.015807E1	2.130340E1	1.059794E0
2.019139E1	2.141173E1	1.038807E0
2.022471E1	2.153852E1	1.017234E0
2.025803E1	2.163955E1	9.973028E-1
2.029135E1	2.168423E1	9.988850E-1
2.032467E1	2.175461E1	1.000017E0
2.035798E1	2.184264E1	9.820430E-1
2.039130E1	2.192340E1	9.865973E-1
2.042462E1	2.200740E1	9.475756E-1
2.045794E1	2.206032E1	8.820891E-1
2.049126E1	2.209405E1	8.542062E-1
2.052458E1	2.217908E1	8.366136E-1
2.055790E1	2.231185E1	8.340625E-1
2.059122E1	2.244069E1	8.065531E-1
2.062454E1	2.247917E1	8.106173E-1
2.065786E1	2.246783E1	8.234040E-1
2.069118E1	2.248085E1	8.214034E-1
2.072450E1	2.247580E1	8.255247E-1
2.075781E1	2.247698E1	8.273586E-1
2.079113E1	2.248362E1	8.468968E-1
2.082445E1	2.251831E1	9.358159E-1
2.085777E1	2.243812E1	1.031594E0
2.089109E1	2.247812E1	1.313632E0
2.092441E1	2.259127E1	1.416170E0
2.095773E1	2.267848E1	1.410374E0
2.099105E1	2.265476E1	1.301858E0
2.102437E1	2.263506E1	1.313707E0
2.105769E1	2.265725E1	1.303121E0
2.109101E1	2.270736E1	1.304223E0
2.112432E1	2.279788E1	1.303608E0
2.115764E1	2.289598E1	1.301632E0
2.119096E1	2.292626E1	1.261602E0
2.122428E1	2.292772E1	1.248279E0
2.125760E1	2.292664E1	1.247934E0
2.129092E1	2.292699E1	1.247149E0
2.132424E1	2.294729E1	1.253102E0
2.135756E1	2.307598E1	1.197583E0
2.139088E1	2.317115E1	1.234987E0
2.142420E1	2.328058E1	1.257347E0
2.145752E1	2.331863E1	1.225882E0
2.149084E1	2.333496E1	1.244811E0
2.152415E1	2.340459E1	1.244285E0
2.155747E1	2.347453E1	1.241159E0
2.159079E1	2.349986E1	1.244809E0
2.162411E1	2.350402E1	1.245296E0
2.165743E1	2.351377E1	1.244827E0
2.169075E1	2.351353E1	1.244992E0
2.172407E1	2.349625E1	1.255028E0
2.175739E1	2.346360E1	1.242119E0
2.179071E1	2.347491E1	1.199789E0
2.182403E1	2.344210E1	1.211495E0
2.185735E1	2.344481E1	1.148065E0
2.189066E1	2.345431E1	1.100073E0
2.192398E1	2.344057E1	1.193183E0
2.195730E1	2.346594E1	1.189622E0
2.199062E1	2.343923E1	1.182520E0
2.202394E1	2.339584E1	1.169894E0
2.205726E1	2.341445E1	1.173107E0
2.209058E1	2.341040E1	1.181948E0
2.212390E1	2.340801E1	1.184719E0
2.215722E1	2.344703E1	1.199071E0
2.219054E1	2.366578E1	1.225911E0
2.222386E1	2.395960E1	1.224109E0
2.225717E1	2.410843E1	1.235638E0
2.229049E1	2.410522E1	1.240805E0
2.232381E1	2.412902E1	1.236664E0
2.235713E1	2.420371E1	1.232869E0
2.239045E1	2.426238E1	1.191909E0
2.242377E1	2.436291E1	1.179267E0
2.245709E1	2.448158E1	1.163475E0
2.249041E1	2.460271E1	1.131955E0
2.252373E1	2.471853E1	1.093647E0
2.255705E1	2.485283E1	1.092038E0
2.259037E1	2.497135E1	1.059902E0
2.262369E1	2.502601E1	1.054493E0
2.265700E1	2.502801E1	1.058931E0
2.269032E1	2.502954E1	1.062098E0
2.272364E1	2.502910E1	1.063956E0
2.275696E1	2.502942E1	1.066694E0
2.279028E1	2.504626E1	1.063762E0
2.282360E1	2.503987E1	1.088280E0
2.285692E1	2.507822E1	1.276206E0
2.289024E1	2.504011E1	1.350280E0
2.292356E1	2.504660E1	1.270427E0
2.295688E1	2.500329E1	1.221583E0
2.299020E1	2.495587E1	1.304006E0
2.302351E1	2.496603E1	1.279703E0
2.305683E1	2.502120E1	1.235059E0
2.309015E1	2.504940E1	1.221965E0
2.312347E1	2.509132E1	1.231388E0
2.315679E1	2.520004E1	1.227429E0
2.319011E1	2.534351E1	1.237334E0
2.322343E1	2.545718E1	1.238738E0
2.325675E1	2.548120E1	1.227945E0
2.329007E1	2.552920E1	1.228603E0
2.332339E1	2.562474E1	1.231739E0
2.335671E1	2.573455E1	1.227388E0
2.339003E1	2.584055E1	1.229259E0
2.342334E1	2.589105E1	1.244497E0
2.345666E1	2.590455E1	1.245182E0
2.348998E1	2.592410E1	1.221722E0
2.352330E1	2.591369E1	1.236492E0
2.355662E1	2.594374E1	1.251087E0
2.358994E1	2.595062E1	1.257986E0
2.362326E1	2.595324E1	1.264132E0
2.365658E1	2.595604E1	1.266973E0
2.368990E1	2.595736E1	1.269386E0
2.372322E1	2.595750E1	1.271943E0
2.375654E1	2.594310E1	1.278947E0
2.378985E1	2.594124E1	1.264174E0
2.382317E1	2.589713E1	1.261191E0
2.385649E1	2.595743E1	1.209044E0
2.388981E1	2.598681E1	1.233351E0
2.392313E1	2.596522E1	1.268374E0
2.395645E1	2.596269E1	1.286042E0
2.398977E1	2.593799E1	1.276868E0
2.402309E1	2.589498E1	1.225881E0
2.405641E1	2.591275E1	1.218694E0
2.408973E1	2.597002E1	1.219926E0
2.412305E1	2.605050E1	1.238354E0
2.415637E1	2.616456E1	1.254920E0
2.418968E1	2.623247E1	1.264950E0
2.422300E1	2.627165E1	1.283921E0
2.425632E1	2.629531E1	1.278899E0
2.428964E1	2.629054E1	1.278897E0
2.432296E1	2.633783E1	1.310004E0
2.435628E1	2.645415E1	1.268361E0
2.438960E1	2.656915E1	1.197207E0
2.442292E1	2.666599E1	1.189661E0
2.445624E1	2.675525E1	1.212542E0
2.448956E1	2.681009E1	1.214647E0
2.452288E1	2.688038E1	1.174757E0
2.455619E1	2.699113E1	1.161148E0
2.458951E1	2.709735E1	1.152032E0
2.462283E1	2.715928E1	1.119531E0
2.465615E1	2.719472E1	1.144107E0
2.468947E1	2.716496E1	1.112348E0
2.472279E1	2.715999E1	1.108341E0
2.475611E1	2.715186E1	1.116948E0
2.478943E1	2.717338E1	1.104465E0
2.482275E1	2.719646E1	1.174488E0
2.485607E1	2.721492E1	1.342440E0
2.488939E1	2.722102E1	1.424317E0
2.492270E1	2.726168E1	1.325015E0
2.495602E1	2.721660E1	1.229175E0
2.498934E1	2.719028E1	1.318301E0
2.502266E1	2.717412E1	1.311045E0
2.505598E1	2.721210E1	1.269651E0
2.508930E1	2.727443E1	1.251552E0
2.512262E1	2.737297E1	1.271777E0
2.515594E1	2.748117E1	1.286917E0
2.518926E1	2.754808E1	1.270654E0
2.522258E1	2.758920E1	1.274144E0
2.525590E1	2.760930E1	1.263971E0
2.528922E1	2.762609E1	1.273029E0
2.532253E1	2.770544E1	1.269756E0
2.535585E1	2.779222E1	1.330036E0
2.538917E1	2.781839E1	1.345287E0
2.542249E1	2.786226E1	1.326594E0
2.545581E1	2.787492E1	1.325719E0
2.548913E1	2.793095E1	1.329808E0
2.552245E1	2.802361E1	1.329791E0
2.555577E1	2.807876E1	1.332125E0
2.558909E1	2.811593E1	1.328034E0
2.562241E1	2.812079E1	1.326450E0
2.565573E1	2.813501E1	1.320020E0
2.568904E1	2.813460E1	1.318375E0
2.572236E1	2.812469E1	1.321975E0
2.575568E1	2.808928E1	1.311398E0
2.578900E1	2.811450E1	1.301143E0
2.582232E1	2.808078E1	1.279431E0
2.585564E1	2.813950E1	1.196226E0
2.588896E1	2.824362E1	1.103998E0
2.592228E1	2.826159E1	1.125143E0
2.595560E1	2.825965E1	1.144521E0
2.598892E1	2.830594E1	1.141510E0
2.602224E1	2.833929E1	1.144981E0
2.605556E1	2.831137E1	1.121127E0
2.608887E1	2.828922E1	1.162702E0
2.612219E1	2.831235E1	1.174827E0
2.615551E1	2.829721E1	1.171273E0
2.618883E1	2.831274E1	1.161668E0
2.622215E1	2.845998E1	1.190445E0
2.625547E1	2.856970E1	1.221565E0
2.628879E1	2.862065E1	1.234269E0
2.632211E1	2.861783E1	1.233137E0
2.635543E1	2.866831E1	1.207494E0
2.638875E1	2.880862E1	1.178432E0
2.642207E1	2.894870E1	1.185521E0
2.645538E1	2.902037E1	1.169011E0
2.648870E1	2.906795E1	1.145211E0
2.652202E1	2.918485E1	1.126890E0
2.655534E1	2.932436E1	1.120736E0
2.658866E1	2.943770E1	1.087008E0
2.662198E1	2.952452E1	1.091342E0
2.665530E1	2.953817E1	1.085041E0
2.668862E1	2.953811E1	1.085192E0
2.672194E1	2.954197E1	1.082526E0
2.675526E1	2.954240E1	1.082097E0
2.678858E1	2.954455E1	1.080892E0
2.682189E1	2.952433E1	1.089396E0
2.685521E1	2.945259E1	1.040119E0
2.688853E1	2.927601E1	1.074343E0
2.692185E1	2.890769E1	1.187351E0
2.695517E1	2.864278E1	1.339873E0
2.698849E1	2.851218E1	1.396977E0
2.702181E1	2.860934E1	1.352087E0
2.705513E1	2.875296E1	1.309622E0
2.708845E1	2.888521E1	1.323186E0
2.712177E1	2.896157E1	1.301705E0
2.715509E1	2.898949E1	1.310868E0
2.718841E1	2.901070E1	1.295673E0
2.722172E1	2.904868E1	1.298198E0
2.725504E1	2.909908E1	1.295061E0
2.728836E1	2.922062E1	1.301154E0
2.732168E1	2.937149E1	1.315959E0
2.735500E1	2.954025E1	1.301739E0
2.738832E1	2.967914E1	1.283703E0
2.742164E1	2.976962E1	1.282028E0
2.745496E1	2.986195E1	1.299341E0
2.748828E1	2.997510E1	1.305578E0
2.752160E1	3.007939E1	1.300926E0
2.755492E1	3.017615E1	1.294060E0
2.758823E1	3.026379E1	1.272481E0
2.762155E1	3.029763E1	1.290299E0
2.765487E1	3.028871E1	1.296581E0
2.768819E1	3.029420E1	1.295915E0
2.772151E1	3.029639E1	1.295371E0
2.775483E1	3.029877E1	1.284994E0
2.778815E1	3.023324E1	1.289496E0
2.782147E1	3.023548E1	1.243546E0
2.785479E1	3.025047E1	1.137034E0
2.788811E1	3.030373E1	1.084789E0
2.792143E1	3.031056E1	1.169074E0
2.795475E1	3.035868E1	1.180010E0
2.798806E1	3.031423E1	1.121341E0
2.802138E1	3.029228E1	1.130913E0
2.805470E1	3.031733E1	1.122118E0
2.808802E1	3.029239E1	1.132020E0
2.812134E1	3.032935E1	1.124891E0
2.815466E1	3.049094E1	1.159394E0
2.818798E1	3.072463E1	1.217323E0
2.822130E1	3.079344E1	1.226615E0
2.825462E1	3.078267E1	1.235548E0
2.828794E1	3.079285E1	1.225960E0
2.832126E1	3.085684E1	1.207289E0
2.835457E1	3.096600E1	1.186597E0
2.838789E1	3.108347E1	1.171251E0
2.842121E1	3.118867E1	1.159770E0
2.845453E1	3.130553E1	1.116821E0
2.848785E1	3.143733E1	1.122867E0
2.852117E1	3.155419E1	1.088599E0
2.855449E1	3.162255E1	1.059548E0
2.858781E1	3.166313E1	1.068343E0
2.862113E1	3.168277E1	1.052961E0
2.865445E1	3.169934E1	1.076252E0
2.868777E1	3.170488E1	1.070441E0
2.872109E1	3.170789E1	1.068211E0
2.875440E1	3.171061E1	1.065756E0
2.878772E1	3.170528E1	1.069055E0
2.882104E1	3.167713E1	1.052914E0
2.885436E1	3.165841E1	1.062144E0
2.888768E1	3.144041E1	1.108475E0
2.892100E1	3.118279E1	1.243959E0
2.895432E1	3.099975E1	1.398339E0
2.898764E1	3.087351E1	1.326089E0
2.902096E1	3.088935E1	1.278938E0
2.905428E1	3.097164E1	1.280066E0
2.908760E1	3.107709E1	1.246592E0
2.912091E1	3.122250E1	1.252423E0
2.915423E1	3.132871E1	1.281006E0
2.918755E1	3.139437E1	1.249703E0
2.922087E1	3.145305E1	1.228711E0
2.925419E1	3.150590E1	1.237753E0
2.928751E1	3.155446E1	1.233704E0
2.932083E1	3.161231E1	1.228237E0
2.935415E1	3.172287E1	1.223992E0
2.938747E1	3.180881E1	1.280170E0
2.942079E1	3.194182E1	1.262345E0
2.945411E1	3.202817E1	1.274377E0
2.948742E1	3.206407E1	1.265804E0
2.952074E1	3.205616E1	1.268774E0
2.955406E1	3.207569E1	1.271329E0
2.958738E1	3.211398E1	1.225184E0
2.962070E1	3.213896E1	1.275915E0
2.965402E1	3.216765E1	1.243345E0
2.968734E1	3.217485E1	1.219432E0
2.972066E1	3.215775E1	1.227705E0
2.975398E1	3.215984E1	1.212155E0
2.978730E1	3.210060E1	1.177277E0
2.982062E1	3.202853E1	1.186133E0
2.985394E1	3.206741E1	1.067438E0
2.988725E1	3.211275E1	1.084996E0
2.992057E1	3.214612E1	1.181625E0
2.995389E1	3.217204E1	1.162356E0
2.998721E1	3.209411E1	1.121067E0
3.002053E1	3.205970E1	1.097449E0
3.005385E1	3.209717E1	1.110532E0
3.008717E1	3.215299E1	1.128456E0
3.012049E1	3.220881E1	1.124794E0
3.015381E1	3.220121E1	1.127128E0
3.018713E1	3.220484E1	1.131853E0
3.022045E1	3.231392E1	1.140590E0
3.025376E1	3.256060E1	1.150547E0
3.028708E1	3.274019E1	1.168443E0
3.032040E1	3.275224E1	1.161643E0
3.035372E1	3.272805E1	1.183127E0
3.038704E1	3.275585E1	1.150465E0
3.042036E1	3.275841E1	1.099364E0
3.045368E1	3.275679E1	1.091411E0
3.048700E1	3.279209E1	1.105292E0
3.052032E1	3.282581E1	1.083722E0
3.055364E1	3.289271E1	1.104338E0
3.058696E1	3.297038E1	1.069123E0
3.062028E1	3.302734E1	1.050608E0
3.065359E1	3.303418E1	1.046581E0
3.068691E1	3.302681E1	1.050808E0
3.072023E1	3.302124E1	1.051934E0
3.075355E1	3.300439E1	1.062107E0
3.078687E1	3.304504E1	1.045024E0
3.082019E1	3.307628E1	1.069325E0
3.085351E1	3.312310E1	1.201352E0
3.088683E1	3.308138E1	1.322366E0
3.092015E1	3.307923E1	1.258876E0
3.095347E1	3.304104E1	1.160697E0
3.098679E1	3.299504E1	1.197220E0
3.102010E1	3.297832E1	1.213060E0
3.105342E1	3.298156E1	1.203493E0
3.108674E1	3.297797E1	1.206536E0
3.112006E1	3.297988E1	1.205143E0
3.115338E1	3.305869E1	1.209039E0
3.118670E1	3.329441E1	1.194211E0
3.122002E1	3.350201E1	1.213162E0
3.125334E1	3.353138E1	1.202270E0
3.128666E1	3.352667E1	1.191777E0
3.131998E1	3.359655E1	1.207113E0
3.135330E1	3.371909E1	1.202470E0
3.138661E1	3.384944E1	1.193480E0
3.141993E1	3.396813E1	1.191332E0
3.145325E1	3.405879E1	1.201344E0
3.148657E1	3.413041E1	1.194230E0
3.151989E1	3.416472E1	1.205192E0
3.155321E1	3.416430E1	1.205214E0
3.158653E1	3.412987E1	1.192986E0
3.161985E1	3.413497E1	1.197567E0
3.165317E1	3.414394E1	1.217310E0
3.168649E1	3.415041E1	1.212922E0
3.171981E1	3.414106E1	1.213718E0
3.175313E1	3.414222E1	1.209371E0
3.178644E1	3.419632E1	1.160512E0
3.181976E1	3.417686E1	1.158354E0
3.185308E1	3.418134E1	1.152623E0
3.188640E1	3.414686E1	1.191788E0
3.191972E1	3.405864E1	1.182699E0
3.195304E1	3.401681E1	1.171686E0
3.198636E1	3.400464E1	1.156073E0
3.201968E1	3.393780E1	1.104545E0
3.205300E1	3.393409E1	1.037174E0
3.208632E1	3.400107E1	1.042859E0
3.211964E1	3.409443E1	1.106221E0
3.215295E1	3.420595E1	1.154011E0
3.218627E1	3.431558E1	1.187960E0
3.221959E1	3.438013E1	1.208181E0
3.225291E1	3.443623E1	1.230306E0
3.228623E1	3.450046E1	1.248741E0
3.231955E1	3.459392E1	1.279526E0
3.235287E1	3.465732E1	1.286422E0
3.238619E1	3.471348E1	1.288915E0
3.241951E1	3.477168E1	1.290402E0
3.245283E1	3.476704E1	1.266973E0
3.248615E1	3.472397E1	1.227921E0
3.251947E1	3.464923E1	1.220529E0
3.255278E1	3.462167E1	1.191370E0
3.258610E1	3.465082E1	1.205460E0
3.261942E1	3.463793E1	1.213136E0
3.265274E1	3.464137E1	1.208764E0
3.268606E1	3.465136E1	1.200398E0
3.271938E1	3.463742E1	1.209038E0
3.275270E1	3.464244E1	1.212080E0
3.278602E1	3.466085E1	1.213688E0
3.281934E1	3.463286E1	1.203156E0
3.285266E1	3.459951E1	1.184555E0
3.288598E1	3.462068E1	1.168235E0
3.291929E1	3.449942E1	1.254684E0
3.295261E1	3.410844E1	1.421088E0
3.298593E1	3.362704E1	1.554200E0
3.301925E1	3.353962E1	1.622335E0
3.305257E1	3.371724E1	1.607667E0
3.308589E1	3.399030E1	1.450636E0
3.311921E1	3.417839E1	1.353447E0
3.315253E1	3.425698E1	1.386451E0
3.318585E1	3.431869E1	1.368516E0
3.321917E1	3.437922E1	1.302893E0
3.325249E1	3.440431E1	1.285969E0
3.328581E1	3.440056E1	1.292574E0
3.331912E1	3.439747E1	1.293349E0
3.335244E1	3.442501E1	1.299882E0
3.338576E1	3.458177E1	1.200380E0
3.341908E1	3.476256E1	1.135982E0
3.345240E1	3.488411E1	1.131227E0
3.348572E1	3.488023E1	1.092380E0
3.351904E1	3.492207E1	1.120964E0
3.355236E1	3.498639E1	1.133250E0
3.358568E1	3.499136E1	1.126828E0
3.361900E1	3.496085E1	1.148431E0
3.365232E1	3.498551E1	1.136572E0
3.368563E1	3.498382E1	1.136481E0
3.371895E1	3.497086E1	1.144019E0
3.375227E1	3.498253E1	1.125672E0
3.378559E1	3.496809E1	1.094917E0
3.381891E1	3.493288E1	1.087588E0
3.385223E1	3.488296E1	1.021757E0
3.388555E1	3.481632E1	1.000858E0
3.391887E1	3.476608E1	1.042824E0
3.395219E1	3.476547E1	1.087400E0
3.398551E1	3.471377E1	1.075708E0
3.401883E1	3.466546E1	1.045109E0
3.405214E1	3.466488E1	1.040453E0
3.408546E1	3.466285E1	1.038495E0
3.411878E1	3.466094E1	1.037884E0
3.415210E1	3.471079E1	1.052351E0
3.418542E1	3.490367E1	1.084427E0
3.421874E1	3.513758E1	1.050221E0
3.425206E1	3.519703E1	1.051904E0
3.428538E1	3.520533E1	1.049789E0
3.431870E1	3.525266E1	1.048434E0
3.435202E1	3.528947E1	1.035044E0
3.438534E1	3.534650E1	1.001935E0
3.441866E1	3.537555E1	9.571979E-1
3.445197E1	3.536776E1	9.399916E-1
3.448529E1	3.536744E1	9.143172E-1
3.451861E1	3.539082E1	9.336229E-1
3.455193E1	3.541696E1	9.142593E-1
3.458525E1	3.545507E1	9.226392E-1
3.461857E1	3.548474E1	9.017945E-1
3.465189E1	3.549373E1	9.325345E-1
3.468521E1	3.550091E1	9.293888E-1
3.471853E1	3.550645E1	9.261789E-1
3.475185E1	3.550976E1	9.244778E-1
3.478517E1	3.550885E1	9.250061E-1
3.481848E1	3.548213E1	8.984748E-1
3.485180E1	3.546308E1	9.001604E-1
3.488512E1	3.534196E1	9.739231E-1
3.491844E1	3.518916E1	1.182018E0
3.495176E1	3.510048E1	1.327523E0
3.498508E1	3.497684E1	1.295501E0
3.501840E1	3.495751E1	1.201590E0
3.505172E1	3.502625E1	1.203272E0
3.508504E1	3.510406E1	1.148421E0
3.511836E1	3.523896E1	1.177460E0
3.515168E1	3.535824E1	1.184567E0
3.518500E1	3.544636E1	1.196198E0
3.521831E1	3.548279E1	1.142856E0
3.525163E1	3.556461E1	1.165105E0
3.528495E1	3.567565E1	1.170865E0
3.531827E1	3.575677E1	1.131478E0
3.535159E1	3.584617E1	1.132712E0
3.538491E1	3.595435E1	1.137695E0
3.541823E1	3.607316E1	1.127633E0
3.545155E1	3.618401E1	1.118731E0
3.548487E1	3.629344E1	1.108936E0
3.551819E1	3.640747E1	1.109261E0
3.555151E1	3.650329E1	1.113618E0
3.558482E1	3.657586E1	1.106546E0
3.561814E1	3.660136E1	1.122577E0
3.565146E1	3.661816E1	1.109124E0
3.568478E1	3.661646E1	1.111470E0
3.571810E1	3.661579E1	1.112357E0
3.575142E1	3.661516E1	1.113678E0
3.578474E1	3.659881E1	1.123012E0
3.581806E1	3.654683E1	1.124558E0
3.585138E1	3.636259E1	1.126546E0
3.588470E1	3.610358E1	1.093072E0
3.591802E1	3.587021E1	1.017564E0
3.595134E1	3.573551E1	1.024768E0
3.598465E1	3.562175E1	1.017809E0
3.601797E1	3.562338E1	1.019580E0
3.605129E1	3.562164E1	1.025355E0
3.608461E1	3.566685E1	1.047395E0
3.611793E1	3.577875E1	1.080087E0
3.615125E1	3.594268E1	1.080187E0
3.618457E1	3.608109E1	1.053665E0
3.621789E1	3.608271E1	1.023382E0
3.625121E1	3.607763E1	1.016961E0
3.628453E1	3.616277E1	1.036914E0
3.631785E1	3.628983E1	1.060875E0
3.635116E1	3.635327E1	1.067582E0
3.638448E1	3.636087E1	1.062432E0
3.641780E1	3.635619E1	1.063024E0
3.645112E1	3.639716E1	1.071182E0
3.648444E1	3.640699E1	1.012210E0
3.651776E1	3.648471E1	9.649723E-1
3.655108E1	3.660630E1	9.239892E-1
3.658440E1	3.666818E1	9.151349E-1
3.661772E1	3.671714E1	9.115608E-1
3.665104E1	3.671474E1	9.117756E-1
3.668436E1	3.671237E1	9.122116E-1
3.671767E1	3.670942E1	9.126575E-1
3.675099E1	3.669577E1	9.230809E-1
3.678431E1	3.673351E1	9.051097E-1
3.681763E1	3.676544E1	9.539041E-1
3.685095E1	3.682338E1	1.106802E0
3.688427E1	3.682193E1	1.241640E0
3.691759E1	3.683142E1	1.165453E0
3.695091E1	3.679158E1	1.104569E0
3.698423E1	3.676184E1	1.168602E0
3.701755E1	3.672201E1	1.166748E0
3.705087E1	3.675656E1	1.172873E0
3.708419E1	3.679155E1	1.110963E0
3.711750E1	3.684170E1	1.112441E0
3.715082E1	3.685664E1	1.133932E0
3.718414E1	3.684942E1	1.106606E0
3.721746E1	3.686235E1	1.123410E0
3.725078E1	3.693063E1	1.112167E0
3.728410E1	3.721478E1	1.102307E0
3.731742E1	3.755135E1	1.122706E0
3.735074E1	3.772982E1	1.162790E0
3.738406E1	3.769528E1	1.130754E0
3.741738E1	3.772967E1	1.160897E0
3.745070E1	3.781090E1	1.150728E0
3.748401E1	3.791532E1	1.145140E0
3.751733E1	3.802319E1	1.138807E0
3.755065E1	3.806647E1	1.161265E0
3.758397E1	3.808179E1	1.157022E0
3.761729E1	3.805296E1	1.168900E0
3.765061E1	3.807039E1	1.162653E0
3.768393E1	3.807200E1	1.162004E0
3.771725E1	3.806728E1	1.163922E0
3.775057E1	3.805247E1	1.170148E0
3.778389E1	3.804214E1	1.115692E0
3.781721E1	3.801235E1	1.112836E0
3.785053E1	3.804611E1	9.912059E-1
3.788384E1	3.812177E1	9.224583E-1
3.791716E1	3.817025E1	9.483627E-1
3.795048E1	3.813864E1	9.740136E-1
3.798380E1	3.811848E1	9.571474E-1
3.801712E1	3.807282E1	9.369081E-1
3.805044E1	3.801709E1	9.530564E-1
3.808376E1	3.803413E1	9.351826E-1
3.811708E1	3.809840E1	9.282217E-1
3.815040E1	3.823003E1	9.630271E-1
3.818372E1	3.829344E1	9.664552E-1
3.821704E1	3.833665E1	9.806211E-1
3.825035E1	3.840731E1	9.661371E-1
3.828367E1	3.850302E1	9.939703E-1
3.831699E1	3.857607E1	9.747904E-1
3.835031E1	3.861395E1	9.842190E-1
3.838363E1	3.858104E1	9.318532E-1
3.841695E1	3.856952E1	9.048718E-1
3.845027E1	3.856329E1	9.036388E-1
3.848359E1	3.857211E1	8.701792E-1
3.851691E1	3.857705E1	8.512836E-1
3.855023E1	3.863055E1	8.350146E-1
3.858355E1	3.868692E1	8.252002E-1
3.861686E1	3.872070E1	8.395001E-1
3.865018E1	3.872166E1	8.375991E-1
3.868350E1	3.872380E1	8.349807E-1
3.871682E1	3.872538E1	8.332453E-1
3.875014E1	3.870604E1	8.465321E-1
3.878346E1	3.871515E1	8.474870E-1
3.881678E1	3.873005E1	8.527966E-1
3.885010E1	3.877792E1	9.785822E-1
3.888342E1	3.879982E1	1.141931E0
3.891674E1	3.883587E1	1.142854E0
3.895006E1	3.879012E1	1.059230E0
3.898338E1	3.878057E1	1.088549E0
3.901669E1	3.878658E1	1.131136E0
3.905001E1	3.879925E1	1.090106E0
3.908333E1	3.882221E1	1.068277E0
3.911665E1	3.889463E1	1.046136E0
3.914997E1	3.901600E1	1.039220E0
3.918329E1	3.909348E1	1.052386E0
3.921661E1	3.911371E1	1.032884E0
3.924993E1	3.916825E1	1.031076E0
3.928325E1	3.922756E1	1.023856E0
3.931657E1	3.931829E1	1.037463E0
3.934989E1	3.943890E1	1.028992E0
3.938320E1	3.951831E1	1.042038E0
3.941652E1	3.949625E1	1.026826E0
3.944984E1	3.954461E1	1.028651E0
3.948316E1	3.956720E1	1.090691E0
3.951648E1	3.970272E1	1.086330E0
3.954980E1	3.977159E1	1.084265E0
3.958312E1	3.982042E1	1.051984E0
3.961644E1	3.986480E1	1.063891E0
3.964976E1	3.988487E1	1.073852E0
3.968308E1	3.988155E1	1.075203E0
3.971640E1	3.987211E1	1.081622E0
3.974972E1	3.985877E1	1.082819E0
3.978303E1	3.986435E1	1.039648E0
3.981635E1	3.983471E1	1.023614E0
3.984967E1	3.979765E1	9.808459E-1
3.988299E1	3.980796E1	8.888890E-1
3.991631E1	3.986455E1	9.369846E-1
3.994963E1	3.994185E1	9.814162E-1
3.998295E1	3.993160E1	9.672071E-1
4.001627E1	3.983339E1	9.284235E-1
4.004959E1	3.982639E1	9.228599E-1
4.008291E1	3.987670E1	9.289945E-1
4.011623E1	3.991782E1	9.463530E-1
4.014954E1	3.990864E1	9.517356E-1
4.018286E1	3.997299E1	9.465152E-1
4.021618E1	4.019695E1	9.651615E-1
4.024950E1	4.038944E1	9.853814E-1
4.028282E1	4.042347E1	9.446583E-1
4.031614E1	4.044472E1	9.872875E-1
4.034946E1	4.046002E1	9.413043E-1
4.038278E1	4.047945E1	8.729909E-1
4.041610E1	4.047966E1	8.560648E-1
4.044942E1	4.044329E1	8.874694E-1
4.048274E1	4.042228E1	8.556778E-1
4.051606E1	4.042015E1	8.323488E-1
4.054937E1	4.047034E1	8.244109E-1
4.058269E1	4.054780E1	8.312833E-1
4.061601E1	4.062063E1	8.094499E-1
4.064933E1	4.064737E1	7.870536E-1
4.068265E1	4.063882E1	7.962761E-1
4.071597E1	4.063110E1	8.037749E-1
4.074929E1	4.061166E1	8.179704E-1
4.078261E1	4.067678E1	8.185257E-1
4.081593E1	4.068033E1	8.152644E-1
4.084925E1	4.067930E1	8.109906E-1
4.088257E1	4.067937E1	8.518639E-1
4.091588E1	4.063127E1	8.913919E-1
4.094920E1	4.058850E1	9.208698E-1
4.098252E1	4.052902E1	9.640609E-1
4.101584E1	4.051204E1	9.884336E-1
4.104916E1	4.053448E1	9.935966E-1
4.108248E1	4.057670E1	9.889106E-1
4.111580E1	4.065328E1	9.504172E-1
4.114912E1	4.078295E1	9.204918E-1
4.118244E1	4.089422E1	8.700951E-1
4.121576E1	4.095124E1	8.502300E-1
4.124908E1	4.099545E1	8.598601E-1
4.128239E1	4.107136E1	8.351829E-1
4.131571E1	4.117080E1	8.447489E-1
4.134903E1	4.126618E1	8.512929E-1
4.138235E1	4.132849E1	8.370625E-1
4.141567E1	4.139998E1	8.159101E-1
4.144899E1	4.152792E1	8.704348E-1
4.148231E1	4.164142E1	8.753663E-1
4.151563E1	4.168513E1	8.385101E-1
4.154895E1	4.166326E1	8.478331E-1
4.158227E1	4.166900E1	8.503154E-1
4.161559E1	4.166713E1	8.512518E-1
4.164891E1	4.166459E1	8.517086E-1
4.168222E1	4.166445E1	8.527121E-1
4.171554E1	4.166198E1	8.544920E-1
4.174886E1	4.164670E1	8.599356E-1
4.178218E1	4.161490E1	8.423693E-1
4.181550E1	4.149658E1	8.791334E-1
4.184882E1	4.139246E1	9.691250E-1
4.188214E1	4.133913E1	9.623766E-1
4.191546E1	4.123417E1	8.805129E-1
4.194878E1	4.100923E1	8.301053E-1
4.198210E1	4.075496E1	8.551323E-1
4.201542E1	4.073212E1	9.157926E-1
4.204873E1	4.090538E1	9.567656E-1
4.208205E1	4.109704E1	1.092066E0
4.211537E1	4.118363E1	1.095619E0
4.214869E1	4.121866E1	1.108891E0
4.218201E1	4.127188E1	1.089803E0
4.221533E1	4.128423E1	1.077554E0
4.224865E1	4.128257E1	1.077988E0
4.228197E1	4.128661E1	1.075288E0
4.231529E1	4.133976E1	1.080613E0
4.234861E1	4.150140E1	1.060392E0
4.238193E1	4.157330E1	9.500775E-1
4.241525E1	4.156541E1	9.302279E-1
4.244856E1	4.159390E1	9.861433E-1
4.248188E1	4.161299E1	9.693341E-1
4.251520E1	4.161771E1	9.211350E-1
4.254852E1	4.170487E1	9.126083E-1
4.258184E1	4.182769E1	8.842689E-1
4.261516E1	4.189073E1	8.590394E-1
4.264848E1	4.191562E1	8.769174E-1
4.268180E1	4.191844E1	8.715166E-1
4.271512E1	4.191844E1	8.691403E-1
4.274844E1	4.189841E1	8.475985E-1
4.278176E1	4.193307E1	8.605595E-1
4.281507E1	4.196926E1	9.122171E-1
4.284839E1	4.206402E1	1.046986E0
4.288171E1	4.211830E1	1.229236E0
4.291503E1	4.210652E1	1.200239E0
4.294835E1	4.209829E1	1.162773E0
4.298167E1	4.215699E1	1.207245E0
4.301499E1	4.210987E1	1.218727E0
4.304831E1	4.211594E1	1.167176E0
4.308163E1	4.216179E1	1.133889E0
4.311495E1	4.224775E1	1.168743E0
4.314827E1	4.231879E1	1.131977E0
4.318158E1	4.240401E1	1.134918E0
4.321490E1	4.248488E1	1.103081E0
4.324822E1	4.254084E1	1.101531E0
4.328154E1	4.260230E1	1.098432E0
4.331486E1	4.271870E1	1.092261E0
4.334818E1	4.286063E1	1.074802E0
4.338150E1	4.297440E1	1.062704E0
4.341482E1	4.307162E1	1.067665E0
4.344814E1	4.317931E1	1.066591E0
4.348146E1	4.327503E1	1.074922E0
4.351478E1	4.334825E1	1.063284E0
4.354810E1	4.339119E1	1.084936E0
4.358141E1	4.339192E1	1.096219E0
4.361473E1	4.335730E1	1.088846E0
4.364805E1	4.337928E1	1.115946E0
4.368137E1	4.339044E1	1.112302E0
4.371469E1	4.339246E1	1.112007E0
4.374801E1	4.337449E1	1.101157E0
4.378133E1	4.336782E1	1.090405E0
4.381465E1	4.331128E1	1.064979E0
4.384797E1	4.324908E1	1.049587E0
4.388129E1	4.318090E1	9.469655E-1
4.391461E1	4.318040E1	9.523511E-1
4.394792E1	4.319777E1	1.001608E0
4.398124E1	4.319288E1	9.705119E-1
4.401456E1	4.313383E1	9.506909E-1
4.404788E1	4.311043E1	9.612161E-1
4.408120E1	4.309749E1	9.307139E-1
4.411452E1	4.318490E1	9.540678E-1
4.414784E1	4.332382E1	9.734721E-1
4.418116E1	4.339274E1	9.611712E-1
4.421448E1	4.341631E1	9.522704E-1
4.424780E1	4.351002E1	9.788418E-1
4.428112E1	4.360865E1	1.007887E0
4.431444E1	4.370749E1	1.020243E0
4.434775E1	4.378199E1	1.005266E0
4.438107E1	4.382408E1	9.994091E-1
4.441439E1	4.382766E1	9.809331E-1
4.444771E1	4.381436E1	1.006773E0
4.448103E1	4.383640E1	9.950367E-1
4.451435E1	4.384079E1	9.929039E-1
4.454767E1	4.384197E1	9.665304E-1
4.458099E1	4.384359E1	9.440289E-1
4.461431E1	4.383200E1	9.539873E-1
4.464763E1	4.384191E1	9.406215E-1
4.468095E1	4.383990E1	9.419317E-1
4.471426E1	4.383717E1	9.444086E-1
4.474758E1	4.381901E1	9.639946E-1
4.478090E1	4.385677E1	9.321255E-1
4.481422E1	4.389814E1	9.776449E-1
4.484754E1	4.395593E1	1.094256E0
4.488086E1	4.397791E1	1.288801E0
4.491418E1	4.396114E1	1.207286E0
4.494750E1	4.394907E1	1.157606E0
4.498082E1	4.396694E1	1.192129E0
4.501414E1	4.394347E1	1.233063E0
4.504746E1	4.394012E1	1.213578E0
4.508078E1	4.399809E1	1.169587E0
4.511409E1	4.409437E1	1.168684E0
4.514741E1	4.411852E1	1.161989E0
4.518073E1	4.408300E1	1.180922E0
4.521405E1	4.411385E1	1.155467E0
4.524737E1	4.420995E1	1.159952E0
4.528069E1	4.440482E1	1.141245E0
4.531401E1	4.456118E1	1.193304E0
4.534733E1	4.462909E1	1.216931E0
4.538065E1	4.464851E1	1.163633E0
4.541397E1	4.471566E1	1.144433E0
4.544729E1	4.477643E1	1.146379E0
4.548060E1	4.479882E1	1.160995E0
4.551392E1	4.479292E1	1.155327E0
4.554724E1	4.481924E1	1.147068E0
4.558056E1	4.486957E1	1.147977E0
4.561388E1	4.488550E1	1.137082E0
4.564720E1	4.486874E1	1.150776E0
4.568052E1	4.488248E1	1.145048E0
4.571384E1	4.486823E1	1.153232E0
4.574716E1	4.483452E1	1.143569E0
4.578048E1	4.481426E1	1.121935E0
4.581380E1	4.477229E1	1.103037E0
4.584711E1	4.472550E1	1.038124E0
4.588043E1	4.470453E1	9.682185E-1
4.591375E1	4.471577E1	9.877454E-1
4.594707E1	4.482150E1	1.134348E0
4.598039E1	4.481134E1	1.195606E0
4.601371E1	4.476055E1	1.166432E0
4.604703E1	4.481078E1	1.196168E0
4.608035E1	4.476476E1	1.179115E0
4.611367E1	4.476125E1	1.156152E0
4.614699E1	4.487623E1	1.109873E0
4.618031E1	4.497669E1	1.133465E0
4.621363E1	4.498962E1	1.101953E0
4.624694E1	4.502369E1	1.109340E0
4.628026E1	4.511133E1	1.068997E0
4.631358E1	4.519722E1	1.060719E0
4.634690E1	4.528807E1	1.056623E0
4.638022E1	4.537514E1	1.018058E0
4.641354E1	4.545981E1	9.992877E-1
4.644686E1	4.558370E1	9.560816E-1
4.648018E1	4.569380E1	9.281125E-1
4.651350E1	4.579952E1	9.190932E-1
4.654682E1	4.588928E1	9.224083E-1
4.658014E1	4.595512E1	8.772483E-1
4.661345E1	4.599290E1	8.967872E-1
4.664677E1	4.600842E1	8.764921E-1
4.668009E1	4.600907E1	8.739098E-1
4.671341E1	4.600545E1	8.763321E-1
4.674673E1	4.599171E1	8.886733E-1
4.678005E1	4.603030E1	8.590473E-1
4.681337E1	4.606605E1	9.066285E-1
4.684669E1	4.613408E1	1.020766E0
4.688001E1	4.617224E1	1.196792E0
4.691333E1	4.615946E1	1.154398E0
4.694665E1	4.613282E1	1.073998E0
4.697997E1	4.612977E1	1.141628E0
4.701328E1	4.610684E1	1.188061E0
4.704660E1	4.612582E1	1.121509E0
4.707992E1	4.616241E1	1.097502E0
4.711324E1	4.622625E1	1.087531E0
4.714656E1	4.633979E1	1.086159E0
4.717988E1	4.646977E1	1.070224E0
4.721320E1	4.654119E1	1.093190E0
4.724652E1	4.655294E1	1.084331E0
4.727984E1	4.660585E1	1.077097E0
4.731316E1	4.671625E1	1.066520E0
4.734648E1	4.683127E1	1.031521E0
4.737979E1	4.695320E1	1.000604E0
4.741311E1	4.704944E1	1.006045E0
4.744643E1	4.713039E1	1.026514E0
4.747975E1	4.719449E1	1.012681E0
4.751307E1	4.724526E1	1.025749E0
4.754639E1	4.725060E1	1.021870E0
4.757971E1	4.726018E1	1.015538E0
4.761303E1	4.725981E1	1.017395E0
4.764635E1	4.726015E1	1.017853E0
4.767967E1	4.726003E1	1.018369E0
4.771299E1	4.725970E1	1.020102E0
4.774630E1	4.723961E1	1.032288E0
4.777962E1	4.724240E1	1.014966E0
4.781294E1	4.715629E1	1.009787E0
4.784626E1	4.710291E1	9.918348E-1
4.787958E1	4.710460E1	9.067693E-1
4.791290E1	4.715029E1	1.014965E0
4.794622E1	4.725694E1	1.120342E0
4.797954E1	4.721323E1	1.072692E0
4.801286E1	4.711314E1	1.010113E0
4.804618E1	4.711715E1	1.006362E0
4.807950E1	4.715837E1	1.010933E0
4.811282E1	4.722070E1	1.003171E0
4.814613E1	4.729331E1	1.032499E0
4.817945E1	4.735287E1	1.026405E0
4.821277E1	4.740083E1	1.031739E0
4.824609E1	4.743101E1	1.018105E0
4.827941E1	4.743122E1	1.018901E0
4.831273E1	4.742821E1	1.019718E0
4.834605E1	4.742684E1	1.019759E0
4.837937E1	4.743304E1	1.019268E0
4.841269E1	4.749073E1	1.047675E0
4.844601E1	4.753104E1	1.063811E0
4.847933E1	4.763638E1	1.009305E0
4.851264E1	4.768937E1	9.994736E-1
4.854596E1	4.770537E1	9.932121E-1
4.857928E1	4.776592E1	9.520026E-1
4.861260E1	4.783864E1	9.686453E-1
4.864592E1	4.786864E1	9.469551E-1
4.867924E1	4.785898E1	9.618964E-1
4.871256E1	4.785895E1	9.582757E-1
4.874588E1	4.783615E1	9.746767E-1
4.877920E1	4.788090E1	9.445063E-1
4.881252E1	4.791674E1	9.895087E-1
4.884584E1	4.797634E1	1.099629E0
4.887916E1	4.802532E1	1.268414E0
4.891247E1	4.806599E1	1.254135E0
4.894579E1	4.806323E1	1.194398E0
4.897911E1	4.807504E1	1.205091E0
4.901243E1	4.808572E1	1.215134E0
4.904575E1	4.807479E1	1.218538E0
4.907907E1	4.807749E1	1.221726E0
4.911239E1	4.809089E1	1.214336E0
4.914571E1	4.811731E1	1.236655E0
4.917903E1	4.828872E1	1.228199E0
4.921235E1	4.845921E1	1.218144E0
4.924567E1	4.850778E1	1.193555E0
4.927898E1	4.851925E1	1.166631E0
4.931230E1	4.857344E1	1.141336E0
4.934562E1	4.870865E1	1.142275E0
4.937894E1	4.885190E1	1.094605E0
4.941226E1	4.898597E1	1.109851E0
4.944558E1	4.910134E1	1.094967E0
4.947890E1	4.915814E1	1.075761E0
4.951222E1	4.923627E1	1.044139E0
4.954554E1	4.931336E1	1.059024E0
4.957886E1	4.933937E1	1.053195E0
4.961218E1	4.932103E1	1.065224E0
4.964550E1	4.932104E1	1.061681E0
4.967881E1	4.932244E1	1.059060E0
4.971213E1	4.932044E1	1.059564E0
4.974545E1	4.930274E1	1.065022E0
4.977877E1	4.928236E1	1.023786E0
4.981209E1	4.924552E1	1.015781E0
4.984541E1	4.921944E1	9.495895E-1
4.987873E1	4.921943E1	8.595350E-1
4.991205E1	4.932440E1	9.535527E-1
4.994537E1	4.943707E1	9.905659E-1
4.997869E1	4.943459E1	9.492225E-1
5.001201E1	4.932677E1	9.320743E-1
5.004532E1	4.933504E1	9.271796E-1
5.007864E1	4.938018E1	9.478836E-1
5.011196E1	4.945279E1	9.414239E-1
5.014528E1	4.950331E1	9.375895E-1
5.017860E1	4.957434E1	9.532830E-1
5.021192E1	4.963089E1	9.522710E-1
5.024524E1	4.966303E1	9.263120E-1
5.027856E1	4.966466E1	8.951447E-1
5.031188E1	4.971445E1	8.871813E-1
5.034520E1	4.976594E1	8.815279E-1
5.037852E1	4.978373E1	8.690800E-1
5.041183E1	4.977255E1	8.778323E-1
5.044515E1	4.976840E1	8.811664E-1
5.047847E1	4.976624E1	8.829984E-1
5.051179E1	4.976492E1	8.842964E-1
5.054511E1	4.976420E1	8.853111E-1
5.057843E1	4.979606E1	9.070027E-1
5.061175E1	4.982325E1	8.477963E-1
5.064507E1	4.986548E1	7.801580E-1
5.067839E1	4.991276E1	8.140636E-1
5.071171E1	4.993707E1	8.115197E-1
5.074503E1	4.990539E1	8.410066E-1
5.077835E1	4.994140E1	8.147789E-1
5.081166E1	4.992148E1	8.598404E-1
5.084498E1	5.001490E1	1.007934E0
5.087830E1	5.009621E1	1.198233E0
5.091162E1	5.004549E1	1.155193E0
5.094494E1	4.997117E1	1.122177E0
5.097826E1	4.997738E1	1.155990E0
5.101158E1	4.993806E1	1.156129E0
5.104490E1	4.994296E1	1.102919E0
5.107822E1	4.997657E1	1.064632E0
5.111154E1	4.999483E1	1.043765E0
5.114486E1	4.999120E1	1.044330E0
5.117817E1	5.003969E1	1.042934E0
5.121149E1	5.025710E1	1.036033E0
5.124481E1	5.053200E1	9.991584E-1
5.127813E1	5.059523E1	9.832063E-1
5.131145E1	5.057750E1	9.941548E-1
5.134477E1	5.063277E1	9.968249E-1
5.137809E1	5.074263E1	9.865743E-1
5.141141E1	5.084381E1	9.569643E-1
5.144473E1	5.096382E1	9.252613E-1
5.147805E1	5.105884E1	9.270696E-1
5.151137E1	5.112401E1	8.979891E-1
5.154469E1	5.118546E1	8.816305E-1
5.157800E1	5.121362E1	9.004534E-1
5.161132E1	5.119318E1	9.047442E-1
5.164464E1	5.118603E1	9.087487E-1
5.167796E1	5.119689E1	9.066828E-1
5.171128E1	5.118112E1	9.164771E-1
5.174460E1	5.116128E1	9.276793E-1
5.177792E1	5.116572E1	9.065021E-1
5.181124E1	5.112606E1	8.807415E-1
5.184456E1	5.111828E1	8.742067E-1
5.187788E1	5.107207E1	8.506789E-1
5.191120E1	5.111498E1	9.698158E-1
5.194451E1	5.123247E1	1.031220E0
5.197783E1	5.127872E1	1.034578E0
5.201115E1	5.122596E1	1.026075E0
5.204447E1	5.113528E1	9.865789E-1
5.207779E1	5.115532E1	1.011481E0
5.211111E1	5.123020E1	9.887490E-1
5.214443E1	5.133023E1	9.818593E-1
5.217775E1	5.137975E1	9.774257E-1
5.221107E1	5.140031E1	9.670986E-1
5.224439E1	5.149819E1	9.712460E-1
5.227771E1	5.158881E1	9.855971E-1
5.231102E1	5.168010E1	9.580969E-1
5.234434E1	5.178514E1	9.592454E-1
5.237766E1	5.190041E1	9.176832E-1
5.241098E1	5.199869E1	9.139512E-1
5.244430E1	5.208736E1	9.170656E-1
5.247762E1	5.218700E1	8.835112E-1
5.251094E1	5.230219E1	8.344441E-1
5.254426E1	5.240714E1	8.191774E-1
5.257758E1	5.243690E1	7.954364E-1
5.261090E1	5.243061E1	7.993099E-1
5.264422E1	5.242541E1	8.036456E-1
5.267754E1	5.242390E1	8.046322E-1
5.271085E1	5.242342E1	8.049051E-1
5.274417E1	5.242449E1	8.041974E-1
5.277749E1	5.241411E1	8.088982E-1
5.281081E1	5.240645E1	8.350828E-1
5.284413E1	5.254205E1	9.218381E-1
5.287745E1	5.263206E1	1.094187E0
5.291077E1	5.272120E1	1.007130E0
5.294409E1	5.268017E1	9.790569E-1
5.297741E1	5.267879E1	9.812086E-1
5.301073E1	5.269522E1	9.897260E-1
5.304405E1	5.270539E1	9.634507E-1
5.307736E1	5.269990E1	9.585744E-1
5.311068E1	5.273991E1	9.991711E-1
5.314400E1	5.284732E1	1.013174E0
5.317732E1	5.297685E1	9.643644E-1
