	mass A		
t	x	y	
0.000000E0	1.717900E-1	1.166779E-1
3.331912E-2	1.882539E-1	1.211043E-1
6.663824E-2	2.347343E-1	1.196705E-1
9.995736E-2	2.552836E-1	9.460826E-2
1.332765E-1	2.662425E-1	1.008512E-1
1.665956E-1	2.713406E-1	1.050354E-1
1.999147E-1	2.367859E-1	6.358226E-2
2.332339E-1	2.293984E-1	3.100641E-2
2.665530E-1	2.411384E-1	1.541689E-3
2.998721E-1	2.659708E-1	1.851434E-3
3.331912E-1	3.046103E-1	-1.931404E-3
3.665103E-1	3.743775E-1	3.432892E-3
3.998295E-1	4.645301E-1	4.977616E-3
4.331486E-1	5.813103E-1	1.683553E-2
4.664677E-1	6.736003E-1	1.451313E-2
4.997868E-1	7.073636E-1	4.622164E-3
5.331059E-1	7.233007E-1	-4.952274E-3
5.664251E-1	7.789758E-1	4.023563E-3
5.997442E-1	9.042129E-1	2.541570E-2
6.330633E-1	1.010060E0	3.104517E-2
6.663824E-1	1.094227E0	3.441840E-2
6.997016E-1	1.148983E0	3.752417E-2
7.330207E-1	1.173789E0	4.015694E-2
7.663398E-1	1.203748E0	4.492453E-2
7.996589E-1	1.263466E0	7.882845E-2
8.329780E-1	1.275651E0	1.436339E-1
8.662972E-1	1.213954E0	1.562794E-1
8.996163E-1	1.234183E0	1.515979E-1
9.329354E-1	1.274405E0	1.551097E-1
9.662545E-1	1.338453E0	1.619375E-1
9.995736E-1	1.517623E0	1.604805E-1
1.032893E0	1.756032E0	1.807092E-1
1.066212E0	1.746561E0	1.657561E-1
1.099531E0	1.745289E0	1.522498E-1
1.132850E0	1.850087E0	1.441629E-1
1.166169E0	1.920930E0	1.327226E-1
1.199488E0	1.963023E0	1.319817E-1
1.232807E0	1.998454E0	1.418343E-1
1.266127E0	2.003883E0	1.473830E-1
1.299446E0	1.990553E0	1.523681E-1
1.332765E0	2.015281E0	1.500747E-1
1.366084E0	2.000003E0	1.478242E-1
1.399403E0	1.995641E0	1.485403E-1
1.432722E0	1.991094E0	1.484835E-1
1.466041E0	1.987987E0	1.484671E-1
1.499360E0	1.939217E0	1.463797E-1
1.532680E0	1.680354E0	9.070957E-2
1.565999E0	1.293344E0	6.162868E-2
1.599318E0	7.036479E-1	6.161782E-2
1.632637E0	1.918388E-1	7.154372E-2
1.665956E0	3.452208E-2	5.507041E-2
1.699275E0	4.221091E-2	3.399083E-2
1.732594E0	5.116374E-2	2.434615E-2
1.765913E0	7.081655E-2	1.713627E-2
1.799233E0	7.133049E-2	1.556582E-2
1.832552E0	6.841638E-2	1.615823E-2
1.865871E0	6.688329E-2	1.666314E-2
1.899190E0	1.010952E-1	2.162407E-2
1.932509E0	1.083613E-1	2.008139E-2
1.965828E0	1.643899E-1	1.688766E-2
1.999147E0	2.890056E-1	4.484527E-3
2.032466E0	4.390270E-1	2.011689E-2
2.065786E0	5.046067E-1	2.964993E-2
2.099105E0	5.315712E-1	1.564039E-2
2.132424E0	5.596869E-1	4.924349E-3
2.165743E0	5.978118E-1	2.394673E-3
2.199062E0	6.409190E-1	6.971130E-3
2.232381E0	6.689525E-1	5.661363E-3
2.265700E0	6.648358E-1	1.814607E-2
2.299019E0	6.549540E-1	1.946620E-2
2.332339E0	6.658937E-1	1.376614E-2
2.365658E0	6.967179E-1	2.244246E-2
2.398977E0	7.233583E-1	3.393145E-2
2.432296E0	7.459213E-1	3.943272E-2
2.465615E0	7.756493E-1	2.852111E-2
2.498934E0	8.380536E-1	3.886790E-2
2.532253E0	9.195984E-1	5.253983E-2
2.565572E0	9.732347E-1	5.232531E-2
2.598891E0	1.004195E0	4.844977E-2
2.632211E0	1.029706E0	5.090475E-2
2.665530E0	1.079858E0	4.637076E-2
2.698849E0	1.161827E0	4.407353E-2
2.732168E0	1.237951E0	4.143495E-2
2.765487E0	1.310132E0	4.495126E-2
2.798806E0	1.356891E0	4.815137E-2
2.832125E0	1.366851E0	8.968550E-2
2.865444E0	1.375208E0	1.009017E-1
2.898764E0	1.378731E0	1.032480E-1
2.932083E0	1.437194E0	1.142111E-1
2.965402E0	1.541838E0	1.330176E-1
2.998721E0	1.640590E0	1.412094E-1
3.032040E0	1.713506E0	1.446267E-1
3.065359E0	1.817264E0	1.475710E-1
3.098678E0	1.906092E0	1.428140E-1
3.131997E0	1.948205E0	1.411244E-1
3.165317E0	1.970498E0	1.441797E-1
3.198636E0	2.045113E0	1.536565E-1
3.231955E0	2.149261E0	1.694458E-1
3.265274E0	2.147096E0	1.608407E-1
3.298593E0	2.146911E0	1.544832E-1
3.331912E0	2.147078E0	1.522884E-1
3.365231E0	2.145407E0	1.504851E-1
3.398550E0	2.144751E0	1.491900E-1
3.431870E0	2.143453E0	1.486231E-1
3.465189E0	2.131177E0	1.475855E-1
3.498508E0	2.037273E0	1.385033E-1
3.531827E0	1.750376E0	1.140171E-1
3.565146E0	1.391369E0	1.761546E-1
3.598465E0	8.702058E-1	1.909810E-1
3.631784E0	5.538518E-1	1.505476E-1
3.665103E0	5.110177E-1	1.320444E-1
3.698422E0	5.447046E-1	8.940599E-2
3.731742E0	5.623112E-1	9.989181E-2
3.765061E0	5.890598E-1	1.056586E-1
3.798380E0	5.956692E-1	1.061835E-1
3.831699E0	5.978688E-1	1.071729E-1
3.865018E0	5.995527E-1	1.086514E-1
3.898337E0	6.341829E-1	1.081040E-1
3.931656E0	6.584477E-1	1.096058E-1
3.964975E0	6.452685E-1	1.064848E-1
3.998295E0	6.531199E-1	1.087315E-1
4.031614E0	7.532309E-1	1.239957E-1
4.064933E0	8.362914E-1	1.215147E-1
4.098252E0	9.274724E-1	1.197443E-1
4.131571E0	9.774937E-1	1.153911E-1
4.164890E0	1.014473E0	1.186211E-1
4.198209E0	1.046347E0	1.278467E-1
4.231528E0	1.047954E0	1.254181E-1
4.264848E0	1.028807E0	1.437067E-1
4.298167E0	9.861274E-1	1.342627E-1
4.331486E0	1.000821E0	1.494547E-1
4.364805E0	1.055291E0	1.631801E-1
4.398124E0	1.140730E0	1.706852E-1
4.431443E0	1.233660E0	1.755309E-1
4.464762E0	1.308787E0	1.767635E-1
4.498081E0	1.366460E0	1.654540E-1
4.531401E0	1.370750E0	1.588196E-1
4.564720E0	1.392074E0	1.610085E-1
4.598039E0	1.431943E0	1.513837E-1
4.631358E0	1.511597E0	1.505215E-1
4.664677E0	1.603553E0	1.573122E-1
4.697996E0	1.665947E0	1.564923E-1
4.731315E0	1.711352E0	1.554618E-1
4.764634E0	1.756036E0	1.490614E-1
4.797953E0	1.800720E0	1.487832E-1
4.831273E0	1.853883E0	1.544644E-1
4.864592E0	1.899266E0	1.871755E-1
4.897911E0	1.918183E0	1.991525E-1
4.931230E0	1.980122E0	2.024185E-1
4.964549E0	2.108563E0	2.155007E-1
4.997868E0	2.233831E0	2.163908E-1
5.031187E0	2.318508E0	2.227373E-1
5.064506E0	2.369098E0	2.198215E-1
5.097826E0	2.439464E0	2.124096E-1
5.131145E0	2.489340E0	2.021609E-1
5.164464E0	2.563243E0	1.879981E-1
5.197783E0	2.640316E0	1.863934E-1
5.231102E0	2.637882E0	1.868523E-1
5.264421E0	2.676777E0	1.881013E-1
5.297740E0	2.680909E0	1.907120E-1
5.331059E0	2.680977E0	1.905809E-1
5.364379E0	2.681937E0	1.911140E-1
5.397698E0	2.681869E0	1.923224E-1
5.431017E0	2.682958E0	1.927187E-1
5.464336E0	2.683168E0	1.927193E-1
5.497655E0	2.683452E0	1.927584E-1
5.530974E0	2.601381E0	1.818946E-1
5.564293E0	2.282700E0	1.410682E-1
5.597612E0	1.926043E0	1.938464E-1
5.630932E0	1.419527E0	2.318721E-1
5.664251E0	1.124881E0	2.006747E-1
5.697570E0	1.077999E0	1.710260E-1
5.730889E0	1.086053E0	1.279664E-1
5.764208E0	1.091549E0	1.229951E-1
5.797527E0	1.095384E0	1.204762E-1
5.830846E0	1.099182E0	1.178944E-1
5.864165E0	1.100282E0	1.158709E-1
5.897484E0	1.125569E0	1.088879E-1
5.930804E0	1.165259E0	1.083976E-1
5.964123E0	1.204714E0	1.090368E-1
5.997442E0	1.239963E0	1.141638E-1
6.030761E0	1.309326E0	1.156286E-1
6.064080E0	1.385588E0	1.157034E-1
6.097399E0	1.452448E0	1.128877E-1
6.130718E0	1.491706E0	1.071793E-1
6.164037E0	1.520160E0	1.215013E-1
6.197357E0	1.567218E0	1.235349E-1
6.230676E0	1.577025E0	1.210427E-1
6.263995E0	1.551895E0	1.414865E-1
6.297314E0	1.523546E0	1.459036E-1
6.330633E0	1.539348E0	1.479372E-1
6.363952E0	1.590117E0	1.563257E-1
6.397271E0	1.661744E0	1.721961E-1
6.430590E0	1.718784E0	1.653951E-1
6.463910E0	1.760101E0	1.568677E-1
6.497229E0	1.809898E0	1.525983E-1
6.530548E0	1.851189E0	1.541594E-1
6.563867E0	1.892789E0	1.553791E-1
6.597186E0	1.943771E0	1.525773E-1
6.630505E0	1.990112E0	1.488627E-1
6.663824E0	2.049691E0	1.500380E-1
6.697143E0	2.114686E0	1.506181E-1
6.730463E0	2.174335E0	1.507509E-1
6.763782E0	2.240014E0	1.466183E-1
6.797101E0	2.299790E0	1.430315E-1
6.830420E0	2.357463E0	1.439149E-1
6.863739E0	2.406389E0	1.474425E-1
6.897058E0	2.418221E0	1.670507E-1
6.930377E0	2.419415E0	1.633505E-1
6.963696E0	2.527166E0	1.674578E-1
6.997016E0	2.674852E0	1.809044E-1
7.030335E0	2.811393E0	2.006867E-1
7.063654E0	2.897866E0	1.964631E-1
7.096973E0	2.930332E0	1.934924E-1
7.130292E0	2.987339E0	1.954725E-1
7.163611E0	3.058892E0	1.943232E-1
7.196930E0	3.147018E0	1.922579E-1
7.230249E0	3.199593E0	1.861879E-1
7.263568E0	3.205777E0	1.852864E-1
7.296888E0	3.212182E0	1.854234E-1
7.330207E0	3.217301E0	1.868135E-1
7.363526E0	3.220662E0	1.877428E-1
7.396845E0	3.223102E0	1.881651E-1
7.430164E0	3.224178E0	1.886639E-1
7.463483E0	3.208107E0	1.858914E-1
7.496802E0	3.123350E0	1.806297E-1
7.530121E0	2.814235E0	1.685818E-1
7.563441E0	2.400347E0	2.072625E-1
7.596760E0	1.926732E0	2.456015E-1
7.630079E0	1.609963E0	2.141510E-1
7.663398E0	1.583328E0	1.835136E-1
7.696717E0	1.600133E0	1.672316E-1
7.730036E0	1.598477E0	1.633261E-1
7.763355E0	1.596846E0	1.594239E-1
7.796674E0	1.594477E0	1.580893E-1
7.829994E0	1.591636E0	1.580585E-1
7.863313E0	1.589397E0	1.575096E-1
7.896632E0	1.601421E0	1.557228E-1
7.929951E0	1.659104E0	1.491825E-1
7.963270E0	1.707997E0	1.515336E-1
7.996589E0	1.752528E0	1.522324E-1
8.029908E0	1.781748E0	1.458480E-1
8.063227E0	1.834733E0	1.431886E-1
8.096547E0	1.907879E0	1.599810E-1
8.129866E0	1.923277E0	1.570472E-1
8.163185E0	1.921456E0	1.593842E-1
8.196504E0	1.910908E0	1.951248E-1
8.229823E0	1.865879E0	1.935259E-1
8.263142E0	1.822569E0	1.560127E-1
8.296461E0	1.852370E0	1.714005E-1
8.329780E0	1.903367E0	1.803925E-1
8.363099E0	1.968775E0	1.929508E-1
8.396419E0	2.039297E0	2.001592E-1
8.429738E0	2.077749E0	2.014517E-1
8.463057E0	2.087115E0	2.011665E-1
8.496376E0	2.142913E0	2.061988E-1
8.529695E0	2.188093E0	1.857763E-1
8.563014E0	2.254328E0	1.730510E-1
8.596333E0	2.311728E0	1.938140E-1
8.629652E0	2.356671E0	1.986597E-1
8.662972E0	2.406005E0	1.956517E-1
8.696291E0	2.458129E0	1.867581E-1
8.729610E0	2.517414E0	1.960659E-1
8.762929E0	2.581061E0	2.008875E-1
8.796248E0	2.646779E0	1.899990E-1
8.829567E0	2.696077E0	1.887675E-1
8.862886E0	2.739299E0	1.891768E-1
8.896205E0	2.761705E0	1.975675E-1
8.929525E0	2.751282E0	1.991167E-1
8.962844E0	2.802596E0	2.064011E-1
8.996163E0	2.969776E0	2.192983E-1
9.029482E0	3.151488E0	2.396261E-1
9.062801E0	3.288501E0	2.493699E-1
9.096120E0	3.313173E0	2.420225E-1
9.129439E0	3.373351E0	2.428483E-1
9.162758E0	3.455292E0	2.434276E-1
9.196078E0	3.514616E0	2.429341E-1
9.229397E0	3.513250E0	2.418818E-1
9.262716E0	3.544757E0	2.409151E-1
9.296035E0	3.549605E0	2.402038E-1
9.329354E0	3.549972E0	2.382779E-1
9.362673E0	3.551816E0	2.379801E-1
9.395992E0	3.553608E0	2.379236E-1
9.429311E0	3.554623E0	2.378816E-1
9.462630E0	3.545971E0	2.356731E-1
9.495950E0	3.439942E0	2.253625E-1
9.529269E0	3.127929E0	1.949083E-1
9.562588E0	2.691242E0	2.183159E-1
9.595907E0	2.201145E0	2.773922E-1
9.629226E0	1.862256E0	2.698905E-1
9.662545E0	1.832208E0	2.168059E-1
9.695864E0	1.833162E0	1.403600E-1
9.729183E0	1.827989E0	1.440736E-1
9.762503E0	1.821342E0	1.459072E-1
9.795822E0	1.815872E0	1.464218E-1
9.829141E0	1.810867E0	1.493872E-1
9.862460E0	1.808257E0	1.489768E-1
9.895779E0	1.845020E0	1.526444E-1
9.929098E0	1.922730E0	1.250099E-1
9.962417E0	1.949932E0	1.526018E-1
9.995736E0	1.964032E0	1.480104E-1
1.002906E1	2.018615E0	1.390611E-1
1.006237E1	2.088899E0	1.594606E-1
1.009569E1	2.137845E0	1.548594E-1
1.012901E1	2.148197E0	1.513666E-1
1.016233E1	2.179124E0	1.731919E-1
1.019565E1	2.194272E0	1.641672E-1
1.022897E1	2.180674E0	1.751497E-1
1.026229E1	2.128608E0	1.926894E-1
1.029561E1	2.120611E0	1.936496E-1
1.032893E1	2.148189E0	1.956426E-1
1.036225E1	2.207912E0	2.068859E-1
1.039557E1	2.268538E0	2.107703E-1
1.042889E1	2.331181E0	2.193785E-1
1.046220E1	2.416812E0	2.112526E-1
1.049552E1	2.478416E0	2.052233E-1
1.052884E1	2.528343E0	2.025109E-1
1.056216E1	2.580107E0	2.026160E-1
1.059548E1	2.624391E0	1.933700E-1
1.062880E1	2.682326E0	1.843436E-1
1.066212E1	2.739978E0	1.951334E-1
1.069544E1	2.795228E0	1.993463E-1
1.072876E1	2.854653E0	1.919395E-1
1.076208E1	2.933520E0	1.924373E-1
1.079540E1	3.017454E0	1.967495E-1
1.082871E1	3.071808E0	2.018888E-1
1.086203E1	3.108288E0	2.107402E-1
1.089535E1	3.111895E0	2.061430E-1
1.092867E1	3.141517E0	2.073816E-1
1.096199E1	3.238697E0	2.214851E-1
1.099531E1	3.380094E0	2.424873E-1
1.102863E1	3.488866E0	2.450006E-1
1.106195E1	3.530187E0	2.434770E-1
1.109527E1	3.580585E0	2.423051E-1
1.112859E1	3.730690E0	2.511910E-1
1.116191E1	3.836105E0	2.416580E-1
1.119522E1	3.820465E0	2.363425E-1
1.122854E1	3.824025E0	2.378044E-1
1.126186E1	3.887590E0	2.748189E-1
1.129518E1	3.951629E0	3.033144E-1
1.132850E1	3.913599E0	2.869106E-1
1.136182E1	3.934209E0	2.903699E-1
1.139514E1	3.927798E0	2.927747E-1
1.142846E1	3.933982E0	2.918082E-1
1.146178E1	3.911751E0	2.899475E-1
1.149510E1	3.827066E0	2.917378E-1
1.152842E1	3.539247E0	2.712362E-1
1.156174E1	3.120012E0	2.670404E-1
1.159505E1	2.585819E0	2.433872E-1
1.162837E1	2.197031E0	2.269720E-1
1.166169E1	2.133564E0	2.043459E-1
1.169501E1	2.147868E0	1.567386E-1
1.172833E1	2.142484E0	1.631163E-1
1.176165E1	2.142339E0	1.602035E-1
1.179497E1	2.142381E0	1.574770E-1
1.182829E1	2.141743E0	1.561029E-1
1.186161E1	2.143569E0	1.546934E-1
1.189493E1	2.184555E0	1.538468E-1
1.192825E1	2.255338E0	1.494929E-1
1.196156E1	2.298485E0	1.347781E-1
1.199488E1	2.328740E0	1.288767E-1
1.202820E1	2.406123E0	1.407089E-1
1.206152E1	2.471463E0	1.438825E-1
1.209484E1	2.531116E0	1.517536E-1
1.212816E1	2.565908E0	1.461250E-1
1.216148E1	2.607525E0	1.573090E-1
1.219480E1	2.639281E0	1.593872E-1
1.222812E1	2.645061E0	1.802840E-1
1.226144E1	2.598692E0	1.851539E-1
1.229476E1	2.529095E0	1.815044E-1
1.232807E1	2.532507E0	1.927512E-1
1.236139E1	2.580957E0	2.044007E-1
1.239471E1	2.636939E0	2.025866E-1
1.242803E1	2.709780E0	2.092382E-1
1.246135E1	2.761080E0	2.084902E-1
1.249467E1	2.818924E0	1.956827E-1
1.252799E1	2.880653E0	1.915705E-1
1.256131E1	2.956755E0	1.938313E-1
1.259463E1	3.007330E0	2.056311E-1
1.262795E1	3.026585E0	1.993911E-1
1.266127E1	3.030721E0	1.955870E-1
1.269459E1	3.077332E0	1.936292E-1
1.272790E1	3.148689E0	1.837331E-1
1.276122E1	3.277395E0	1.883779E-1
1.279454E1	3.356417E0	2.052665E-1
1.282786E1	3.388236E0	2.125991E-1
1.286118E1	3.391120E0	2.031692E-1
1.289450E1	3.420774E0	1.930211E-1
1.292782E1	3.488922E0	1.947974E-1
1.296114E1	3.604085E0	2.046119E-1
1.299446E1	3.681990E0	2.044019E-1
1.302778E1	3.758427E0	2.043207E-1
1.306110E1	3.841168E0	2.306297E-1
1.309441E1	3.953267E0	2.556963E-1
1.312773E1	4.013835E0	2.735659E-1
1.316105E1	4.051091E0	2.897050E-1
1.319437E1	4.121730E0	2.883146E-1
1.322769E1	4.167388E0	2.872200E-1
1.326101E1	4.213886E0	2.955420E-1
1.329433E1	4.216498E0	2.928945E-1
1.332765E1	4.216582E0	2.918647E-1
1.336097E1	4.218122E0	2.904165E-1
1.339429E1	4.217854E0	2.895859E-1
1.342761E1	4.218677E0	2.899034E-1
1.346093E1	4.201155E0	2.893454E-1
1.349424E1	4.148267E0	2.906169E-1
1.352756E1	3.881047E0	2.568153E-1
1.356088E1	3.438717E0	2.152663E-1
1.359420E1	2.864679E0	2.404850E-1
1.362752E1	2.447065E0	2.643409E-1
1.366084E1	2.366601E0	2.231294E-1
1.369416E1	2.394189E0	1.847595E-1
1.372748E1	2.404835E0	1.908861E-1
1.376080E1	2.407799E0	1.940793E-1
1.379412E1	2.409759E0	1.958857E-1
1.382744E1	2.403638E0	1.972950E-1
1.386075E1	2.406911E0	1.963459E-1
1.389407E1	2.437114E0	1.939123E-1
1.392739E1	2.507389E0	1.929655E-1
1.396071E1	2.529427E0	1.745351E-1
1.399403E1	2.525049E0	1.741030E-1
1.402735E1	2.569010E0	1.560171E-1
1.406067E1	2.691957E0	1.749103E-1
1.409399E1	2.779862E0	1.885992E-1
1.412731E1	2.810932E0	1.684780E-1
1.416063E1	2.832123E0	1.904769E-1
1.419395E1	2.838115E0	1.932056E-1
1.422726E1	2.833707E0	2.073967E-1
1.426058E1	2.794834E0	2.331201E-1
1.429390E1	2.755900E0	2.246392E-1
1.432722E1	2.752582E0	2.310286E-1
1.436054E1	2.789212E0	2.467475E-1
1.439386E1	2.841873E0	2.535522E-1
1.442718E1	2.908994E0	2.562115E-1
1.446050E1	2.973859E0	2.491195E-1
1.449382E1	3.038107E0	2.461777E-1
1.452714E1	3.102536E0	2.509656E-1
1.456046E1	3.146197E0	2.454097E-1
1.459378E1	3.179839E0	2.467922E-1
1.462709E1	3.233976E0	2.261911E-1
1.466041E1	3.330455E0	2.369714E-1
1.469373E1	3.398831E0	2.525481E-1
1.472705E1	3.461018E0	2.443508E-1
1.476037E1	3.535062E0	2.370315E-1
1.479369E1	3.609360E0	2.379472E-1
1.482701E1	3.672080E0	2.578170E-1
1.486033E1	3.677913E0	2.608451E-1
1.489365E1	3.675406E0	2.555164E-1
1.492697E1	3.706320E0	2.582073E-1
1.496029E1	3.775362E0	2.724089E-1
1.499360E1	3.821890E0	2.910296E-1
1.502692E1	3.882353E0	3.129172E-1
1.506024E1	4.077023E0	3.404791E-1
1.509356E1	4.311904E0	3.647202E-1
1.512688E1	4.327596E0	3.486705E-1
1.516020E1	4.321065E0	3.383793E-1
1.519352E1	4.419122E0	3.524422E-1
1.522684E1	4.505747E0	3.669936E-1
1.526016E1	4.480052E0	3.658648E-1
1.529348E1	4.486653E0	3.710042E-1
1.532680E1	4.513864E0	3.818469E-1
1.536011E1	4.500940E0	3.834184E-1
1.539343E1	4.498831E0	3.845968E-1
1.542675E1	4.496484E0	3.854372E-1
1.546007E1	4.484701E0	3.854951E-1
1.549339E1	4.421373E0	3.769655E-1
1.552671E1	4.180019E0	3.371576E-1
1.556003E1	3.745411E0	3.390462E-1
1.559335E1	3.278910E0	2.842624E-1
1.562667E1	3.196566E0	2.472383E-1
1.565999E1	3.292045E0	2.431255E-1
1.569331E1	3.332028E0	2.574782E-1
1.572663E1	3.323266E0	2.350398E-1
1.575994E1	3.340544E0	2.558282E-1
1.579326E1	3.317023E0	2.536709E-1
1.582658E1	3.311690E0	2.248517E-1
1.585990E1	3.267338E0	2.322517E-1
1.589322E1	3.184168E0	2.313249E-1
1.592654E1	3.146642E0	2.509814E-1
1.595986E1	3.115955E0	2.100795E-1
1.599318E1	3.114971E0	1.928128E-1
1.602650E1	3.136063E0	1.887878E-1
1.605982E1	3.178108E0	1.873686E-1
1.609314E1	3.246220E0	1.853545E-1
1.612645E1	3.284803E0	1.810256E-1
1.615977E1	3.310752E0	1.888998E-1
1.619309E1	3.308435E0	1.884909E-1
1.622641E1	3.283190E0	2.058779E-1
1.625973E1	3.221110E0	2.216953E-1
1.629305E1	3.141471E0	2.023036E-1
1.632637E1	3.137442E0	1.996158E-1
1.635969E1	3.177174E0	2.120599E-1
1.639301E1	3.238164E0	2.130809E-1
1.642633E1	3.328669E0	2.272564E-1
1.645965E1	3.390437E0	2.286776E-1
1.649297E1	3.441645E0	2.318618E-1
1.652628E1	3.503549E0	2.298753E-1
1.655960E1	3.583048E0	2.232073E-1
1.659292E1	3.655800E0	2.346070E-1
1.662624E1	3.702658E0	2.379405E-1
1.665956E1	3.748496E0	2.352408E-1
1.669288E1	3.771783E0	2.266977E-1
1.672620E1	3.831002E0	2.318066E-1
1.675952E1	3.889768E0	2.430136E-1
1.679284E1	3.954150E0	2.536613E-1
1.682616E1	4.007521E0	2.676377E-1
1.685948E1	4.036136E0	2.803288E-1
1.689279E1	4.075346E0	2.918826E-1
1.692611E1	4.116071E0	2.993558E-1
1.695943E1	4.204380E0	3.181048E-1
1.699275E1	4.286990E0	3.408036E-1
1.702607E1	4.382051E0	3.640781E-1
1.705939E1	4.476354E0	3.774473E-1
1.709271E1	4.584129E0	3.843677E-1
1.712603E1	4.668770E0	3.725233E-1
1.715935E1	4.694980E0	3.640864E-1
1.719267E1	4.737618E0	3.714818E-1
1.722599E1	4.864679E0	3.895916E-1
1.725930E1	4.920468E0	3.948830E-1
1.729262E1	4.904096E0	3.898106E-1
1.732594E1	4.916343E0	3.899578E-1
1.735926E1	4.914638E0	3.875559E-1
1.739258E1	4.918375E0	3.865380E-1
1.742590E1	4.919668E0	3.862188E-1
1.745922E1	4.909888E0	3.860569E-1
1.749254E1	4.871093E0	3.839829E-1
1.752586E1	4.765939E0	3.620912E-1
1.755918E1	4.698217E0	3.640371E-1
1.759250E1	4.667802E0	3.693024E-1
1.762582E1	4.565242E0	3.595381E-1
1.765913E1	4.549368E0	3.499177E-1
1.769245E1	4.586170E0	3.580386E-1
1.772577E1	4.536134E0	3.475066E-1
1.775909E1	4.518395E0	3.359462E-1
1.779241E1	4.521750E0	3.353728E-1
1.782573E1	4.526243E0	3.346388E-1
1.785905E1	4.499199E0	3.303089E-1
1.789237E1	4.336702E0	3.182064E-1
1.792569E1	4.082962E0	3.114332E-1
1.795901E1	3.715914E0	2.850625E-1
1.799233E1	3.509406E0	2.304107E-1
1.802564E1	3.513587E0	2.404466E-1
1.805896E1	3.582865E0	1.925678E-1
1.809228E1	3.657931E0	1.924428E-1
1.812560E1	3.710665E0	1.916121E-1
1.815892E1	3.752934E0	2.000411E-1
1.819224E1	3.779139E0	1.946207E-1
1.822556E1	3.784510E0	1.967516E-1
1.825888E1	3.736978E0	2.094493E-1
1.829220E1	3.665193E0	2.276883E-1
1.832552E1	3.664281E0	2.324882E-1
1.835884E1	3.696306E0	2.454270E-1
1.839216E1	3.749931E0	2.442764E-1
1.842547E1	3.806897E0	2.542849E-1
1.845879E1	3.880812E0	2.467431E-1
1.849211E1	3.929501E0	2.461877E-1
1.852543E1	3.960125E0	2.489553E-1
1.855875E1	3.974091E0	2.532364E-1
1.859207E1	4.005395E0	2.380017E-1
1.862539E1	4.074909E0	2.417509E-1
1.865871E1	4.126213E0	2.563604E-1
1.869203E1	4.192732E0	2.751747E-1
1.872535E1	4.264991E0	2.877675E-1
1.875867E1	4.346464E0	2.934578E-1
1.879198E1	4.431618E0	3.012733E-1
1.882530E1	4.485807E0	3.199865E-1
1.885862E1	4.513504E0	3.338495E-1
1.889194E1	4.508721E0	3.375873E-1
1.892526E1	4.587215E0	3.451843E-1
1.895858E1	4.676856E0	3.582596E-1
1.899190E1	4.703248E0	3.642465E-1
1.902522E1	4.764916E0	3.754512E-1
1.905854E1	4.937940E0	4.096088E-1
1.909186E1	5.144582E0	4.289528E-1
1.912518E1	5.163851E0	4.053052E-1
1.915849E1	5.142127E0	3.915157E-1
1.919181E1	5.238375E0	3.973915E-1
1.922513E1	5.314071E0	3.973953E-1
1.925845E1	5.324318E0	3.928246E-1
1.929177E1	5.321931E0	3.895512E-1
1.932509E1	5.321114E0	3.883072E-1
1.935841E1	5.319749E0	3.869011E-1
1.939173E1	5.317911E0	3.858248E-1
1.942505E1	5.316994E0	3.849711E-1
1.945837E1	5.313122E0	3.846461E-1
1.949169E1	5.244469E0	3.775102E-1
1.952501E1	4.969904E0	3.104753E-1
1.955832E1	4.500743E0	2.519139E-1
1.959164E1	3.908439E0	2.236864E-1
1.962496E1	3.283754E0	2.285584E-1
1.965828E1	3.031962E0	2.384880E-1
1.969160E1	3.020368E0	1.888301E-1
1.972492E1	3.076198E0	1.895548E-1
1.975824E1	3.076819E0	1.900408E-1
1.979156E1	3.078219E0	1.921061E-1
1.982488E1	3.077974E0	1.916958E-1
1.985820E1	3.078726E0	1.923891E-1
1.989152E1	3.116748E0	1.958329E-1
1.992483E1	3.176328E0	1.900619E-1
1.995815E1	3.218683E0	1.849337E-1
1.999147E1	3.245340E0	1.671515E-1
2.002479E1	3.261415E0	1.814036E-1
2.005811E1	3.302352E0	1.785858E-1
2.009143E1	3.357272E0	1.801606E-1
2.012475E1	3.353651E0	1.821631E-1
2.015807E1	3.331442E0	2.177868E-1
2.019139E1	3.266784E0	2.334682E-1
2.022471E1	3.237083E0	2.268170E-1
2.025803E1	3.249174E0	2.259767E-1
2.029134E1	3.284778E0	2.329459E-1
2.032466E1	3.329902E0	2.401735E-1
2.035798E1	3.387810E0	2.447806E-1
2.039130E1	3.473133E0	2.480219E-1
2.042462E1	3.561800E0	2.580225E-1
2.045794E1	3.642196E0	2.601935E-1
2.049126E1	3.727916E0	2.486176E-1
2.052458E1	3.783900E0	2.451317E-1
2.055790E1	3.797922E0	2.409081E-1
2.059122E1	3.811162E0	2.428858E-1
2.062454E1	3.833606E0	2.392562E-1
2.065786E1	3.871947E0	2.364555E-1
2.069117E1	3.945760E0	2.452611E-1
2.072449E1	4.012931E0	2.560459E-1
2.075781E1	4.086669E0	2.575607E-1
2.079113E1	4.175596E0	2.502484E-1
2.082445E1	4.263597E0	2.469729E-1
2.085777E1	4.318517E0	2.523302E-1
2.089109E1	4.327526E0	2.499272E-1
2.092441E1	4.380747E0	2.573269E-1
2.095773E1	4.496481E0	2.784695E-1
2.099105E1	4.595779E0	3.105301E-1
2.102437E1	4.639878E0	3.373389E-1
2.105768E1	4.653098E0	3.384091E-1
2.109100E1	4.717268E0	3.399610E-1
2.112432E1	4.935586E0	3.703531E-1
2.115764E1	5.095707E0	3.775414E-1
2.119096E1	5.042742E0	3.653180E-1
2.122428E1	5.090261E0	3.659707E-1
2.125760E1	5.155179E0	3.700499E-1
2.129092E1	5.159050E0	3.735122E-1
2.132424E1	5.157092E0	3.756725E-1
2.135756E1	5.155449E0	3.774288E-1
2.139088E1	5.154252E0	3.783370E-1
2.142420E1	5.153137E0	3.790530E-1
2.145751E1	5.150852E0	3.798864E-1
2.149083E1	5.078629E0	3.633985E-1
2.152415E1	4.793262E0	2.819941E-1
2.155747E1	4.364203E0	2.766655E-1
2.159079E1	3.741156E0	2.685472E-1
2.162411E1	3.308791E0	2.499927E-1
2.165743E1	3.222312E0	2.238968E-1
2.169075E1	3.260956E0	2.077458E-1
2.172407E1	3.314679E0	2.033530E-1
2.175739E1	3.327361E0	1.965386E-1
2.179071E1	3.334094E0	1.940883E-1
2.182402E1	3.341362E0	1.892675E-1
2.185734E1	3.343039E0	2.010104E-1
2.189066E1	3.391519E0	2.201101E-1
2.192398E1	3.399931E0	1.898617E-1
2.195730E1	3.399164E0	1.856447E-1
2.199062E1	3.444416E0	1.868426E-1
2.202394E1	3.466756E0	1.764008E-1
2.205726E1	3.465109E0	1.800964E-1
2.209058E1	3.493483E0	2.032262E-1
2.212390E1	3.507713E0	1.924297E-1
2.215722E1	3.500497E0	2.113965E-1
2.219053E1	3.479827E0	2.248065E-1
2.222385E1	3.485351E0	2.300011E-1
2.225717E1	3.504235E0	2.351068E-1
2.229049E1	3.536419E0	2.408685E-1
2.232381E1	3.590516E0	2.486288E-1
2.235713E1	3.646809E0	2.610067E-1
2.239045E1	3.724004E0	2.570009E-1
2.242377E1	3.827310E0	2.649300E-1
2.245709E1	3.884506E0	2.725254E-1
2.249041E1	3.913139E0	2.667088E-1
2.252373E1	3.933892E0	2.777828E-1
2.255705E1	3.961201E0	2.807583E-1
2.259036E1	3.997939E0	2.917518E-1
2.262368E1	4.059549E0	2.999059E-1
2.265700E1	4.118723E0	3.032975E-1
2.269032E1	4.172779E0	3.139237E-1
2.272364E1	4.212519E0	3.361983E-1
2.275696E1	4.273045E0	3.375108E-1
2.279028E1	4.372891E0	3.506351E-1
2.282360E1	4.442863E0	3.584697E-1
2.285692E1	4.487205E0	3.724526E-1
2.289024E1	4.487540E0	3.816973E-1
2.292356E1	4.538076E0	3.870271E-1
2.295687E1	4.647821E0	4.014507E-1
2.299019E1	4.740668E0	4.261513E-1
2.302351E1	4.787320E0	4.416008E-1
2.305683E1	4.832463E0	4.447002E-1
2.309015E1	4.956515E0	4.460730E-1
2.312347E1	5.111514E0	4.554400E-1
2.315679E1	5.122196E0	4.417174E-1
2.319011E1	5.193605E0	4.325865E-1
2.322343E1	5.305024E0	4.515160E-1
2.325675E1	5.298142E0	4.415823E-1
2.329007E1	5.313903E0	4.339691E-1
2.332339E1	5.312370E0	4.340410E-1
2.335670E1	5.310677E0	4.398912E-1
2.339002E1	5.312056E0	4.369408E-1
2.342334E1	5.309008E0	4.334041E-1
2.345666E1	5.308938E0	4.374151E-1
2.348998E1	5.242564E0	4.272875E-1
2.352330E1	4.972837E0	3.324167E-1
2.355662E1	4.595604E0	2.859201E-1
2.358994E1	4.033834E0	2.862309E-1
2.362326E1	3.585385E0	2.484244E-1
2.365658E1	3.478687E0	2.269700E-1
2.368990E1	3.513416E0	1.930251E-1
2.372321E1	3.558808E0	1.975732E-1
2.375653E1	3.558248E0	1.953520E-1
2.378985E1	3.559151E0	1.930911E-1
2.382317E1	3.563061E0	1.873257E-1
2.385649E1	3.562217E0	1.857419E-1
2.388981E1	3.608088E0	2.031575E-1
2.392313E1	3.632815E0	1.779090E-1
2.395645E1	3.629024E0	1.701855E-1
2.398977E1	3.679846E0	1.843190E-1
2.402309E1	3.721122E0	1.833159E-1
2.405641E1	3.784437E0	1.825179E-1
2.408972E1	3.844401E0	1.917416E-1
2.412304E1	3.881727E0	2.089643E-1
2.415636E1	3.887659E0	2.146569E-1
2.418968E1	3.845850E0	2.272469E-1
2.422300E1	3.759183E0	2.454655E-1
2.425632E1	3.687347E0	2.336483E-1
2.428964E1	3.682912E0	2.267168E-1
2.432296E1	3.721512E0	2.353093E-1
2.435628E1	3.782610E0	2.433868E-1
2.438960E1	3.876092E0	2.677886E-1
2.442292E1	3.955268E0	2.888461E-1
2.445624E1	4.026080E0	3.041300E-1
2.448955E1	4.090064E0	3.005697E-1
2.452287E1	4.171857E0	3.174675E-1
2.455619E1	4.222526E0	3.310280E-1
2.458951E1	4.291896E0	3.343717E-1
2.462283E1	4.337989E0	3.442229E-1
2.465615E1	4.386578E0	3.387214E-1
2.468947E1	4.455688E0	3.414769E-1
2.472279E1	4.503964E0	3.540076E-1
2.475611E1	4.566902E0	3.447165E-1
2.478943E1	4.630829E0	3.424944E-1
2.482275E1	4.714310E0	3.381868E-1
2.485606E1	4.782999E0	3.540158E-1
2.488938E1	4.784551E0	3.638359E-1
2.492270E1	4.815045E0	3.747616E-1
2.495602E1	4.927748E0	3.995638E-1
2.498934E1	5.036169E0	4.222247E-1
2.502266E1	5.089359E0	4.259320E-1
2.505598E1	5.147969E0	4.373602E-1
2.508930E1	5.294047E0	4.487131E-1
2.512262E1	5.420022E0	4.600618E-1
2.515594E1	5.420531E0	4.540367E-1
2.518926E1	5.464153E0	4.492882E-1
2.522257E1	5.561404E0	4.671098E-1
2.525589E1	5.627406E0	4.726359E-1
2.528921E1	5.631830E0	4.674722E-1
2.532253E1	5.630974E0	4.734684E-1
2.535585E1	5.633066E0	4.788800E-1
2.538917E1	5.635632E0	4.791496E-1
2.542249E1	5.633464E0	4.776044E-1
2.545581E1	5.633267E0	4.817510E-1
2.548913E1	5.579562E0	4.744519E-1
2.552245E1	5.307977E0	3.813549E-1
2.555577E1	4.946507E0	3.321135E-1
2.558909E1	4.367603E0	3.121163E-1
2.562240E1	3.920753E0	2.925458E-1
2.565572E1	3.820357E0	2.984451E-1
2.568904E1	3.833673E0	2.106216E-1
2.572236E1	3.865712E0	2.413111E-1
2.575568E1	3.897427E0	2.376090E-1
2.578900E1	3.894287E0	2.351441E-1
2.582232E1	3.889008E0	2.371565E-1
2.585564E1	3.886568E0	2.377821E-1
2.588896E1	3.911684E0	2.371029E-1
2.592228E1	3.965762E0	2.372626E-1
2.595560E1	4.000542E0	2.405793E-1
2.598891E1	4.048725E0	2.501521E-1
2.602223E1	4.115921E0	2.558871E-1
2.605555E1	4.200816E0	2.660974E-1
2.608887E1	4.281581E0	2.796653E-1
2.612219E1	4.340475E0	2.941811E-1
2.615551E1	4.364259E0	3.090821E-1
2.618883E1	4.371683E0	2.988155E-1
2.622215E1	4.378279E0	2.964343E-1
2.625547E1	4.369140E0	3.299332E-1
2.628879E1	4.328134E0	3.052173E-1
2.632211E1	4.327790E0	2.989497E-1
2.635543E1	4.364011E0	3.195922E-1
2.638874E1	4.424101E0	3.386685E-1
2.642206E1	4.493669E0	3.447550E-1
2.645538E1	4.563885E0	3.424893E-1
2.648870E1	4.627795E0	3.507606E-1
2.652202E1	4.704957E0	3.560120E-1
2.655534E1	4.782597E0	3.648651E-1
2.658866E1	4.810702E0	3.638998E-1
2.662198E1	4.818871E0	3.407078E-1
2.665530E1	4.839357E0	3.358514E-1
2.668862E1	4.853841E0	3.477219E-1
2.672194E1	4.878602E0	3.429133E-1
2.675525E1	4.925140E0	3.422984E-1
2.678857E1	5.000503E0	3.365178E-1
2.682189E1	5.093427E0	3.369958E-1
2.685521E1	5.156012E0	3.755427E-1
2.688853E1	5.153712E0	3.802880E-1
2.692185E1	5.179238E0	3.931846E-1
2.695517E1	5.288260E0	4.317551E-1
2.698849E1	5.416874E0	4.609855E-1
2.702181E1	5.473097E0	4.629859E-1
2.705513E1	5.524473E0	4.738256E-1
2.708845E1	5.648257E0	5.071970E-1
2.712176E1	5.757464E0	5.305532E-1
2.715508E1	5.770149E0	5.180557E-1
2.718840E1	5.829502E0	5.301415E-1
2.722172E1	5.868341E0	5.330367E-1
2.725504E1	5.867254E0	5.342316E-1
2.728836E1	5.894504E0	5.375307E-1
2.732168E1	5.908363E0	5.379228E-1
2.735500E1	5.902962E0	5.355204E-1
2.738832E1	5.905036E0	5.352421E-1
2.742164E1	5.907095E0	5.331410E-1
2.745496E1	5.919423E0	5.361800E-1
2.748828E1	5.846643E0	5.198085E-1
2.752159E1	5.602023E0	4.226608E-1
2.755491E1	5.255963E0	3.735270E-1
2.758823E1	4.762556E0	3.294344E-1
2.762155E1	4.371693E0	3.188808E-1
2.765487E1	4.272865E0	3.232963E-1
2.768819E1	4.267259E0	2.359283E-1
2.772151E1	4.310457E0	2.824786E-1
2.775483E1	4.275379E0	2.624191E-1
2.778815E1	4.274075E0	2.673333E-1
2.782147E1	4.323991E0	2.800111E-1
2.785479E1	4.284241E0	2.698063E-1
2.788810E1	4.298456E0	2.702573E-1
2.792142E1	4.420816E0	3.006283E-1
2.795474E1	4.441864E0	2.953718E-1
2.798806E1	4.500862E0	2.788241E-1
2.802138E1	4.649929E0	2.936483E-1
2.805470E1	4.707293E0	3.324508E-1
2.808802E1	4.750301E0	3.333436E-1
2.812134E1	4.820218E0	3.215494E-1
2.815466E1	4.843186E0	3.305992E-1
2.818798E1	4.850420E0	3.729253E-1
2.822130E1	4.871155E0	3.552342E-1
2.825461E1	4.879538E0	3.405844E-1
2.828793E1	4.833864E0	3.395647E-1
2.832125E1	4.846741E0	3.501002E-1
2.835457E1	4.875724E0	3.374871E-1
2.838789E1	4.918555E0	3.617895E-1
2.842121E1	4.973159E0	3.966015E-1
2.845453E1	5.035611E0	3.864798E-1
2.848785E1	5.073574E0	3.718085E-1
2.852117E1	5.104035E0	3.667241E-1
2.855449E1	5.101413E0	3.741261E-1
2.858781E1	5.097636E0	3.609385E-1
2.862113E1	5.147896E0	3.695773E-1
2.865444E1	5.218343E0	3.968669E-1
2.868776E1	5.295891E0	4.150805E-1
2.872108E1	5.365367E0	3.973863E-1
2.875440E1	5.461259E0	4.113658E-1
2.878772E1	5.516624E0	4.431509E-1
2.882104E1	5.578661E0	4.675017E-1
2.885436E1	5.606083E0	4.799968E-1
2.888768E1	5.592779E0	4.912084E-1
2.892100E1	5.644293E0	5.134593E-1
2.895432E1	5.683902E0	5.259946E-1
2.898764E1	5.767078E0	5.364896E-1
2.902095E1	5.946824E0	5.732675E-1
2.905427E1	6.074846E0	5.848433E-1
2.908759E1	6.112803E0	5.941883E-1
2.912091E1	6.207595E0	6.131497E-1
2.915423E1	6.238351E0	6.178472E-1
2.918755E1	6.278192E0	6.327314E-1
2.922087E1	6.353624E0	6.412629E-1
2.925419E1	6.404195E0	6.435009E-1
2.928751E1	6.416925E0	6.437655E-1
2.932083E1	6.412619E0	6.487893E-1
2.935415E1	6.410831E0	6.467651E-1
2.938747E1	6.400957E0	6.447633E-1
2.942078E1	6.409995E0	6.403119E-1
2.945410E1	6.407738E0	6.397295E-1
2.948742E1	6.344355E0	6.259469E-1
2.952074E1	6.169611E0	5.746625E-1
2.955406E1	5.787230E0	4.900101E-1
2.958738E1	5.334664E0	4.227501E-1
2.962070E1	4.933357E0	3.828169E-1
2.965402E1	4.888474E0	3.743655E-1
2.968734E1	4.897362E0	3.382917E-1
2.972066E1	4.904722E0	3.545376E-1
2.975398E1	4.916014E0	3.421392E-1
2.978729E1	4.902799E0	3.363533E-1
2.982061E1	4.911493E0	3.314205E-1
2.985393E1	4.882229E0	2.918352E-1
2.988725E1	4.893505E0	2.845560E-1
2.992057E1	4.967215E0	3.024424E-1
2.995389E1	4.984006E0	2.975989E-1
2.998721E1	4.979475E0	2.884654E-1
3.002053E1	4.986187E0	2.872523E-1
3.005385E1	4.994249E0	2.824575E-1
3.008717E1	5.092760E0	3.079659E-1
3.012049E1	5.192432E0	3.388626E-1
3.015380E1	5.308426E0	3.674550E-1
3.018712E1	5.312233E0	3.599275E-1
3.022044E1	5.269913E0	3.438373E-1
3.025376E1	5.211495E0	3.256692E-1
3.028708E1	5.177186E0	3.150405E-1
3.032040E1	5.201849E0	3.107886E-1
3.035372E1	5.243519E0	3.410379E-1
3.038704E1	5.301474E0	3.607393E-1
3.042036E1	5.350471E0	3.796078E-1
3.045368E1	5.400833E0	3.886896E-1
3.048700E1	5.444762E0	3.897806E-1
3.052032E1	5.504355E0	3.850156E-1
3.055363E1	5.523488E0	3.649908E-1
3.058695E1	5.533051E0	3.644355E-1
3.062027E1	5.560576E0	3.735648E-1
3.065359E1	5.622036E0	3.875195E-1
3.068691E1	5.707769E0	4.055983E-1
3.072023E1	5.785580E0	4.261217E-1
3.075355E1	5.866099E0	4.346792E-1
3.078687E1	5.932211E0	4.386973E-1
3.082019E1	5.973441E0	4.609611E-1
3.085351E1	5.993131E0	4.832283E-1
3.088683E1	6.003424E0	4.837743E-1
3.092014E1	6.064579E0	4.960963E-1
3.095346E1	6.162846E0	5.263017E-1
3.098678E1	6.242206E0	5.466240E-1
3.102010E1	6.286186E0	5.518576E-1
3.105342E1	6.379350E0	5.522872E-1
3.108674E1	6.511538E0	5.709485E-1
3.112006E1	6.624799E0	5.874482E-1
3.115338E1	6.646479E0	5.854813E-1
3.118670E1	6.674895E0	5.948728E-1
3.122002E1	6.755262E0	6.087789E-1
3.125334E1	6.791762E0	6.305022E-1
3.128666E1	6.801812E0	6.290352E-1
3.131997E1	6.795693E0	6.304465E-1
3.135329E1	6.793069E0	6.311782E-1
3.138661E1	6.790332E0	6.320340E-1
3.141993E1	6.789130E0	6.321537E-1
3.145325E1	6.786854E0	6.323004E-1
3.148657E1	6.745820E0	6.200742E-1
3.151989E1	6.656733E0	6.010804E-1
3.155321E1	6.356976E0	4.940702E-1
3.158653E1	5.957699E0	4.150835E-1
3.161985E1	5.444909E0	3.185553E-1
3.165317E1	5.194396E0	2.723508E-1
3.168648E1	5.150682E0	2.321576E-1
3.171980E1	5.161534E0	2.347900E-1
3.175312E1	5.155191E0	2.283117E-1
3.178644E1	5.150803E0	2.248140E-1
3.181976E1	5.149352E0	2.215007E-1
3.185308E1	5.146491E0	2.197887E-1
3.188640E1	5.153945E0	2.093976E-1
3.191972E1	5.210885E0	2.029273E-1
3.195304E1	5.261562E0	2.052607E-1
3.198636E1	5.307847E0	2.179769E-1
3.201968E1	5.367393E0	2.256461E-1
3.205299E1	5.413020E0	2.237957E-1
3.208631E1	5.469723E0	2.472533E-1
3.211963E1	5.523228E0	2.699053E-1
3.215295E1	5.599122E0	2.792604E-1
3.218627E1	5.678351E0	3.059418E-1
3.221959E1	5.692487E0	3.078868E-1
3.225291E1	5.656282E0	2.975994E-1
3.228623E1	5.585265E0	2.758290E-1
3.231955E1	5.586673E0	2.710352E-1
3.235287E1	5.628903E0	2.914396E-1
3.238619E1	5.670287E0	3.110681E-1
3.241951E1	5.690552E0	3.118971E-1
3.245282E1	5.711880E0	3.153928E-1
3.248614E1	5.736433E0	3.286780E-1
3.251946E1	5.788322E0	3.305147E-1
3.255278E1	5.856290E0	3.355188E-1
3.258610E1	5.957644E0	3.514052E-1
3.261942E1	6.032266E0	3.734581E-1
3.265274E1	6.073670E0	3.824411E-1
3.268606E1	6.105452E0	3.826916E-1
3.271938E1	6.169097E0	3.772120E-1
3.275270E1	6.244561E0	3.741011E-1
3.278602E1	6.331647E0	4.062709E-1
3.281933E1	6.385647E0	4.460273E-1
3.285265E1	6.416547E0	4.508673E-1
3.288597E1	6.413938E0	4.589712E-1
3.291929E1	6.463082E0	4.760263E-1
3.295261E1	6.551765E0	5.067330E-1
3.298593E1	6.632550E0	5.297027E-1
3.301925E1	6.679925E0	5.357170E-1
3.305257E1	6.721403E0	5.405303E-1
3.308589E1	6.762867E0	5.379404E-1
3.311921E1	6.911787E0	5.529312E-1
3.315253E1	7.115477E0	5.913202E-1
3.318584E1	7.134318E0	5.844741E-1
3.321916E1	7.146163E0	5.942951E-1
3.325248E1	7.211740E0	6.024750E-1
3.328580E1	7.235985E0	6.005321E-1
3.331912E1	7.231036E0	5.937834E-1
3.335244E1	7.229164E0	5.890424E-1
3.338576E1	7.227568E0	5.860814E-1
3.341908E1	7.226306E0	5.836891E-1
3.345240E1	7.225763E0	5.819815E-1
3.348572E1	7.211023E0	5.796192E-1
3.351904E1	7.108165E0	5.529466E-1
3.355236E1	6.776199E0	4.528987E-1
3.358567E1	6.362914E0	3.463458E-1
3.361899E1	5.872447E0	3.092317E-1
3.365231E1	5.642050E0	3.210662E-1
3.368563E1	5.641398E0	2.687843E-1
3.371895E1	5.644821E0	2.352074E-1
3.375227E1	5.642652E0	2.313565E-1
3.378559E1	5.642337E0	2.292617E-1
3.381891E1	5.635116E0	2.283102E-1
3.385223E1	5.635082E0	2.247141E-1
3.388555E1	5.638724E0	2.208464E-1
3.391887E1	5.727900E0	2.522129E-1
3.395218E1	5.801212E0	2.626324E-1
3.398550E1	5.849079E0	2.666613E-1
3.401882E1	5.898976E0	2.777803E-1
3.405214E1	5.955740E0	2.893395E-1
3.408546E1	5.990925E0	2.856642E-1
3.411878E1	6.047255E0	3.033595E-1
3.415210E1	6.073087E0	3.197161E-1
3.418542E1	6.057561E0	3.369846E-1
3.421874E1	6.020025E0	3.152719E-1
3.425206E1	5.971310E0	2.697847E-1
3.428538E1	5.979908E0	2.589219E-1
3.431870E1	6.015176E0	2.943318E-1
3.435201E1	6.054528E0	3.231848E-1
3.438533E1	6.110554E0	3.300512E-1
3.441865E1	6.159882E0	3.289315E-1
3.445197E1	6.198886E0	3.207643E-1
3.448529E1	6.224645E0	3.208336E-1
3.451861E1	6.244297E0	3.112789E-1
3.455193E1	6.246659E0	3.034642E-1
3.458525E1	6.299584E0	2.988312E-1
3.461857E1	6.376317E0	3.290777E-1
3.465189E1	6.458354E0	3.453623E-1
3.468521E1	6.512195E0	3.610333E-1
3.471852E1	6.569198E0	3.659251E-1
3.475184E1	6.633420E0	3.748404E-1
3.478516E1	6.692987E0	3.874113E-1
3.481848E1	6.758886E0	4.048947E-1
3.485180E1	6.808375E0	4.187724E-1
3.488512E1	6.834426E0	4.501363E-1
3.491844E1	6.891339E0	4.667201E-1
3.495176E1	6.950201E0	4.792371E-1
3.498508E1	7.017075E0	5.028420E-1
3.501840E1	7.101460E0	5.272111E-1
3.505172E1	7.120718E0	5.345467E-1
3.508503E1	7.119909E0	5.305745E-1
3.511835E1	7.267488E0	5.470214E-1
3.515167E1	7.525177E0	5.951326E-1
3.518499E1	7.594940E0	5.836904E-1
3.521831E1	7.550807E0	5.699967E-1
3.525163E1	7.616063E0	5.817700E-1
3.528495E1	7.675547E0	5.998733E-1
3.531827E1	7.667977E0	6.067247E-1
3.535159E1	7.664808E0	6.114955E-1
3.538491E1	7.662269E0	6.143140E-1
3.541823E1	7.660785E0	6.169801E-1
3.545155E1	7.659746E0	6.184830E-1
3.548486E1	7.610825E0	6.081614E-1
3.551818E1	7.436173E0	5.465273E-1
3.555150E1	7.069175E0	4.664014E-1
3.558482E1	6.569112E0	3.559680E-1
3.561814E1	6.078036E0	3.222082E-1
3.565146E1	5.901781E0	3.000190E-1
3.568478E1	5.909140E0	2.392347E-1
3.571810E1	5.932901E0	2.520969E-1
3.575142E1	5.926793E0	2.532477E-1
3.578474E1	5.923184E0	2.550075E-1
3.581806E1	5.920079E0	2.549574E-1
3.585137E1	5.916453E0	2.562729E-1
3.588469E1	5.920453E0	2.556361E-1
3.591801E1	5.970303E0	2.541879E-1
3.595133E1	5.993727E0	2.531192E-1
3.598465E1	6.019714E0	2.454448E-1
3.601797E1	6.063375E0	2.635088E-1
3.605129E1	6.073649E0	2.579369E-1
3.608461E1	6.116913E0	2.847083E-1
3.611793E1	6.164807E0	3.097171E-1
3.615125E1	6.168797E0	3.071964E-1
3.618457E1	6.120076E0	2.765407E-1
3.621789E1	6.110717E0	2.760308E-1
3.625120E1	6.144008E0	2.961144E-1
3.628452E1	6.190550E0	3.126208E-1
3.631784E1	6.229753E0	3.248354E-1
3.635116E1	6.281684E0	3.419312E-1
3.638448E1	6.321601E0	3.711163E-1
3.641780E1	6.368080E0	3.713308E-1
3.645112E1	6.400932E0	3.855234E-1
3.648444E1	6.454427E0	3.815650E-1
3.651776E1	6.507586E0	3.888180E-1
3.655108E1	6.573695E0	3.782963E-1
3.658440E1	6.621485E0	3.683885E-1
3.661771E1	6.660143E0	3.717611E-1
3.665103E1	6.663750E0	3.702425E-1
3.668435E1	6.694103E0	3.770454E-1
3.671767E1	6.737294E0	3.688469E-1
3.675099E1	6.826282E0	3.889453E-1
3.678431E1	6.910261E0	4.053641E-1
3.681763E1	6.960641E0	4.216756E-1
3.685095E1	7.000933E0	4.334310E-1
3.688427E1	7.046373E0	4.530208E-1
3.691759E1	7.063271E0	4.634689E-1
3.695091E1	7.132503E0	4.726914E-1
3.698422E1	7.263495E0	5.094431E-1
3.701754E1	7.350631E0	5.440831E-1
3.705086E1	7.386899E0	5.541402E-1
3.708418E1	7.488004E0	5.749447E-1
3.711750E1	7.618107E0	6.089596E-1
3.715082E1	7.652331E0	6.114418E-1
3.718414E1	7.708587E0	5.954321E-1
3.721746E1	7.780168E0	5.960473E-1
3.725078E1	7.843880E0	6.155222E-1
3.728410E1	7.857072E0	6.197782E-1
3.731742E1	7.861002E0	6.196741E-1
3.735074E1	7.867761E0	6.202397E-1
3.738405E1	7.868566E0	6.206232E-1
3.741737E1	7.871149E0	6.205032E-1
3.745069E1	7.871826E0	6.204719E-1
3.748401E1	7.825075E0	6.086415E-1
3.751733E1	7.677751E0	5.640043E-1
3.755065E1	7.288125E0	4.350864E-1
3.758397E1	6.813075E0	2.945911E-1
3.761729E1	6.357380E0	2.680780E-1
3.765061E1	6.239800E0	2.894781E-1
3.768393E1	6.246897E0	2.072959E-1
3.771725E1	6.270488E0	2.081644E-1
3.775056E1	6.284243E0	2.144295E-1
3.778388E1	6.285939E0	2.127359E-1
3.781720E1	6.287609E0	2.109523E-1
3.785052E1	6.280509E0	2.020254E-1
3.788384E1	6.299111E0	2.058973E-1
3.791716E1	6.346438E0	2.079483E-1
3.795048E1	6.346086E0	2.047222E-1
3.798380E1	6.354909E0	1.920688E-1
3.801712E1	6.408944E0	2.141561E-1
3.805044E1	6.462608E0	2.120373E-1
3.808376E1	6.529333E0	2.357656E-1
3.811707E1	6.557203E0	2.407085E-1
3.815039E1	6.559635E0	2.473362E-1
3.818371E1	6.534254E0	2.542542E-1
3.821703E1	6.514377E0	2.556703E-1
3.825035E1	6.517820E0	2.585244E-1
3.828367E1	6.552928E0	2.735549E-1
3.831699E1	6.580134E0	2.695730E-1
3.835031E1	6.620694E0	2.911201E-1
3.838363E1	6.673451E0	3.122406E-1
3.841695E1	6.730058E0	3.219502E-1
3.845027E1	6.784125E0	3.262722E-1
3.848359E1	6.837000E0	3.345177E-1
3.851690E1	6.911334E0	3.366410E-1
3.855022E1	6.949802E0	3.489579E-1
3.858354E1	6.967976E0	3.424324E-1
3.861686E1	6.984495E0	3.448527E-1
3.865018E1	6.994971E0	3.491749E-1
3.868350E1	7.004322E0	3.502286E-1
3.871682E1	7.053178E0	3.546966E-1
3.875014E1	7.106675E0	3.538195E-1
3.878346E1	7.156261E0	3.643809E-1
3.881678E1	7.219486E0	3.838222E-1
3.885010E1	7.290997E0	3.997038E-1
3.888341E1	7.340903E0	4.242163E-1
3.891673E1	7.342284E0	4.199120E-1
3.895005E1	7.428204E0	4.449820E-1
3.898337E1	7.567877E0	4.966068E-1
3.901669E1	7.666481E0	5.369405E-1
3.905001E1	7.709713E0	5.308393E-1
3.908333E1	7.804134E0	5.310316E-1
3.911665E1	7.936176E0	5.548645E-1
3.914997E1	7.965057E0	5.490786E-1
3.918329E1	8.000484E0	5.418174E-1
3.921661E1	8.075783E0	5.596374E-1
3.924993E1	8.168897E0	6.003398E-1
3.928324E1	8.166215E0	6.065560E-1
3.931656E1	8.152337E0	6.065373E-1
3.934988E1	8.162673E0	6.114180E-1
3.938320E1	8.155359E0	6.124096E-1
3.941652E1	8.155757E0	6.131942E-1
3.944984E1	8.153861E0	6.137780E-1
3.948316E1	8.103429E0	6.025917E-1
3.951648E1	7.926619E0	5.668265E-1
3.954980E1	7.544369E0	4.575101E-1
3.958312E1	7.050482E0	3.162818E-1
3.961644E1	6.604044E0	2.938209E-1
3.964975E1	6.476449E0	3.012906E-1
3.968307E1	6.503610E0	2.561021E-1
3.971639E1	6.522824E0	2.583780E-1
3.974971E1	6.522003E0	2.554014E-1
3.978303E1	6.519508E0	2.549137E-1
3.981635E1	6.517132E0	2.546748E-1
3.984967E1	6.515739E0	2.542305E-1
3.988299E1	6.515480E0	2.530704E-1
3.991631E1	6.553968E0	2.564514E-1
3.994963E1	6.565454E0	2.422363E-1
3.998295E1	6.598533E0	2.529045E-1
4.001626E1	6.669470E0	2.640539E-1
4.004958E1	6.727885E0	2.693480E-1
4.008290E1	6.812748E0	3.018363E-1
4.011622E1	6.857318E0	3.009835E-1
4.014954E1	6.884284E0	3.130858E-1
4.018286E1	6.885919E0	3.268074E-1
4.021618E1	6.856973E0	3.190906E-1
4.024950E1	6.829068E0	3.027933E-1
4.028282E1	6.837620E0	2.906059E-1
4.031614E1	6.874198E0	3.155550E-1
4.034946E1	6.934857E0	3.477795E-1
4.038278E1	6.981613E0	3.690711E-1
4.041609E1	7.014926E0	3.655530E-1
4.044941E1	7.057704E0	3.864647E-1
4.048273E1	7.125751E0	3.926778E-1
4.051605E1	7.176581E0	3.950724E-1
4.054937E1	7.219579E0	3.902730E-1
4.058269E1	7.252433E0	4.022541E-1
4.061601E1	7.282092E0	4.000202E-1
4.064933E1	7.304145E0	4.100380E-1
4.068265E1	7.365563E0	4.163025E-1
4.071597E1	7.441737E0	4.228261E-1
4.074929E1	7.540962E0	4.454950E-1
4.078260E1	7.613843E0	4.671859E-1
4.081592E1	7.657092E0	4.995638E-1
4.084924E1	7.660128E0	5.068948E-1
4.088256E1	7.683265E0	5.157866E-1
4.091588E1	7.706453E0	5.297842E-1
4.094920E1	7.752321E0	5.420012E-1
4.098252E1	7.857542E0	5.705807E-1
4.101584E1	8.003001E0	6.051020E-1
4.104916E1	8.092449E0	6.313617E-1
4.108248E1	8.152358E0	6.520920E-1
4.111580E1	8.228548E0	6.755363E-1
4.114911E1	8.267436E0	6.855328E-1
4.118243E1	8.331988E0	6.819849E-1
4.121575E1	8.411349E0	6.819496E-1
4.124907E1	8.474047E0	6.946198E-1
4.128239E1	8.495065E0	6.882502E-1
4.131571E1	8.482488E0	6.816746E-1
4.134903E1	8.485803E0	6.782543E-1
4.138235E1	8.482499E0	6.756466E-1
4.141567E1	8.482428E0	6.742635E-1
4.144899E1	8.480483E0	6.729182E-1
4.148231E1	8.426981E0	6.595351E-1
4.151563E1	8.269294E0	6.178904E-1
4.154894E1	7.885897E0	4.951381E-1
4.158226E1	7.361140E0	3.546395E-1
4.161558E1	6.813693E0	2.556288E-1
4.164890E1	6.557639E0	2.632145E-1
4.168222E1	6.557393E0	2.399116E-1
4.171554E1	6.620196E0	2.540894E-1
4.174886E1	6.642473E0	2.479246E-1
4.178218E1	6.645671E0	2.575513E-1
4.181550E1	6.655501E0	2.570253E-1
4.184882E1	6.659739E0	2.564029E-1
4.188214E1	6.675333E0	2.582070E-1
4.191545E1	6.709278E0	2.640203E-1
4.194877E1	6.730773E0	2.431955E-1
4.198209E1	6.729894E0	2.465300E-1
4.201541E1	6.729763E0	2.489670E-1
4.204873E1	6.766447E0	2.689089E-1
4.208205E1	6.881046E0	3.246222E-1
4.211537E1	7.009227E0	3.600697E-1
4.214869E1	7.096066E0	3.894563E-1
4.218201E1	7.113686E0	4.041861E-1
4.221533E1	7.110341E0	4.052841E-1
4.224865E1	7.111248E0	3.927590E-1
4.228197E1	7.066637E0	3.436422E-1
4.231528E1	7.068964E0	3.387742E-1
4.234860E1	7.080715E0	3.510744E-1
4.238192E1	7.094187E0	3.683306E-1
4.241524E1	7.099901E0	3.708135E-1
4.244856E1	7.101893E0	3.664777E-1
4.248188E1	7.103849E0	3.641662E-1
4.251520E1	7.111175E0	3.714382E-1
4.254852E1	7.132480E0	3.699776E-1
4.258184E1	7.170589E0	3.782256E-1
4.261516E1	7.211444E0	3.723589E-1
4.264848E1	7.215133E0	3.660990E-1
4.268179E1	7.217104E0	3.632319E-1
4.271511E1	7.245589E0	3.668589E-1
4.274843E1	7.280552E0	3.660072E-1
4.278175E1	7.380387E0	3.945661E-1
4.281507E1	7.464327E0	4.217608E-1
4.284839E1	7.492541E0	4.330494E-1
4.288171E1	7.516162E0	4.217451E-1
4.291503E1	7.541214E0	4.326791E-1
4.294835E1	7.620634E0	4.493247E-1
4.298167E1	7.752034E0	4.971297E-1
4.301499E1	7.816887E0	5.182444E-1
4.304830E1	7.843192E0	5.211024E-1
4.308162E1	7.935198E0	5.449923E-1
4.311494E1	8.092746E0	5.856630E-1
4.314826E1	8.156638E0	5.833757E-1
4.318158E1	8.161701E0	5.769755E-1
4.321490E1	8.258744E0	5.901891E-1
4.324822E1	8.338516E0	6.042756E-1
4.328154E1	8.329588E0	6.083048E-1
4.331486E1	8.325995E0	6.104028E-1
4.334818E1	8.323760E0	6.117387E-1
4.338150E1	8.322525E0	6.126601E-1
4.341482E1	8.321518E0	6.138203E-1
4.344813E1	8.320029E0	6.140702E-1
4.348145E1	8.273198E0	6.059039E-1
4.351477E1	8.110992E0	5.463524E-1
4.354809E1	7.761920E0	4.322724E-1
4.358141E1	7.277642E0	2.965507E-1
4.361473E1	6.804444E0	3.142559E-1
4.364805E1	6.592522E0	3.273257E-1
4.368137E1	6.576905E0	2.461678E-1
4.371469E1	6.588834E0	2.519725E-1
4.374801E1	6.582833E0	2.536284E-1
4.378133E1	6.583380E0	2.542553E-1
4.381464E1	6.577546E0	2.547603E-1
4.384796E1	6.570174E0	2.503118E-1
4.388128E1	6.582871E0	2.328465E-1
4.391460E1	6.661066E0	2.622695E-1
4.394792E1	6.719475E0	2.963967E-1
4.398124E1	6.757295E0	3.082867E-1
4.401456E1	6.849392E0	3.152120E-1
4.404788E1	6.934768E0	3.510621E-1
4.408120E1	6.988372E0	3.733127E-1
4.411452E1	7.026823E0	3.642191E-1
4.414784E1	7.024281E0	3.628971E-1
4.418116E1	7.004635E0	3.763887E-1
4.421447E1	6.963961E0	3.511061E-1
4.424779E1	6.898247E0	3.038196E-1
4.428111E1	6.891355E0	2.930911E-1
4.431443E1	6.912845E0	3.086424E-1
4.434775E1	6.962044E0	3.461310E-1
4.438107E1	7.008658E0	3.673584E-1
4.441439E1	7.076746E0	3.867782E-1
4.444771E1	7.119752E0	4.074552E-1
4.448103E1	7.161616E0	4.158618E-1
4.451435E1	7.185221E0	4.113887E-1
4.454767E1	7.214215E0	4.194199E-1
4.458098E1	7.267238E0	4.278346E-1
4.461430E1	7.321932E0	4.454473E-1
4.464762E1	7.378772E0	4.659698E-1
4.468094E1	7.446434E0	4.864973E-1
4.471426E1	7.512416E0	5.022458E-1
4.474758E1	7.549601E0	5.210369E-1
4.478090E1	7.562528E0	5.304397E-1
4.481422E1	7.589733E0	5.510243E-1
4.484754E1	7.638850E0	5.618508E-1
4.488086E1	7.703229E0	5.645945E-1
4.491418E1	7.745647E0	5.751086E-1
4.494749E1	7.796747E0	5.823997E-1
4.498081E1	7.928645E0	6.156694E-1
4.501413E1	8.052732E0	6.631307E-1
4.504745E1	8.116874E0	6.800798E-1
4.508077E1	8.199803E0	6.977119E-1
4.511409E1	8.302525E0	7.192386E-1
4.514741E1	8.318768E0	7.195604E-1
4.518073E1	8.379549E0	7.235902E-1
4.521405E1	8.459667E0	7.473336E-1
4.524737E1	8.531226E0	7.523072E-1
4.528069E1	8.540415E0	7.579953E-1
4.531401E1	8.539693E0	7.626290E-1
4.534732E1	8.539481E0	7.658572E-1
4.538064E1	8.539687E0	7.680508E-1
4.541396E1	8.539499E0	7.693610E-1
4.544728E1	8.538525E0	7.703247E-1
4.548060E1	8.492076E0	7.589431E-1
4.551392E1	8.334232E0	6.987404E-1
4.554724E1	7.970523E0	5.747220E-1
4.558056E1	7.520630E0	4.600872E-1
4.561388E1	7.026971E0	3.659522E-1
4.564720E1	6.854838E0	3.704492E-1
4.568052E1	6.851634E0	3.046107E-1
4.571383E1	6.866151E0	3.105468E-1
4.574715E1	6.880303E0	3.132155E-1
4.578047E1	6.885078E0	3.115421E-1
4.581379E1	6.888510E0	3.098455E-1
4.584711E1	6.889815E0	3.091069E-1
4.588043E1	6.890620E0	3.079474E-1
4.591375E1	6.932579E0	3.163122E-1
4.594707E1	7.013634E0	3.424175E-1
4.598039E1	7.098577E0	3.565235E-1
4.601371E1	7.151416E0	3.764800E-1
4.604703E1	7.186978E0	3.568653E-1
4.608034E1	7.237214E0	3.684321E-1
4.611366E1	7.279213E0	3.772263E-1
4.614698E1	7.313481E0	3.751624E-1
4.618030E1	7.344267E0	3.921139E-1
4.621362E1	7.328452E0	4.111570E-1
4.624694E1	7.299469E0	4.074190E-1
4.628026E1	7.291900E0	4.061479E-1
4.631358E1	7.316535E0	4.124333E-1
4.634690E1	7.332941E0	4.317950E-1
4.638022E1	7.385993E0	4.567117E-1
4.641354E1	7.424285E0	4.637360E-1
4.644686E1	7.472776E0	4.729777E-1
4.648017E1	7.526489E0	4.868405E-1
4.651349E1	7.606845E0	5.006394E-1
4.654681E1	7.672000E0	5.184546E-1
4.658013E1	7.722054E0	5.168010E-1
4.661345E1	7.753429E0	5.195942E-1
4.664677E1	7.768320E0	5.241058E-1
4.668009E1	7.777872E0	5.343716E-1
4.671341E1	7.775967E0	5.521103E-1
4.674673E1	7.788249E0	5.535330E-1
4.678005E1	7.799705E0	5.537872E-1
4.681337E1	7.834225E0	5.565175E-1
4.684668E1	7.886201E0	5.800115E-1
4.688000E1	7.960575E0	6.099799E-1
4.691332E1	8.022733E0	6.246828E-1
4.694664E1	8.028299E0	6.247830E-1
4.697996E1	8.099579E0	6.345244E-1
4.701328E1	8.207754E0	6.594331E-1
4.704660E1	8.290922E0	6.805697E-1
4.707992E1	8.384539E0	7.025761E-1
4.711324E1	8.491651E0	7.413321E-1
4.714656E1	8.554725E0	7.529301E-1
4.717988E1	8.557887E0	7.662927E-1
4.721320E1	8.618591E0	7.779459E-1
4.724651E1	8.733427E0	7.871556E-1
4.727983E1	8.776712E0	7.870714E-1
4.731315E1	8.749701E0	7.769606E-1
4.734647E1	8.765442E0	7.813138E-1
4.737979E1	8.753655E0	7.762955E-1
4.741311E1	8.758052E0	7.770865E-1
4.744643E1	8.756455E0	7.758097E-1
4.747975E1	8.708226E0	7.647712E-1
4.751307E1	8.561954E0	7.178926E-1
4.754639E1	8.237999E0	6.047002E-1
4.757971E1	7.790545E0	4.461875E-1
4.761302E1	7.326680E0	3.574571E-1
4.764634E1	7.177227E0	3.513423E-1
4.767966E1	7.184602E0	3.004434E-1
4.771298E1	7.200068E0	2.973278E-1
4.774630E1	7.207930E0	2.995373E-1
4.777962E1	7.210685E0	3.009665E-1
4.781294E1	7.210910E0	3.022013E-1
4.784626E1	7.212879E0	3.019333E-1
4.787958E1	7.215458E0	3.016337E-1
4.791290E1	7.307501E0	3.434693E-1
4.794622E1	7.381174E0	3.563001E-1
4.797953E1	7.383683E0	3.560306E-1
4.801285E1	7.402928E0	3.515853E-1
4.804617E1	7.492364E0	3.612724E-1
4.807949E1	7.634773E0	4.192387E-1
4.811281E1	7.726837E0	4.382591E-1
4.814613E1	7.725860E0	4.205732E-1
4.817945E1	7.712068E0	4.208302E-1
4.821277E1	7.662905E0	4.263258E-1
4.824609E1	7.616699E0	3.895177E-1
4.827941E1	7.591429E0	3.625474E-1
4.831273E1	7.618513E0	3.825125E-1
4.834605E1	7.631866E0	4.096949E-1
4.837936E1	7.658119E0	4.143854E-1
4.841268E1	7.676541E0	4.171009E-1
4.844600E1	7.726552E0	4.460090E-1
4.847932E1	7.759475E0	4.776053E-1
4.851264E1	7.807081E0	4.737517E-1
4.854596E1	7.843272E0	4.567787E-1
4.857928E1	7.873695E0	4.716846E-1
4.861260E1	7.913929E0	4.978193E-1
4.864592E1	7.949167E0	5.096250E-1
4.867924E1	7.998380E0	5.208270E-1
4.871256E1	8.074872E0	5.563159E-1
4.874587E1	8.142248E0	5.812956E-1
4.877919E1	8.191899E0	6.122370E-1
4.881251E1	8.197277E0	6.148841E-1
4.884583E1	8.208449E0	6.105704E-1
4.887915E1	8.252620E0	6.170777E-1
4.891247E1	8.294323E0	6.394890E-1
4.894579E1	8.306435E0	6.340000E-1
4.897911E1	8.343669E0	6.314891E-1
4.901243E1	8.518532E0	6.690854E-1
4.904575E1	8.713693E0	7.207048E-1
4.907907E1	8.850398E0	7.650321E-1
4.911239E1	8.855402E0	7.679271E-1
4.914570E1	8.877840E0	7.718971E-1
4.917902E1	8.955092E0	7.930557E-1
4.921234E1	9.058477E0	8.016659E-1
4.924566E1	9.077628E0	7.897219E-1
4.927898E1	9.094121E0	7.920948E-1
4.931230E1	9.112781E0	8.069446E-1
4.934562E1	9.100072E0	7.937409E-1
4.937894E1	9.097771E0	7.870637E-1
4.941226E1	9.092044E0	7.835306E-1
4.944558E1	9.088745E0	7.807576E-1
4.947890E1	9.044300E0	7.663468E-1
4.951221E1	8.886199E0	7.099352E-1
4.954553E1	8.570864E0	5.994363E-1
4.957885E1	8.133005E0	4.771872E-1
4.961217E1	7.677740E0	3.485428E-1
4.964549E1	7.496467E0	3.584406E-1
4.967881E1	7.500781E0	2.994912E-1
4.971213E1	7.525613E0	3.013495E-1
4.974545E1	7.524052E0	3.079915E-1
4.977877E1	7.534557E0	3.041866E-1
4.981209E1	7.538518E0	3.018861E-1
4.984541E1	7.540578E0	2.993433E-1
4.987872E1	7.554867E0	3.050532E-1
4.991204E1	7.607016E0	3.237169E-1
4.994536E1	7.625923E0	3.094516E-1
4.997868E1	7.621621E0	2.962961E-1
5.001200E1	7.682021E0	3.026230E-1
5.004532E1	7.804158E0	3.551659E-1
5.007864E1	7.897196E0	3.817233E-1
5.011196E1	7.926593E0	3.901785E-1
5.014528E1	7.939769E0	3.935153E-1
