	mass A		
t	x	y	
0.000000E0	1.556748E-1	1.290312E-1
3.331913E-2	-1.205199E-1	1.390029E-1
6.663826E-2	-1.006066E-1	1.368364E-1
9.995738E-2	-1.887140E-2	9.574588E-2
1.332765E-1	1.187894E-1	8.948564E-2
1.665956E-1	2.725774E-1	8.914432E-2
1.999148E-1	3.936214E-1	6.559143E-2
2.332339E-1	4.683153E-1	5.728812E-2
2.665530E-1	5.221338E-1	4.337309E-2
2.998722E-1	4.782733E-1	-1.857326E-2
3.331913E-1	4.924911E-1	-4.451827E-2
3.665104E-1	5.287800E-1	-7.252714E-2
3.998295E-1	5.866988E-1	-9.922636E-2
4.331487E-1	6.612635E-1	-1.121287E-1
4.664678E-1	7.615777E-1	-1.039444E-1
4.997869E-1	9.077350E-1	-9.943526E-2
5.331061E-1	1.079464E0	-7.688822E-2
5.664252E-1	1.250443E0	-3.332594E-2
5.997443E-1	1.416485E0	3.133150E-2
6.330634E-1	1.597861E0	8.608012E-2
6.663826E-1	1.579268E0	9.900724E-2
6.997017E-1	1.566654E0	8.025087E-2
7.330208E-1	1.525310E0	7.634321E-2
7.663400E-1	1.373851E0	1.263912E-1
7.996591E-1	1.106678E0	1.987692E-1
8.329782E-1	8.354437E-1	2.507738E-1
8.662973E-1	7.347379E-1	2.828292E-1
8.996165E-1	7.778585E-1	2.863790E-1
9.329356E-1	8.030458E-1	2.937521E-1
9.662547E-1	9.092877E-1	2.478063E-1
9.995738E-1	1.097561E0	2.590189E-1
1.032893E0	1.285544E0	3.143748E-1
1.066212E0	1.441036E0	3.417695E-1
1.099531E0	1.493917E0	3.503727E-1
1.132850E0	1.507913E0	3.414315E-1
1.166169E0	1.505605E0	3.445744E-1
1.199489E0	1.485384E0	3.410677E-1
1.232808E0	1.510992E0	3.522191E-1
1.266127E0	1.533641E0	3.453419E-1
1.299446E0	1.585551E0	3.290709E-1
1.332765E0	1.666984E0	3.293532E-1
1.366084E0	1.768870E0	3.367647E-1
1.399403E0	1.902562E0	3.413748E-1
1.432723E0	2.019167E0	3.509804E-1
1.466042E0	2.109050E0	3.535213E-1
1.499361E0	2.227315E0	3.590679E-1
1.532680E0	2.434555E0	3.897407E-1
1.565999E0	2.708044E0	4.444115E-1
1.599318E0	2.816932E0	4.328088E-1
1.632637E0	2.822015E0	4.297206E-1
1.665956E0	2.843023E0	4.442078E-1
1.699276E0	2.819776E0	4.418253E-1
1.732595E0	2.774170E0	4.363134E-1
1.765914E0	2.517466E0	3.909913E-1
1.799233E0	2.176113E0	3.909311E-1
1.832552E0	1.727290E0	3.977827E-1
1.865871E0	1.467449E0	3.674595E-1
1.899190E0	1.412900E0	3.256584E-1
1.932509E0	1.438949E0	3.168663E-1
1.965829E0	1.512985E0	2.737188E-1
1.999148E0	1.627035E0	2.886903E-1
2.032467E0	1.799840E0	3.400576E-1
2.065786E0	1.919840E0	3.446605E-1
2.099105E0	1.991678E0	3.446163E-1
2.132424E0	2.040172E0	3.424391E-1
2.165743E0	2.056885E0	3.537746E-1
2.199062E0	2.039687E0	3.630265E-1
2.232382E0	2.038558E0	3.412082E-1
2.265701E0	2.046501E0	3.156113E-1
2.299020E0	2.106752E0	3.073731E-1
2.332339E0	2.215516E0	3.299953E-1
2.365658E0	2.332604E0	3.503667E-1
2.398977E0	2.442780E0	3.577595E-1
2.432296E0	2.549171E0	3.571792E-1
2.465615E0	2.630855E0	3.707433E-1
2.498935E0	2.739841E0	3.819030E-1
2.532254E0	2.976951E0	4.275318E-1
2.565573E0	3.315092E0	4.818486E-1
2.598892E0	3.410068E0	4.696099E-1
2.632211E0	3.414186E0	4.632613E-1
2.665530E0	3.426735E0	4.624963E-1
2.698849E0	3.423656E0	4.605472E-1
2.732169E0	3.357270E0	4.507385E-1
2.765488E0	3.059564E0	3.679676E-1
2.798807E0	2.705295E0	3.410975E-1
2.832126E0	2.209793E0	3.187537E-1
2.865445E0	1.897637E0	2.828155E-1
2.898764E0	1.840410E0	2.618743E-1
2.932083E0	1.892311E0	2.428840E-1
2.965402E0	2.004752E0	2.464095E-1
2.998722E0	2.143318E0	2.791807E-1
3.032041E0	2.287547E0	2.973443E-1
3.065360E0	2.401365E0	2.875732E-1
3.098679E0	2.482879E0	2.955365E-1
3.131998E0	2.506576E0	2.990651E-1
3.165317E0	2.513164E0	3.072458E-1
3.198636E0	2.482203E0	3.033051E-1
3.231955E0	2.469104E0	2.930687E-1
3.265275E0	2.476811E0	2.944722E-1
3.298594E0	2.534015E0	2.877435E-1
3.331913E0	2.601021E0	2.869555E-1
3.365232E0	2.695659E0	2.925371E-1
3.398551E0	2.819413E0	3.114238E-1
3.431870E0	2.939408E0	3.223885E-1
3.465189E0	3.030839E0	3.457004E-1
3.498508E0	3.158736E0	3.686002E-1
3.531828E0	3.384484E0	4.114265E-1
3.565147E0	3.649374E0	4.391486E-1
3.598466E0	3.746422E0	3.996497E-1
3.631785E0	3.769960E0	4.009255E-1
3.665104E0	3.781735E0	4.125812E-1
3.698423E0	3.777232E0	4.055504E-1
3.731742E0	3.729747E0	3.946008E-1
3.765061E0	3.466298E0	3.524530E-1
3.798381E0	3.079254E0	3.167539E-1
3.831700E0	2.630592E0	2.789899E-1
3.865019E0	2.346785E0	2.534901E-1
3.898338E0	2.295008E0	2.122034E-1
3.931657E0	2.288105E0	2.005736E-1
3.964976E0	2.360421E0	1.756622E-1
3.998295E0	2.476750E0	1.763675E-1
4.031615E0	2.598377E0	2.257283E-1
4.064934E0	2.699708E0	2.194988E-1
4.098253E0	2.761716E0	2.158605E-1
4.131572E0	2.751156E0	2.306562E-1
4.164891E0	2.757441E0	2.401422E-1
4.198210E0	2.768114E0	2.435280E-1
4.231529E0	2.770503E0	2.334434E-1
4.264848E0	2.783732E0	1.957321E-1
4.298168E0	2.850421E0	1.775102E-1
4.331487E0	2.936537E0	1.766845E-1
4.364806E0	3.060400E0	1.849197E-1
4.398125E0	3.187628E0	2.058280E-1
4.431444E0	3.312134E0	2.268376E-1
4.464763E0	3.409960E0	2.514998E-1
4.498082E0	3.528202E0	2.725829E-1
4.531401E0	3.743466E0	3.246692E-1
4.564721E0	4.012468E0	3.614140E-1
4.598040E0	4.127529E0	3.411299E-1
4.631359E0	4.130672E0	3.390730E-1
4.664678E0	4.130219E0	3.418227E-1
4.697997E0	4.129766E0	3.430955E-1
4.731316E0	4.071171E0	3.384822E-1
4.764635E0	3.810924E0	2.790177E-1
4.797954E0	3.405519E0	2.217685E-1
4.831274E0	2.944062E0	1.805177E-1
4.864593E0	2.629261E0	1.765070E-1
4.897912E0	2.587190E0	1.403945E-1
4.931231E0	2.628844E0	1.271570E-1
4.964550E0	2.727720E0	1.288577E-1
4.997869E0	2.901025E0	1.452026E-1
5.031188E0	3.093249E0	1.970342E-1
5.064508E0	3.243020E0	2.290214E-1
5.097827E0	3.310940E0	2.373668E-1
5.131146E0	3.316609E0	2.290081E-1
5.164465E0	3.282127E0	1.923103E-1
5.197784E0	3.276113E0	1.885924E-1
5.231103E0	3.281057E0	1.927569E-1
5.264422E0	3.317568E0	1.978560E-1
5.297741E0	3.383599E0	1.924722E-1
5.331061E0	3.481537E0	1.975487E-1
5.364380E0	3.598380E0	2.070094E-1
5.397699E0	3.741883E0	2.313641E-1
5.431018E0	3.854363E0	2.546575E-1
5.464337E0	3.912942E0	2.639333E-1
5.497656E0	4.040401E0	2.811416E-1
5.530975E0	4.228395E0	3.247680E-1
5.564294E0	4.436516E0	3.664100E-1
5.597614E0	4.559526E0	3.431447E-1
5.630933E0	4.656167E0	3.553318E-1
5.664252E0	4.675395E0	3.547412E-1
5.697571E0	4.658131E0	3.517760E-1
5.730890E0	4.612685E0	3.416991E-1
5.764209E0	4.388824E0	3.003197E-1
5.797528E0	4.014226E0	2.319890E-1
5.830847E0	3.606123E0	1.810601E-1
5.864167E0	3.303808E0	1.479343E-1
5.897486E0	3.268165E0	1.143775E-1
5.930805E0	3.292433E0	1.192464E-1
5.964124E0	3.386377E0	1.246336E-1
5.997443E0	3.486532E0	1.448938E-1
6.030762E0	3.596402E0	1.772326E-1
6.064081E0	3.672271E0	1.999448E-1
6.097400E0	3.756112E0	2.227864E-1
6.130720E0	3.774051E0	2.381307E-1
6.164039E0	3.794128E0	2.491648E-1
6.197358E0	3.818017E0	2.532788E-1
6.230677E0	3.843157E0	2.599960E-1
6.263996E0	3.896292E0	2.503817E-1
6.297315E0	3.976288E0	2.415228E-1
6.330634E0	4.079922E0	2.502546E-1
6.363954E0	4.235630E0	2.699724E-1
6.397273E0	4.366714E0	3.045213E-1
6.430592E0	4.488339E0	3.396439E-1
6.463911E0	4.560840E0	3.526184E-1
6.497230E0	4.691373E0	3.779594E-1
6.530549E0	4.951678E0	4.319617E-1
6.563868E0	5.221774E0	4.669713E-1
6.597187E0	5.261584E0	4.453178E-1
6.630507E0	5.266030E0	4.490195E-1
6.663826E0	5.269989E0	4.550504E-1
6.697145E0	5.271027E0	4.551010E-1
6.730464E0	5.211356E0	4.430955E-1
6.763783E0	4.990266E0	3.894706E-1
6.797102E0	4.602957E0	2.919974E-1
6.830421E0	4.148087E0	1.683480E-1
6.863740E0	3.823711E0	8.612386E-2
6.897060E0	3.817765E0	5.540718E-2
6.930379E0	3.837584E0	7.690854E-2
6.963698E0	3.970177E0	1.079678E-1
6.997017E0	4.109308E0	1.408833E-1
7.030336E0	4.251595E0	1.809671E-1
7.063655E0	4.329210E0	1.865482E-1
7.096974E0	4.371581E0	1.367281E-1
7.130293E0	4.399231E0	1.211436E-1
7.163613E0	4.409333E0	1.410982E-1
7.196932E0	4.420490E0	1.610060E-1
7.230251E0	4.413759E0	1.668846E-1
7.263570E0	4.415849E0	1.609600E-1
7.296889E0	4.484888E0	1.810184E-1
7.330208E0	4.617742E0	2.227463E-1
7.363527E0	4.765618E0	2.776263E-1
7.396846E0	4.877868E0	3.069595E-1
7.430166E0	4.910829E0	3.010953E-1
7.463485E0	4.934353E0	3.127036E-1
7.496804E0	5.123403E0	3.438934E-1
7.530123E0	5.432657E0	4.085242E-1
7.563442E0	5.667219E0	4.313252E-1
7.596761E0	5.636710E0	4.119042E-1
7.630080E0	5.627713E0	4.110093E-1
7.663400E0	5.639523E0	4.088487E-1
7.696719E0	5.644425E0	4.064194E-1
7.730038E0	5.570113E0	3.921579E-1
7.763357E0	5.317639E0	3.066296E-1
7.796676E0	5.019306E0	2.201411E-1
7.829995E0	4.600011E0	1.399550E-1
7.863314E0	4.367345E0	7.086116E-2
7.896633E0	4.334478E0	6.931651E-2
7.929953E0	4.355252E0	6.679455E-2
7.963272E0	4.475348E0	7.514163E-2
7.996591E0	4.613737E0	1.182583E-1
8.029910E0	4.713514E0	1.522590E-1
8.063229E0	4.773500E0	1.414000E-1
8.096548E0	4.781325E0	1.122769E-1
8.129867E0	4.729791E0	7.942166E-2
8.163186E0	4.714686E0	8.792438E-2
8.196506E0	4.777031E0	1.239297E-1
8.229825E0	4.823592E0	1.397262E-1
8.263144E0	4.908072E0	1.290190E-1
8.296463E0	5.024528E0	1.224573E-1
8.329782E0	5.154143E0	1.415270E-1
8.363101E0	5.311388E0	1.811295E-1
8.396420E0	5.440678E0	2.205052E-1
8.429739E0	5.539346E0	2.550054E-1
8.463059E0	5.612084E0	2.691954E-1
8.496378E0	5.739361E0	3.037003E-1
8.529697E0	5.990524E0	3.525203E-1
8.563016E0	6.260430E0	4.038630E-1
8.596335E0	6.318197E0	3.783288E-1
8.629654E0	6.318730E0	3.857532E-1
8.662973E0	6.331312E0	3.965470E-1
8.696292E0	6.316618E0	3.947600E-1
8.729612E0	6.263351E0	3.823715E-1
8.762931E0	6.036847E0	3.215174E-1
8.796250E0	5.646810E0	2.400065E-1
8.829569E0	5.171723E0	1.318221E-1
8.862888E0	4.842398E0	7.073966E-2
8.896207E0	4.758084E0	3.022945E-2
8.929526E0	4.787804E0	1.785721E-2
8.962846E0	4.890228E0	1.046722E-2
8.996165E0	5.054428E0	4.568112E-2
9.029484E0	5.198387E0	1.010462E-1
9.062803E0	5.293249E0	8.571717E-2
9.096122E0	5.329793E0	7.614162E-2
9.129441E0	5.315627E0	7.420963E-2
9.162760E0	5.306931E0	8.389817E-2
9.196079E0	5.337921E0	1.080069E-1
9.229399E0	5.364020E0	1.288717E-1
9.262718E0	5.427656E0	1.258685E-1
9.296037E0	5.513368E0	1.212167E-1
9.329356E0	5.639306E0	1.410586E-1
9.362675E0	5.780879E0	1.744489E-1
9.395994E0	5.908723E0	2.213706E-1
9.429313E0	6.023537E0	2.676176E-1
9.462632E0	6.098256E0	2.924117E-1
9.495952E0	6.266999E0	3.389063E-1
9.529271E0	6.540928E0	3.992063E-1
9.562590E0	6.765438E0	3.893968E-1
9.595909E0	6.764606E0	3.452914E-1
9.629228E0	6.768613E0	3.517970E-1
9.662547E0	6.759822E0	3.495370E-1
9.695866E0	6.755828E0	3.474333E-1
9.729185E0	6.705517E0	3.362027E-1
9.762505E0	6.478639E0	2.743407E-1
9.795824E0	6.116779E0	2.040091E-1
9.829143E0	5.657621E0	1.038985E-1
9.862462E0	5.325268E0	3.724827E-2
9.895781E0	5.296086E0	-2.257130E-2
9.929100E0	5.320874E0	-2.728084E-2
9.962419E0	5.414800E0	-1.549079E-2
9.995738E0	5.541446E0	1.446170E-2
1.002906E1	5.631900E0	5.969097E-2
1.006238E1	5.686603E0	6.641790E-2
1.009570E1	5.701375E0	7.099309E-2
1.012902E1	5.664235E0	6.021542E-2
1.016233E1	5.654354E0	7.019136E-2
1.019565E1	5.712441E0	1.067223E-1
1.022897E1	5.761597E0	1.197790E-1
1.026229E1	5.836375E0	1.078517E-1
1.029561E1	5.947960E0	1.018305E-1
1.032893E1	6.044329E0	1.346993E-1
1.036225E1	6.170874E0	1.801559E-1
1.039557E1	6.309571E0	2.108457E-1
1.042889E1	6.420955E0	2.434038E-1
1.046221E1	6.508982E0	2.795920E-1
1.049553E1	6.590870E0	2.978638E-1
1.052884E1	6.834017E0	3.833558E-1
1.056216E1	7.179090E0	4.426184E-1
1.059548E1	7.293981E0	4.169374E-1
1.062880E1	7.271996E0	4.038030E-1
1.066212E1	7.291277E0	4.122239E-1
1.069544E1	7.281869E0	4.044881E-1
1.072876E1	7.232345E0	3.919809E-1
1.076208E1	6.984025E0	3.047773E-1
1.079540E1	6.596100E0	1.842958E-1
1.082872E1	6.142294E0	7.133171E-2
1.086204E1	5.845975E0	2.593486E-2
1.089535E1	5.844434E0	1.772572E-2
1.092867E1	5.864283E0	1.677966E-2
1.096199E1	5.932157E0	3.568490E-2
1.099531E1	6.008191E0	6.009568E-2
1.102863E1	6.094110E0	6.547546E-2
1.106195E1	6.201285E0	6.686194E-2
1.109527E1	6.304195E0	5.957471E-2
1.112859E1	6.360171E0	7.022157E-2
1.116191E1	6.356463E0	9.491532E-2
1.119523E1	6.368195E0	1.183644E-1
1.122855E1	6.407138E0	1.347164E-1
1.126187E1	6.465405E0	1.494463E-1
1.129518E1	6.577222E0	1.620913E-1
1.132850E1	6.688515E0	1.858457E-1
1.136182E1	6.811890E0	2.175576E-1
1.139514E1	6.948068E0	2.736558E-1
1.142846E1	7.058456E0	3.076043E-1
1.146178E1	7.151949E0	3.388298E-1
1.149510E1	7.283138E0	3.834405E-1
1.152842E1	7.490985E0	4.358019E-1
1.156174E1	7.766823E0	4.954841E-1
1.159506E1	7.871883E0	4.933598E-1
1.162838E1	7.874931E0	4.971698E-1
1.166169E1	7.876694E0	5.010633E-1
1.169501E1	7.877835E0	5.026947E-1
1.172833E1	7.825455E0	4.881234E-1
1.176165E1	7.612886E0	4.090768E-1
1.179497E1	7.255250E0	2.767062E-1
1.182829E1	6.733561E0	1.172642E-1
1.186161E1	6.360346E0	6.739550E-2
1.189493E1	6.278188E0	6.085444E-2
1.192825E1	6.265797E0	3.387975E-2
1.196157E1	6.349689E0	2.802453E-2
1.199489E1	6.510634E0	3.750316E-2
1.202821E1	6.657344E0	8.902242E-2
1.206152E1	6.782279E0	1.356307E-1
1.209484E1	6.862247E0	1.534834E-1
1.212816E1	6.905162E0	1.584427E-1
1.216148E1	6.908892E0	1.696155E-1
1.219480E1	6.895143E0	1.761871E-1
1.222812E1	6.903731E0	1.887574E-1
1.226144E1	6.955669E0	2.153264E-1
1.229476E1	7.032229E0	2.279595E-1
1.232808E1	7.137652E0	2.549035E-1
1.236140E1	7.268982E0	3.040523E-1
1.239472E1	7.403127E0	3.493294E-1
1.242803E1	7.502928E0	3.937491E-1
1.246135E1	7.566491E0	3.987468E-1
1.249467E1	7.694121E0	4.102480E-1
1.252799E1	7.942339E0	4.901830E-1
1.256131E1	8.197617E0	5.544979E-1
1.259463E1	8.224861E0	5.305862E-1
1.262795E1	8.219921E0	5.287074E-1
1.266127E1	8.215916E0	5.288504E-1
1.269459E1	8.214833E0	5.210889E-1
1.272791E1	8.162028E0	5.041497E-1
1.276123E1	7.937990E0	4.077269E-1
1.279455E1	7.547628E0	2.453802E-1
1.282786E1	6.960765E0	3.921989E-2
1.286118E1	6.522512E0	-4.737467E-2
1.289450E1	6.400578E0	-1.210777E-1
1.292782E1	6.392644E0	-1.511488E-1
1.296114E1	6.521293E0	-1.175257E-1
1.299446E1	6.691440E0	-7.425526E-2
1.302778E1	6.843086E0	9.549889E-3
1.306110E1	6.926280E0	1.170360E-2
1.309442E1	6.967112E0	2.186761E-2
1.312774E1	6.978997E0	4.877301E-2
1.316106E1	6.942409E0	5.959452E-2
1.319437E1	6.967301E0	7.318451E-2
1.322769E1	7.019728E0	7.528701E-2
1.326101E1	7.076054E0	6.962419E-2
1.329433E1	7.146339E0	7.842168E-2
1.332765E1	7.250463E0	1.056771E-1
1.336097E1	7.364081E0	1.331612E-1
1.339429E1	7.501056E0	1.888869E-1
1.342761E1	7.626768E0	2.380771E-1
1.346093E1	7.719611E0	2.800740E-1
1.349425E1	7.812067E0	3.034086E-1
1.352757E1	7.991570E0	3.428701E-1
1.356089E1	8.283132E0	4.009860E-1
1.359420E1	8.481214E0	4.238557E-1
1.362752E1	8.482249E0	4.141219E-1
1.366084E1	8.449655E0	4.154861E-1
1.369416E1	8.446615E0	4.059801E-1
1.372748E1	8.401275E0	3.891488E-1
1.376080E1	8.203186E0	3.335787E-1
1.379412E1	7.815593E0	1.791521E-1
1.382744E1	7.290622E0	-3.780178E-2
1.386076E1	6.842070E0	-1.937481E-1
1.389408E1	6.754029E0	-2.597589E-1
1.392740E1	6.765194E0	-2.711481E-1
1.396071E1	6.864519E0	-2.384254E-1
1.399403E1	7.007272E0	-1.798044E-1
1.402735E1	7.130531E0	-1.284717E-1
1.406067E1	7.231893E0	-1.086725E-1
1.409399E1	7.315976E0	-1.162521E-1
1.412731E1	7.347281E0	-1.545434E-1
1.416063E1	7.281216E0	-1.746282E-1
1.419395E1	7.257659E0	-2.049612E-1
1.422727E1	7.272104E0	-2.026693E-1
1.426059E1	7.299031E0	-2.223581E-1
1.429391E1	7.307183E0	-2.482869E-1
1.432723E1	7.345628E0	-2.563245E-1
1.436054E1	7.350409E0	-2.805342E-1
1.439386E1	7.361324E0	-3.071443E-1
1.442718E1	7.372239E0	-3.089672E-1
1.446050E1	7.445760E0	-3.086030E-1
1.449382E1	7.627507E0	-2.543738E-1
1.452714E1	7.888258E0	-1.087725E-1
1.456046E1	8.056811E0	-4.941169E-2
1.459378E1	8.152622E0	-6.474985E-2
1.462710E1	8.202941E0	-5.615134E-2
1.466042E1	8.213543E0	-4.200272E-2
1.469374E1	8.211684E0	-4.619833E-2
1.472705E1	8.181314E0	-4.850868E-2
1.476037E1	7.976434E0	-5.553678E-2
1.479369E1	7.596667E0	-8.965452E-2
1.482701E1	7.135750E0	-2.048543E-1
1.486033E1	6.780921E0	-2.844052E-1
1.489365E1	6.735398E0	-3.357683E-1
1.492697E1	6.751467E0	-3.729056E-1
1.496029E1	6.860480E0	-3.485596E-1
1.499361E1	7.015718E0	-2.908127E-1
1.502693E1	7.150374E0	-2.368191E-1
1.506025E1	7.265717E0	-1.955730E-1
1.509357E1	7.366048E0	-1.956428E-1
1.512688E1	7.441273E0	-2.057558E-1
1.516020E1	7.446108E0	-2.115167E-1
1.519352E1	7.397169E0	-2.127650E-1
1.522684E1	7.401919E0	-2.433781E-1
1.526016E1	7.443931E0	-2.428496E-1
1.529348E1	7.457421E0	-2.500248E-1
1.532680E1	7.457717E0	-2.543172E-1
1.536012E1	7.459626E0	-2.579424E-1
1.539344E1	7.467220E0	-2.481084E-1
1.542676E1	7.507228E0	-2.277763E-1
1.546008E1	7.607124E0	-2.065212E-1
1.549339E1	7.763701E0	-1.558317E-1
1.552671E1	7.935527E0	-7.740640E-2
1.556003E1	8.168875E0	7.286497E-3
1.559335E1	8.333818E0	1.454189E-2
1.562667E1	8.391304E0	6.110732E-3
1.565999E1	8.394700E0	1.472225E-2
1.569331E1	8.372788E0	1.008793E-2
1.572663E1	8.351597E0	7.742176E-3
1.575995E1	8.196513E0	-3.265469E-2
1.579327E1	7.834515E0	-9.076045E-2
1.582659E1	7.414536E0	-1.864006E-1
1.585991E1	7.042318E0	-2.867120E-1
1.589322E1	6.965254E0	-3.612403E-1
1.592654E1	6.975589E0	-3.658786E-1
1.595986E1	7.090096E0	-3.610278E-1
1.599318E1	7.275972E0	-2.981851E-1
1.602650E1	7.487189E0	-1.869547E-1
1.605982E1	7.634439E0	-1.376675E-1
1.609314E1	7.763463E0	-9.915800E-2
1.612646E1	7.842839E0	-8.792290E-2
1.615978E1	7.844118E0	-5.978946E-2
1.619310E1	7.815511E0	-3.970154E-2
1.622642E1	7.829822E0	-5.035194E-2
1.625973E1	7.860444E0	-4.283141E-2
1.629305E1	7.918683E0	5.953617E-3
1.632637E1	7.980392E0	7.807166E-2
1.635969E1	8.050437E0	1.157599E-1
1.639301E1	8.093143E0	1.281284E-1
1.642633E1	8.170238E0	1.273059E-1
1.645965E1	8.249918E0	1.426069E-1
1.649297E1	8.379291E0	1.686244E-1
1.652629E1	8.604042E0	2.425610E-1
1.655961E1	8.877718E0	3.288380E-1
1.659293E1	8.917669E0	3.311526E-1
1.662625E1	8.960507E0	3.487041E-1
1.665956E1	8.972022E0	3.549211E-1
1.669288E1	8.961017E0	3.446500E-1
1.672620E1	8.929031E0	3.303124E-1
1.675952E1	8.745908E0	2.586076E-1
1.679284E1	8.370791E0	6.857796E-2
1.682616E1	7.806338E0	-1.261663E-1
1.685948E1	7.349764E0	-2.681583E-1
1.689280E1	7.211089E0	-3.168951E-1
1.692612E1	7.221880E0	-3.413475E-1
1.695944E1	7.363735E0	-3.243387E-1
1.699276E1	7.503606E0	-2.393438E-1
1.702607E1	7.649695E0	-1.717471E-1
1.705939E1	7.774701E0	-1.538831E-1
1.709271E1	7.852463E0	-1.442522E-1
1.712603E1	7.922568E0	-1.097272E-1
1.715935E1	7.930098E0	-7.795651E-2
1.719267E1	7.914765E0	-8.248966E-2
1.722599E1	7.936278E0	-1.010142E-1
1.725931E1	7.970741E0	-8.038984E-2
1.729263E1	8.031149E0	-4.171232E-2
1.732595E1	8.090058E0	-7.193127E-3
1.735927E1	8.190346E0	3.558544E-2
1.739258E1	8.318734E0	7.851313E-2
1.742590E1	8.410766E0	1.281475E-1
1.745922E1	8.475144E0	1.431718E-1
1.749254E1	8.532396E0	1.528820E-1
1.752586E1	8.699137E0	2.055458E-1
1.755918E1	9.018557E0	3.106748E-1
1.759250E1	9.245215E0	3.565799E-1
1.762582E1	9.194448E0	3.201644E-1
1.765914E1	9.214307E0	3.444857E-1
1.769246E1	9.197170E0	3.440353E-1
1.772578E1	9.138342E0	3.147664E-1
1.775910E1	8.982022E0	2.269915E-1
1.779241E1	8.593167E0	2.092643E-2
1.782573E1	8.070561E0	-2.092501E-1
1.785905E1	7.630019E0	-3.601638E-1
1.789237E1	7.490872E0	-3.895770E-1
1.792569E1	7.505553E0	-4.196104E-1
1.795901E1	7.619073E0	-3.788560E-1
1.799233E1	7.781556E0	-3.026221E-1
1.802565E1	7.956908E0	-2.103512E-1
1.805897E1	8.098677E0	-1.453636E-1
1.809229E1	8.215945E0	-1.130483E-1
1.812561E1	8.269439E0	-1.221989E-1
1.815892E1	8.276552E0	-1.257044E-1
1.819224E1	8.258051E0	-9.877572E-2
1.822556E1	8.267950E0	-1.059980E-1
1.825888E1	8.263642E0	-1.396257E-1
1.829220E1	8.302869E0	-1.250271E-1
1.832552E1	8.367742E0	-8.606043E-2
1.835884E1	8.440275E0	-2.910423E-2
1.839216E1	8.563420E0	5.274134E-2
1.842548E1	8.641670E0	9.502921E-2
1.845880E1	8.738073E0	1.212457E-1
1.849212E1	8.875299E0	1.580149E-1
1.852544E1	9.101647E0	2.478876E-1
1.855875E1	9.361023E0	3.303281E-1
1.859207E1	9.364481E0	3.157294E-1
1.862539E1	9.402706E0	3.297041E-1
1.865871E1	9.403671E0	3.350385E-1
1.869203E1	9.404267E0	3.370846E-1
1.872535E1	9.347866E0	3.063296E-1
1.875867E1	9.143946E0	1.953746E-1
1.879199E1	8.730124E0	-8.011429E-3
1.882531E1	8.179931E0	-3.112020E-1
1.885863E1	7.725329E0	-4.826641E-1
1.889195E1	7.578306E0	-5.786887E-1
1.892526E1	7.566834E0	-6.099782E-1
1.895858E1	7.684536E0	-5.885855E-1
1.899190E1	7.880956E0	-4.828404E-1
1.902522E1	8.112379E0	-3.597714E-1
1.905854E1	8.261735E0	-3.000443E-1
1.909186E1	8.373534E0	-2.670504E-1
1.912518E1	8.437403E0	-2.583428E-1
1.915850E1	8.463431E0	-2.499039E-1
1.919182E1	8.448862E0	-2.542083E-1
1.922514E1	8.440682E0	-2.653733E-1
1.925846E1	8.456957E0	-2.577045E-1
1.929178E1	8.511829E0	-1.994405E-1
1.932509E1	8.615526E0	-1.489346E-1
1.935841E1	8.730879E0	-7.837310E-2
1.939173E1	8.868853E0	-3.453728E-2
1.942505E1	8.983140E0	2.116354E-3
1.945837E1	9.055500E0	9.895448E-3
1.949169E1	9.179040E0	5.819070E-2
1.952501E1	9.373801E0	1.233291E-1
1.955833E1	9.570116E0	2.121621E-1
1.959165E1	9.640823E0	2.356367E-1
1.962497E1	9.719252E0	2.960454E-1
1.965829E1	9.717346E0	2.986217E-1
1.969160E1	9.709830E0	2.903292E-1
1.972492E1	9.693197E0	2.736406E-1
1.975824E1	9.519390E0	1.979833E-1
1.979156E1	9.155488E0	-2.643908E-2
1.982488E1	8.658596E0	-2.530614E-1
1.985820E1	8.234601E0	-4.108585E-1
1.989152E1	8.158103E0	-5.020270E-1
1.992484E1	8.189758E0	-5.140173E-1
1.995816E1	8.302784E0	-4.627383E-1
1.999148E1	8.435170E0	-3.801173E-1
2.002480E1	8.540589E0	-3.180899E-1
2.005812E1	8.644078E0	-2.689247E-1
2.009143E1	8.758668E0	-2.106468E-1
2.012475E1	8.862646E0	-1.582013E-1
2.015807E1	8.889389E0	-1.394513E-1
2.019139E1	8.851992E0	-1.363386E-1
2.022471E1	8.858660E0	-1.402761E-1
2.025803E1	8.881991E0	-1.447160E-1
2.029135E1	8.916154E0	-1.186056E-1
2.032467E1	9.004186E0	-7.962733E-2
2.035799E1	9.100270E0	-4.208842E-2
2.039131E1	9.239599E0	8.324797E-3
2.042463E1	9.357008E0	2.926678E-2
2.045794E1	9.425046E0	3.307499E-2
2.049126E1	9.521263E0	8.058130E-2
2.052458E1	9.736414E0	1.898974E-1
2.055790E1	9.996504E0	3.305619E-1
2.059122E1	1.005033E1	3.371414E-1
2.062454E1	1.005715E1	3.290386E-1
2.065786E1	1.005918E1	3.367376E-1
2.069118E1	1.006037E1	3.393911E-1
2.072450E1	1.001281E1	3.131679E-1
2.075782E1	9.891427E0	2.467107E-1
2.079114E1	9.591893E0	6.316232E-2
2.082446E1	9.098647E0	-1.956792E-1
2.085777E1	8.646773E0	-4.054996E-1
2.089109E1	8.493188E0	-5.442856E-1
2.092441E1	8.491538E0	-5.338206E-1
2.095773E1	8.585274E0	-4.603443E-1
2.099105E1	8.736507E0	-3.934816E-1
2.102437E1	8.914474E0	-3.083772E-1
2.105769E1	9.068989E0	-2.061544E-1
2.109101E1	9.226104E0	-1.339080E-1
2.112433E1	9.344259E0	-7.475039E-2
2.115765E1	9.399730E0	-4.376038E-2
2.119097E1	9.371382E0	-4.783500E-2
2.122428E1	9.340999E0	-5.395773E-2
2.125760E1	9.345889E0	-3.313983E-2
2.129092E1	9.412500E0	1.141083E-2
2.132424E1	9.465462E0	3.691929E-2
2.135756E1	9.565016E0	5.437346E-2
2.139088E1	9.699515E0	7.112975E-2
2.142420E1	9.814891E0	8.492840E-2
2.145752E1	9.897824E0	1.180930E-1
2.149084E1	1.000034E1	1.797140E-1
2.152416E1	1.020843E1	2.952327E-1
2.155748E1	1.040263E1	3.995579E-1
2.159080E1	1.045469E1	4.052050E-1
2.162411E1	1.049885E1	4.108679E-1
2.165743E1	1.048960E1	4.102912E-1
2.169075E1	1.049320E1	4.054715E-1
2.172407E1	1.045764E1	3.809984E-1
2.175739E1	1.028721E1	2.983797E-1
2.179071E1	9.976690E0	1.082186E-1
2.182403E1	9.493320E0	-1.307220E-1
2.185735E1	9.085441E0	-3.617152E-1
2.189067E1	8.978635E0	-4.490218E-1
2.192399E1	9.022348E0	-4.493629E-1
2.195731E1	9.096823E0	-4.043996E-1
2.199062E1	9.196772E0	-3.522875E-1
2.202394E1	9.304949E0	-2.925774E-1
2.205726E1	9.411667E0	-2.446093E-1
2.209058E1	9.546086E0	-2.078072E-1
2.212390E1	9.641472E0	-2.026520E-1
2.215722E1	9.692409E0	-1.885632E-1
2.219054E1	9.675861E0	-1.602563E-1
2.222386E1	9.672299E0	-1.525763E-1
2.225718E1	9.687139E0	-1.382217E-1
2.229050E1	9.719906E0	-9.175143E-2
2.232382E1	9.782452E0	-6.673590E-2
2.235714E1	9.859509E0	-7.780157E-2
2.239045E1	9.937885E0	-6.323730E-2
2.242377E1	1.006111E1	-1.472010E-2
2.245709E1	1.013947E1	2.193048E-2
2.249041E1	1.024611E1	8.281951E-2
2.252373E1	1.045239E1	1.929202E-1
2.255705E1	1.067593E1	3.067066E-1
2.259037E1	1.072579E1	2.967648E-1
2.262369E1	1.073473E1	2.873023E-1
2.265701E1	1.073323E1	2.984224E-1
2.269033E1	1.072311E1	2.951513E-1
2.272365E1	1.069046E1	2.795989E-1
2.275696E1	1.054049E1	2.038913E-1
2.279028E1	1.022849E1	2.424448E-3
2.282360E1	9.754353E0	-2.553350E-1
2.285692E1	9.331862E0	-3.998936E-1
2.289024E1	9.246524E0	-4.770697E-1
2.292356E1	9.290534E0	-4.733900E-1
2.295688E1	9.364149E0	-4.469689E-1
2.299020E1	9.462595E0	-4.005017E-1
2.302352E1	9.564671E0	-3.532662E-1
2.305684E1	9.674002E0	-3.085640E-1
2.309016E1	9.759375E0	-2.699265E-1
2.312348E1	9.828325E0	-2.473238E-1
2.315679E1	9.886768E0	-2.048751E-1
2.319011E1	9.906467E0	-1.791550E-1
2.322343E1	9.905776E0	-1.970220E-1
2.325675E1	9.966066E0	-1.843401E-1
2.329007E1	1.007762E1	-1.492084E-1
2.332339E1	1.021941E1	-9.321709E-2
2.335671E1	1.034116E1	-3.228718E-2
2.339003E1	1.045534E1	1.524605E-2
2.342335E1	1.057183E1	4.855874E-2
2.345667E1	1.064515E1	7.148473E-2
2.348999E1	1.076940E1	1.120478E-1
2.352330E1	1.097780E1	1.968686E-1
2.355662E1	1.115456E1	2.920107E-1
2.358994E1	1.115491E1	3.274873E-1
2.362326E1	1.119760E1	3.991308E-1
2.365658E1	1.123487E1	4.434991E-1
2.368990E1	1.120873E1	4.269405E-1
2.372322E1	1.117215E1	3.840163E-1
2.375654E1	1.100211E1	2.741137E-1
2.378986E1	1.066085E1	8.179047E-2
2.382318E1	1.017005E1	-1.980055E-1
2.385650E1	9.760672E0	-3.649399E-1
2.388981E1	9.682018E0	-3.899515E-1
2.392313E1	9.719212E0	-3.965613E-1
2.395645E1	9.794570E0	-3.892453E-1
2.398977E1	9.950605E0	-3.208217E-1
2.402309E1	1.013042E1	-2.093698E-1
2.405641E1	1.024810E1	-1.402578E-1
2.408973E1	1.037324E1	-1.052683E-1
2.412305E1	1.046872E1	-1.099153E-1
2.415637E1	1.049850E1	-9.628176E-2
2.418969E1	1.047831E1	-9.025555E-2
2.422301E1	1.048960E1	-8.843094E-2
2.425633E1	1.053268E1	-7.313545E-2
2.428964E1	1.060264E1	-7.176365E-2
2.432296E1	1.068217E1	-8.086376E-2
2.435628E1	1.078313E1	-4.995116E-2
2.438960E1	1.090320E1	1.280063E-2
2.442292E1	1.101767E1	8.144478E-2
2.445624E1	1.111187E1	9.862830E-2
2.448956E1	1.120382E1	1.332568E-1
2.452288E1	1.139235E1	2.251554E-1
2.455620E1	1.164598E1	3.839220E-1
2.458952E1	1.172970E1	4.592310E-1
2.462284E1	1.174573E1	4.830823E-1
2.465615E1	1.175235E1	5.000954E-1
2.468947E1	1.175013E1	4.996206E-1
2.472279E1	1.170581E1	4.711027E-1
2.475611E1	1.156993E1	4.022745E-1
2.478943E1	1.126871E1	2.214651E-1
2.482275E1	1.078699E1	-4.157244E-2
2.485607E1	1.039215E1	-2.091742E-1
2.488939E1	1.031328E1	-2.516368E-1
2.492271E1	1.034855E1	-2.679404E-1
2.495603E1	1.043810E1	-2.200976E-1
2.498935E1	1.054253E1	-1.532917E-1
2.502267E1	1.060852E1	-1.387781E-1
2.505598E1	1.071143E1	-1.137139E-1
2.508930E1	1.079643E1	-8.225028E-2
2.512262E1	1.089035E1	1.471812E-3
2.515594E1	1.093513E1	7.520314E-2
2.518926E1	1.093569E1	7.679507E-2
2.522258E1	1.092918E1	4.339680E-2
2.525590E1	1.098780E1	3.302853E-2
2.528922E1	1.107968E1	6.760953E-2
2.532254E1	1.118639E1	1.199094E-1
2.535586E1	1.131249E1	1.587022E-1
2.538918E1	1.145348E1	2.279714E-1
2.542249E1	1.159033E1	2.683553E-1
2.545581E1	1.165827E1	3.043068E-1
2.548913E1	1.171861E1	3.431899E-1
2.552245E1	1.181412E1	4.064323E-1
2.555577E1	1.204492E1	5.147626E-1
2.558909E1	1.230006E1	6.517835E-1
2.562241E1	1.231817E1	6.617261E-1
2.565573E1	1.229415E1	6.666431E-1
2.568905E1	1.229529E1	6.668848E-1
2.572237E1	1.224000E1	6.449511E-1
2.575569E1	1.207910E1	5.570576E-1
2.578901E1	1.171200E1	3.254973E-1
2.582232E1	1.115769E1	1.281508E-2
2.585564E1	1.070300E1	-1.707624E-1
2.588896E1	1.061001E1	-2.492523E-1
2.592228E1	1.065131E1	-2.537723E-1
2.595560E1	1.073672E1	-2.026526E-1
2.598892E1	1.086503E1	-1.386777E-1
2.602224E1	1.096531E1	-1.039339E-1
2.605556E1	1.104776E1	-7.373650E-2
2.608888E1	1.113617E1	-3.533682E-2
2.612220E1	1.119664E1	8.043162E-3
2.615552E1	1.120285E1	2.015383E-2
2.618883E1	1.119920E1	1.327332E-2
2.622215E1	1.122510E1	1.561600E-2
2.625547E1	1.127280E1	7.218272E-2
2.628879E1	1.134990E1	1.430267E-1
2.632211E1	1.148176E1	2.319243E-1
2.635543E1	1.159890E1	3.070059E-1
2.638875E1	1.169191E1	3.701855E-1
2.642207E1	1.177095E1	4.053631E-1
2.645539E1	1.185177E1	4.439915E-1
2.648871E1	1.198476E1	4.851180E-1
2.652203E1	1.222157E1	6.220496E-1
2.655535E1	1.248764E1	7.507384E-1
2.658866E1	1.256318E1	7.339640E-1
2.662198E1	1.258512E1	7.116627E-1
2.665530E1	1.257897E1	7.215022E-1
2.668862E1	1.257017E1	7.217866E-1
2.672194E1	1.252892E1	6.867465E-1
2.675526E1	1.235951E1	5.657808E-1
2.678858E1	1.202243E1	3.319255E-1
2.682190E1	1.139068E1	-4.797128E-2
2.685522E1	1.094618E1	-1.638380E-1
2.688854E1	1.082431E1	-1.893447E-1
2.692186E1	1.085052E1	-2.212326E-1
2.695517E1	1.096585E1	-1.408814E-1
2.698849E1	1.114227E1	-3.336826E-2
2.702181E1	1.131100E1	9.252495E-2
2.705513E1	1.142653E1	1.492782E-1
2.708845E1	1.150069E1	1.785727E-1
2.712177E1	1.150559E1	1.709552E-1
2.715509E1	1.149459E1	1.219367E-1
2.718841E1	1.150856E1	1.329199E-1
2.722173E1	1.155636E1	1.608617E-1
2.725505E1	1.161345E1	2.237523E-1
2.728837E1	1.170781E1	2.987536E-1
2.732169E1	1.184540E1	3.883870E-1
2.735500E1	1.197431E1	4.500907E-1
2.738832E1	1.208263E1	4.973591E-1
2.742164E1	1.217989E1	5.463561E-1
2.745496E1	1.225806E1	5.667083E-1
2.748828E1	1.238205E1	6.180843E-1
2.752160E1	1.255483E1	6.831050E-1
2.755492E1	1.268897E1	7.390801E-1
2.758824E1	1.279440E1	8.464071E-1
2.762156E1	1.283047E1	9.058356E-1
2.765488E1	1.284196E1	9.058305E-1
2.768820E1	1.284087E1	9.001173E-1
2.772151E1	1.280864E1	8.723448E-1
2.775483E1	1.267892E1	7.829341E-1
2.778815E1	1.237490E1	5.413604E-1
2.782147E1	1.184313E1	1.844970E-1
2.785479E1	1.147009E1	1.654023E-2
2.788811E1	1.137066E1	-4.375312E-2
2.792143E1	1.141501E1	-5.354185E-2
2.795475E1	1.151061E1	1.223314E-2
2.798807E1	1.168357E1	1.128072E-1
2.802139E1	1.183985E1	2.265748E-1
2.805471E1	1.196308E1	3.050975E-1
2.808803E1	1.206451E1	3.514335E-1
2.812134E1	1.212009E1	3.494550E-1
2.815466E1	1.212427E1	3.585273E-1
2.818798E1	1.211802E1	3.775093E-1
2.822130E1	1.213980E1	3.911572E-1
2.825462E1	1.217517E1	4.104490E-1
2.828794E1	1.224512E1	4.693176E-1
2.832126E1	1.232211E1	5.624843E-1
2.835458E1	1.238202E1	6.444505E-1
2.838790E1	1.244251E1	6.608210E-1
2.842122E1	1.246368E1	6.433350E-1
2.845454E1	1.251389E1	6.332879E-1
2.848785E1	1.261505E1	6.704954E-1
2.852117E1	1.282763E1	7.873825E-1
2.855449E1	1.306076E1	9.054929E-1
2.858781E1	1.319337E1	9.588745E-1
2.862113E1	1.325571E1	9.601768E-1
2.865445E1	1.328108E1	9.616229E-1
2.868777E1	1.326887E1	9.540135E-1
2.872109E1	1.324317E1	9.288483E-1
2.875441E1	1.310451E1	8.436144E-1
2.878773E1	1.279338E1	6.098061E-1
2.882105E1	1.225656E1	2.171958E-1
2.885437E1	1.188833E1	8.702217E-2
2.888768E1	1.181744E1	1.233160E-2
2.892100E1	1.185474E1	-3.136612E-3
2.895432E1	1.192598E1	4.287522E-2
2.898764E1	1.204125E1	1.269339E-1
2.902096E1	1.217648E1	2.438772E-1
2.905428E1	1.232525E1	3.390580E-1
2.908760E1	1.245895E1	4.327016E-1
2.912092E1	1.255208E1	5.074689E-1
2.915424E1	1.260642E1	5.151732E-1
2.918756E1	1.257299E1	5.082788E-1
2.922088E1	1.255926E1	5.153611E-1
2.925419E1	1.261337E1	5.357341E-1
2.928751E1	1.267985E1	5.529834E-1
2.932083E1	1.278292E1	6.197039E-1
2.935415E1	1.289810E1	6.927483E-1
2.938747E1	1.299801E1	7.829600E-1
2.942079E1	1.306478E1	8.885805E-1
2.945411E1	1.308884E1	9.431075E-1
2.948743E1	1.319919E1	9.940886E-1
2.952075E1	1.347233E1	1.101686E0
2.955407E1	1.374844E1	1.216039E0
2.958739E1	1.378920E1	1.203961E0
2.962071E1	1.377012E1	1.180480E0
2.965402E1	1.377647E1	1.174881E0
2.968734E1	1.376496E1	1.172916E0
2.972066E1	1.374242E1	1.154878E0
2.975398E1	1.360596E1	1.047769E0
2.978730E1	1.330948E1	8.013777E-1
2.982062E1	1.289482E1	4.475578E-1
2.985394E1	1.257926E1	2.840428E-1
2.988726E1	1.256331E1	2.569826E-1
2.992058E1	1.259976E1	2.016791E-1
2.995390E1	1.266566E1	2.606281E-1
2.998722E1	1.280703E1	3.596789E-1
3.002053E1	1.298951E1	4.976123E-1
3.005385E1	1.313702E1	5.954915E-1
3.008717E1	1.321289E1	6.566128E-1
3.012049E1	1.324903E1	6.598350E-1
3.015381E1	1.326145E1	6.493247E-1
