	mass A		
t	x	y	
0.000000E0	8.625421E-2	3.881670E-2
3.331913E-2	5.330605E-2	2.204078E-2
6.663825E-2	7.394453E-3	2.592677E-3
9.995738E-2	-4.876842E-2	-2.564784E-2
1.332765E-1	-1.153971E-1	-4.463103E-2
1.665956E-1	-1.513191E-1	-7.204906E-2
1.999148E-1	-1.292542E-1	-7.744272E-2
2.332339E-1	-8.753040E-2	-8.288597E-2
2.665530E-1	-6.151463E-2	-7.694939E-2
2.998721E-1	-6.554957E-2	-8.031072E-2
3.331913E-1	-6.047155E-2	-1.141334E-1
3.665104E-1	-3.095330E-2	-1.242907E-1
3.998295E-1	2.993405E-2	-1.345962E-1
4.331486E-1	1.218482E-1	-1.316892E-1
4.664678E-1	1.872087E-1	-1.293825E-1
4.997869E-1	2.268200E-1	-1.431497E-1
5.331060E-1	2.151448E-1	-1.595830E-1
5.664251E-1	2.369773E-1	-1.701158E-1
5.997443E-1	2.407419E-1	-1.723178E-1
6.330634E-1	2.516349E-1	-1.735406E-1
6.663825E-1	2.880699E-1	-1.688958E-1
6.997016E-1	3.481125E-1	-1.630062E-1
7.330208E-1	4.011673E-1	-1.772438E-1
7.663399E-1	4.657996E-1	-1.757039E-1
7.996590E-1	5.232645E-1	-1.777055E-1
8.329781E-1	5.751389E-1	-1.823951E-1
8.662973E-1	6.272063E-1	-1.854038E-1
8.996164E-1	7.052935E-1	-1.791830E-1
9.329355E-1	7.836144E-1	-1.701514E-1
9.662547E-1	8.518363E-1	-1.748075E-1
9.995738E-1	8.847951E-1	-1.875246E-1
1.032893E0	9.282870E-1	-1.951646E-1
1.066212E0	1.026383E0	-1.905568E-1
1.099531E0	1.146717E0	-1.976964E-1
1.132850E0	1.173823E0	-2.087759E-1
1.166169E0	1.144038E0	-2.009354E-1
1.199489E0	1.155002E0	-1.976575E-1
1.232808E0	1.151641E0	-1.982843E-1
1.266127E0	1.273810E0	-1.862717E-1
1.299446E0	1.467837E0	-1.492142E-1
1.332765E0	1.713094E0	-6.864224E-2
1.366084E0	1.754733E0	-2.047408E-2
1.399403E0	1.748739E0	-2.259348E-2
1.432722E0	1.748379E0	-2.624826E-2
1.466042E0	1.738360E0	-2.670761E-2
1.499361E0	1.735237E0	-2.682728E-2
1.532680E0	1.732345E0	-2.709292E-2
1.565999E0	1.730397E0	-2.729150E-2
1.599318E0	1.676887E0	-2.058931E-2
1.632637E0	1.476082E0	-2.082569E-2
1.665956E0	1.066530E0	-1.273150E-2
1.699275E0	5.803297E-1	-1.018028E-2
1.732595E0	1.794865E-1	-2.303110E-2
1.765914E0	1.373979E-1	-1.144227E-2
1.799233E0	1.842368E-1	-6.476063E-2
1.832552E0	2.149956E-1	-6.253234E-2
1.865871E0	2.094757E-1	-6.457400E-2
1.899190E0	2.038514E-1	-6.513253E-2
1.932509E0	2.022542E-1	-6.660469E-2
1.965828E0	2.012816E-1	-6.698808E-2
1.999148E0	2.111750E-1	-6.814753E-2
2.032467E0	2.961301E-1	-6.175842E-2
2.065786E0	3.280257E-1	-7.565815E-2
2.099105E0	3.330506E-1	-8.509219E-2
2.132424E0	3.768687E-1	-1.138528E-1
2.165743E0	4.287043E-1	-1.244844E-1
2.199062E0	4.913358E-1	-1.329934E-1
2.232381E0	5.439084E-1	-1.502632E-1
2.265701E0	5.963664E-1	-1.583058E-1
2.299020E0	6.391726E-1	-1.776963E-1
2.332339E0	6.830634E-1	-1.986833E-1
2.365658E0	7.315121E-1	-2.146596E-1
2.398977E0	7.858729E-1	-2.322089E-1
2.432296E0	8.283688E-1	-2.364878E-1
2.465615E0	8.907940E-1	-2.344855E-1
2.498934E0	9.439733E-1	-2.108051E-1
2.532254E0	9.511347E-1	-2.050917E-1
2.565573E0	9.320842E-1	-2.366113E-1
2.598892E0	9.117596E-1	-2.674128E-1
2.632211E0	9.259675E-1	-2.810744E-1
2.665530E0	9.747518E-1	-2.946032E-1
2.698849E0	9.896380E-1	-3.082258E-1
2.732168E0	1.017814E0	-3.194224E-1
2.765487E0	1.064768E0	-3.149095E-1
2.798807E0	1.119644E0	-3.109236E-1
2.832126E0	1.179341E0	-3.095753E-1
2.865445E0	1.251461E0	-3.046372E-1
2.898764E0	1.290027E0	-2.732220E-1
2.932083E0	1.294597E0	-2.533121E-1
2.965402E0	1.291551E0	-2.515299E-1
2.998721E0	1.290297E0	-2.495666E-1
3.032040E0	1.338934E0	-2.418165E-1
3.065360E0	1.451506E0	-2.299122E-1
3.098679E0	1.583500E0	-2.108538E-1
3.131998E0	1.690123E0	-1.929590E-1
3.165317E0	1.768851E0	-1.798660E-1
3.198636E0	1.798433E0	-1.781977E-1
3.231955E0	1.870260E0	-1.758051E-1
3.265274E0	1.966625E0	-1.778078E-1
3.298593E0	1.994503E0	-1.709565E-1
3.331913E0	2.042095E0	-1.579714E-1
3.365232E0	2.117370E0	-1.241544E-1
3.398551E0	2.116483E0	-1.257270E-1
3.431870E0	2.114891E0	-1.292318E-1
3.465189E0	2.113368E0	-1.313289E-1
3.498508E0	2.112851E0	-1.320163E-1
3.531827E0	2.112101E0	-1.333732E-1
3.565146E0	2.110782E0	-1.342122E-1
3.598466E0	2.054285E0	-1.348498E-1
3.631785E0	1.819185E0	-1.757459E-1
3.665104E0	1.432848E0	-1.943341E-1
3.698423E0	9.401061E-1	-2.007965E-1
3.731742E0	5.277548E-1	-1.871075E-1
3.765061E0	4.654242E-1	-1.994553E-1
3.798380E0	5.118104E-1	-2.499342E-1
3.831699E0	5.597070E-1	-2.391239E-1
3.865019E0	5.890868E-1	-2.384082E-1
3.898338E0	5.981902E-1	-2.361887E-1
3.931657E0	5.921612E-1	-2.366468E-1
3.964976E0	5.889897E-1	-2.364167E-1
3.998295E0	5.911531E-1	-2.338378E-1
4.031614E0	6.287557E-1	-2.419298E-1
4.064933E0	6.599428E-1	-2.383178E-1
4.098252E0	7.186969E-1	-2.383843E-1
4.131572E0	7.763239E-1	-2.374628E-1
4.164891E0	7.820171E-1	-2.365062E-1
4.198210E0	8.013801E-1	-2.691061E-1
4.231529E0	8.713996E-1	-2.956023E-1
4.264848E0	9.582677E-1	-2.971590E-1
4.298167E0	1.054850E0	-2.965752E-1
4.331486E0	1.115449E0	-3.164113E-1
4.364806E0	1.175579E0	-3.464951E-1
4.398125E0	1.213141E0	-3.708456E-1
4.431444E0	1.244018E0	-3.717779E-1
4.464763E0	1.268056E0	-3.516029E-1
4.498082E0	1.304717E0	-3.337990E-1
4.531401E0	1.321574E0	-3.456356E-1
4.564720E0	1.325256E0	-3.684022E-1
4.598039E0	1.295820E0	-3.927005E-1
4.631359E0	1.291345E0	-3.963445E-1
4.664678E0	1.312125E0	-3.991968E-1
4.697997E0	1.345189E0	-4.051915E-1
4.731316E0	1.383181E0	-4.164212E-1
4.764635E0	1.447016E0	-4.306656E-1
4.797954E0	1.490950E0	-4.253790E-1
4.831273E0	1.508482E0	-4.217250E-1
4.864592E0	1.508430E0	-4.250598E-1
4.897912E0	1.512303E0	-4.492822E-1
4.931231E0	1.502090E0	-4.720931E-1
4.964550E0	1.501633E0	-4.734385E-1
4.997869E0	1.548401E0	-4.751616E-1
5.031188E0	1.620838E0	-4.717030E-1
5.064507E0	1.702878E0	-4.690958E-1
5.097826E0	1.790881E0	-4.534451E-1
5.131145E0	1.907594E0	-4.182523E-1
5.164465E0	2.010178E0	-3.748602E-1
5.197784E0	2.065643E0	-3.688240E-1
5.231103E0	2.130289E0	-3.772000E-1
5.264422E0	2.195333E0	-3.799514E-1
5.297741E0	2.266375E0	-3.770660E-1
5.331060E0	2.331638E0	-3.667713E-1
5.364379E0	2.370064E0	-3.587386E-1
5.397698E0	2.375117E0	-3.605731E-1
5.431018E0	2.375009E0	-3.612093E-1
5.464337E0	2.377815E0	-3.610149E-1
5.497656E0	2.377796E0	-3.614198E-1
5.530975E0	2.378533E0	-3.617119E-1
5.564294E0	2.378250E0	-3.612815E-1
5.597613E0	2.374846E0	-3.317012E-1
5.630932E0	2.170518E0	-3.164751E-1
5.664251E0	1.727297E0	-3.274153E-1
5.697571E0	1.197024E0	-3.041142E-1
5.730890E0	7.045301E-1	-2.812820E-1
5.764209E0	5.777760E-1	-2.853777E-1
5.797528E0	5.849905E-1	-3.366904E-1
5.830847E0	6.307186E-1	-3.367673E-1
5.864166E0	6.733878E-1	-3.347957E-1
5.897485E0	7.058054E-1	-3.281689E-1
5.930804E0	7.025502E-1	-3.342616E-1
5.964124E0	7.001726E-1	-3.382419E-1
5.997443E0	6.985926E-1	-3.409333E-1
6.030762E0	7.636202E-1	-3.306620E-1
6.064081E0	8.348420E-1	-3.367985E-1
6.097400E0	8.827000E-1	-3.463043E-1
6.130719E0	9.103842E-1	-3.584833E-1
6.164038E0	9.512336E-1	-3.770414E-1
6.197357E0	1.022945E0	-3.715682E-1
6.230677E0	1.093579E0	-3.667756E-1
6.263996E0	1.121272E0	-3.704980E-1
6.297315E0	1.148936E0	-3.969269E-1
6.330634E0	1.184393E0	-4.298578E-1
6.363953E0	1.218669E0	-4.576187E-1
6.397272E0	1.267817E0	-4.769192E-1
6.430591E0	1.326397E0	-4.711642E-1
6.463910E0	1.352510E0	-4.516957E-1
6.497230E0	1.337227E0	-4.401476E-1
6.530549E0	1.338121E0	-4.463230E-1
6.563868E0	1.345314E0	-4.508381E-1
6.597187E0	1.369367E0	-4.583384E-1
6.630506E0	1.437037E0	-4.524330E-1
6.663825E0	1.506014E0	-4.454420E-1
6.697144E0	1.566821E0	-4.488665E-1
6.730463E0	1.648103E0	-4.512952E-1
6.763783E0	1.721667E0	-4.546256E-1
6.797102E0	1.775715E0	-4.601021E-1
6.830421E0	1.832549E0	-4.598675E-1
6.863740E0	1.843907E0	-4.179098E-1
6.897059E0	1.843426E0	-3.882513E-1
6.930378E0	1.839844E0	-3.938209E-1
6.963697E0	1.838831E0	-3.971620E-1
6.997016E0	1.865088E0	-3.991148E-1
7.030336E0	1.914951E0	-3.992824E-1
7.063655E0	2.020084E0	-4.013174E-1
7.096974E0	2.110752E0	-4.010941E-1
7.130293E0	2.173543E0	-4.056921E-1
7.163612E0	2.237633E0	-4.080209E-1
7.196931E0	2.338832E0	-4.076399E-1
7.230250E0	2.422102E0	-4.094117E-1
7.263569E0	2.393775E0	-4.102654E-1
7.296889E0	2.432812E0	-4.006852E-1
7.330208E0	2.616290E0	-3.902915E-1
7.363527E0	2.808311E0	-3.601908E-1
7.396846E0	2.776956E0	-3.702437E-1
7.430165E0	2.771432E0	-3.671983E-1
7.463484E0	2.767828E0	-3.639253E-1
7.496803E0	2.765791E0	-3.632291E-1
7.530122E0	2.762932E0	-3.582396E-1
7.563442E0	2.762439E0	-3.590853E-1
7.596761E0	2.701813E0	-3.640289E-1
7.630080E0	2.487273E0	-3.976403E-1
7.663399E0	2.093854E0	-4.106727E-1
7.696718E0	1.573586E0	-4.342287E-1
7.730037E0	1.119261E0	-4.485076E-1
7.763356E0	1.008341E0	-4.619618E-1
7.796675E0	1.028019E0	-5.013708E-1
7.829995E0	1.066388E0	-5.039991E-1
7.863314E0	1.118364E0	-4.904276E-1
7.896633E0	1.134200E0	-4.958630E-1
7.929952E0	1.127246E0	-4.879457E-1
7.963271E0	1.121667E0	-4.908820E-1
7.996590E0	1.139348E0	-4.808233E-1
8.029909E0	1.172808E0	-4.853093E-1
8.063228E0	1.196325E0	-4.745972E-1
8.096548E0	1.210073E0	-4.721415E-1
8.129867E0	1.275506E0	-4.811525E-1
8.163186E0	1.356304E0	-4.747942E-1
8.196505E0	1.458097E0	-4.622567E-1
8.229824E0	1.536790E0	-4.581758E-1
8.263143E0	1.591692E0	-4.611581E-1
8.296462E0	1.649323E0	-4.712780E-1
8.329781E0	1.703342E0	-4.813887E-1
8.363101E0	1.699785E0	-5.012200E-1
8.396420E0	1.705658E0	-5.084112E-1
8.429739E0	1.713331E0	-5.135225E-1
8.463058E0	1.734518E0	-5.046671E-1
8.496377E0	1.729580E0	-4.698336E-1
8.529696E0	1.732527E0	-4.770396E-1
8.563015E0	1.749089E0	-4.979286E-1
8.596335E0	1.770623E0	-5.076961E-1
8.629654E0	1.811173E0	-5.140103E-1
8.662973E0	1.873378E0	-5.177898E-1
8.696292E0	1.944882E0	-5.177321E-1
8.729611E0	2.001827E0	-5.230710E-1
8.762930E0	2.055152E0	-5.310848E-1
8.796249E0	2.093602E0	-5.364174E-1
8.829568E0	2.136145E0	-5.379977E-1
8.862888E0	2.205891E0	-5.355787E-1
8.896207E0	2.273228E0	-5.354756E-1
8.929526E0	2.343148E0	-5.469747E-1
8.962845E0	2.410454E0	-5.614569E-1
8.996164E0	2.439175E0	-5.776599E-1
9.029483E0	2.427809E0	-5.795795E-1
9.062802E0	2.429157E0	-5.798984E-1
9.096121E0	2.429984E0	-5.797597E-1
9.129441E0	2.457993E0	-5.786941E-1
9.162760E0	2.616866E0	-5.746898E-1
9.196079E0	2.850852E0	-5.483653E-1
9.229398E0	2.959502E0	-4.921712E-1
9.262717E0	2.931962E0	-4.792892E-1
9.296036E0	2.990860E0	-4.702197E-1
9.329355E0	3.086766E0	-4.438472E-1
9.362674E0	3.117028E0	-4.292230E-1
9.395994E0	3.124727E0	-4.241246E-1
9.429313E0	3.130842E0	-4.206112E-1
9.462632E0	3.133312E0	-4.199489E-1
9.495951E0	3.136081E0	-4.189962E-1
9.529270E0	3.137619E0	-4.188058E-1
9.562589E0	3.138751E0	-4.186910E-1
9.595908E0	3.095812E0	-4.209119E-1
9.629227E0	2.950642E0	-4.197195E-1
9.662547E0	2.535159E0	-4.290419E-1
9.695866E0	1.967755E0	-4.745161E-1
9.729185E0	1.489839E0	-4.971858E-1
9.762504E0	1.292331E0	-5.247394E-1
9.795823E0	1.325631E0	-5.570346E-1
9.829142E0	1.382656E0	-5.542294E-1
9.862461E0	1.418919E0	-5.284860E-1
9.895780E0	1.409386E0	-5.250825E-1
9.929100E0	1.402799E0	-5.222225E-1
9.962419E0	1.399069E0	-5.207582E-1
9.995738E0	1.405389E0	-5.185523E-1
1.002906E1	1.500975E0	-5.103682E-1
1.006238E1	1.564700E0	-5.153775E-1
1.009570E1	1.601809E0	-5.186034E-1
1.012901E1	1.634662E0	-5.276064E-1
1.016233E1	1.684186E0	-5.316033E-1
1.019565E1	1.754038E0	-5.294021E-1
1.022897E1	1.816478E0	-5.348921E-1
1.026229E1	1.835979E0	-5.457108E-1
1.029561E1	1.847220E0	-5.702371E-1
1.032893E1	1.844019E0	-5.817945E-1
1.036225E1	1.836369E0	-5.868663E-1
1.039557E1	1.821727E0	-5.883376E-1
1.042889E1	1.822172E0	-5.853070E-1
1.046221E1	1.821333E0	-5.837051E-1
1.049552E1	1.843928E0	-6.032820E-1
1.052884E1	1.930951E0	-5.903517E-1
1.056216E1	2.049406E0	-5.805877E-1
1.059548E1	2.109945E0	-5.960129E-1
1.062880E1	2.119805E0	-6.067680E-1
1.066212E1	2.115344E0	-6.183279E-1
1.069544E1	2.120150E0	-6.243910E-1
1.072876E1	2.196754E0	-6.159521E-1
1.076208E1	2.276947E0	-6.216896E-1
1.079540E1	2.344005E0	-6.341871E-1
1.082872E1	2.403119E0	-6.361801E-1
1.086204E1	2.444852E0	-6.419375E-1
1.089535E1	2.501112E0	-6.445026E-1
1.092867E1	2.578567E0	-6.401665E-1
1.096199E1	2.667487E0	-6.496407E-1
1.099531E1	2.709389E0	-6.735439E-1
1.102863E1	2.733648E0	-6.859040E-1
1.106195E1	2.800871E0	-6.813935E-1
1.109527E1	2.835185E0	-6.854815E-1
1.112859E1	2.885700E0	-6.845213E-1
1.116191E1	3.033495E0	-6.769333E-1
1.119523E1	3.219989E0	-6.645770E-1
1.122855E1	3.319047E0	-5.852615E-1
1.126186E1	3.311000E0	-5.464614E-1
1.129518E1	3.366340E0	-5.259585E-1
1.132850E1	3.416463E0	-5.163137E-1
1.136182E1	3.460265E0	-5.080480E-1
1.139514E1	3.489480E0	-4.771401E-1
1.142846E1	3.495840E0	-4.697470E-1
1.146178E1	3.472934E0	-4.846047E-1
1.149510E1	3.473477E0	-4.811125E-1
1.152842E1	3.481806E0	-4.723593E-1
1.156174E1	3.467105E0	-4.796841E-1
1.159506E1	3.406321E0	-4.805720E-1
1.162837E1	3.165214E0	-5.230316E-1
1.166169E1	2.716584E0	-5.781142E-1
1.169501E1	2.189733E0	-6.051040E-1
1.172833E1	1.643412E0	-5.920897E-1
1.176165E1	1.462604E0	-5.685477E-1
1.179497E1	1.458146E0	-6.450837E-1
1.182829E1	1.483901E0	-6.371162E-1
1.186161E1	1.499683E0	-6.354586E-1
1.189493E1	1.542380E0	-5.988421E-1
1.192825E1	1.545328E0	-5.921342E-1
1.196157E1	1.548487E0	-5.870162E-1
1.199489E1	1.571365E0	-5.860712E-1
1.202820E1	1.658057E0	-5.739257E-1
1.206152E1	1.702355E0	-5.785894E-1
1.209484E1	1.713422E0	-5.866644E-1
1.212816E1	1.774809E0	-5.939587E-1
1.216148E1	1.841442E0	-5.933795E-1
1.219480E1	1.920374E0	-5.886574E-1
1.222812E1	1.993817E0	-5.873151E-1
1.226144E1	2.046785E0	-5.978547E-1
1.229476E1	2.091962E0	-6.070166E-1
1.232808E1	2.135201E0	-6.264015E-1
1.236140E1	2.178449E0	-6.425985E-1
1.239471E1	2.208160E0	-6.431596E-1
1.242803E1	2.222569E0	-6.338105E-1
1.246135E1	2.244496E0	-6.079324E-1
1.249467E1	2.268614E0	-6.105940E-1
1.252799E1	2.270135E0	-6.223898E-1
1.256131E1	2.274175E0	-6.305878E-1
1.259463E1	2.272889E0	-6.286440E-1
1.262795E1	2.274674E0	-6.318830E-1
1.266127E1	2.273753E0	-6.331536E-1
1.269459E1	2.273084E0	-6.327543E-1
1.272791E1	2.309783E0	-6.355865E-1
1.276123E1	2.375835E0	-6.494088E-1
1.279454E1	2.491815E0	-6.832121E-1
1.282786E1	2.606171E0	-6.911992E-1
1.286118E1	2.636447E0	-6.422853E-1
1.289450E1	2.617310E0	-6.404564E-1
1.292782E1	2.613526E0	-6.361049E-1
1.296114E1	2.652920E0	-6.294498E-1
1.299446E1	2.713415E0	-6.282105E-1
1.302778E1	2.757819E0	-6.239591E-1
1.306110E1	2.819873E0	-6.220724E-1
1.309442E1	2.933567E0	-6.170126E-1
1.312774E1	3.051998E0	-6.145589E-1
1.316105E1	3.125132E0	-6.245249E-1
1.319437E1	3.187053E0	-6.193366E-1
1.322769E1	3.294155E0	-6.111236E-1
1.326101E1	3.347520E0	-5.956436E-1
1.329433E1	3.336297E0	-5.918915E-1
1.332765E1	3.348945E0	-5.895639E-1
1.336097E1	3.384244E0	-5.786628E-1
1.339429E1	3.536253E0	-5.230964E-1
1.342761E1	3.616487E0	-5.030075E-1
1.346093E1	3.575117E0	-5.172796E-1
1.349425E1	3.584352E0	-5.172412E-1
1.352757E1	3.578236E0	-5.187178E-1
1.356088E1	3.576395E0	-5.227917E-1
1.359420E1	3.522860E0	-5.235803E-1
1.362752E1	3.356706E0	-5.312919E-1
1.366084E1	2.933430E0	-5.867120E-1
1.369416E1	2.433324E0	-6.213942E-1
1.372748E1	1.934157E0	-6.394683E-1
1.376080E1	1.758144E0	-6.792743E-1
1.379412E1	1.761130E0	-7.347188E-1
1.382744E1	1.827897E0	-7.435391E-1
1.386076E1	1.870707E0	-7.404369E-1
1.389408E1	1.885123E0	-7.392098E-1
1.392739E1	1.884933E0	-7.379274E-1
1.396071E1	1.886176E0	-7.353185E-1
1.399403E1	1.886362E0	-7.346276E-1
1.402735E1	1.945057E0	-7.325515E-1
1.406067E1	1.978418E0	-7.341252E-1
1.409399E1	1.986910E0	-7.406027E-1
1.412731E1	2.034946E0	-7.518636E-1
1.416063E1	2.096728E0	-7.526892E-1
1.419395E1	2.173541E0	-7.535507E-1
1.422727E1	2.232932E0	-7.488473E-1
1.426059E1	2.265045E0	-7.484391E-1
1.429391E1	2.310336E0	-7.550877E-1
1.432722E1	2.367327E0	-7.528685E-1
1.436054E1	2.424952E0	-7.546525E-1
1.439386E1	2.465866E0	-7.547287E-1
1.442718E1	2.479233E0	-7.426770E-1
1.446050E1	2.489607E0	-7.046101E-1
1.449382E1	2.492840E0	-7.026245E-1
1.452714E1	2.503444E0	-7.093866E-1
1.456046E1	2.491262E0	-7.139616E-1
1.459378E1	2.490767E0	-7.088513E-1
1.462710E1	2.534541E0	-7.053708E-1
1.466042E1	2.589831E0	-7.015127E-1
1.469373E1	2.603889E0	-7.063267E-1
1.472705E1	2.600927E0	-7.039936E-1
1.476037E1	2.639369E0	-6.964337E-1
1.479369E1	2.701654E0	-6.936034E-1
1.482701E1	2.802523E0	-7.194868E-1
1.486033E1	2.915524E0	-7.141516E-1
1.489365E1	2.927393E0	-6.844272E-1
1.492697E1	2.924192E0	-6.911947E-1
1.496029E1	2.928929E0	-6.929131E-1
1.499361E1	2.978462E0	-6.908791E-1
1.502693E1	3.011732E0	-6.854784E-1
1.506024E1	3.082695E0	-6.837036E-1
1.509356E1	3.206060E0	-6.765226E-1
1.512688E1	3.308934E0	-6.687992E-1
1.516020E1	3.381133E0	-6.659752E-1
1.519352E1	3.462143E0	-6.561875E-1
1.522684E1	3.570221E0	-6.417517E-1
1.526016E1	3.615573E0	-6.362351E-1
1.529348E1	3.643563E0	-6.285654E-1
1.532680E1	3.642766E0	-6.322623E-1
1.536012E1	3.640741E0	-6.362318E-1
1.539344E1	3.733660E0	-6.073108E-1
1.542676E1	3.832564E0	-5.788863E-1
1.546007E1	3.825710E0	-5.927345E-1
1.549339E1	3.834092E0	-5.915353E-1
1.552671E1	3.838745E0	-5.897885E-1
1.556003E1	3.840341E0	-5.895750E-1
1.559335E1	3.797602E0	-5.879785E-1
1.562667E1	3.658886E0	-5.916735E-1
1.565999E1	3.243718E0	-6.431473E-1
1.569331E1	2.729778E0	-7.050223E-1
1.572663E1	2.231692E0	-7.563363E-1
1.575995E1	2.028404E0	-7.857203E-1
1.579327E1	2.015261E0	-8.514381E-1
1.582658E1	2.053182E0	-8.483801E-1
1.585990E1	2.075721E0	-8.486624E-1
1.589322E1	2.084022E0	-8.489623E-1
1.592654E1	2.088049E0	-8.488844E-1
1.595986E1	2.072718E0	-8.502174E-1
1.599318E1	2.080901E0	-8.472217E-1
1.602650E1	2.201845E0	-8.270864E-1
1.605982E1	2.283781E0	-8.356561E-1
1.609314E1	2.336356E0	-8.353829E-1
1.612646E1	2.385963E0	-8.368084E-1
1.615978E1	2.428950E0	-8.439236E-1
1.619310E1	2.471575E0	-8.461221E-1
1.622641E1	2.535442E0	-8.529171E-1
1.625973E1	2.581691E0	-8.545236E-1
1.629305E1	2.637949E0	-8.549129E-1
1.632637E1	2.689114E0	-8.694098E-1
1.635969E1	2.719439E0	-9.038212E-1
1.639301E1	2.749515E0	-9.123704E-1
1.642633E1	2.758422E0	-9.067242E-1
1.645965E1	2.759022E0	-8.913733E-1
1.649297E1	2.760283E0	-8.951384E-1
1.652629E1	2.795619E0	-8.664523E-1
1.655961E1	2.838718E0	-8.551346E-1
1.659292E1	2.887391E0	-8.688544E-1
1.662624E1	2.931232E0	-8.818068E-1
1.665956E1	2.972732E0	-8.751113E-1
1.669288E1	3.035954E0	-8.620813E-1
1.672620E1	3.094694E0	-8.615462E-1
1.675952E1	3.151579E0	-8.622046E-1
1.679284E1	3.194737E0	-8.683512E-1
1.682616E1	3.244900E0	-8.676850E-1
1.685948E1	3.285144E0	-8.638153E-1
1.689280E1	3.293117E0	-8.222920E-1
1.692612E1	3.308359E0	-8.063696E-1
1.695944E1	3.320081E0	-8.154909E-1
1.699275E1	3.341718E0	-8.178905E-1
1.702607E1	3.376228E0	-8.096938E-1
1.705939E1	3.443591E0	-7.953089E-1
1.709271E1	3.536173E0	-7.862434E-1
1.712603E1	3.532702E0	-7.904762E-1
1.715935E1	3.601670E0	-7.840698E-1
1.719267E1	3.836437E0	-7.508518E-1
1.722599E1	4.090781E0	-7.171276E-1
1.725931E1	4.048296E0	-7.220789E-1
1.729263E1	4.066671E0	-7.120326E-1
1.732595E1	4.168114E0	-6.924333E-1
1.735926E1	4.196986E0	-6.962981E-1
1.739258E1	4.197134E0	-6.978118E-1
1.742590E1	4.191907E0	-6.985618E-1
1.745922E1	4.188120E0	-6.992984E-1
1.749254E1	4.185276E0	-6.999941E-1
1.752586E1	4.183662E0	-7.003266E-1
1.755918E1	4.181725E0	-7.008750E-1
1.759250E1	4.146447E0	-7.011194E-1
1.762582E1	3.959573E0	-7.317572E-1
1.765914E1	3.545121E0	-8.063072E-1
1.769246E1	3.030142E0	-8.165876E-1
1.772578E1	2.502521E0	-8.556543E-1
1.775909E1	2.329633E0	-8.860693E-1
1.779241E1	2.356395E0	-9.212862E-1
1.782573E1	2.411946E0	-9.296035E-1
1.785905E1	2.417143E0	-9.203162E-1
1.789237E1	2.420610E0	-9.170531E-1
1.792569E1	2.422918E0	-9.164666E-1
1.795901E1	2.420201E0	-9.121164E-1
1.799233E1	2.442792E0	-9.075766E-1
1.802565E1	2.491973E0	-9.091786E-1
1.805897E1	2.555143E0	-9.015930E-1
1.809229E1	2.607943E0	-9.043646E-1
1.812560E1	2.658447E0	-9.059910E-1
1.815892E1	2.722879E0	-9.074842E-1
1.819224E1	2.772148E0	-9.046008E-1
1.822556E1	2.809773E0	-9.004931E-1
1.825888E1	2.853428E0	-9.111148E-1
1.829220E1	2.882320E0	-9.139419E-1
1.832552E1	2.935535E0	-9.186614E-1
1.835884E1	2.969789E0	-9.415790E-1
1.839216E1	3.024343E0	-9.547129E-1
1.842548E1	3.043247E0	-9.505705E-1
1.845880E1	3.063343E0	-9.210103E-1
1.849211E1	3.056209E0	-9.200219E-1
1.852543E1	3.070473E0	-9.216578E-1
1.855875E1	3.086982E0	-9.421454E-1
1.859207E1	3.147839E0	-9.486311E-1
1.862539E1	3.210902E0	-9.595522E-1
1.865871E1	3.269252E0	-9.769739E-1
1.869203E1	3.338096E0	-9.823880E-1
1.872535E1	3.390199E0	-9.841221E-1
1.875867E1	3.440752E0	-9.734962E-1
1.879199E1	3.507221E0	-9.730070E-1
1.882531E1	3.542751E0	-9.750865E-1
1.885863E1	3.578995E0	-9.487635E-1
1.889194E1	3.616586E0	-9.118146E-1
1.892526E1	3.629684E0	-8.952437E-1
1.895858E1	3.670787E0	-8.822943E-1
1.899190E1	3.728267E0	-8.641510E-1
1.902522E1	3.745016E0	-8.647423E-1
1.905854E1	3.763277E0	-8.657747E-1
1.909186E1	3.833963E0	-8.571543E-1
1.912518E1	4.058016E0	-8.386273E-1
1.915850E1	4.314386E0	-8.154109E-1
1.919182E1	4.375810E0	-8.069545E-1
1.922514E1	4.377160E0	-8.044406E-1
1.925845E1	4.462035E0	-7.795407E-1
1.929177E1	4.496024E0	-7.678581E-1
1.932509E1	4.530856E0	-7.565111E-1
1.935841E1	4.583013E0	-7.444580E-1
1.939173E1	4.555277E0	-7.641952E-1
1.942505E1	4.556298E0	-7.625504E-1
1.945837E1	4.567262E0	-7.525342E-1
1.949169E1	4.560212E0	-7.578586E-1
1.952501E1	4.559851E0	-7.598222E-1
1.955833E1	4.559144E0	-7.591709E-1
1.959165E1	4.494242E0	-7.707080E-1
1.962497E1	4.300236E0	-8.034695E-1
1.965828E1	4.022425E0	-8.326196E-1
1.969160E1	3.901738E0	-8.372659E-1
1.972492E1	3.917975E0	-8.448073E-1
1.975824E1	3.893111E0	-8.490721E-1
1.979156E1	3.884322E0	-8.552900E-1
1.982488E1	3.889767E0	-8.583815E-1
1.985820E1	3.894587E0	-8.594186E-1
1.989152E1	3.901362E0	-8.671407E-1
1.992484E1	3.894978E0	-8.666377E-1
1.995816E1	3.869824E0	-8.756092E-1
1.999148E1	3.741952E0	-9.012625E-1
2.002479E1	3.610653E0	-8.770957E-1
2.005811E1	3.325284E0	-8.822368E-1
2.009143E1	3.219134E0	-8.707954E-1
2.012475E1	3.214609E0	-9.269229E-1
2.015807E1	3.294374E0	-9.394519E-1
2.019139E1	3.372374E0	-9.074268E-1
2.022471E1	3.410946E0	-9.069121E-1
2.025803E1	3.412770E0	-9.089582E-1
2.029135E1	3.455050E0	-9.099767E-1
2.032467E1	3.542665E0	-9.159975E-1
2.035799E1	3.589053E0	-9.498897E-1
2.039131E1	3.626133E0	-9.771664E-1
2.042462E1	3.626528E0	-9.732444E-1
2.045794E1	3.640106E0	-9.350591E-1
2.049126E1	3.641423E0	-9.308562E-1
2.052458E1	3.644248E0	-9.520585E-1
2.055790E1	3.678513E0	-9.642523E-1
2.059122E1	3.752687E0	-9.585568E-1
2.062454E1	3.804286E0	-9.619768E-1
2.065786E1	3.861942E0	-9.747395E-1
2.069118E1	3.898207E0	-9.883607E-1
2.072450E1	3.901952E0	-9.859503E-1
2.075782E1	3.904050E0	-9.808154E-1
2.079113E1	3.906876E0	-9.793241E-1
2.082445E1	3.945773E0	-9.755894E-1
2.085777E1	4.015297E0	-9.741630E-1
2.089109E1	4.095364E0	-9.759812E-1
2.092441E1	4.101292E0	-9.591598E-1
2.095773E1	4.108953E0	-9.611259E-1
2.099105E1	4.139316E0	-9.564662E-1
2.102437E1	4.181756E0	-9.655638E-1
2.105769E1	4.266036E0	-9.598096E-1
2.109101E1	4.378473E0	-9.514663E-1
2.112433E1	4.456212E0	-9.361655E-1
2.115764E1	4.524164E0	-9.248626E-1
2.119096E1	4.618990E0	-9.145391E-1
2.122428E1	4.727875E0	-9.039104E-1
2.125760E1	4.788277E0	-9.041037E-1
2.129092E1	4.839756E0	-8.906067E-1
2.132424E1	4.897756E0	-8.708274E-1
2.135756E1	4.952380E0	-8.610374E-1
2.139088E1	4.986036E0	-8.574934E-1
2.142420E1	4.978494E0	-8.624811E-1
2.145752E1	4.986379E0	-8.646930E-1
2.149084E1	4.987908E0	-8.662457E-1
2.152416E1	4.989819E0	-8.674137E-1
2.155747E1	4.989553E0	-8.675735E-1
2.159079E1	4.941972E0	-8.705923E-1
2.162411E1	4.771588E0	-8.871176E-1
2.165743E1	4.388412E0	-9.168708E-1
2.169075E1	3.892698E0	-9.512623E-1
2.172407E1	3.343352E0	-1.004781E0
2.175739E1	3.110565E0	-1.057212E0
2.179071E1	3.093934E0	-1.121689E0
2.182403E1	3.129449E0	-1.141244E0
2.185735E1	3.133191E0	-1.136353E0
2.189067E1	3.144557E0	-1.126584E0
2.192398E1	3.140036E0	-1.122352E0
2.195730E1	3.136197E0	-1.123504E0
2.199062E1	3.137240E0	-1.122058E0
2.202394E1	3.243220E0	-1.110620E0
2.205726E1	3.319572E0	-1.101378E0
2.209058E1	3.320629E0	-1.082706E0
2.212390E1	3.316042E0	-1.083682E0
2.215722E1	3.342782E0	-1.088757E0
2.219054E1	3.453758E0	-1.092559E0
2.222386E1	3.611458E0	-1.076451E0
2.225718E1	3.735565E0	-1.071863E0
2.229050E1	3.782125E0	-1.091035E0
2.232381E1	3.778383E0	-1.120719E0
2.235713E1	3.767407E0	-1.141768E0
2.239045E1	3.746662E0	-1.159170E0
2.242377E1	3.741583E0	-1.131206E0
2.245709E1	3.770838E0	-1.119204E0
2.249041E1	3.788238E0	-1.129858E0
2.252373E1	3.801166E0	-1.134781E0
2.255705E1	3.848367E0	-1.127325E0
2.259037E1	3.912766E0	-1.122084E0
2.262369E1	3.979465E0	-1.128478E0
2.265701E1	4.040323E0	-1.131716E0
2.269032E1	4.077286E0	-1.152515E0
2.272364E1	4.090773E0	-1.165896E0
2.275696E1	4.102888E0	-1.176284E0
2.279028E1	4.109403E0	-1.180858E0
2.282360E1	4.132435E0	-1.175450E0
2.285692E1	4.183657E0	-1.179938E0
2.289024E1	4.275537E0	-1.185150E0
2.292356E1	4.373828E0	-1.175860E0
2.295688E1	4.422797E0	-1.145251E0
2.299020E1	4.425178E0	-1.141209E0
2.302352E1	4.433591E0	-1.134234E0
2.305684E1	4.510658E0	-1.098965E0
2.309015E1	4.643725E0	-1.070217E0
2.312347E1	4.753224E0	-1.053095E0
2.315679E1	4.831937E0	-1.035902E0
2.319011E1	4.915595E0	-1.021864E0
2.322343E1	4.975108E0	-1.012598E0
2.325675E1	5.014257E0	-1.007451E0
2.329007E1	5.096623E0	-9.855769E-1
2.332339E1	5.147710E0	-9.747932E-1
2.335671E1	5.192978E0	-9.600113E-1
2.339003E1	5.211146E0	-9.603589E-1
2.342335E1	5.209804E0	-9.671893E-1
2.345666E1	5.210518E0	-9.703564E-1
2.348998E1	5.211127E0	-9.717131E-1
2.352330E1	5.210803E0	-9.735404E-1
2.355662E1	5.209670E0	-9.753026E-1
2.358994E1	5.165890E0	-9.799728E-1
2.362326E1	4.975780E0	-1.011934E0
2.365658E1	4.532249E0	-1.084150E0
2.368990E1	4.002912E0	-1.133698E0
2.372322E1	3.427047E0	-1.221641E0
2.375654E1	3.199812E0	-1.254389E0
2.378986E1	3.180223E0	-1.333403E0
2.382318E1	3.274024E0	-1.338768E0
2.385649E1	3.304090E0	-1.339184E0
2.388981E1	3.301711E0	-1.341899E0
2.392313E1	3.302381E0	-1.334102E0
2.395645E1	3.298726E0	-1.339109E0
2.398977E1	3.298537E0	-1.333111E0
2.402309E1	3.307586E0	-1.328762E0
2.405641E1	3.336945E0	-1.330663E0
2.408973E1	3.467298E0	-1.342963E0
2.412305E1	3.619339E0	-1.305751E0
2.415637E1	3.672983E0	-1.293854E0
2.418969E1	3.667131E0	-1.321480E0
2.422300E1	3.640762E0	-1.362900E0
2.425632E1	3.642118E0	-1.363534E0
2.428964E1	3.669039E0	-1.341704E0
2.432296E1	3.686066E0	-1.337605E0
2.435628E1	3.687490E0	-1.329708E0
2.438960E1	3.696983E0	-1.334506E0
2.442292E1	3.728296E0	-1.327023E0
2.445624E1	3.775438E0	-1.313055E0
2.448956E1	3.834758E0	-1.291547E0
2.452288E1	3.904767E0	-1.291701E0
2.455620E1	3.984744E0	-1.288321E0
2.458951E1	4.052802E0	-1.302134E0
2.462283E1	4.104329E0	-1.309045E0
2.465615E1	4.113995E0	-1.319529E0
2.468947E1	4.133949E0	-1.318649E0
2.472279E1	4.164198E0	-1.305484E0
2.475611E1	4.207761E0	-1.302876E0
2.478943E1	4.241437E0	-1.303545E0
2.482275E1	4.237928E0	-1.303359E0
2.485607E1	4.256580E0	-1.299663E0
2.488939E1	4.329733E0	-1.291378E0
2.492271E1	4.410784E0	-1.302427E0
2.495603E1	4.545955E0	-1.278314E0
2.498934E1	4.592816E0	-1.253718E0
2.502266E1	4.612328E0	-1.244046E0
2.505598E1	4.697364E0	-1.233334E0
2.508930E1	4.793264E0	-1.205068E0
2.512262E1	4.857458E0	-1.190781E0
2.515594E1	4.946935E0	-1.179187E0
2.518926E1	5.050989E0	-1.153783E0
2.522258E1	5.128664E0	-1.137316E0
2.525590E1	5.172953E0	-1.135719E0
2.528922E1	5.220062E0	-1.133380E0
2.532254E1	5.263658E0	-1.120886E0
2.535585E1	5.320307E0	-1.108195E0
2.538917E1	5.344649E0	-1.097674E0
2.542249E1	5.332619E0	-1.096288E0
2.545581E1	5.329396E0	-1.094781E0
2.548913E1	5.326841E0	-1.093181E0
2.552245E1	5.325136E0	-1.092748E0
2.555577E1	5.323866E0	-1.091537E0
2.558909E1	5.279605E0	-1.095480E0
2.562241E1	5.094633E0	-1.135100E0
2.565573E1	4.711855E0	-1.195271E0
2.568905E1	4.194121E0	-1.244602E0
2.572237E1	3.629065E0	-1.307344E0
2.575568E1	3.380534E0	-1.343437E0
2.578900E1	3.368721E0	-1.402180E0
2.582232E1	3.419989E0	-1.428868E0
2.585564E1	3.442275E0	-1.395173E0
2.588896E1	3.460915E0	-1.381879E0
2.592228E1	3.458115E0	-1.387722E0
2.595560E1	3.457710E0	-1.392853E0
2.598892E1	3.458539E0	-1.396182E0
2.602224E1	3.550584E0	-1.386264E0
2.605556E1	3.637002E0	-1.388164E0
2.608888E1	3.687573E0	-1.371525E0
2.612219E1	3.733490E0	-1.357759E0
2.615551E1	3.737138E0	-1.356132E0
2.618883E1	3.739381E0	-1.354367E0
2.622215E1	3.741043E0	-1.353488E0
2.625547E1	3.802618E0	-1.356142E0
2.628879E1	3.950774E0	-1.317257E0
2.632211E1	4.050603E0	-1.305101E0
2.635543E1	4.066845E0	-1.349126E0
2.638875E1	4.056080E0	-1.364179E0
2.642207E1	4.049525E0	-1.357694E0
2.645539E1	4.064987E0	-1.356269E0
2.648871E1	4.077715E0	-1.355797E0
2.652202E1	4.088198E0	-1.351473E0
2.655534E1	4.120070E0	-1.340993E0
2.658866E1	4.172908E0	-1.346903E0
2.662198E1	4.238460E0	-1.353861E0
2.665530E1	4.299811E0	-1.363074E0
2.668862E1	4.327935E0	-1.373052E0
2.672194E1	4.343288E0	-1.372215E0
2.675526E1	4.367150E0	-1.364546E0
2.678858E1	4.383619E0	-1.363337E0
2.682190E1	4.419390E0	-1.362423E0
2.685522E1	4.496993E0	-1.353095E0
2.688853E1	4.579070E0	-1.348205E0
2.692185E1	4.675332E0	-1.343646E0
2.695517E1	4.727915E0	-1.305230E0
2.698849E1	4.725906E0	-1.297556E0
2.702181E1	4.741400E0	-1.279588E0
2.705513E1	4.822355E0	-1.255148E0
2.708845E1	4.910999E0	-1.239565E0
2.712177E1	4.995122E0	-1.230071E0
2.715509E1	5.079617E0	-1.219947E0
2.718841E1	5.188397E0	-1.197056E0
2.722173E1	5.272565E0	-1.166837E0
2.725505E1	5.310436E0	-1.151053E0
2.728836E1	5.352722E0	-1.141092E0
2.732168E1	5.391466E0	-1.130358E0
2.735500E1	5.470332E0	-1.101041E0
2.738832E1	5.522816E0	-1.091670E0
2.742164E1	5.510259E0	-1.101570E0
2.745496E1	5.511261E0	-1.095184E0
2.748828E1	5.502399E0	-1.093120E0
2.752160E1	5.497017E0	-1.093113E0
2.755492E1	5.493653E0	-1.092803E0
2.758824E1	5.446796E0	-1.100009E0
2.762156E1	5.270750E0	-1.149462E0
2.765487E1	4.908403E0	-1.214693E0
2.768819E1	4.392931E0	-1.276292E0
2.772151E1	3.858620E0	-1.350250E0
2.775483E1	3.640222E0	-1.392902E0
2.778815E1	3.627197E0	-1.457370E0
2.782147E1	3.678346E0	-1.453097E0
2.785479E1	3.689993E0	-1.455142E0
2.788811E1	3.686727E0	-1.455776E0
2.792143E1	3.685401E0	-1.455662E0
2.795475E1	3.682526E0	-1.456227E0
2.798807E1	3.681343E0	-1.456838E0
2.802138E1	3.680723E0	-1.457106E0
2.805470E1	3.698796E0	-1.457982E0
2.808802E1	3.826094E0	-1.445707E0
2.812134E1	3.940057E0	-1.432684E0
2.815466E1	3.981039E0	-1.401771E0
2.818798E1	3.964633E0	-1.442240E0
2.822130E1	3.956359E0	-1.468400E0
2.825462E1	3.951823E0	-1.466119E0
2.828794E1	3.928756E0	-1.462871E0
2.832126E1	3.894372E0	-1.469513E0
2.835458E1	3.868741E0	-1.506445E0
2.838790E1	3.910047E0	-1.498588E0
2.842121E1	3.985871E0	-1.468830E0
2.845453E1	4.048113E0	-1.461233E0
2.848785E1	4.099932E0	-1.449880E0
2.852117E1	4.168282E0	-1.435529E0
2.855449E1	4.231808E0	-1.428586E0
2.858781E1	4.314210E0	-1.425123E0
2.862113E1	4.398490E0	-1.426217E0
2.865445E1	4.460702E0	-1.420541E0
2.868777E1	4.503410E0	-1.415477E0
2.872109E1	4.534081E0	-1.414027E0
2.875441E1	4.555948E0	-1.412881E0
2.878772E1	4.599455E0	-1.399971E0
2.882104E1	4.680380E0	-1.393070E0
2.885436E1	4.801847E0	-1.381721E0
2.888768E1	4.867294E0	-1.354474E0
2.892100E1	4.879649E0	-1.333233E0
2.895432E1	4.879609E0	-1.321902E0
2.898764E1	4.883008E0	-1.313230E0
2.902096E1	4.920129E0	-1.301705E0
2.905428E1	5.004217E0	-1.288008E0
2.908760E1	5.085642E0	-1.274991E0
2.912092E1	5.148142E0	-1.257776E0
2.915424E1	5.225751E0	-1.245957E0
2.918755E1	5.332868E0	-1.221444E0
2.922087E1	5.432893E0	-1.201637E0
2.925419E1	5.490224E0	-1.188662E0
2.928751E1	5.527001E0	-1.185423E0
2.932083E1	5.588507E0	-1.171194E0
2.935415E1	5.665940E0	-1.149474E0
2.938747E1	5.695577E0	-1.147660E0
2.942079E1	5.687151E0	-1.146195E0
2.945411E1	5.695675E0	-1.146710E0
2.948743E1	5.697612E0	-1.147877E0
2.952075E1	5.698786E0	-1.148410E0
2.955406E1	5.699664E0	-1.148527E0
2.958738E1	5.700170E0	-1.148604E0
2.962070E1	5.683090E0	-1.147610E0
2.965402E1	5.530546E0	-1.193938E0
2.968734E1	5.252725E0	-1.253025E0
2.972066E1	4.838328E0	-1.310644E0
2.975398E1	4.384656E0	-1.331981E0
2.978730E1	4.170737E0	-1.310726E0
2.982062E1	4.215487E0	-1.342413E0
2.985394E1	4.264572E0	-1.390056E0
2.988726E1	4.274726E0	-1.365787E0
2.992058E1	4.269160E0	-1.363212E0
2.995389E1	4.272693E0	-1.361989E0
2.998721E1	4.279114E0	-1.356908E0
3.002053E1	4.339302E0	-1.356856E0
3.005385E1	4.429903E0	-1.322174E0
3.008717E1	4.476815E0	-1.312121E0
3.012049E1	4.537302E0	-1.306114E0
3.015381E1	4.561004E0	-1.302743E0
3.018713E1	4.558658E0	-1.302396E0
3.022045E1	4.557101E0	-1.302657E0
3.025377E1	4.555884E0	-1.302492E0
3.028709E1	4.575760E0	-1.313934E0
3.032040E1	4.689612E0	-1.262802E0
3.035372E1	4.801222E0	-1.205796E0
3.038704E1	4.839702E0	-1.254181E0
3.042036E1	4.873047E0	-1.269928E0
3.045368E1	4.868302E0	-1.257844E0
3.048700E1	4.873582E0	-1.246489E0
3.052032E1	4.881366E0	-1.246437E0
3.055364E1	4.891098E0	-1.255910E0
3.058696E1	4.890056E0	-1.296015E0
3.062028E1	4.938939E0	-1.309717E0
3.065360E1	4.988525E0	-1.301594E0
3.068692E1	5.017679E0	-1.303215E0
3.072023E1	5.031067E0	-1.302247E0
3.075355E1	5.086108E0	-1.284593E0
3.078687E1	5.167136E0	-1.278015E0
3.082019E1	5.263718E0	-1.261536E0
3.085351E1	5.319751E0	-1.257939E0
3.088683E1	5.340769E0	-1.220785E0
3.092015E1	5.346586E0	-1.206759E0
3.095347E1	5.337432E0	-1.203723E0
3.098679E1	5.357052E0	-1.200597E0
3.102011E1	5.397657E0	-1.196813E0
3.105343E1	5.470707E0	-1.184465E0
3.108674E1	5.584799E0	-1.161486E0
3.112006E1	5.680367E0	-1.143503E0
3.115338E1	5.722053E0	-1.140461E0
3.118670E1	5.797470E0	-1.121865E0
3.122002E1	5.944575E0	-1.088854E0
3.125334E1	5.994116E0	-1.075213E0
3.128666E1	5.969593E0	-1.086554E0
3.131998E1	5.982319E0	-1.087809E0
3.135330E1	5.975401E0	-1.088385E0
3.138662E1	6.059297E0	-1.071887E0
3.141994E1	6.162962E0	-1.057527E0
3.145325E1	6.190296E0	-1.052193E0
3.148657E1	6.179154E0	-1.049079E0
3.151989E1	6.192916E0	-1.045523E0
3.155321E1	6.188072E0	-1.047259E0
3.158653E1	6.151121E0	-1.052453E0
3.161985E1	6.019020E0	-1.078343E0
3.165317E1	5.691421E0	-1.152236E0
3.168649E1	5.231608E0	-1.274640E0
3.171981E1	4.738784E0	-1.379692E0
3.175313E1	4.498577E0	-1.384096E0
3.178645E1	4.465804E0	-1.430853E0
3.181977E1	4.496289E0	-1.440637E0
3.185308E1	4.502534E0	-1.412181E0
3.188640E1	4.503267E0	-1.412342E0
3.191972E1	4.504356E0	-1.412781E0
3.195304E1	4.503254E0	-1.412988E0
3.198636E1	4.493946E0	-1.411749E0
3.201968E1	4.550233E0	-1.404562E0
3.205300E1	4.661162E0	-1.380920E0
3.208632E1	4.734605E0	-1.365052E0
3.211964E1	4.795674E0	-1.356807E0
3.215296E1	4.846086E0	-1.351901E0
3.218628E1	4.921521E0	-1.323963E0
3.221959E1	4.982582E0	-1.307790E0
3.225291E1	5.039387E0	-1.301535E0
3.228623E1	5.089110E0	-1.309036E0
3.231955E1	5.096260E0	-1.346662E0
3.235287E1	5.087865E0	-1.367082E0
3.238619E1	5.048199E0	-1.379832E0
3.241951E1	5.037962E0	-1.370715E0
3.245283E1	5.058767E0	-1.362571E0
3.248615E1	5.069213E0	-1.358982E0
3.251947E1	5.080062E0	-1.345533E0
3.255279E1	5.090507E0	-1.353688E0
3.258611E1	5.149975E0	-1.353453E0
3.261942E1	5.215539E0	-1.346990E0
3.265274E1	5.261903E0	-1.367711E0
3.268606E1	5.281334E0	-1.387398E0
3.271938E1	5.311010E0	-1.372494E0
3.275270E1	5.359827E0	-1.348889E0
3.278602E1	5.440265E0	-1.320846E0
3.281934E1	5.492438E0	-1.323908E0
3.285266E1	5.578937E0	-1.321641E0
3.288598E1	5.633657E0	-1.295801E0
3.291930E1	5.653383E0	-1.255938E0
3.295262E1	5.662598E0	-1.235048E0
3.298593E1	5.676061E0	-1.226329E0
3.301925E1	5.706467E0	-1.213901E0
3.305257E1	5.772974E0	-1.198564E0
3.308589E1	5.890714E0	-1.177758E0
3.311921E1	5.996167E0	-1.161560E0
3.315253E1	6.043042E0	-1.158060E0
3.318585E1	6.103546E0	-1.141502E0
3.321917E1	6.149300E0	-1.126902E0
3.325249E1	6.155307E0	-1.126912E0
3.328581E1	6.281918E0	-1.090155E0
3.331913E1	6.416490E0	-1.052357E0
3.335245E1	6.429182E0	-1.054325E0
3.338576E1	6.426972E0	-1.052051E0
3.341908E1	6.437364E0	-1.046531E0
3.345240E1	6.428421E0	-1.047182E0
3.348572E1	6.424294E0	-1.047069E0
3.351904E1	6.421685E0	-1.047040E0
3.355236E1	6.419825E0	-1.047703E0
3.358568E1	6.382907E0	-1.059383E0
3.361900E1	6.239599E0	-1.105445E0
3.365232E1	5.922561E0	-1.217455E0
3.368564E1	5.477921E0	-1.311664E0
3.371896E1	4.970420E0	-1.412188E0
3.375227E1	4.730026E0	-1.459727E0
3.378559E1	4.702598E0	-1.513764E0
3.381891E1	4.748451E0	-1.534655E0
3.385223E1	4.763375E0	-1.524589E0
3.388555E1	4.764822E0	-1.522899E0
3.391887E1	4.768706E0	-1.523117E0
3.395219E1	4.757149E0	-1.520014E0
3.398551E1	4.762285E0	-1.520630E0
3.401883E1	4.838937E0	-1.501227E0
3.405215E1	4.946181E0	-1.480414E0
3.408547E1	5.024230E0	-1.454741E0
3.411878E1	5.114200E0	-1.436076E0
3.415210E1	5.159279E0	-1.423217E0
3.418542E1	5.212959E0	-1.418070E0
3.421874E1	5.254751E0	-1.404707E0
3.425206E1	5.311774E0	-1.408421E0
3.428538E1	5.367233E0	-1.418970E0
3.431870E1	5.411836E0	-1.420732E0
3.435202E1	5.444719E0	-1.429622E0
3.438534E1	5.466596E0	-1.426010E0
3.441866E1	5.469122E0	-1.417188E0
3.445198E1	5.470769E0	-1.407142E0
3.448530E1	5.483314E0	-1.412945E0
3.451861E1	5.482873E0	-1.423135E0
3.455193E1	5.482349E0	-1.432110E0
3.458525E1	5.511327E0	-1.415925E0
3.461857E1	5.541874E0	-1.423516E0
3.465189E1	5.560590E0	-1.439582E0
3.468521E1	5.609697E0	-1.437262E0
3.471853E1	5.671574E0	-1.431715E0
3.475185E1	5.734964E0	-1.424642E0
3.478517E1	5.807714E0	-1.424262E0
3.481849E1	5.876843E0	-1.421551E0
3.485181E1	5.938939E0	-1.420218E0
3.488512E1	5.980096E0	-1.390497E0
3.491844E1	5.989048E0	-1.347401E0
3.495176E1	5.987094E0	-1.341053E0
3.498508E1	6.002665E0	-1.329095E0
3.501840E1	6.045278E0	-1.326320E0
3.505172E1	6.103812E0	-1.318991E0
3.508504E1	6.193884E0	-1.304700E0
3.511836E1	6.287363E0	-1.276525E0
3.515168E1	6.323395E0	-1.269055E0
3.518500E1	6.309004E0	-1.268516E0
3.521832E1	6.352579E0	-1.266765E0
3.525164E1	6.536478E0	-1.227869E0
3.528495E1	6.761387E0	-1.152713E0
3.531827E1	6.765193E0	-1.141512E0
3.535159E1	6.778738E0	-1.125970E0
3.538491E1	6.789386E0	-1.117833E0
3.541823E1	6.804206E0	-1.113766E0
3.545155E1	6.802274E0	-1.110821E0
3.548487E1	6.800528E0	-1.109227E0
3.551819E1	6.800194E0	-1.108417E0
3.555151E1	6.799296E0	-1.107888E0
3.558483E1	6.774114E0	-1.114624E0
3.561815E1	6.666845E0	-1.163953E0
3.565146E1	6.401929E0	-1.224312E0
3.568478E1	5.934822E0	-1.355460E0
3.571810E1	5.478553E0	-1.455538E0
3.575142E1	5.304359E0	-1.473512E0
3.578474E1	5.337719E0	-1.489673E0
3.581806E1	5.344471E0	-1.494444E0
3.585138E1	5.323228E0	-1.498411E0
3.588470E1	5.323374E0	-1.491322E0
3.591802E1	5.320303E0	-1.491705E0
3.595134E1	5.319339E0	-1.488298E0
3.598466E1	5.327728E0	-1.488612E0
3.601798E1	5.382572E0	-1.486708E0
3.605129E1	5.473301E0	-1.445031E0
3.608461E1	5.475193E0	-1.414205E0
3.611793E1	5.485064E0	-1.422817E0
3.615125E1	5.529479E0	-1.420886E0
3.618457E1	5.607425E0	-1.410427E0
3.621789E1	5.687608E0	-1.381450E0
3.625121E1	5.745506E0	-1.379142E0
3.628453E1	5.797297E0	-1.383721E0
3.631785E1	5.843637E0	-1.372566E0
3.635117E1	5.853535E0	-1.372419E0
3.638449E1	5.865584E0	-1.384814E0
3.641780E1	5.905148E0	-1.372394E0
3.645112E1	5.957293E0	-1.329021E0
3.648444E1	5.962677E0	-1.326922E0
3.651776E1	5.968936E0	-1.341437E0
3.655108E1	5.975649E0	-1.350669E0
3.658440E1	6.023756E0	-1.342087E0
3.661772E1	6.031940E0	-1.345520E0
3.665104E1	6.054887E0	-1.365894E0
3.668436E1	6.073589E0	-1.363422E0
3.671768E1	6.117139E0	-1.360054E0
3.675100E1	6.191593E0	-1.356233E0
3.678432E1	6.274888E0	-1.351870E0
3.681763E1	6.362581E0	-1.353360E0
3.685095E1	6.446090E0	-1.355022E0
3.688427E1	6.462731E0	-1.338977E0
3.691759E1	6.474033E0	-1.321350E0
3.695091E1	6.473303E0	-1.318895E0
3.698423E1	6.484076E0	-1.325628E0
3.701755E1	6.524548E0	-1.320797E0
3.705087E1	6.603845E0	-1.308033E0
3.708419E1	6.708400E0	-1.285113E0
3.711751E1	6.761813E0	-1.264018E0
3.715083E1	6.804961E0	-1.253384E0
3.718414E1	6.910829E0	-1.226860E0
3.721746E1	7.044579E0	-1.186322E0
3.725078E1	7.086218E0	-1.182932E0
3.728410E1	7.092779E0	-1.172061E0
3.731742E1	7.182454E0	-1.143429E0
3.735074E1	7.278930E0	-1.120276E0
3.738406E1	7.278087E0	-1.129320E0
3.741738E1	7.280690E0	-1.122064E0
3.745070E1	7.282788E0	-1.118307E0
3.748402E1	7.284572E0	-1.116360E0
3.751734E1	7.285757E0	-1.114248E0
3.755065E1	7.286191E0	-1.113524E0
3.758397E1	7.257995E0	-1.120409E0
3.761729E1	7.153025E0	-1.158954E0
3.765061E1	6.855334E0	-1.265673E0
3.768393E1	6.409798E0	-1.379439E0
3.771725E1	5.888587E0	-1.489938E0
3.775057E1	5.601512E0	-1.534979E0
3.778389E1	5.534831E0	-1.627701E0
3.781721E1	5.560687E0	-1.643549E0
3.785053E1	5.565651E0	-1.637546E0
3.788385E1	5.574991E0	-1.638075E0
3.791717E1	5.579981E0	-1.640052E0
3.795048E1	5.581208E0	-1.637362E0
3.798380E1	5.584530E0	-1.639196E0
3.801712E1	5.611478E0	-1.635655E0
3.805044E1	5.638922E0	-1.630793E0
3.808376E1	5.727167E0	-1.594042E0
3.811708E1	5.870499E0	-1.571514E0
3.815040E1	5.991344E0	-1.532092E0
3.818372E1	6.078141E0	-1.502890E0
3.821704E1	6.091409E0	-1.512496E0
3.825036E1	6.120628E0	-1.518680E0
3.828368E1	6.167338E0	-1.524018E0
3.831699E1	6.241657E0	-1.530073E0
3.835031E1	6.288885E0	-1.533728E0
3.838363E1	6.334012E0	-1.531858E0
3.841695E1	6.359266E0	-1.527993E0
3.845027E1	6.363579E0	-1.503615E0
3.848359E1	6.369853E0	-1.490056E0
3.851691E1	6.368858E0	-1.491258E0
3.855023E1	6.384906E0	-1.495575E0
3.858355E1	6.407886E0	-1.502631E0
3.861687E1	6.448006E0	-1.494756E0
3.865019E1	6.497218E0	-1.483363E0
3.868351E1	6.520369E0	-1.488702E0
3.871682E1	6.523029E0	-1.496145E0
3.875014E1	6.550871E0	-1.491649E0
3.878346E1	6.620207E0	-1.485400E0
3.881678E1	6.688181E0	-1.488694E0
3.885010E1	6.769069E0	-1.484734E0
3.888342E1	6.845787E0	-1.474425E0
3.891674E1	6.873686E0	-1.436758E0
3.895006E1	6.874495E0	-1.418004E0
3.898338E1	6.866936E0	-1.422314E0
3.901670E1	6.892900E0	-1.419568E0
3.905002E1	6.967585E0	-1.398489E0
3.908333E1	7.075504E0	-1.370588E0
3.911665E1	7.139699E0	-1.360815E0
3.914997E1	7.177148E0	-1.356182E0
3.918329E1	7.243587E0	-1.348484E0
3.921661E1	7.283811E0	-1.331467E0
3.924993E1	7.284796E0	-1.330372E0
3.928325E1	7.284413E0	-1.329989E0
3.931657E1	7.285601E0	-1.329306E0
3.934989E1	7.402389E0	-1.291385E0
3.938321E1	7.618016E0	-1.212831E0
3.941653E1	7.718703E0	-1.170131E0
3.944985E1	7.697167E0	-1.184343E0
3.948316E1	7.712360E0	-1.174128E0
3.951648E1	7.714331E0	-1.171941E0
3.954980E1	7.715304E0	-1.170944E0
3.958312E1	7.676259E0	-1.177243E0
3.961644E1	7.543396E0	-1.212841E0
3.964976E1	7.212402E0	-1.346476E0
3.968308E1	6.741912E0	-1.489867E0
3.971640E1	6.186934E0	-1.651771E0
3.974972E1	5.816307E0	-1.742902E0
3.978304E1	5.748155E0	-1.814166E0
3.981636E1	5.799059E0	-1.847298E0
3.984967E1	5.819817E0	-1.838767E0
3.988299E1	5.812664E0	-1.845042E0
3.991631E1	5.811537E0	-1.850195E0
3.994963E1	5.810373E0	-1.852516E0
3.998295E1	5.786713E0	-1.848790E0
4.001627E1	5.818664E0	-1.846279E0
4.004959E1	5.941330E0	-1.829081E0
4.008291E1	5.995701E0	-1.800863E0
4.011623E1	6.074413E0	-1.761767E0
4.014955E1	6.132084E0	-1.745076E0
4.018287E1	6.191722E0	-1.737998E0
4.021619E1	6.277596E0	-1.701555E0
4.024950E1	6.342310E0	-1.693461E0
4.028282E1	6.392158E0	-1.685803E0
4.031614E1	6.432624E0	-1.696895E0
4.034946E1	6.457561E0	-1.696109E0
4.038278E1	6.466582E0	-1.710286E0
4.041610E1	6.455752E0	-1.710454E0
4.044942E1	6.441986E0	-1.696839E0
4.048274E1	6.478754E0	-1.685552E0
4.051606E1	6.501936E0	-1.682712E0
4.054938E1	6.554183E0	-1.696887E0
4.058270E1	6.627891E0	-1.701020E0
4.061601E1	6.699140E0	-1.700693E0
4.064933E1	6.767282E0	-1.691781E0
4.068265E1	6.835771E0	-1.687703E0
4.071597E1	6.894554E0	-1.682160E0
4.074929E1	6.957731E0	-1.673354E0
4.078261E1	7.028239E0	-1.660551E0
4.081593E1	7.073592E0	-1.659596E0
4.084925E1	7.129180E0	-1.659342E0
4.088257E1	7.199086E0	-1.657538E0
4.091589E1	7.263888E0	-1.648963E0
4.094921E1	7.333170E0	-1.644463E0
4.098252E1	7.386205E0	-1.640431E0
4.101584E1	7.420346E0	-1.640375E0
4.104916E1	7.429083E0	-1.644986E0
4.108248E1	7.434837E0	-1.647594E0
4.111580E1	7.491306E0	-1.632945E0
4.114912E1	7.694498E0	-1.581366E0
4.118244E1	7.960809E0	-1.523612E0
4.121576E1	8.033316E0	-1.476017E0
4.124908E1	7.984095E0	-1.442005E0
4.128240E1	8.050017E0	-1.394369E0
4.131572E1	8.117756E0	-1.351533E0
4.134904E1	8.155462E0	-1.322317E0
4.138235E1	8.127248E0	-1.336300E0
4.141567E1	8.095143E0	-1.359609E0
4.144899E1	8.117012E0	-1.350657E0
4.148231E1	8.107482E0	-1.341559E0
4.151563E1	8.106628E0	-1.337854E0
4.154895E1	8.101169E0	-1.340218E0
4.158227E1	8.080415E0	-1.343719E0
4.161559E1	8.012223E0	-1.355400E0
4.164891E1	7.879630E0	-1.388131E0
4.168223E1	7.662122E0	-1.454112E0
4.171555E1	7.262912E0	-1.602332E0
4.174886E1	6.861970E0	-1.727191E0
4.178218E1	6.519690E0	-1.774134E0
4.181550E1	6.462476E0	-1.792177E0
4.184882E1	6.519917E0	-1.812302E0
