	mass A		
t	x	y	
0.000000E0	1.564358E-1	1.694233E-1
3.331913E-2	1.823438E-1	1.658844E-1
6.663826E-2	2.856142E-1	1.584124E-1
9.995739E-2	3.725729E-1	1.559645E-1
1.332765E-1	4.796866E-1	1.283324E-1
1.665956E-1	5.914787E-1	6.494058E-2
1.999148E-1	6.289486E-1	-3.133879E-2
2.332339E-1	6.613910E-1	-1.105761E-1
2.665530E-1	7.606600E-1	-1.333224E-1
2.998722E-1	8.428253E-1	-6.957385E-2
3.331913E-1	9.129856E-1	6.063473E-2
3.665104E-1	9.647932E-1	1.620368E-1
3.998296E-1	1.071442E0	1.822370E-1
4.331487E-1	1.227138E0	1.399922E-1
4.664678E-1	1.386647E0	1.368294E-1
4.997869E-1	1.532947E0	1.343315E-1
5.331061E-1	1.617199E0	1.438013E-1
5.664252E-1	1.652080E0	1.361719E-1
5.997443E-1	1.758948E0	1.301093E-1
6.330635E-1	2.087912E0	1.408534E-1
6.663826E-1	2.527668E0	1.756469E-1
6.997017E-1	2.603198E0	1.716027E-1
7.330208E-1	2.519259E0	1.620959E-1
7.663400E-1	2.554181E0	1.763176E-1
7.996591E-1	2.544658E0	1.782322E-1
8.329782E-1	2.479597E0	1.699373E-1
8.662974E-1	2.264897E0	1.503265E-1
8.996165E-1	1.945257E0	1.483306E-1
9.329356E-1	1.607837E0	1.914611E-1
9.662548E-1	1.386141E0	2.197489E-1
9.995739E-1	1.361889E0	2.056329E-1
1.032893E0	1.392358E0	1.755603E-1
1.066212E0	1.439076E0	1.208844E-1
1.099531E0	1.571229E0	1.009361E-1
1.132850E0	1.773710E0	1.341034E-1
1.166170E0	1.919968E0	1.428655E-1
1.199489E0	1.987595E0	1.344606E-1
1.232808E0	2.000802E0	1.201466E-1
1.266127E0	2.000120E0	1.524473E-1
1.299446E0	2.017315E0	1.743166E-1
1.332765E0	2.024352E0	1.744844E-1
1.366084E0	2.080372E0	1.822071E-1
1.399403E0	2.164245E0	1.839106E-1
1.432723E0	2.277074E0	1.836439E-1
1.466042E0	2.397879E0	1.932064E-1
1.499361E0	2.551459E0	2.013494E-1
1.532680E0	2.669187E0	2.188392E-1
1.565999E0	2.721912E0	2.345699E-1
1.599318E0	2.864539E0	2.402072E-1
1.632637E0	3.149259E0	2.699426E-1
1.665956E0	3.395716E0	3.111193E-1
1.699276E0	3.376242E0	3.062125E-1
1.732595E0	3.398435E0	2.969180E-1
1.765914E0	3.403196E0	2.981040E-1
1.799233E0	3.406249E0	2.986363E-1
1.832552E0	3.365659E0	2.979038E-1
1.865871E0	3.154986E0	2.380886E-1
1.899190E0	2.812077E0	1.807877E-1
1.932510E0	2.446337E0	2.030479E-1
1.965829E0	2.235281E0	2.677850E-1
1.999148E0	2.175281E0	2.376931E-1
2.032467E0	2.182563E0	1.928959E-1
2.065786E0	2.218357E0	1.671732E-1
2.099105E0	2.288596E0	1.361078E-1
2.132424E0	2.428131E0	1.622493E-1
2.165743E0	2.535217E0	1.724727E-1
2.199063E0	2.573805E0	1.717153E-1
2.232382E0	2.562824E0	1.770401E-1
2.265701E0	2.544476E0	1.872570E-1
2.299020E0	2.596158E0	2.271732E-1
2.332339E0	2.711298E0	2.431572E-1
2.365658E0	2.818084E0	2.333126E-1
2.398977E0	2.935089E0	2.287617E-1
2.432296E0	3.049618E0	2.403854E-1
2.465616E0	3.161055E0	2.348399E-1
2.498935E0	3.313344E0	2.575292E-1
2.532254E0	3.415937E0	3.131666E-1
2.565573E0	3.442538E0	3.470983E-1
2.598892E0	3.572555E0	3.516881E-1
2.632211E0	3.898512E0	3.653642E-1
2.665530E0	4.170311E0	3.713900E-1
2.698849E0	4.114971E0	3.423405E-1
2.732169E0	4.145668E0	3.448440E-1
2.765488E0	4.140501E0	3.511340E-1
2.798807E0	4.130968E0	3.483281E-1
2.832126E0	4.090740E0	3.425578E-1
2.865445E0	3.849838E0	2.724912E-1
2.898764E0	3.490465E0	2.200350E-1
2.932083E0	2.936128E0	2.079524E-1
2.965403E0	2.420910E0	1.687954E-1
2.998722E0	2.285959E0	1.405808E-1
3.032041E0	2.292724E0	1.002540E-1
3.065360E0	2.392020E0	7.527629E-2
3.098679E0	2.537995E0	9.358119E-2
3.131998E0	2.716801E0	1.367984E-1
3.165317E0	2.777718E0	1.296442E-1
3.198636E0	2.808985E0	1.192378E-1
3.231956E0	2.793880E0	1.169502E-1
3.265275E0	2.782520E0	1.311570E-1
3.298594E0	2.844447E0	1.682154E-1
3.331913E0	2.944143E0	1.871059E-1
3.365232E0	3.083096E0	1.814167E-1
3.398551E0	3.276960E0	1.973774E-1
3.431870E0	3.443396E0	2.194660E-1
3.465189E0	3.567411E0	2.101945E-1
3.498509E0	3.684877E0	2.096779E-1
3.531828E0	3.730718E0	2.144779E-1
3.565147E0	3.770011E0	2.106766E-1
3.598466E0	3.950562E0	2.270427E-1
3.631785E0	4.261180E0	2.622427E-1
3.665104E0	4.475220E0	2.638560E-1
3.698423E0	4.446448E0	2.369246E-1
3.731742E0	4.465390E0	2.363785E-1
3.765062E0	4.479929E0	2.542398E-1
3.798381E0	4.475292E0	2.530652E-1
3.831700E0	4.400303E0	2.393158E-1
3.865019E0	4.149554E0	1.919971E-1
3.898338E0	3.779232E0	1.872932E-1
3.931657E0	3.325399E0	2.497396E-1
3.964976E0	2.934829E0	2.241568E-1
3.998296E0	2.858242E0	1.695928E-1
4.031615E0	2.913575E0	1.938703E-1
4.064934E0	2.936579E0	1.799440E-1
4.098253E0	2.949558E0	1.350029E-1
4.131572E0	3.075802E0	1.787508E-1
4.164891E0	3.185085E0	1.688743E-1
4.198210E0	3.279254E0	1.843255E-1
4.231529E0	3.309995E0	2.185878E-1
4.264849E0	3.335384E0	2.371855E-1
4.298168E0	3.347078E0	2.404474E-1
4.331487E0	3.417490E0	2.475537E-1
4.364806E0	3.509447E0	2.401719E-1
4.398125E0	3.649800E0	2.162582E-1
4.431444E0	3.807049E0	2.102844E-1
4.464763E0	3.910275E0	2.272195E-1
4.498082E0	3.914397E0	2.367224E-1
4.531402E0	3.899742E0	2.404274E-1
4.564721E0	4.019031E0	2.441855E-1
4.598040E0	4.238788E0	2.588918E-1
4.631359E0	4.489475E0	2.712265E-1
4.664678E0	4.724256E0	2.610135E-1
4.697997E0	4.699331E0	2.369250E-1
4.731316E0	4.756618E0	2.416971E-1
4.764636E0	4.833109E0	2.553333E-1
4.797955E0	4.815023E0	2.522628E-1
4.831274E0	4.769213E0	2.475346E-1
4.864593E0	4.558845E0	2.279231E-1
4.897912E0	4.208021E0	2.502759E-1
4.931231E0	3.753833E0	2.689328E-1
4.964550E0	3.436721E0	2.339440E-1
4.997869E0	3.356700E0	1.808238E-1
5.031189E0	3.370524E0	1.864056E-1
5.064508E0	3.452178E0	1.937523E-1
5.097827E0	3.493407E0	1.653927E-1
5.131146E0	3.591024E0	2.024082E-1
5.164465E0	3.697023E0	2.128227E-1
5.197784E0	3.786290E0	2.081244E-1
5.231103E0	3.828898E0	1.830334E-1
5.264422E0	3.868869E0	1.941967E-1
5.297742E0	3.918044E0	2.489228E-1
5.331061E0	3.967622E0	2.673590E-1
5.364380E0	4.033466E0	2.394566E-1
5.397699E0	4.148413E0	2.319631E-1
5.431018E0	4.284027E0	2.504739E-1
5.464337E0	4.435903E0	2.680135E-1
5.497656E0	4.544454E0	2.941528E-1
5.530975E0	4.612983E0	3.230084E-1
5.564295E0	4.671080E0	3.498153E-1
5.597614E0	4.846531E0	3.567831E-1
5.630933E0	5.117214E0	3.665588E-1
5.664252E0	5.334059E0	3.754045E-1
5.697571E0	5.347592E0	3.579393E-1
5.730890E0	5.417829E0	3.555350E-1
5.764209E0	5.423772E0	3.576450E-1
5.797529E0	5.420739E0	3.578625E-1
5.830848E0	5.375405E0	3.554077E-1
5.864167E0	5.110745E0	2.956526E-1
5.897486E0	4.755506E0	2.683633E-1
5.930805E0	4.212603E0	2.720217E-1
5.964124E0	3.861568E0	2.328270E-1
5.997443E0	3.762176E0	1.714743E-1
6.030762E0	3.798084E0	1.882937E-1
6.064082E0	3.853910E0	1.890906E-1
6.097401E0	3.916482E0	1.564790E-1
6.130720E0	4.108005E0	1.961174E-1
6.164039E0	4.265154E0	1.991254E-1
6.197358E0	4.395909E0	2.081986E-1
6.230677E0	4.460907E0	2.070371E-1
6.263996E0	4.546738E0	2.348987E-1
6.297315E0	4.530374E0	2.537388E-1
6.330635E0	4.526191E0	2.650589E-1
6.363954E0	4.585467E0	2.493662E-1
6.397273E0	4.655594E0	2.338895E-1
6.430592E0	4.781494E0	2.398342E-1
6.463911E0	4.842897E0	2.564022E-1
6.497230E0	4.846587E0	2.588329E-1
6.530549E0	4.865504E0	2.623807E-1
6.563868E0	4.977493E0	2.697769E-1
6.597188E0	5.154271E0	2.845439E-1
6.630507E0	5.375438E0	3.301319E-1
6.663826E0	5.606282E0	3.575740E-1
6.697145E0	5.684330E0	3.409509E-1
6.730464E0	5.753076E0	3.541085E-1
6.763783E0	5.759612E0	3.667911E-1
6.797102E0	5.743723E0	3.592037E-1
6.830422E0	5.705957E0	3.591620E-1
6.863741E0	5.489540E0	3.078284E-1
6.897060E0	5.160807E0	2.781582E-1
6.930379E0	4.715331E0	3.179558E-1
6.963698E0	4.414477E0	3.641830E-1
6.997017E0	4.328642E0	3.109076E-1
7.030336E0	4.358214E0	2.973036E-1
7.063655E0	4.449197E0	2.847819E-1
7.096975E0	4.559509E0	2.881036E-1
7.130294E0	4.657744E0	3.081586E-1
7.163613E0	4.752927E0	3.083357E-1
7.196932E0	4.841318E0	2.812637E-1
7.230251E0	4.902551E0	2.475708E-1
7.263570E0	4.977473E0	2.533680E-1
7.296889E0	5.015946E0	2.959772E-1
7.330208E0	5.063673E0	3.391953E-1
7.363528E0	5.101034E0	3.378698E-1
7.396847E0	5.163425E0	3.119675E-1
7.430166E0	5.267794E0	3.096683E-1
7.463485E0	5.382498E0	3.292116E-1
7.496804E0	5.507154E0	3.557226E-1
7.530123E0	5.631854E0	3.844573E-1
7.563442E0	5.731104E0	3.979167E-1
7.596762E0	5.836324E0	4.202384E-1
7.630081E0	6.031781E0	4.479151E-1
7.663400E0	6.313456E0	4.729457E-1
7.696719E0	6.459069E0	4.654740E-1
7.730038E0	6.465231E0	4.667266E-1
7.763357E0	6.467254E0	4.691981E-1
7.796676E0	6.467274E0	4.706516E-1
7.829995E0	6.414769E0	4.681948E-1
7.863315E0	6.184542E0	4.282821E-1
7.896634E0	5.788449E0	3.830958E-1
7.929953E0	5.260786E0	3.620410E-1
7.963272E0	4.748922E0	3.389692E-1
7.996591E0	4.563070E0	3.208363E-1
8.029910E0	4.544560E0	2.700154E-1
8.063229E0	4.636328E0	2.042404E-1
8.096548E0	4.787541E0	2.148401E-1
8.129868E0	5.015279E0	2.455937E-1
8.163187E0	5.175024E0	2.619894E-1
8.196506E0	5.275329E0	2.653539E-1
8.229825E0	5.333781E0	2.457416E-1
8.263144E0	5.362817E0	2.592100E-1
8.296463E0	5.373003E0	3.026719E-1
8.329782E0	5.369206E0	3.039302E-1
8.363101E0	5.379688E0	2.789695E-1
8.396421E0	5.441896E0	2.713076E-1
8.429740E0	5.546899E0	2.981364E-1
8.463059E0	5.644227E0	3.206670E-1
8.496378E0	5.731213E0	3.469173E-1
8.529697E0	5.796381E0	3.789487E-1
8.563016E0	5.879824E0	4.015455E-1
8.596335E0	5.999262E0	4.207488E-1
8.629655E0	6.280694E0	4.541692E-1
8.662974E0	6.615882E0	5.127512E-1
8.696293E0	6.596664E0	4.847788E-1
8.729612E0	6.588128E0	4.637456E-1
8.762931E0	6.626129E0	4.879040E-1
8.796250E0	6.616933E0	4.856461E-1
8.829569E0	6.549708E0	4.626646E-1
8.862888E0	6.345288E0	4.222517E-1
8.896208E0	5.981752E0	3.768461E-1
8.929527E0	5.506097E0	3.331860E-1
8.962846E0	5.154030E0	2.885485E-1
8.996165E0	5.089247E0	2.563555E-1
9.029484E0	5.136381E0	2.547280E-1
9.062803E0	5.199462E0	2.515525E-1
9.096122E0	5.264831E0	2.282110E-1
9.129441E0	5.363263E0	2.621553E-1
9.162761E0	5.520195E0	2.628474E-1
9.196080E0	5.632427E0	2.649597E-1
9.229399E0	5.656788E0	2.867669E-1
9.262718E0	5.645640E0	2.975313E-1
9.296037E0	5.612306E0	3.041368E-1
9.329356E0	5.659000E0	3.289916E-1
9.362675E0	5.721229E0	3.189435E-1
9.395995E0	5.807617E0	3.111399E-1
9.429314E0	5.940620E0	2.977479E-1
9.462633E0	6.075128E0	3.121604E-1
9.495952E0	6.201417E0	3.255593E-1
9.529271E0	6.285650E0	3.562847E-1
9.562590E0	6.341853E0	3.774702E-1
9.595909E0	6.387760E0	3.915770E-1
9.629228E0	6.587176E0	4.137053E-1
9.662548E0	7.005441E0	4.338544E-1
9.695867E0	7.241457E0	4.094973E-1
9.729186E0	7.162608E0	3.890171E-1
9.762505E0	7.189788E0	4.157477E-1
9.795824E0	7.181620E0	4.168246E-1
9.829143E0	7.105994E0	3.963539E-1
9.862462E0	6.884589E0	3.618068E-1
9.895781E0	6.507928E0	3.274195E-1
9.929101E0	6.035147E0	3.202043E-1
9.962420E0	5.711523E0	3.146091E-1
9.995739E0	5.638210E0	2.670251E-1
1.002906E1	5.680055E0	2.636608E-1
1.006238E1	5.737548E0	2.500697E-1
1.009570E1	5.781555E0	2.332360E-1
1.012902E1	5.873212E0	2.637522E-1
1.016233E1	5.991991E0	2.712839E-1
1.019565E1	6.100570E0	2.753527E-1
1.022897E1	6.151609E0	2.940823E-1
1.026229E1	6.141683E0	3.153773E-1
1.029561E1	6.146378E0	3.206758E-1
1.032893E1	6.192151E0	3.304705E-1
1.036225E1	6.283069E0	3.215230E-1
1.039557E1	6.409944E0	3.083632E-1
1.042889E1	6.577295E0	3.086424E-1
1.046221E1	6.720451E0	3.251472E-1
1.049553E1	6.836583E0	3.624829E-1
1.052884E1	6.872421E0	3.965182E-1
1.056216E1	6.923403E0	4.151458E-1
1.059548E1	7.076148E0	4.261863E-1
1.062880E1	7.340134E0	4.635678E-1
1.066212E1	7.574315E0	5.124728E-1
1.069544E1	7.615242E0	5.079970E-1
1.072876E1	7.643077E0	5.088474E-1
1.076208E1	7.649407E0	5.028623E-1
1.079540E1	7.649115E0	4.988373E-1
1.082872E1	7.607490E0	4.881238E-1
1.086204E1	7.416803E0	4.198677E-1
1.089536E1	7.058226E0	3.420199E-1
1.092867E1	6.638334E0	3.061050E-1
1.096199E1	6.297334E0	2.844321E-1
1.099531E1	6.255867E0	2.524963E-1
1.102863E1	6.285475E0	2.554366E-1
1.106195E1	6.348669E0	2.539222E-1
1.109527E1	6.376308E0	2.143473E-1
1.112859E1	6.467538E0	2.585931E-1
1.116191E1	6.559078E0	2.610086E-1
1.119523E1	6.632747E0	2.720142E-1
1.122855E1	6.611437E0	2.997635E-1
1.126187E1	6.593905E0	3.027528E-1
1.129518E1	6.623341E0	3.209977E-1
1.132850E1	6.678071E0	3.307188E-1
1.136182E1	6.779249E0	3.157063E-1
1.139514E1	6.905184E0	3.032593E-1
1.142846E1	7.019303E0	3.254428E-1
1.146178E1	7.166076E0	3.629636E-1
1.149510E1	7.295621E0	3.956866E-1
1.152842E1	7.424925E0	4.269373E-1
1.156174E1	7.516137E0	4.360902E-1
1.159506E1	7.616795E0	4.477807E-1
1.162838E1	7.824152E0	4.780825E-1
1.166170E1	8.092375E0	5.180974E-1
1.169501E1	8.142888E0	4.888716E-1
1.172833E1	8.175421E0	4.759974E-1
1.176165E1	8.170515E0	4.785977E-1
1.179497E1	8.171792E0	4.820530E-1
1.182829E1	8.136136E0	4.809020E-1
1.186161E1	7.906476E0	3.973666E-1
1.189493E1	7.557694E0	3.528612E-1
1.192825E1	7.039709E0	3.632426E-1
1.196157E1	6.688745E0	3.187151E-1
1.199489E1	6.624590E0	2.898618E-1
1.202821E1	6.665790E0	2.954112E-1
1.206152E1	6.722347E0	2.736443E-1
1.209484E1	6.793335E0	2.652434E-1
1.212816E1	6.886466E0	2.826153E-1
1.216148E1	7.011382E0	2.879088E-1
1.219480E1	7.116613E0	3.250657E-1
1.222812E1	7.115412E0	3.405576E-1
1.226144E1	7.085223E0	3.276677E-1
1.229476E1	7.079419E0	3.361639E-1
1.232808E1	7.127388E0	3.525480E-1
1.236140E1	7.191638E0	3.559976E-1
1.239472E1	7.316885E0	3.782216E-1
1.242804E1	7.471774E0	3.937822E-1
1.246135E1	7.629590E0	4.121266E-1
1.249467E1	7.763128E0	4.218971E-1
1.252799E1	7.848104E0	4.352318E-1
1.256131E1	7.893448E0	4.428725E-1
1.259463E1	8.007858E0	4.716505E-1
1.262795E1	8.211364E0	5.314649E-1
1.266127E1	8.303315E0	5.600328E-1
1.269459E1	8.281615E0	5.433916E-1
1.272791E1	8.420315E0	5.479788E-1
1.276123E1	8.611855E0	4.981370E-1
1.279455E1	8.728689E0	4.922489E-1
1.282786E1	8.640451E0	5.076597E-1
1.286118E1	8.362377E0	4.811300E-1
1.289450E1	7.898200E0	3.858899E-1
1.292782E1	7.334265E0	3.049445E-1
1.296114E1	6.875565E0	2.824947E-1
1.299446E1	6.772517E0	2.785079E-1
1.302778E1	6.821660E0	2.509318E-1
1.306110E1	6.938544E0	2.595682E-1
1.309442E1	7.115274E0	2.743043E-1
1.312774E1	7.274862E0	3.435986E-1
1.316106E1	7.395407E0	3.664777E-1
1.319438E1	7.453158E0	3.443220E-1
1.322769E1	7.487990E0	3.367206E-1
1.326101E1	7.465024E0	3.178526E-1
1.329433E1	7.435622E0	3.310823E-1
1.332765E1	7.489646E0	3.509334E-1
1.336097E1	7.554975E0	3.626446E-1
1.339429E1	7.655909E0	3.779135E-1
1.342761E1	7.785199E0	3.881406E-1
1.346093E1	7.928551E0	4.142571E-1
1.349425E1	8.063875E0	4.255348E-1
1.352757E1	8.167079E0	4.372404E-1
1.356089E1	8.242530E0	4.586102E-1
1.359420E1	8.357339E0	4.779859E-1
1.362752E1	8.603506E0	5.431477E-1
1.366084E1	8.917013E0	6.038507E-1
1.369416E1	9.012150E0	5.839702E-1
1.372748E1	8.998143E0	5.720758E-1
1.376080E1	9.015408E0	5.745504E-1
1.379412E1	9.013968E0	5.653782E-1
1.382744E1	8.971390E0	5.525309E-1
1.386076E1	8.749563E0	4.749119E-1
1.389408E1	8.425510E0	4.432949E-1
1.392740E1	7.908953E0	3.871476E-1
1.396072E1	7.540427E0	3.677996E-1
1.399403E1	7.421186E0	3.340212E-1
1.402735E1	7.440593E0	2.736266E-1
1.406067E1	7.529936E0	2.725388E-1
1.409399E1	7.697415E0	2.943151E-1
1.412731E1	7.916130E0	3.297959E-1
1.416063E1	8.081198E0	3.788614E-1
1.419395E1	8.180951E0	3.967614E-1
1.422727E1	8.216238E0	3.803334E-1
1.426059E1	8.212583E0	3.912739E-1
1.429391E1	8.221029E0	4.131292E-1
1.432723E1	8.257103E0	4.274196E-1
1.436054E1	8.273467E0	4.233479E-1
1.439386E1	8.318992E0	4.228770E-1
1.442718E1	8.409014E0	4.467296E-1
1.446050E1	8.525476E0	4.768732E-1
1.449382E1	8.679193E0	5.107649E-1
1.452714E1	8.796911E0	5.432801E-1
1.456046E1	8.852127E0	5.542826E-1
1.459378E1	8.944336E0	5.657671E-1
1.462710E1	9.169950E0	6.058976E-1
1.466042E1	9.458802E0	6.651998E-1
1.469374E1	9.501735E0	6.624985E-1
1.472706E1	9.435393E0	6.475172E-1
1.476037E1	9.464659E0	6.574886E-1
1.479369E1	9.463149E0	6.585551E-1
1.482701E1	9.422366E0	6.479921E-1
1.486033E1	9.218414E0	5.858099E-1
1.489365E1	8.850025E0	4.880007E-1
1.492697E1	8.394963E0	4.267891E-1
1.496029E1	7.991821E0	3.606755E-1
1.499361E1	7.924188E0	3.378519E-1
1.502693E1	7.941843E0	3.088242E-1
1.506025E1	8.018269E0	3.279835E-1
1.509357E1	8.083062E0	3.208803E-1
1.512688E1	8.147641E0	3.370971E-1
1.516020E1	8.245856E0	3.670967E-1
1.519352E1	8.309426E0	3.711035E-1
1.522684E1	8.281025E0	3.685173E-1
1.526016E1	8.261622E0	3.807197E-1
1.529348E1	8.291950E0	3.923177E-1
1.532680E1	8.363761E0	4.144605E-1
1.536012E1	8.427790E0	4.259778E-1
1.539344E1	8.546929E0	4.346679E-1
1.542676E1	8.694308E0	4.535488E-1
1.546008E1	8.828425E0	4.763926E-1
1.549340E1	8.927957E0	5.070573E-1
1.552671E1	9.027434E0	5.365574E-1
1.556003E1	9.092655E0	5.479207E-1
1.559335E1	9.195782E0	5.632294E-1
1.562667E1	9.421742E0	6.050405E-1
1.565999E1	9.689273E0	6.667556E-1
1.569331E1	9.769605E0	6.442317E-1
1.572663E1	9.832393E0	6.329392E-1
1.575995E1	9.864589E0	6.403728E-1
1.579327E1	9.847398E0	6.408233E-1
1.582659E1	9.810482E0	6.323713E-1
1.585991E1	9.630626E0	5.815953E-1
1.589322E1	9.277785E0	5.065861E-1
1.592654E1	8.836599E0	4.398076E-1
1.595986E1	8.431713E0	4.311297E-1
1.599318E1	8.300291E0	3.923070E-1
1.602650E1	8.312995E0	3.713181E-1
1.605982E1	8.396928E0	3.669255E-1
1.609314E1	8.537641E0	3.925355E-1
1.612646E1	8.701065E0	4.374755E-1
1.615978E1	8.804034E0	4.573990E-1
1.619310E1	8.868867E0	4.381813E-1
1.622642E1	8.888699E0	4.275898E-1
1.625974E1	8.886501E0	4.349716E-1
1.629305E1	8.900162E0	4.537698E-1
1.632637E1	8.957885E0	4.815052E-1
1.635969E1	9.016919E0	4.885935E-1
1.639301E1	9.104816E0	4.951027E-1
1.642633E1	9.245116E0	5.013596E-1
1.645965E1	9.389907E0	5.273592E-1
1.649297E1	9.516301E0	5.643888E-1
1.652629E1	9.622503E0	6.125756E-1
1.655961E1	9.662516E0	6.450171E-1
1.659293E1	9.781432E0	6.610692E-1
1.662625E1	1.005495E1	7.033972E-1
1.665956E1	1.036625E1	7.742005E-1
1.669288E1	1.036624E1	7.694475E-1
1.672620E1	1.037479E1	7.690349E-1
1.675952E1	1.037824E1	7.728901E-1
1.679284E1	1.037816E1	7.729774E-1
1.682616E1	1.032927E1	7.643492E-1
1.685948E1	1.015686E1	7.123494E-1
1.689280E1	9.793311E0	6.087883E-1
1.692612E1	9.314921E0	4.983475E-1
1.695944E1	8.918126E0	4.693406E-1
1.699276E1	8.800842E0	4.286254E-1
1.702608E1	8.805806E0	4.026241E-1
1.705939E1	8.866308E0	3.918980E-1
1.709271E1	8.936521E0	3.858933E-1
1.712603E1	9.053167E0	4.297698E-1
1.715935E1	9.073456E0	4.275934E-1
1.719267E1	9.071588E0	4.296212E-1
1.722599E1	9.129626E0	4.938214E-1
1.725931E1	9.199990E0	5.130627E-1
1.729263E1	9.304493E0	5.104013E-1
1.732595E1	9.395425E0	5.179579E-1
1.735927E1	9.502885E0	5.335565E-1
1.739259E1	9.594628E0	5.530899E-1
1.742590E1	9.683870E0	5.562374E-1
1.745922E1	9.771054E0	5.635591E-1
1.749254E1	9.883880E0	5.705836E-1
1.752586E1	1.001212E1	5.995989E-1
1.755918E1	1.010371E1	6.261346E-1
1.759250E1	1.020308E1	6.540249E-1
1.762582E1	1.039927E1	6.941879E-1
1.765914E1	1.065897E1	7.505850E-1
1.769246E1	1.080864E1	7.469175E-1
1.772578E1	1.081146E1	7.390266E-1
1.775910E1	1.081525E1	7.369062E-1
1.779242E1	1.081530E1	7.335742E-1
1.782573E1	1.081596E1	7.314311E-1
1.785905E1	1.076784E1	7.267892E-1
1.789237E1	1.057462E1	6.662976E-1
1.792569E1	1.019216E1	5.590465E-1
1.795901E1	9.707529E0	4.631497E-1
1.799233E1	9.302272E0	3.957459E-1
1.802565E1	9.228291E0	3.586288E-1
1.805897E1	9.284991E0	3.216559E-1
1.809229E1	9.350579E0	2.941008E-1
1.812561E1	9.529330E0	3.290434E-1
1.815893E1	9.694409E0	3.772850E-1
1.819224E1	9.822219E0	3.969237E-1
1.822556E1	9.885765E0	3.701536E-1
1.825888E1	9.888440E0	3.677896E-1
1.829220E1	9.880780E0	4.063951E-1
1.832552E1	9.905990E0	4.151274E-1
1.835884E1	9.942212E0	4.228578E-1
1.839216E1	9.989501E0	4.512734E-1
1.842548E1	1.005186E1	4.750278E-1
1.845880E1	1.015587E1	4.843540E-1
1.849212E1	1.029192E1	5.095207E-1
1.852544E1	1.041803E1	5.490906E-1
1.855876E1	1.048855E1	5.697888E-1
1.859207E1	1.059696E1	6.010452E-1
1.862539E1	1.082223E1	6.614525E-1
1.865871E1	1.110601E1	7.306197E-1
1.869203E1	1.120844E1	7.340104E-1
1.872535E1	1.121449E1	7.289710E-1
1.875867E1	1.121713E1	7.316905E-1
1.879199E1	1.120938E1	7.296620E-1
1.882531E1	1.117173E1	7.196443E-1
1.885863E1	1.101682E1	6.639989E-1
1.889195E1	1.066101E1	5.465145E-1
1.892527E1	1.014278E1	4.332028E-1
1.895858E1	9.634830E0	4.044838E-1
1.899190E1	9.479366E0	3.718818E-1
1.902522E1	9.463335E0	3.357363E-1
1.905854E1	9.558301E0	3.412218E-1
1.909186E1	9.672213E0	3.484801E-1
1.912518E1	9.783340E0	3.802691E-1
1.915850E1	9.837903E0	3.841949E-1
1.919182E1	9.863422E0	3.743147E-1
1.922514E1	9.843291E0	3.891454E-1
1.925846E1	9.836865E0	3.929514E-1
1.929178E1	9.865441E0	4.008125E-1
1.932510E1	9.941424E0	4.321839E-1
1.935841E1	1.002812E1	4.367390E-1
1.939173E1	1.014958E1	4.672094E-1
1.942505E1	1.030874E1	4.975599E-1
1.945837E1	1.043757E1	5.329003E-1
1.949169E1	1.055207E1	5.782328E-1
1.952501E1	1.067541E1	6.131151E-1
1.955833E1	1.073157E1	6.254946E-1
1.959165E1	1.083853E1	6.499063E-1
1.962497E1	1.109059E1	7.160053E-1
1.965829E1	1.141312E1	7.807230E-1
1.969161E1	1.146183E1	7.470610E-1
1.972492E1	1.146617E1	7.283990E-1
1.975824E1	1.146548E1	7.426024E-1
1.979156E1	1.147345E1	7.396341E-1
1.982488E1	1.146247E1	7.303470E-1
1.985820E1	1.134188E1	7.049143E-1
1.989152E1	1.097944E1	5.837424E-1
1.992484E1	1.053797E1	4.579316E-1
1.995816E1	1.005533E1	3.980509E-1
1.999148E1	9.786461E0	3.558154E-1
2.002480E1	9.788682E0	3.256871E-1
2.005812E1	9.876127E0	3.211279E-1
2.009144E1	9.964658E0	3.321052E-1
2.012475E1	1.008695E1	3.812438E-1
2.015807E1	1.016553E1	4.018175E-1
2.019139E1	1.021711E1	4.052346E-1
2.022471E1	1.020940E1	4.127498E-1
2.025803E1	1.021498E1	4.074174E-1
2.029135E1	1.027382E1	4.344055E-1
2.032467E1	1.032509E1	4.606555E-1
2.035799E1	1.038494E1	4.713846E-1
2.039131E1	1.051484E1	4.813270E-1
2.042463E1	1.062913E1	5.081490E-1
2.045795E1	1.077335E1	5.399486E-1
2.049126E1	1.091371E1	6.002395E-1
2.052458E1	1.102810E1	6.562497E-1
2.055790E1	1.109476E1	6.715615E-1
2.059122E1	1.120947E1	6.916759E-1
2.062454E1	1.143631E1	7.405423E-1
2.065786E1	1.172497E1	8.004887E-1
2.069118E1	1.181197E1	7.729089E-1
2.072450E1	1.180300E1	7.668328E-1
2.075782E1	1.180588E1	7.792094E-1
2.079114E1	1.180007E1	7.791271E-1
2.082446E1	1.175861E1	7.676177E-1
2.085778E1	1.156653E1	7.134558E-1
2.089109E1	1.116539E1	5.762197E-1
2.092441E1	1.067467E1	4.512669E-1
2.095773E1	1.026726E1	4.350424E-1
2.099105E1	1.015153E1	4.129991E-1
2.102437E1	1.015740E1	3.587093E-1
2.105769E1	1.024250E1	3.536095E-1
2.109101E1	1.040478E1	4.006155E-1
2.112433E1	1.059310E1	4.613965E-1
2.115765E1	1.068768E1	4.685992E-1
2.119097E1	1.073184E1	4.344921E-1
2.122429E1	1.070904E1	4.443047E-1
2.125760E1	1.070907E1	4.578769E-1
2.129092E1	1.074936E1	4.839170E-1
2.132424E1	1.079567E1	5.102139E-1
2.135756E1	1.086781E1	5.294390E-1
2.139088E1	1.096953E1	5.516771E-1
2.142420E1	1.106001E1	5.662916E-1
2.145752E1	1.119331E1	6.032647E-1
2.149084E1	1.132591E1	6.506518E-1
2.152416E1	1.142188E1	7.077941E-1
2.155748E1	1.148402E1	7.295631E-1
2.159080E1	1.158297E1	7.684333E-1
2.162412E1	1.177882E1	8.226068E-1
2.165743E1	1.198956E1	8.617423E-1
2.169075E1	1.215703E1	8.727570E-1
2.172407E1	1.228224E1	8.958475E-1
2.175739E1	1.227979E1	8.935588E-1
2.179071E1	1.226114E1	8.950019E-1
2.182403E1	1.221789E1	8.861408E-1
2.185735E1	1.201097E1	8.087881E-1
2.189067E1	1.167711E1	6.790684E-1
2.192399E1	1.121576E1	5.221658E-1
2.195731E1	1.087229E1	4.303427E-1
2.199063E1	1.080541E1	3.911110E-1
2.202394E1	1.080199E1	3.871247E-1
2.205726E1	1.087654E1	3.952080E-1
2.209058E1	1.097061E1	4.413755E-1
2.212390E1	1.105471E1	4.600701E-1
2.215722E1	1.113225E1	4.780056E-1
2.219054E1	1.119023E1	5.052604E-1
2.222386E1	1.118580E1	5.126573E-1
2.225718E1	1.115026E1	4.799644E-1
2.229050E1	1.116221E1	4.941206E-1
2.232382E1	1.121999E1	5.404575E-1
2.235714E1	1.127609E1	5.546398E-1
2.239045E1	1.137551E1	5.651114E-1
2.242377E1	1.150053E1	5.893366E-1
2.245709E1	1.163209E1	6.078152E-1
2.249041E1	1.173676E1	6.682985E-1
2.252373E1	1.182186E1	7.177667E-1
2.255705E1	1.188968E1	7.339914E-1
2.259037E1	1.200935E1	7.522046E-1
2.262369E1	1.223215E1	8.050952E-1
2.265701E1	1.251863E1	8.763163E-1
2.269033E1	1.255205E1	8.722510E-1
2.272365E1	1.251136E1	8.587781E-1
2.275697E1	1.255695E1	8.733200E-1
2.279028E1	1.258713E1	8.934384E-1
2.282360E1	1.252433E1	8.749848E-1
2.285692E1	1.233996E1	8.119366E-1
2.289024E1	1.200808E1	6.798740E-1
2.292356E1	1.157702E1	5.540020E-1
2.295688E1	1.117216E1	4.572289E-1
2.299020E1	1.110714E1	3.908225E-1
2.302352E1	1.110379E1	3.849660E-1
2.305684E1	1.116270E1	4.083117E-1
2.309016E1	1.123850E1	4.215569E-1
2.312348E1	1.130796E1	4.266304E-1
2.315679E1	1.136184E1	4.273718E-1
2.319011E1	1.140465E1	4.506408E-1
2.322343E1	1.139730E1	4.601454E-1
2.325675E1	1.141863E1	4.626676E-1
2.329007E1	1.147958E1	4.909393E-1
2.332339E1	1.153915E1	5.229990E-1
2.335671E1	1.162399E1	5.369663E-1
2.339003E1	1.175076E1	5.456145E-1
2.342335E1	1.185675E1	5.665428E-1
2.345667E1	1.196711E1	5.798523E-1
2.348999E1	1.208340E1	6.226164E-1
2.352331E1	1.218303E1	6.692434E-1
2.355662E1	1.224653E1	6.817546E-1
2.358994E1	1.237817E1	7.056726E-1
2.362326E1	1.261270E1	7.540310E-1
2.365658E1	1.288853E1	8.230134E-1
2.368990E1	1.297292E1	8.360908E-1
2.372322E1	1.299002E1	8.414405E-1
2.375654E1	1.299077E1	8.433459E-1
2.378986E1	1.299189E1	8.446673E-1
2.382318E1	1.296423E1	8.373572E-1
2.385650E1	1.281341E1	7.847781E-1
2.388982E1	1.250249E1	6.624537E-1
2.392313E1	1.206162E1	5.180331E-1
2.395645E1	1.169988E1	4.480866E-1
2.398977E1	1.160044E1	3.989971E-1
2.402309E1	1.159844E1	3.915440E-1
2.405641E1	1.167554E1	4.060537E-1
2.408973E1	1.179397E1	4.452709E-1
2.412305E1	1.194853E1	4.939540E-1
2.415637E1	1.211215E1	5.646084E-1
2.418969E1	1.223872E1	6.039178E-1
2.422301E1	1.232121E1	6.165337E-1
2.425633E1	1.235720E1	6.181985E-1
2.428965E1	1.233459E1	6.362645E-1
2.432296E1	1.233266E1	6.398236E-1
2.435628E1	1.237148E1	6.350318E-1
2.438960E1	1.241313E1	6.281074E-1
2.442292E1	1.247640E1	6.869049E-1
2.445624E1	1.252964E1	7.485250E-1
2.448956E1	1.259276E1	7.747934E-1
2.452288E1	1.266397E1	7.726822E-1
2.455620E1	1.274152E1	7.700479E-1
2.458952E1	1.285552E1	7.856700E-1
2.462284E1	1.306320E1	8.470480E-1
2.465616E1	1.333430E1	9.261122E-1
2.468947E1	1.346327E1	9.527596E-1
2.472279E1	1.348769E1	9.531923E-1
2.475611E1	1.348803E1	9.544214E-1
2.478943E1	1.348614E1	9.550942E-1
2.482275E1	1.345632E1	9.472709E-1
2.485607E1	1.332183E1	8.870261E-1
2.488939E1	1.298882E1	7.485128E-1
2.492271E1	1.257966E1	6.086624E-1
2.495603E1	1.213959E1	5.286857E-1
2.498935E1	1.201328E1	4.711000E-1
2.502267E1	1.202010E1	4.568041E-1
2.505599E1	1.209707E1	4.637317E-1
2.508930E1	1.219900E1	4.653263E-1
2.512262E1	1.230751E1	5.069638E-1
2.515594E1	1.242852E1	5.556684E-1
2.518926E1	1.251343E1	5.581816E-1
2.522258E1	1.255217E1	5.693359E-1
2.525590E1	1.253853E1	5.753766E-1
2.528922E1	1.256106E1	6.059812E-1
2.532254E1	1.258152E1	6.219326E-1
2.535586E1	1.260698E1	6.299540E-1
2.538918E1	1.269090E1	6.553399E-1
2.542250E1	1.276408E1	6.867874E-1
2.545581E1	1.284303E1	7.154427E-1
2.548913E1	1.289206E1	7.540182E-1
2.552245E1	1.297370E1	7.867690E-1
2.555577E1	1.308888E1	7.984784E-1
2.558909E1	1.321776E1	8.183572E-1
2.562241E1	1.342198E1	8.675883E-1
2.565573E1	1.368814E1	9.249792E-1
2.568905E1	1.381717E1	9.260427E-1
2.572237E1	1.384483E1	9.229843E-1
2.575569E1	1.385498E1	9.174652E-1
2.578901E1	1.385683E1	9.138776E-1
2.582233E1	1.382110E1	8.997813E-1
2.585564E1	1.366009E1	8.435280E-1
2.588896E1	1.332928E1	7.227089E-1
2.592228E1	1.287326E1	5.751374E-1
2.595560E1	1.253402E1	4.663234E-1
2.598892E1	1.251516E1	4.003921E-1
2.602224E1	1.250936E1	3.578733E-1
2.605556E1	1.250794E1	3.772137E-1
2.608888E1	1.246055E1	3.733696E-1
2.612220E1	1.247082E1	3.666121E-1
2.615552E1	1.254086E1	3.559401E-1
2.618884E1	1.261042E1	3.838919E-1
2.622215E1	1.260615E1	4.017296E-1
2.625547E1	1.259915E1	4.155737E-1
2.628879E1	1.259933E1	4.276003E-1
2.632211E1	1.265180E1	4.568978E-1
2.635543E1	1.271411E1	4.782505E-1
2.638875E1	1.283998E1	5.104136E-1
2.642207E1	1.297860E1	5.548833E-1
2.645539E1	1.309689E1	5.874857E-1
2.648871E1	1.322379E1	6.324764E-1
2.652203E1	1.333798E1	6.867750E-1
2.655535E1	1.342470E1	7.211809E-1
2.658867E1	1.352926E1	7.353077E-1
2.662198E1	1.374614E1	7.923065E-1
2.665530E1	1.403169E1	8.571929E-1
2.668862E1	1.415203E1	8.614988E-1
2.672194E1	1.413459E1	8.509013E-1
2.675526E1	1.415063E1	8.558076E-1
2.678858E1	1.414475E1	8.552656E-1
2.682190E1	1.411259E1	8.503073E-1
2.685522E1	1.397096E1	8.043605E-1
2.688854E1	1.365807E1	6.902539E-1
2.692186E1	1.319560E1	5.490032E-1
2.695518E1	1.276873E1	4.242124E-1
2.698849E1	1.265752E1	3.564932E-1
2.702181E1	1.269452E1	3.419948E-1
2.705513E1	1.276848E1	3.519349E-1
2.708845E1	1.281637E1	3.425607E-1
2.712177E1	1.288958E1	3.744898E-1
2.715509E1	1.298787E1	4.271632E-1
2.718841E1	1.306019E1	4.512559E-1
2.722173E1	1.305158E1	4.543193E-1
2.725505E1	1.304646E1	4.528470E-1
2.728837E1	1.306538E1	4.679282E-1
2.732169E1	1.312307E1	5.111339E-1
2.735501E1	1.321155E1	5.607690E-1
2.738832E1	1.333545E1	5.883272E-1
2.742164E1	1.346536E1	6.337491E-1
2.745496E1	1.357446E1	6.886928E-1
2.748828E1	1.364914E1	7.346002E-1
2.752160E1	1.370135E1	7.480085E-1
2.755492E1	1.376746E1	7.431292E-1
2.758824E1	1.390738E1	7.824144E-1
2.762156E1	1.410599E1	8.457558E-1
2.765488E1	1.436341E1	9.270931E-1
2.768820E1	1.450505E1	9.309375E-1
2.772152E1	1.452022E1	9.061953E-1
2.775483E1	1.452121E1	9.121626E-1
2.778815E1	1.451916E1	9.111698E-1
2.782147E1	1.449087E1	9.035695E-1
2.785479E1	1.434800E1	8.458456E-1
2.788811E1	1.402018E1	6.910771E-1
2.792143E1	1.354575E1	4.694785E-1
2.795475E1	1.310425E1	3.512908E-1
2.798807E1	1.294189E1	2.979430E-1
2.802139E1	1.292669E1	2.703849E-1
2.805471E1	1.303281E1	2.941714E-1
2.808803E1	1.312589E1	3.444291E-1
2.812135E1	1.321769E1	3.869608E-1
2.815466E1	1.330655E1	4.387732E-1
2.818798E1	1.337497E1	4.715587E-1
2.822130E1	1.337502E1	4.608538E-1
2.825462E1	1.335577E1	4.250236E-1
2.828794E1	1.334654E1	4.276932E-1
2.832126E1	1.336446E1	4.620082E-1
2.835458E1	1.339001E1	4.678924E-1
2.838790E1	1.347283E1	5.036699E-1
2.842122E1	1.357268E1	5.339605E-1
2.845454E1	1.371504E1	5.555734E-1
2.848786E1	1.382232E1	5.933184E-1
2.852117E1	1.392727E1	6.419826E-1
2.855449E1	1.400540E1	6.832214E-1
2.858781E1	1.409487E1	7.027803E-1
2.862113E1	1.431374E1	7.737892E-1
2.865445E1	1.458585E1	8.570706E-1
2.868777E1	1.472451E1	8.675839E-1
2.872109E1	1.473641E1	8.533698E-1
2.875441E1	1.474332E1	8.567338E-1
2.878773E1	1.473814E1	8.567135E-1
2.882105E1	1.471673E1	8.517949E-1
2.885437E1	1.458398E1	7.959867E-1
2.888769E1	1.424931E1	6.545641E-1
2.892100E1	1.380378E1	4.650810E-1
2.895432E1	1.336279E1	3.579836E-1
2.898764E1	1.321982E1	3.134912E-1
2.902096E1	1.321546E1	2.703152E-1
2.905428E1	1.328282E1	2.814679E-1
2.908760E1	1.338618E1	3.564333E-1
2.912092E1	1.353715E1	4.146361E-1
2.915424E1	1.369074E1	4.712247E-1
2.918756E1	1.380362E1	5.199519E-1
2.922088E1	1.386911E1	5.228264E-1
2.925420E1	1.388171E1	5.297411E-1
2.928751E1	1.386841E1	5.709739E-1
2.932083E1	1.386616E1	5.729938E-1
2.935415E1	1.390938E1	5.729595E-1
2.938747E1	1.396733E1	5.747526E-1
2.942079E1	1.403021E1	6.000756E-1
2.945411E1	1.408486E1	6.745307E-1
2.948743E1	1.409580E1	7.237752E-1
2.952075E1	1.409197E1	7.082428E-1
2.955407E1	1.417080E1	7.028050E-1
2.958739E1	1.433171E1	7.440895E-1
2.962071E1	1.454186E1	8.075392E-1
2.965403E1	1.481795E1	9.072463E-1
2.968734E1	1.493649E1	8.933862E-1
2.972066E1	1.495945E1	8.769690E-1
2.975398E1	1.498812E1	8.938839E-1
2.978730E1	1.499010E1	8.983992E-1
2.982062E1	1.495971E1	8.822703E-1
2.985394E1	1.481681E1	8.290560E-1
2.988726E1	1.448152E1	6.478130E-1
2.992058E1	1.405560E1	5.207384E-1
2.995390E1	1.359858E1	4.299378E-1
2.998722E1	1.346921E1	4.037550E-1
3.002054E1	1.347424E1	3.639762E-1
3.005385E1	1.355577E1	3.635505E-1
3.008717E1	1.363422E1	3.975951E-1
3.012049E1	1.376871E1	4.753858E-1
3.015381E1	1.388572E1	5.203258E-1
3.018713E1	1.396907E1	5.545891E-1
3.022045E1	1.398883E1	5.712833E-1
3.025377E1	1.398155E1	5.656235E-1
3.028709E1	1.398293E1	5.685694E-1
3.032041E1	1.398867E1	5.799868E-1
3.035373E1	1.403438E1	6.102588E-1
3.038705E1	1.408937E1	6.374814E-1
3.042037E1	1.417707E1	6.660375E-1
3.045368E1	1.426744E1	6.971768E-1
3.048700E1	1.436751E1	7.484568E-1
3.052032E1	1.446281E1	8.094302E-1
3.055364E1	1.454024E1	8.386696E-1
3.058696E1	1.462445E1	8.781364E-1
3.062028E1	1.483763E1	9.381550E-1
3.065360E1	1.511954E1	9.858467E-1
3.068692E1	1.526614E1	9.973093E-1
3.072024E1	1.527934E1	1.000701E0
3.075356E1	1.528661E1	1.014465E0
3.078688E1	1.528276E1	1.016773E0
3.082019E1	1.526098E1	1.011069E0
3.085351E1	1.510802E1	9.393498E-1
3.088683E1	1.475606E1	7.521085E-1
3.092015E1	1.429412E1	6.217281E-1
3.095347E1	1.376082E1	5.331065E-1
3.098679E1	1.356125E1	4.743202E-1
3.102011E1	1.354260E1	4.328973E-1
3.105343E1	1.360594E1	4.232340E-1
3.108675E1	1.371062E1	4.697705E-1
3.112007E1	1.387386E1	5.451549E-1
3.115339E1	1.403805E1	6.236615E-1
3.118671E1	1.415322E1	6.674571E-1
3.122002E1	1.419273E1	6.571328E-1
3.125334E1	1.419642E1	6.400814E-1
3.128666E1	1.417436E1	6.410141E-1
3.131998E1	1.418214E1	6.833350E-1
3.135330E1	1.424004E1	7.275627E-1
3.138662E1	1.429450E1	7.356052E-1
3.141994E1	1.438232E1	7.508199E-1
3.145326E1	1.451441E1	7.838888E-1
3.148658E1	1.463988E1	8.141927E-1
3.151990E1	1.479376E1	8.617244E-1
3.155322E1	1.490082E1	8.729350E-1
3.158653E1	1.502429E1	8.932336E-1
3.161985E1	1.516613E1	9.358925E-1
3.165317E1	1.535896E1	1.025631E0
3.168649E1	1.544493E1	1.084937E0
3.171981E1	1.546391E1	1.112478E0
3.175313E1	1.544047E1	1.120597E0
3.178645E1	1.543943E1	1.123988E0
3.181977E1	1.542725E1	1.122081E0
3.185309E1	1.529026E1	1.061811E0
3.188641E1	1.495953E1	8.959351E-1
3.191973E1	1.444685E1	6.402362E-1
3.195305E1	1.390998E1	4.213351E-1
3.198636E1	1.365229E1	3.472511E-1
3.201968E1	1.364720E1	3.568305E-1
3.205300E1	1.374482E1	3.714671E-1
3.208632E1	1.389228E1	4.214823E-1
3.211964E1	1.403323E1	5.119031E-1
3.215296E1	1.413411E1	5.588858E-1
3.218628E1	1.417700E1	5.403143E-1
3.221960E1	1.417160E1	5.186970E-1
3.225292E1	1.416470E1	5.182960E-1
3.228624E1	1.415723E1	5.198369E-1
3.231956E1	1.418850E1	5.670297E-1
3.235287E1	1.424781E1	5.997377E-1
3.238619E1	1.434970E1	6.286070E-1
3.241951E1	1.446853E1	6.389049E-1
3.245283E1	1.458876E1	6.738227E-1
3.248615E1	1.468352E1	7.383171E-1
3.251947E1	1.477659E1	7.968734E-1
3.255279E1	1.483311E1	8.061849E-1
3.258611E1	1.494648E1	8.351928E-1
3.261943E1	1.514837E1	9.329970E-1
3.265275E1	1.537005E1	1.019003E0
3.268607E1	1.546162E1	1.012218E0
3.271939E1	1.554967E1	1.027879E0
3.275270E1	1.558378E1	1.043864E0
3.278602E1	1.557619E1	1.038448E0
3.281934E1	1.555892E1	1.021536E0
3.285266E1	1.542835E1	9.628943E-1
3.288598E1	1.509958E1	7.961532E-1
3.291930E1	1.460695E1	5.814729E-1
3.295262E1	1.409389E1	4.299300E-1
3.298594E1	1.386899E1	3.686887E-1
3.301926E1	1.385849E1	3.756446E-1
3.305258E1	1.397900E1	4.013243E-1
3.308590E1	1.409637E1	4.313446E-1
3.311921E1	1.418970E1	4.790872E-1
3.315253E1	1.426082E1	5.265923E-1
3.318585E1	1.430682E1	5.167440E-1
3.321917E1	1.432286E1	4.773351E-1
3.325249E1	1.430661E1	4.551960E-1
3.328581E1	1.430805E1	4.735071E-1
3.331913E1	1.436381E1	5.190554E-1
3.335245E1	1.443906E1	5.670795E-1
3.338577E1	1.456709E1	6.088061E-1
3.341909E1	1.471276E1	6.499851E-1
3.345241E1	1.484292E1	6.984265E-1
3.348573E1	1.494762E1	7.604570E-1
3.351904E1	1.504427E1	8.178621E-1
3.355236E1	1.512291E1	8.454370E-1
3.358568E1	1.522339E1	8.769029E-1
3.361900E1	1.544166E1	9.503969E-1
3.365232E1	1.568783E1	1.072662E0
3.368564E1	1.578198E1	1.065855E0
3.371896E1	1.581138E1	1.059528E0
3.375228E1	1.584374E1	1.081866E0
3.378560E1	1.582141E1	1.083278E0
3.381892E1	1.581284E1	1.076608E0
3.385224E1	1.569509E1	1.025768E0
3.388555E1	1.538227E1	8.537291E-1
3.391887E1	1.488108E1	5.913897E-1
3.395219E1	1.437267E1	3.972123E-1
3.398551E1	1.406066E1	3.156141E-1
3.401883E1	1.402213E1	2.807515E-1
3.405215E1	1.405552E1	2.593754E-1
3.408547E1	1.407807E1	2.630488E-1
3.411879E1	1.419578E1	3.039483E-1
3.415211E1	1.439819E1	4.461011E-1
3.418543E1	1.461690E1	5.849797E-1
3.421875E1	1.472915E1	6.324908E-1
3.425207E1	1.474050E1	6.061134E-1
3.428538E1	1.469725E1	5.923414E-1
3.431870E1	1.472356E1	6.184608E-1
3.435202E1	1.478022E1	6.351325E-1
3.438534E1	1.485893E1	6.348192E-1
3.441866E1	1.500162E1	6.739174E-1
3.445198E1	1.513030E1	7.014584E-1
3.448530E1	1.527493E1	7.506278E-1
3.451862E1	1.540917E1	7.897424E-1
3.455194E1	1.550548E1	8.241542E-1
3.458526E1	1.559099E1	8.596282E-1
3.461858E1	1.575304E1	9.239944E-1
3.465189E1	1.596373E1	1.040435E0
3.468521E1	1.604132E1	1.076246E0
3.471853E1	1.604803E1	1.087624E0
3.475185E1	1.604233E1	1.087528E0
3.478517E1	1.604147E1	1.086234E0
3.481849E1	1.602369E1	1.080592E0
3.485181E1	1.591484E1	1.027284E0
3.488513E1	1.560644E1	8.489133E-1
3.491845E1	1.510515E1	6.082897E-1
3.495177E1	1.460070E1	4.139958E-1
3.498509E1	1.434592E1	3.479687E-1
3.501841E1	1.429494E1	3.019775E-1
3.505172E1	1.435617E1	2.848818E-1
3.508504E1	1.453461E1	4.019701E-1
3.511836E1	1.472797E1	5.164416E-1
3.515168E1	1.483851E1	5.434308E-1
3.518500E1	1.491533E1	5.200108E-1
3.521832E1	1.489736E1	4.418655E-1
3.525164E1	1.488592E1	4.129461E-1
3.528496E1	1.488803E1	4.397929E-1
3.531828E1	1.495729E1	4.944111E-1
3.535160E1	1.504952E1	5.501787E-1
3.538492E1	1.517363E1	6.157320E-1
3.541823E1	1.534149E1	6.913790E-1
3.545155E1	1.545272E1	7.631153E-1
3.548487E1	1.553927E1	8.138310E-1
3.551819E1	1.561584E1	8.375918E-1
3.555151E1	1.569652E1	8.565488E-1
3.558483E1	1.581682E1	8.667684E-1
3.561815E1	1.600015E1	9.194478E-1
3.565147E1	1.618758E1	1.027825E0
3.568479E1	1.628270E1	1.128587E0
3.571811E1	1.630638E1	1.148377E0
3.575143E1	1.630676E1	1.153640E0
3.578475E1	1.630718E1	1.149521E0
3.581806E1	1.629097E1	1.137705E0
3.585138E1	1.617991E1	1.085859E0
3.588470E1	1.589035E1	9.104842E-1
3.591802E1	1.538695E1	6.566897E-1
3.595134E1	1.486085E1	4.617197E-1
3.598466E1	1.457342E1	3.716714E-1
3.601798E1	1.453124E1	3.276196E-1
3.605130E1	1.464298E1	3.424754E-1
3.608462E1	1.478259E1	4.069984E-1
3.611794E1	1.490100E1	4.783985E-1
3.615126E1	1.500982E1	5.274638E-1
3.618457E1	1.509504E1	5.359107E-1
3.621789E1	1.512091E1	4.891249E-1
3.625121E1	1.516702E1	4.875009E-1
3.628453E1	1.515241E1	5.134274E-1
3.631785E1	1.516668E1	5.482143E-1
3.635117E1	1.521242E1	5.982561E-1
3.638449E1	1.528705E1	6.547551E-1
3.641781E1	1.538582E1	6.995445E-1
3.645113E1	1.550287E1	7.332546E-1
3.648445E1	1.560971E1	7.534771E-1
3.651777E1	1.569588E1	7.619531E-1
3.655108E1	1.576479E1	7.583350E-1
3.658440E1	1.586265E1	7.975797E-1
3.661772E1	1.603088E1	8.697241E-1
3.665104E1	1.625891E1	9.881852E-1
3.668436E1	1.637219E1	1.046527E0
3.671768E1	1.637153E1	1.035186E0
3.675100E1	1.636522E1	1.036787E0
3.678432E1	1.636944E1	1.043769E0
3.681764E1	1.636537E1	1.037553E0
3.685096E1	1.635414E1	1.028372E0
3.688428E1	1.623331E1	9.715074E-1
3.691760E1	1.593670E1	7.998561E-1
3.695091E1	1.544551E1	5.309759E-1
3.698423E1	1.488560E1	2.778166E-1
3.701755E1	1.457619E1	1.051543E-1
3.705087E1	1.457418E1	8.182278E-2
3.708419E1	1.467479E1	1.384457E-1
3.711751E1	1.485042E1	2.015910E-1
3.715083E1	1.502426E1	3.160844E-1
3.718415E1	1.516943E1	4.155643E-1
3.721747E1	1.525065E1	4.327710E-1
3.725079E1	1.528372E1	4.266687E-1
3.728411E1	1.525079E1	4.250816E-1
3.731742E1	1.520629E1	4.384479E-1
3.735074E1	1.524102E1	4.394908E-1
3.738406E1	1.528928E1	4.690968E-1
3.741738E1	1.534419E1	4.998989E-1
3.745070E1	1.542678E1	5.310430E-1
3.748402E1	1.551301E1	5.450601E-1
3.751734E1	1.562527E1	5.793843E-1
3.755066E1	1.569701E1	6.062162E-1
3.758398E1	1.581355E1	6.474573E-1
3.761730E1	1.602719E1	7.565258E-1
3.765062E1	1.629075E1	8.688825E-1
3.768394E1	1.639205E1	8.815320E-1
3.771725E1	1.642162E1	8.666997E-1
3.775057E1	1.642612E1	8.723322E-1
3.778389E1	1.642259E1	8.705777E-1
3.781721E1	1.641895E1	8.694903E-1
3.785053E1	1.629845E1	8.212145E-1
3.788385E1	1.598319E1	6.512234E-1
3.791717E1	1.555138E1	4.839042E-1
3.795049E1	1.503843E1	3.188258E-1
3.798381E1	1.479693E1	2.395532E-1
3.801713E1	1.477755E1	2.208202E-1
3.805045E1	1.485922E1	2.204897E-1
3.808376E1	1.500392E1	2.811511E-1
3.811708E1	1.518883E1	3.991220E-1
3.815040E1	1.531226E1	4.874140E-1
3.818372E1	1.540319E1	4.897955E-1
3.821704E1	1.547037E1	4.913563E-1
3.825036E1	1.551867E1	4.972102E-1
3.828368E1	1.551867E1	5.121788E-1
3.831700E1	1.551155E1	5.279457E-1
3.835032E1	1.555095E1	5.338862E-1
3.838364E1	1.561551E1	5.411045E-1
3.841696E1	1.572059E1	5.476567E-1
3.845028E1	1.583082E1	5.871642E-1
3.848359E1	1.596031E1	6.404249E-1
3.851691E1	1.609697E1	6.791781E-1
3.855023E1	1.618442E1	7.115347E-1
3.858355E1	1.629264E1	7.540541E-1
3.861687E1	1.644980E1	8.069725E-1
3.865019E1	1.667577E1	9.103800E-1
3.868351E1	1.680896E1	1.015689E0
3.871683E1	1.681859E1	1.082113E0
3.875015E1	1.681280E1	1.091059E0
3.878347E1	1.680926E1	1.081623E0
3.881679E1	1.680207E1	1.089395E0
3.885010E1	1.668736E1	1.028200E0
3.888342E1	1.636850E1	8.158140E-1
3.891674E1	1.587801E1	5.320038E-1
3.895006E1	1.528413E1	2.680225E-1
3.898338E1	1.502100E1	1.359052E-1
3.901670E1	1.498415E1	1.094335E-1
3.905002E1	1.508383E1	1.483909E-1
3.908334E1	1.523257E1	2.301166E-1
3.911666E1	1.539493E1	3.525543E-1
3.914998E1	1.549708E1	4.340721E-1
3.918330E1	1.559287E1	4.443770E-1
3.921662E1	1.566920E1	3.842887E-1
3.924993E1	1.570705E1	3.222002E-1
3.928325E1	1.571138E1	3.225646E-1
3.931657E1	1.569419E1	3.442568E-1
3.934989E1	1.576675E1	4.058905E-1
3.938321E1	1.585592E1	5.063705E-1
3.941653E1	1.598907E1	5.882089E-1
3.944985E1	1.609417E1	6.412242E-1
3.948317E1	1.619356E1	6.944285E-1
3.951649E1	1.627758E1	7.174756E-1
3.954981E1	1.639203E1	7.575090E-1
3.958313E1	1.647606E1	7.661071E-1
3.961644E1	1.664556E1	8.539798E-1
3.964976E1	1.686773E1	9.576943E-1
3.968308E1	1.698082E1	1.031283E0
3.971640E1	1.700634E1	1.075119E0
3.974972E1	1.702056E1	1.086795E0
3.978304E1	1.700547E1	1.079258E0
3.981636E1	1.700706E1	1.081734E0
3.984968E1	1.686882E1	9.825540E-1
3.988300E1	1.659517E1	7.933841E-1
3.991632E1	1.610849E1	5.334813E-1
3.994964E1	1.559508E1	3.155316E-1
3.998296E1	1.531303E1	2.031607E-1
4.001627E1	1.526089E1	1.531032E-1
4.004959E1	1.535099E1	1.557087E-1
4.008291E1	1.549723E1	2.202750E-1
4.011623E1	1.572049E1	3.628411E-1
4.014955E1	1.585858E1	4.473392E-1
4.018287E1	1.592559E1	4.401634E-1
4.021619E1	1.594333E1	4.120204E-1
4.024951E1	1.592252E1	3.746774E-1
4.028283E1	1.594310E1	4.087445E-1
4.031615E1	1.595918E1	4.558391E-1
4.034947E1	1.602016E1	4.935310E-1
4.038278E1	1.610498E1	5.392392E-1
4.041610E1	1.620928E1	5.884740E-1
4.044942E1	1.632024E1	6.270154E-1
4.048274E1	1.643139E1	6.701718E-1
4.051606E1	1.656271E1	7.176991E-1
4.054938E1	1.667418E1	7.505700E-1
4.058270E1	1.674983E1	7.814704E-1
4.061602E1	1.692774E1	8.656682E-1
4.064934E1	1.716116E1	1.030561E0
4.068266E1	1.722476E1	1.086495E0
4.071598E1	1.724483E1	1.118590E0
4.074930E1	1.723507E1	1.129040E0
4.078261E1	1.723646E1	1.132901E0
4.081593E1	1.723196E1	1.135171E0
4.084925E1	1.712601E1	1.080081E0
4.088257E1	1.684458E1	8.901016E-1
4.091589E1	1.641934E1	6.022475E-1
4.094921E1	1.594290E1	3.715472E-1
4.098253E1	1.563005E1	2.627421E-1
4.101585E1	1.557090E1	2.148940E-1
4.104917E1	1.565988E1	2.365728E-1
4.108249E1	1.582618E1	3.115011E-1
4.111581E1	1.595007E1	4.216483E-1
4.114912E1	1.604433E1	4.918285E-1
4.118244E1	1.611610E1	4.941273E-1
4.121576E1	1.615376E1	4.824432E-1
4.124908E1	1.615149E1	4.858115E-1
4.128240E1	1.614483E1	5.090257E-1
4.131572E1	1.618352E1	5.473466E-1
4.134904E1	1.624859E1	5.935618E-1
4.138236E1	1.636476E1	6.491050E-1
4.141568E1	1.649643E1	7.007424E-1
4.144900E1	1.663336E1	7.601491E-1
4.148232E1	1.676662E1	8.039812E-1
4.151564E1	1.686385E1	8.392303E-1
4.154895E1	1.696010E1	8.685698E-1
4.158227E1	1.705189E1	9.173857E-1
4.161559E1	1.724242E1	1.022903E0
4.164891E1	1.745206E1	1.158278E0
4.168223E1	1.753786E1	1.246149E0
4.171555E1	1.753802E1	1.266824E0
4.174887E1	1.754619E1	1.264704E0
4.178219E1	1.754941E1	1.264441E0
4.181551E1	1.753140E1	1.257856E0
4.184883E1	1.744263E1	1.191320E0
4.188215E1	1.717557E1	9.848806E-1
4.191546E1	1.672139E1	7.324653E-1
4.194878E1	1.627944E1	5.401152E-1
4.198210E1	1.603921E1	4.739608E-1
4.201542E1	1.599944E1	4.404690E-1
4.204874E1	1.611049E1	4.874211E-1
4.208206E1	1.616093E1	5.066970E-1
4.211538E1	1.626634E1	5.798827E-1
4.214870E1	1.649713E1	7.383021E-1
4.218202E1	1.673299E1	9.108513E-1
4.221534E1	1.687696E1	9.882998E-1
4.224866E1	1.696914E1	1.024929E0
4.228198E1	1.700272E1	1.024604E0
4.231529E1	1.696224E1	9.847136E-1
4.234861E1	1.697141E1	9.773362E-1
4.238193E1	1.701951E1	1.004115E0
4.241525E1	1.712206E1	1.051308E0
4.244857E1	1.724660E1	1.105378E0
4.248189E1	1.738281E1	1.165561E0
4.251521E1	1.752307E1	1.202665E0
4.254853E1	1.763134E1	1.230221E0
4.258185E1	1.767709E1	1.238927E0
4.261517E1	1.767851E1	1.237871E0
4.264849E1	1.782983E1	1.311804E0
4.268180E1	1.812878E1	1.482166E0
4.271512E1	1.830199E1	1.640113E0
4.274844E1	1.828091E1	1.628185E0
4.278176E1	1.827268E1	1.625110E0
4.281508E1	1.826896E1	1.629640E0
4.284840E1	1.814102E1	1.555703E0
4.288172E1	1.789005E1	1.360878E0
4.291504E1	1.746851E1	1.085958E0
4.294836E1	1.695495E1	8.403194E-1
4.298168E1	1.673951E1	7.513421E-1
4.301500E1	1.673743E1	7.417475E-1
4.304832E1	1.681907E1	7.603442E-1
4.308163E1	1.697210E1	8.581434E-1
4.311495E1	1.708654E1	9.571909E-1
4.314827E1	1.710899E1	9.741124E-1
4.318159E1	1.717637E1	9.968144E-1
4.321491E1	1.722555E1	1.054785E0
4.324823E1	1.725087E1	1.037095E0
4.328155E1	1.727206E1	1.032422E0
4.331487E1	1.728261E1	1.035520E0
4.334819E1	1.731879E1	1.086414E0
4.338151E1	1.739331E1	1.144551E0
4.341483E1	1.748296E1	1.206308E0
4.344814E1	1.759178E1	1.271720E0
4.348146E1	1.766053E1	1.322503E0
4.351478E1	1.772253E1	1.356202E0
4.354810E1	1.780730E1	1.407778E0
4.358142E1	1.792875E1	1.459605E0
4.361474E1	1.809706E1	1.543162E0
4.364806E1	1.830564E1	1.642178E0
4.368138E1	1.846566E1	1.705767E0
4.371470E1	1.854643E1	1.740795E0
4.374802E1	1.857258E1	1.761548E0
4.378134E1	1.856780E1	1.750512E0
4.381466E1	1.856000E1	1.734471E0
4.384797E1	1.843147E1	1.658952E0
4.388129E1	1.814990E1	1.433248E0
4.391461E1	1.767583E1	1.092766E0
4.394793E1	1.728678E1	9.232522E-1
4.398125E1	1.710977E1	8.274992E-1
4.401457E1	1.712078E1	8.189038E-1
4.404789E1	1.719177E1	8.498746E-1
4.408121E1	1.728270E1	9.182542E-1
4.411453E1	1.737218E1	9.838310E-1
4.414785E1	1.747899E1	1.052114E0
4.418117E1	1.753960E1	1.065433E0
4.421448E1	1.756145E1	9.922148E-1
4.424780E1	1.754666E1	9.421143E-1
4.428112E1	1.754708E1	9.485104E-1
4.431444E1	1.757869E1	9.925915E-1
4.434776E1	1.766102E1	1.092093E0
4.438108E1	1.777761E1	1.201236E0
4.441440E1	1.790594E1	1.275645E0
4.444772E1	1.802952E1	1.364324E0
4.448104E1	1.811063E1	1.432112E0
4.451436E1	1.817834E1	1.479664E0
4.454768E1	1.823929E1	1.526710E0
4.458100E1	1.832516E1	1.556793E0
4.461431E1	1.851532E1	1.655122E0
4.464763E1	1.873713E1	1.740071E0
4.468095E1	1.881388E1	1.759121E0
4.471427E1	1.888092E1	1.781482E0
4.474759E1	1.898192E1	1.857449E0
4.478091E1	1.898262E1	1.856159E0
4.481423E1	1.895548E1	1.846188E0
4.484755E1	1.885335E1	1.779324E0
4.488087E1	1.863836E1	1.596621E0
4.491419E1	1.827626E1	1.292086E0
4.494751E1	1.781828E1	1.066196E0
4.498082E1	1.764325E1	9.451018E-1
4.501414E1	1.766048E1	9.081294E-1
4.504746E1	1.771126E1	9.424031E-1
4.508078E1	1.783196E1	9.944539E-1
4.511410E1	1.798775E1	1.126051E0
4.514742E1	1.814402E1	1.246602E0
4.518074E1	1.825837E1	1.309166E0
4.521406E1	1.835442E1	1.309299E0
4.524738E1	1.838719E1	1.296288E0
