	mass A		
t	x	y	
0.000000E0	2.042857E-1	-6.139027E-2
3.331913E-2	5.199686E-1	-1.328751E-2
6.663826E-2	7.304394E-1	3.762511E-2
9.995739E-2	8.484031E-1	7.196027E-2
1.332765E-1	9.212539E-1	8.234541E-2
1.665956E-1	1.176117E0	1.013496E-1
1.999148E-1	1.582290E0	8.605002E-2
2.332339E-1	1.749696E0	3.156337E-2
2.665530E-1	1.539373E0	2.351842E-2
2.998722E-1	1.109998E0	9.005445E-2
3.331913E-1	6.256994E-1	7.308016E-2
3.665104E-1	2.161071E-1	2.530375E-2
3.998296E-1	1.536897E-1	-6.141239E-2
4.331487E-1	1.914732E-1	-1.233688E-1
4.664678E-1	2.467410E-1	-1.414321E-1
4.997869E-1	3.042411E-1	-1.829110E-1
5.331061E-1	3.918560E-1	-2.040720E-1
5.664252E-1	4.745800E-1	-2.934907E-1
5.997443E-1	5.273702E-1	-3.822319E-1
6.330635E-1	6.695717E-1	-4.142958E-1
6.663826E-1	9.898644E-1	-3.455647E-1
6.997017E-1	1.400659E0	-2.419189E-1
7.330209E-1	1.574134E0	-1.748133E-1
7.663400E-1	1.354148E0	-1.688451E-1
7.996591E-1	9.581203E-1	-1.280358E-1
8.329782E-1	4.651992E-1	-1.408804E-1
8.662974E-1	7.003573E-2	-1.784877E-1
8.996165E-1	5.926223E-3	-2.543559E-1
9.329356E-1	6.158074E-2	-3.234087E-1
9.662548E-1	1.154332E-1	-3.017811E-1
9.995739E-1	2.278688E-1	-2.422320E-1
1.032893E0	3.687360E-1	-2.223125E-1
1.066212E0	5.743940E-1	-2.242778E-1
1.099531E0	8.052832E-1	-2.390597E-1
1.132850E0	9.953321E-1	-2.474943E-1
1.166170E0	1.224610E0	-2.303228E-1
1.199489E0	1.655838E0	-1.935267E-1
1.232808E0	1.821557E0	-1.759195E-1
1.266127E0	1.543916E0	-1.874102E-1
1.299446E0	1.068072E0	-2.017078E-1
1.332765E0	5.069992E-1	-2.104047E-1
1.366084E0	7.398451E-2	-2.589350E-1
1.399403E0	3.031039E-2	-3.873937E-1
1.432723E0	1.287141E-1	-4.732630E-1
1.466042E0	2.317931E-1	-4.222774E-1
1.499361E0	3.920509E-1	-3.617221E-1
1.532680E0	5.693856E-1	-3.607351E-1
1.565999E0	7.955946E-1	-3.584408E-1
1.599318E0	1.014827E0	-3.786325E-1
1.632637E0	1.208226E0	-3.884738E-1
1.665956E0	1.469947E0	-3.548925E-1
1.699276E0	1.885324E0	-2.924195E-1
1.732595E0	2.030218E0	-2.906691E-1
1.765914E0	1.704120E0	-3.308082E-1
1.799233E0	1.190592E0	-3.390691E-1
1.832552E0	5.875247E-1	-3.706296E-1
1.865871E0	6.301683E-2	-4.453427E-1
1.899190E0	-1.671651E-2	-5.583754E-1
1.932510E0	5.295790E-2	-6.103072E-1
1.965829E0	1.197827E-1	-6.280519E-1
1.999148E0	2.536412E-1	-5.730041E-1
2.032467E0	4.183056E-1	-5.328435E-1
2.065786E0	6.147198E-1	-5.352898E-1
2.099105E0	8.499073E-1	-5.313387E-1
2.132424E0	1.054769E0	-5.351757E-1
2.165743E0	1.294558E0	-5.177399E-1
2.199063E0	1.702860E0	-4.787029E-1
2.232382E0	1.846012E0	-4.584878E-1
2.265701E0	1.509275E0	-4.871219E-1
2.299020E0	9.949550E-1	-5.090250E-1
2.332339E0	3.879702E-1	-5.644139E-1
2.365658E0	-8.192122E-2	-6.309446E-1
2.398977E0	-1.768029E-1	-7.215618E-1
2.432296E0	-1.661415E-1	-8.031295E-1
2.465616E0	-1.621295E-1	-8.356804E-1
2.498935E0	-5.970962E-2	-7.915187E-1
2.532254E0	8.047554E-2	-7.613994E-1
2.565573E0	2.609163E-1	-7.430676E-1
2.598892E0	4.784077E-1	-7.353524E-1
2.632211E0	6.836834E-1	-7.361147E-1
2.665530E0	9.386281E-1	-7.107649E-1
2.698850E0	1.371847E0	-6.682275E-1
2.732169E0	1.563185E0	-6.119411E-1
2.765488E0	1.257091E0	-6.356412E-1
2.798807E0	7.547727E-1	-6.670847E-1
2.832126E0	1.932706E-1	-7.239199E-1
2.865445E0	-2.217818E-1	-7.828711E-1
2.898764E0	-2.722980E-1	-8.859755E-1
2.932083E0	-1.720897E-1	-9.329674E-1
2.965403E0	-7.749075E-2	-9.058200E-1
2.998722E0	5.310128E-2	-8.418554E-1
3.032041E0	2.138149E-1	-8.018397E-1
3.065360E0	4.070759E-1	-8.022195E-1
3.098679E0	6.169759E-1	-8.218959E-1
3.131998E0	8.103943E-1	-8.317248E-1
3.165317E0	1.037274E0	-8.187723E-1
3.198636E0	1.464617E0	-7.680956E-1
3.231956E0	1.679730E0	-7.221749E-1
3.265275E0	1.368814E0	-7.586239E-1
3.298594E0	8.927557E-1	-8.052059E-1
3.331913E0	2.843537E-1	-8.890978E-1
3.365232E0	-1.963306E-1	-9.709605E-1
3.398551E0	-2.916760E-1	-1.091978E0
3.431870E0	-2.694365E-1	-1.175066E0
3.465189E0	-2.443232E-1	-1.178709E0
3.498509E0	-1.210198E-1	-1.116634E0
3.531828E0	5.114294E-2	-1.069479E0
3.565147E0	2.763116E-1	-1.046218E0
3.598466E0	5.407702E-1	-1.029271E0
3.631785E0	7.332376E-1	-1.024754E0
3.665104E0	9.705499E-1	-1.003964E0
3.698423E0	1.385923E0	-9.598280E-1
3.731743E0	1.569243E0	-9.091980E-1
3.765062E0	1.244340E0	-9.419463E-1
3.798381E0	7.357959E-1	-1.002028E0
3.831700E0	1.534550E-1	-1.087981E0
3.865019E0	-3.523632E-1	-1.168909E0
3.898338E0	-4.287320E-1	-1.278957E0
3.931657E0	-3.549871E-1	-1.340891E0
3.964976E0	-2.681047E-1	-1.319566E0
3.998296E0	-1.198615E-1	-1.226701E0
4.031615E0	7.036724E-2	-1.182718E0
4.064934E0	2.974361E-1	-1.162887E0
4.098253E0	5.463372E-1	-1.147537E0
4.131572E0	7.367892E-1	-1.146632E0
4.164891E0	9.612186E-1	-1.128426E0
4.198210E0	1.390272E0	-1.099722E0
4.231529E0	1.644371E0	-1.041129E0
4.264849E0	1.352741E0	-1.089745E0
4.298168E0	8.487522E-1	-1.154730E0
4.331487E0	2.848839E-1	-1.251947E0
4.364806E0	-2.141320E-1	-1.335081E0
4.398125E0	-3.103821E-1	-1.468983E0
4.431444E0	-2.113333E-1	-1.502681E0
4.464763E0	-1.021635E-1	-1.454959E0
4.498083E0	6.439325E-2	-1.356790E0
4.531402E0	2.636839E-1	-1.294221E0
4.564721E0	5.033550E-1	-1.283494E0
4.598040E0	7.577093E-1	-1.277918E0
4.631359E0	9.316818E-1	-1.270200E0
4.664678E0	1.145269E0	-1.255996E0
4.697997E0	1.567950E0	-1.215942E0
4.731316E0	1.764423E0	-1.170156E0
4.764636E0	1.460324E0	-1.222825E0
4.797955E0	9.483310E-1	-1.298534E0
4.831274E0	3.334814E-1	-1.413469E0
4.864593E0	-1.636866E-1	-1.476681E0
4.897912E0	-2.562709E-1	-1.613542E0
4.931231E0	-1.942430E-1	-1.707042E0
4.964550E0	-1.108339E-1	-1.701143E0
4.997869E0	5.603085E-2	-1.626642E0
5.031189E0	2.459266E-1	-1.557491E0
5.064508E0	4.921564E-1	-1.493439E0
5.097827E0	7.652895E-1	-1.450539E0
5.131146E0	9.725353E-1	-1.432102E0
5.164465E0	1.211538E0	-1.412311E0
5.197784E0	1.610524E0	-1.377266E0
5.231103E0	1.804523E0	-1.361230E0
5.264422E0	1.505014E0	-1.417532E0
5.297742E0	1.021716E0	-1.443272E0
5.331061E0	4.211151E-1	-1.546628E0
5.364380E0	-5.266305E-2	-1.640805E0
5.397699E0	-1.348711E-1	-1.791550E0
5.431018E0	-4.304958E-2	-1.859263E0
5.464337E0	5.034061E-2	-1.833904E0
5.497656E0	1.915667E-1	-1.727258E0
5.530976E0	3.704055E-1	-1.661063E0
5.564295E0	5.877808E-1	-1.610045E0
5.597614E0	8.321592E-1	-1.566922E0
5.630933E0	1.038201E0	-1.551766E0
5.664252E0	1.265727E0	-1.545207E0
5.697571E0	1.689534E0	-1.497292E0
5.730890E0	1.918456E0	-1.459298E0
5.764209E0	1.637832E0	-1.517226E0
5.797529E0	1.152147E0	-1.597889E0
5.830848E0	5.785770E-1	-1.737307E0
5.864167E0	9.332847E-2	-1.826289E0
5.897486E0	-3.222040E-3	-1.940714E0
5.930805E0	4.052621E-2	-1.999012E0
5.964124E0	8.526223E-2	-2.001334E0
5.997443E0	2.255321E-1	-1.919900E0
6.030762E0	4.176435E-1	-1.839879E0
6.064082E0	6.725756E-1	-1.765948E0
6.097401E0	9.534066E-1	-1.717150E0
6.130720E0	1.162518E0	-1.702523E0
6.164039E0	1.389391E0	-1.687753E0
6.197358E0	1.803388E0	-1.634960E0
6.230677E0	1.959593E0	-1.610075E0
6.263996E0	1.652274E0	-1.674300E0
6.297316E0	1.155742E0	-1.738721E0
6.330635E0	5.458337E-1	-1.837481E0
6.363954E0	4.205258E-2	-1.974631E0
6.397273E0	-4.155328E-2	-2.079082E0
6.430592E0	1.493086E-2	-2.149635E0
6.463911E0	8.776717E-2	-2.143229E0
6.497230E0	2.649004E-1	-2.055114E0
6.530549E0	4.815143E-1	-1.990396E0
6.563869E0	7.619071E-1	-1.918340E0
6.597188E0	1.052825E0	-1.852578E0
6.630507E0	1.265537E0	-1.820768E0
6.663826E0	1.489004E0	-1.792545E0
6.697145E0	1.894835E0	-1.770489E0
6.730464E0	2.062584E0	-1.743310E0
6.763783E0	1.772292E0	-1.823466E0
6.797102E0	1.256648E0	-1.920157E0
6.830422E0	5.704345E-1	-2.103835E0
6.863741E0	9.245482E-2	-2.228984E0
6.897060E0	-6.484163E-2	-2.358574E0
6.930379E0	-5.275895E-2	-2.433503E0
6.963698E0	-2.692563E-2	-2.445292E0
6.997017E0	1.222399E-1	-2.363758E0
7.030336E0	3.290343E-1	-2.270928E0
7.063655E0	6.026806E-1	-2.199015E0
7.096975E0	9.034795E-1	-2.140455E0
7.130294E0	1.110930E0	-2.111281E0
7.163613E0	1.326070E0	-2.095972E0
7.196932E0	1.730484E0	-2.056594E0
7.230251E0	1.914919E0	-2.006169E0
7.263570E0	1.614605E0	-2.083135E0
7.296889E0	1.096440E0	-2.202204E0
7.330209E0	4.001465E-1	-2.346557E0
7.363528E0	-8.209095E-3	-2.468162E0
7.396847E0	-9.958332E-2	-2.593468E0
7.430166E0	-3.857785E-2	-2.645149E0
7.463485E0	2.419689E-2	-2.616720E0
7.496804E0	1.848857E-1	-2.528919E0
7.530123E0	4.100800E-1	-2.438197E0
7.563442E0	7.055139E-1	-2.357342E0
7.596762E0	1.023512E0	-2.296794E0
7.630081E0	1.245178E0	-2.250616E0
7.663400E0	1.504696E0	-2.224892E0
7.696719E0	1.905921E0	-2.181860E0
7.730038E0	2.016984E0	-2.170702E0
7.763357E0	1.710782E0	-2.259325E0
7.796676E0	1.157292E0	-2.366818E0
7.829995E0	4.010219E-1	-2.449955E0
7.863315E0	-5.659768E-2	-2.739031E0
7.896634E0	-2.006015E-1	-2.875465E0
7.929953E0	-2.007435E-1	-2.914017E0
7.963272E0	-1.548374E-1	-2.921849E0
7.996591E0	-2.714972E-3	-2.813092E0
8.029910E0	2.014547E-1	-2.700333E0
8.063229E0	4.911399E-1	-2.595081E0
8.096549E0	7.931835E-1	-2.519317E0
8.129868E0	1.024759E0	-2.480205E0
8.163187E0	1.272132E0	-2.467830E0
8.196506E0	1.675957E0	-2.425101E0
8.229825E0	1.849635E0	-2.403100E0
8.263144E0	1.570980E0	-2.488960E0
8.296463E0	1.056170E0	-2.623444E0
8.329782E0	4.137419E-1	-2.808573E0
8.363102E0	-1.459411E-1	-2.944806E0
8.396421E0	-2.632235E-1	-3.117366E0
8.429740E0	-2.104534E-1	-3.176224E0
8.463059E0	-1.165909E-1	-3.178299E0
8.496378E0	8.307207E-2	-3.063126E0
8.529697E0	3.561041E-1	-2.921792E0
8.563016E0	6.727363E-1	-2.807834E0
8.596335E0	9.617342E-1	-2.733023E0
8.629655E0	1.179694E0	-2.689856E0
8.662974E0	1.453215E0	-2.660569E0
8.696293E0	1.844879E0	-2.615989E0
8.729612E0	1.883648E0	-2.506340E0
8.762931E0	1.717568E0	-2.690714E0
8.796250E0	1.194570E0	-2.793559E0
8.829569E0	5.085053E-1	-2.931605E0
8.862888E0	3.301888E-2	-3.154726E0
8.896208E0	-8.271027E-2	-3.245853E0
8.929527E0	-3.368617E-2	-3.290540E0
8.962846E0	4.939914E-2	-3.260168E0
8.996165E0	2.407697E-1	-3.139593E0
9.029484E0	5.029114E-1	-3.026058E0
9.062803E0	8.395038E-1	-2.936152E0
9.096122E0	1.149731E0	-2.845827E0
9.129442E0	1.358198E0	-2.802111E0
9.162761E0	1.597889E0	-2.767528E0
9.196080E0	1.974650E0	-2.713199E0
9.229399E0	2.022096E0	-2.574105E0
9.262718E0	1.768511E0	-2.651260E0
9.296037E0	1.246236E0	-2.756419E0
9.329356E0	6.077498E-1	-2.928741E0
9.362675E0	6.400004E-3	-3.132811E0
9.395995E0	-1.168126E-1	-3.242891E0
9.429314E0	-5.313731E-1	-3.402404E0
9.462633E0	-4.829646E-1	-3.352974E0
9.495952E0	-3.054409E-1	-3.206532E0
9.529271E0	-2.799709E-2	-3.114858E0
9.562590E0	3.223403E-1	-3.006015E0
9.595909E0	6.433999E-1	-2.921122E0
9.629228E0	8.635880E-1	-2.918328E0
9.662548E0	1.526878E0	-2.760336E0
9.695867E0	1.915438E0	-2.695519E0
9.729186E0	2.056219E0	-2.682512E0
9.762505E0	1.804548E0	-2.779132E0
9.795824E0	1.274807E0	-2.897357E0
9.829143E0	6.417472E-1	-3.065473E0
9.862462E0	8.114808E-2	-3.229087E0
9.895782E0	-2.573941E-2	-3.305429E0
9.929101E0	-4.615471E-1	-3.463889E0
9.962420E0	-4.195064E-1	-3.428079E0
9.995739E0	-2.509384E-1	-3.313439E0
1.002906E1	1.336860E-2	-3.205929E0
1.006238E1	3.650938E-1	-3.085093E0
1.009570E1	6.773841E-1	-3.010520E0
1.012902E1	9.026459E-1	-2.997884E0
1.016233E1	1.557598E0	-2.850780E0
1.019565E1	1.926591E0	-2.802604E0
1.022897E1	2.048149E0	-2.790054E0
1.026229E1	1.807866E0	-2.861572E0
1.029561E1	1.288852E0	-2.960152E0
1.032893E1	5.783461E-1	-3.176829E0
1.036225E1	7.170893E-2	-3.344653E0
1.039557E1	-5.420696E-2	-3.482152E0
1.042889E1	-4.622577E-1	-3.616680E0
1.046221E1	-4.096248E-1	-3.384823E0
1.049553E1	-2.338209E-1	-3.421058E0
1.052884E1	5.732255E-2	-3.336506E0
1.056216E1	3.962925E-1	-3.223992E0
1.059548E1	6.867309E-1	-3.116497E0
1.062880E1	1.624655E0	-2.707651E0
1.066212E1	1.575642E0	-2.959124E0
1.069544E1	1.996212E0	-2.900452E0
1.072876E1	2.137529E0	-2.901052E0
1.076208E1	1.883386E0	-2.979013E0
1.079540E1	1.325872E0	-3.112906E0
1.082872E1	6.837510E-1	-3.339782E0
1.086204E1	1.174711E-1	-3.460263E0
1.089536E1	4.560281E-4	-3.601738E0
1.092867E1	-4.095315E-1	-3.749792E0
1.096199E1	-3.485263E-1	-3.544103E0
1.099531E1	-9.523758E-2	-3.511597E0
1.102863E1	2.132721E-1	-3.353031E0
1.106195E1	5.687109E-1	-3.271621E0
1.109527E1	8.494337E-1	-3.183377E0
1.112859E1	1.064362E0	-3.177440E0
1.116191E1	1.726842E0	-3.013731E0
1.119523E1	2.124501E0	-2.947438E0
1.122855E1	2.255173E0	-2.944863E0
1.126187E1	2.020595E0	-3.011456E0
1.129518E1	1.460144E0	-3.162285E0
1.132850E1	8.674978E-1	-3.354692E0
1.136182E1	2.674502E-1	-3.550867E0
1.139514E1	1.975563E-1	-3.658081E0
1.142846E1	-1.850380E-1	-3.824399E0
1.146178E1	-9.355367E-2	-3.763700E0
1.149510E1	1.309465E-1	-3.624711E0
1.152842E1	4.220169E-1	-3.503487E0
1.156174E1	7.929970E-1	-3.384441E0
1.159506E1	1.087776E0	-3.299276E0
1.162838E1	1.285896E0	-3.248187E0
1.166170E1	1.916561E0	-3.120237E0
1.169501E1	2.344076E0	-3.013666E0
1.172833E1	2.467425E0	-3.001709E0
1.176165E1	2.244055E0	-3.077269E0
1.179497E1	1.725909E0	-3.230846E0
1.182829E1	1.087162E0	-3.453041E0
1.186161E1	5.289377E-1	-3.617112E0
1.189493E1	3.848414E-1	-3.731872E0
1.192825E1	-2.613347E-2	-3.915342E0
1.196157E1	-1.910250E-2	-3.702666E0
1.199489E1	1.946372E-1	-3.608438E0
1.202821E1	4.921913E-1	-3.548045E0
1.206152E1	8.584304E-1	-3.450217E0
1.209484E1	1.166935E0	-3.367065E0
1.212816E1	1.382487E0	-3.386154E0
1.216148E1	1.956841E0	-3.176244E0
1.219480E1	2.354560E0	-3.110884E0
1.222812E1	2.506886E0	-3.091473E0
1.226144E1	2.284272E0	-3.176329E0
1.229476E1	1.728907E0	-3.323577E0
1.232808E1	1.131554E0	-3.505342E0
1.236140E1	5.837204E-1	-3.710521E0
1.239472E1	4.929883E-1	-3.838785E0
1.242804E1	8.965699E-2	-3.962397E0
1.246135E1	1.439091E-1	-3.810982E0
1.249467E1	3.351803E-1	-3.792281E0
1.252799E1	6.191240E-1	-3.697674E0
1.256131E1	9.899124E-1	-3.526198E0
1.259463E1	1.286754E0	-3.414925E0
1.262795E1	1.501996E0	-3.492430E0
1.266127E1	2.045222E0	-3.320098E0
1.269459E1	2.517064E0	-3.204925E0
1.272791E1	2.704509E0	-3.190232E0
1.276123E1	2.447651E0	-3.279879E0
1.279455E1	1.870914E0	-3.440823E0
1.282786E1	1.257046E0	-3.668353E0
1.286118E1	7.547138E-1	-3.886477E0
1.289450E1	6.432994E-1	-3.981282E0
1.292782E1	2.492828E-1	-4.169603E0
1.296114E1	2.551719E-1	-3.979362E0
1.299446E1	4.180865E-1	-3.879912E0
1.302778E1	6.784608E-1	-3.794883E0
1.306110E1	1.013555E0	-3.670131E0
1.309442E1	1.337094E0	-3.536538E0
1.312774E1	1.552553E0	-3.637866E0
1.316106E1	2.117889E0	-3.468601E0
1.319438E1	2.559516E0	-3.376445E0
1.322769E1	2.735342E0	-3.347223E0
1.326101E1	2.492127E0	-3.439079E0
1.329433E1	1.921868E0	-3.593327E0
1.332765E1	1.348357E0	-3.836120E0
1.336097E1	8.090404E-1	-4.034051E0
1.339429E1	6.706125E-1	-4.169168E0
1.342761E1	3.047993E-1	-4.369543E0
1.346093E1	3.616379E-1	-4.146601E0
1.349425E1	5.626733E-1	-4.012897E0
1.352757E1	8.430485E-1	-3.885806E0
1.356089E1	1.180716E0	-3.755667E0
1.359420E1	1.498492E0	-3.639418E0
1.362752E1	1.718525E0	-3.811527E0
1.366084E1	2.150762E0	-3.582298E0
1.369416E1	2.685920E0	-3.491181E0
1.372748E1	2.844622E0	-3.471862E0
1.376080E1	2.615253E0	-3.558434E0
1.379412E1	2.097517E0	-3.703247E0
1.382744E1	1.439648E0	-3.937841E0
1.386076E1	9.191488E-1	-4.143517E0
1.389408E1	8.228764E-1	-4.243729E0
1.392740E1	4.194073E-1	-4.387783E0
1.396072E1	4.697468E-1	-4.196711E0
1.399403E1	6.292140E-1	-4.104747E0
1.402735E1	8.923440E-1	-3.966584E0
1.406067E1	1.230908E0	-3.855387E0
1.409399E1	1.555416E0	-3.736733E0
1.412731E1	1.766168E0	-3.658647E0
1.416063E1	2.250367E0	-3.649272E0
1.419395E1	2.689685E0	-3.614636E0
1.422727E1	2.890959E0	-3.568579E0
1.426059E1	2.722242E0	-3.647615E0
1.429391E1	2.252316E0	-3.786759E0
1.432723E1	1.650416E0	-3.970620E0
1.436054E1	1.111818E0	-4.147966E0
1.439386E1	9.395775E-1	-4.284010E0
1.442718E1	6.943368E-1	-4.383193E0
1.446050E1	7.415167E-1	-4.258222E0
1.449382E1	8.574796E-1	-4.158367E0
1.452714E1	1.075686E0	-4.021852E0
1.456046E1	1.394712E0	-3.895944E0
1.459378E1	1.711462E0	-3.778965E0
1.462710E1	1.937602E0	-3.876308E0
1.466042E1	2.394854E0	-3.702621E0
1.469374E1	2.937988E0	-3.633528E0
1.472706E1	3.164378E0	-3.572652E0
1.476037E1	2.957607E0	-3.665186E0
1.479369E1	2.438491E0	-3.819185E0
1.482701E1	1.801672E0	-4.053839E0
1.486033E1	1.205122E0	-4.275129E0
1.489365E1	1.007300E0	-4.449491E0
1.492697E1	1.477548E0	-4.119362E0
1.496029E1	8.341324E-1	-4.326208E0
1.499361E1	1.006169E0	-4.237606E0
1.502693E1	1.274487E0	-4.092708E0
1.506025E1	1.621522E0	-4.004664E0
1.509357E1	1.943691E0	-3.888501E0
1.512688E1	2.159204E0	-3.797661E0
1.516020E1	2.577185E0	-3.796398E0
1.519352E1	3.139803E0	-3.706415E0
1.522684E1	3.334668E0	-3.659306E0
1.526016E1	3.108475E0	-3.762180E0
1.529348E1	2.555015E0	-3.914961E0
1.532680E1	1.850711E0	-4.143955E0
1.536012E1	1.282808E0	-4.372664E0
1.539344E1	1.083293E0	-4.511004E0
1.542676E1	8.592105E-1	-4.578792E0
1.546008E1	9.090544E-1	-4.504089E0
1.549340E1	1.067566E0	-4.400881E0
1.552671E1	1.294588E0	-4.271690E0
1.556003E1	1.634803E0	-4.109864E0
1.559335E1	1.944039E0	-3.995345E0
1.562667E1	2.158291E0	-3.939819E0
1.565999E1	2.585282E0	-3.916936E0
1.569331E1	3.134227E0	-3.810155E0
1.572663E1	3.380616E0	-3.747884E0
1.575995E1	3.188855E0	-3.838806E0
1.579327E1	2.668111E0	-3.991107E0
1.582659E1	2.082653E0	-4.222264E0
1.585991E1	1.486772E0	-4.432037E0
1.589322E1	1.311973E0	-4.595080E0
1.592654E1	1.134013E0	-4.603070E0
1.595986E1	1.190559E0	-4.549663E0
1.599318E1	1.402121E0	-4.352213E0
1.602650E1	1.638277E0	-4.218088E0
1.605982E1	1.994360E0	-4.115117E0
1.609314E1	2.300992E0	-4.007885E0
1.612646E1	2.486063E0	-3.953972E0
1.615978E1	2.892928E0	-3.921920E0
1.619310E1	3.373759E0	-3.816029E0
1.622642E1	3.659704E0	-3.748782E0
1.625974E1	3.471559E0	-3.855730E0
1.629305E1	2.972965E0	-4.049339E0
1.632637E1	2.327915E0	-4.322727E0
1.635969E1	1.726141E0	-4.589274E0
1.639301E1	1.482851E0	-4.774057E0
1.642633E1	1.245518E0	-4.793186E0
1.645965E1	1.350771E0	-4.737895E0
1.649297E1	1.560115E0	-4.610566E0
1.652629E1	1.841422E0	-4.444125E0
1.655961E1	2.212251E0	-4.302713E0
1.659293E1	2.498807E0	-4.215700E0
1.662625E1	2.706102E0	-4.120292E0
1.665956E1	3.572007E0	-3.787572E0
1.669288E1	3.598290E0	-3.970643E0
1.672620E1	3.819965E0	-3.911875E0
1.675952E1	3.602944E0	-4.015891E0
1.679284E1	3.066065E0	-4.162394E0
1.682616E1	2.474385E0	-4.430783E0
1.685948E1	1.907480E0	-4.662818E0
1.689280E1	1.668533E0	-4.824222E0
1.692612E1	1.466407E0	-4.850104E0
1.695944E1	1.518176E0	-4.823532E0
1.699276E1	1.687161E0	-4.652480E0
1.702608E1	1.961895E0	-4.491679E0
1.705939E1	2.320501E0	-4.361043E0
1.709271E1	2.644327E0	-4.231331E0
1.712603E1	2.817820E0	-4.184964E0
1.715935E1	3.204331E0	-4.139791E0
1.719267E1	3.638806E0	-4.041268E0
1.722599E1	3.930630E0	-3.986656E0
1.725931E1	3.692289E0	-4.089997E0
1.729263E1	3.223127E0	-4.289657E0
1.732595E1	2.596601E0	-4.537868E0
1.735927E1	2.006249E0	-4.752569E0
1.739259E1	1.829432E0	-4.919122E0
1.742590E1	1.630220E0	-4.911436E0
1.745922E1	1.703016E0	-4.851237E0
1.749254E1	1.841948E0	-4.779276E0
1.752586E1	2.091882E0	-4.611447E0
1.755918E1	2.416451E0	-4.479362E0
1.759250E1	2.716741E0	-4.349701E0
1.762582E1	2.931055E0	-4.271215E0
1.765914E1	3.337616E0	-4.224773E0
1.769246E1	3.801444E0	-4.110546E0
1.772578E1	3.934831E0	-4.042940E0
1.775910E1	3.817240E0	-4.143856E0
1.779242E1	3.350649E0	-4.317725E0
1.782573E1	2.754909E0	-4.585045E0
1.785905E1	2.221799E0	-4.824796E0
1.789237E1	2.022152E0	-4.977128E0
1.792569E1	1.844998E0	-4.982418E0
1.795901E1	2.445515E0	-4.561446E0
1.799233E1	2.061620E0	-4.775748E0
1.802565E1	2.324072E0	-4.609482E0
1.805897E1	2.698596E0	-4.441890E0
1.809229E1	2.993628E0	-4.340656E0
1.812561E1	3.204442E0	-4.275131E0
1.815893E1	3.600562E0	-4.212102E0
1.819224E1	3.993660E0	-4.130480E0
1.822556E1	4.145079E0	-4.048971E0
1.825888E1	3.990470E0	-4.132884E0
1.829220E1	3.645568E0	-4.327288E0
1.832552E1	3.121339E0	-4.551471E0
1.835884E1	2.571275E0	-4.761023E0
1.839216E1	2.385288E0	-4.942005E0
1.842548E1	2.216154E0	-4.973593E0
1.845880E1	2.287737E0	-4.949247E0
1.849212E1	2.500498E0	-4.782028E0
1.852544E1	2.767716E0	-4.590717E0
1.855876E1	3.093853E0	-4.417767E0
1.859207E1	3.373630E0	-4.280285E0
1.862539E1	3.542706E0	-4.188082E0
1.865871E1	3.927545E0	-4.191205E0
1.869203E1	4.374120E0	-4.098778E0
1.872535E1	4.693816E0	-4.021104E0
1.875867E1	4.501901E0	-4.094715E0
1.879199E1	4.068266E0	-4.258928E0
1.882531E1	3.588163E0	-4.495435E0
1.885863E1	3.076678E0	-4.708927E0
1.889195E1	2.910065E0	-4.854137E0
1.892527E1	2.776615E0	-4.862608E0
1.895858E1	2.882246E0	-4.780855E0
1.899190E1	3.042022E0	-4.608919E0
1.902522E1	3.265386E0	-4.437668E0
1.905854E1	3.591084E0	-4.270379E0
1.909186E1	3.912100E0	-4.111011E0
1.912518E1	4.113472E0	-4.024681E0
1.915850E1	4.343682E0	-4.171100E0
1.919182E1	4.945494E0	-3.911282E0
1.922514E1	5.248265E0	-3.841587E0
1.925846E1	5.134617E0	-3.888710E0
1.929178E1	4.744695E0	-4.023518E0
1.932510E1	4.277671E0	-4.288882E0
1.935841E1	3.848937E0	-4.490129E0
1.939173E1	3.487071E0	-4.885384E0
1.942505E1	4.067200E0	-4.287410E0
1.945837E1	4.172395E0	-4.263951E0
1.949169E1	4.288709E0	-4.150241E0
1.952501E1	3.862695E0	-4.337122E0
1.955833E1	4.795743E0	-3.822813E0
1.959165E1	4.439711E0	-4.007559E0
1.962497E1	4.620222E0	-3.936913E0
1.965829E1	4.889874E0	-4.174060E0
1.969161E1	5.563846E0	-3.822186E0
1.972492E1	5.794845E0	-3.699979E0
1.975824E1	5.695759E0	-3.760918E0
1.979156E1	5.383923E0	-3.930949E0
1.982488E1	4.925742E0	-4.161646E0
1.985820E1	4.370814E0	-4.361711E0
1.989152E1	4.216095E0	-4.529031E0
1.992484E1	4.077705E0	-4.681307E0
1.995816E1	4.703407E0	-4.106908E0
1.999148E1	4.222996E0	-4.373141E0
2.002480E1	4.379245E0	-4.237231E0
2.005812E1	4.619653E0	-4.090507E0
2.009144E1	5.527013E0	-3.592357E0
2.012475E1	5.731705E0	-3.520999E0
2.015807E1	5.327468E0	-4.016763E0
2.019139E1	5.979736E0	-3.681613E0
2.022471E1	6.227800E0	-3.558167E0
2.025803E1	6.114641E0	-3.662575E0
2.029135E1	5.744620E0	-3.852823E0
2.032467E1	5.268544E0	-4.142479E0
2.035799E1	4.695870E0	-4.403623E0
2.039131E1	4.251443E0	-4.778097E0
2.042463E1	4.915502E0	-4.207378E0
2.045795E1	4.334072E0	-4.559930E0
2.049126E1	4.502414E0	-4.388249E0
2.052458E1	5.321414E0	-3.849132E0
2.055790E1	5.619089E0	-3.662199E0
2.059122E1	5.321653E0	-3.860334E0
2.062454E1	5.494886E0	-3.811804E0
2.065786E1	6.351290E0	-3.381696E0
2.069118E1	6.407912E0	-3.600977E0
2.072450E1	6.621182E0	-3.525586E0
2.075782E1	6.474626E0	-3.616739E0
2.079114E1	6.096733E0	-3.802082E0
2.082446E1	5.577545E0	-4.056292E0
2.085778E1	5.032778E0	-4.339163E0
2.089109E1	4.624748E0	-4.751124E0
2.092441E1	5.247983E0	-4.117021E0
2.095773E1	4.684797E0	-4.434515E0
2.099105E1	5.423355E0	-3.977700E0
2.102437E1	5.011003E0	-4.155976E0
2.105769E1	5.900305E0	-3.646792E0
2.109101E1	6.178750E0	-3.486051E0
2.112433E1	6.354380E0	-3.382504E0
2.115765E1	5.988359E0	-3.897218E0
2.119097E1	6.653408E0	-3.567135E0
2.122429E1	6.904513E0	-3.487363E0
2.125760E1	6.769137E0	-3.556227E0
2.129092E1	6.390734E0	-3.781793E0
2.132424E1	5.842983E0	-4.004348E0
2.135756E1	5.310494E0	-4.242064E0
2.139088E1	5.100362E0	-4.410403E0
2.142420E1	5.516409E0	-4.000802E0
2.145752E1	5.012572E0	-4.342149E0
2.149084E1	5.135125E0	-4.190850E0
2.152416E1	5.938282E0	-3.655338E0
2.155748E1	6.201203E0	-3.489720E0
2.159080E1	6.492142E0	-3.326306E0
2.162412E1	6.730577E0	-3.252060E0
2.165743E1	6.929179E0	-3.160547E0
2.169075E1	6.981761E0	-3.403957E0
2.172407E1	7.245352E0	-3.303874E0
2.175739E1	7.116371E0	-3.373529E0
2.179071E1	6.736070E0	-3.582247E0
2.182403E1	6.282174E0	-3.859146E0
2.185735E1	5.686054E0	-4.176486E0
2.189067E1	5.233591E0	-4.499875E0
2.192399E1	5.821451E0	-3.935281E0
2.195731E1	5.270837E0	-4.316130E0
2.199063E1	5.991968E0	-3.764601E0
2.202394E1	5.661278E0	-3.964577E0
2.205726E1	6.518485E0	-3.376841E0
2.209058E1	6.265006E0	-3.573281E0
2.212390E1	6.682313E0	-3.396366E0
2.215722E1	6.694951E0	-3.606359E0
2.219054E1	6.989004E0	-3.503548E0
2.222386E1	7.301244E0	-3.218783E0
2.225718E1	7.445168E0	-3.209168E0
2.229050E1	7.088406E0	-3.387523E0
2.232382E1	6.678327E0	-3.669693E0
2.235714E1	6.180500E0	-3.955946E0
2.239046E1	6.252654E0	-3.796799E0
2.242377E1	6.243328E0	-3.780630E0
2.245709E1	6.296216E0	-3.710998E0
2.249041E1	6.452237E0	-3.643926E0
2.252373E1	6.029993E0	-3.833029E0
2.255705E1	6.317413E0	-3.659459E0
2.259037E1	6.620605E0	-3.462064E0
2.262369E1	6.805346E0	-3.358045E0
2.265701E1	7.023297E0	-3.453186E0
2.269033E1	7.631762E0	-3.126663E0
2.272365E1	7.904913E0	-2.998512E0
2.275697E1	7.796175E0	-3.076527E0
2.279028E1	7.430641E0	-3.283979E0
2.282360E1	7.012234E0	-3.571714E0
2.285692E1	6.491763E0	-3.876141E0
2.289024E1	6.103879E0	-4.265719E0
2.292356E1	6.679693E0	-3.648280E0
2.295688E1	6.675510E0	-3.653133E0
2.299020E1	6.266444E0	-3.905299E0
2.302352E1	7.052163E0	-3.308477E0
2.305684E1	7.336952E0	-3.095187E0
2.309016E1	7.614405E0	-2.885552E0
2.312348E1	7.242245E0	-3.188042E0
2.315680E1	7.458148E0	-3.280723E0
2.319011E1	8.077768E0	-2.962477E0
2.322343E1	8.344140E0	-2.831491E0
2.325675E1	8.236581E0	-2.884396E0
2.329007E1	7.939115E0	-3.086147E0
2.332339E1	7.566779E0	-3.364918E0
2.335671E1	7.085409E0	-3.648794E0
2.339003E1	6.699015E0	-3.957995E0
2.342335E1	7.234409E0	-3.393039E0
2.345667E1	6.807534E0	-3.717065E0
2.348999E1	6.916762E0	-3.567050E0
2.352331E1	7.628954E0	-2.982477E0
2.355662E1	7.883696E0	-2.807088E0
2.358994E1	7.622816E0	-3.018278E0
2.362326E1	8.371705E0	-2.489359E0
2.365658E1	8.604407E0	-2.430104E0
2.368990E1	8.589106E0	-2.687411E0
2.372322E1	8.810021E0	-2.578446E0
2.375654E1	8.839663E0	-2.572309E0
2.378986E1	8.466434E0	-2.829522E0
2.382318E1	8.093169E0	-3.134850E0
2.385650E1	7.627082E0	-3.412027E0
2.388982E1	7.244243E0	-3.736124E0
2.392314E1	7.827854E0	-3.146576E0
2.395645E1	7.799146E0	-3.096182E0
2.398977E1	7.398340E0	-3.377412E0
2.402309E1	8.123326E0	-2.760539E0
2.405641E1	7.830493E0	-2.967932E0
2.408973E1	8.085892E0	-2.780422E0
2.412305E1	8.265673E0	-2.690337E0
2.415637E1	8.412309E0	-2.633613E0
2.418969E1	9.031683E0	-2.467967E0
2.422301E1	9.293066E0	-2.360174E0
2.425633E1	9.239981E0	-2.405488E0
2.428965E1	8.924042E0	-2.631878E0
2.432296E1	8.547542E0	-2.905315E0
2.435628E1	8.118549E0	-3.178541E0
2.438960E1	8.198692E0	-2.907880E0
2.442292E1	8.273932E0	-2.891570E0
2.445624E1	8.357169E0	-2.808628E0
2.448956E1	8.468275E0	-2.649359E0
2.452288E1	8.097732E0	-2.899620E0
2.455620E1	8.364891E0	-2.694597E0
2.458952E1	8.632283E0	-2.478844E0
2.462284E1	8.822356E0	-2.363373E0
2.465616E1	9.504209E0	-1.898994E0
2.468948E1	9.542070E0	-2.126608E0
2.472279E1	9.717490E0	-2.055940E0
2.475611E1	9.676339E0	-2.088480E0
2.478943E1	9.393960E0	-2.292593E0
2.482275E1	9.000353E0	-2.607128E0
2.485607E1	8.570496E0	-2.893630E0
2.488939E1	8.223124E0	-3.219810E0
2.492271E1	8.816470E0	-2.651763E0
2.495603E1	8.823946E0	-2.585259E0
2.498935E1	8.485990E0	-2.808586E0
2.502267E1	8.607621E0	-2.598168E0
2.505599E1	9.327518E0	-1.981611E0
2.508930E1	9.651244E0	-1.761602E0
2.512262E1	9.307291E0	-2.068305E0
2.515594E1	9.466946E0	-2.032768E0
2.518926E1	9.836440E0	-2.118356E0
2.522258E1	1.022963E1	-1.799587E0
2.525590E1	1.013044E1	-1.856863E0
2.528922E1	9.885424E0	-2.010817E0
2.532254E1	9.467302E0	-2.345810E0
2.535586E1	9.074251E0	-2.615835E0
2.538918E1	9.197470E0	-2.421220E0
2.542250E1	9.268975E0	-2.383819E0
2.545582E1	9.410542E0	-2.208258E0
2.548913E1	9.036027E0	-2.539202E0
2.552245E1	9.106149E0	-2.404779E0
2.555577E1	9.247914E0	-2.254695E0
2.558909E1	9.971533E0	-1.653468E0
2.562241E1	1.010426E1	-1.546265E0
2.565573E1	1.035207E1	-1.433322E0
2.568905E1	1.034580E1	-1.750369E0
2.572237E1	1.059186E1	-1.574983E0
2.575569E1	1.053206E1	-1.621826E0
2.578901E1	1.026409E1	-1.839848E0
2.582233E1	9.795823E0	-2.176835E0
2.585564E1	9.724748E0	-2.041005E0
2.588896E1	9.382408E0	-2.279408E0
2.592228E1	9.395986E0	-2.277090E0
2.595560E1	9.502423E0	-2.207053E0
2.598892E1	9.150091E0	-2.505325E0
2.602224E1	9.756023E0	-1.860487E0
2.605556E1	1.008853E1	-1.595186E0
2.608888E1	1.035990E1	-1.369488E0
2.612220E1	1.005413E1	-1.700948E0
2.615552E1	1.073252E1	-1.148003E0
2.618884E1	1.076474E1	-1.414632E0
2.622216E1	1.096110E1	-1.294276E0
2.625547E1	1.089511E1	-1.351587E0
2.628879E1	1.061449E1	-1.570034E0
2.632211E1	1.026122E1	-1.845002E0
2.635543E1	1.015521E1	-1.666515E0
2.638875E1	9.943756E0	-1.848610E0
2.642207E1	9.996200E0	-1.824622E0
2.645539E1	1.003712E1	-1.763991E0
2.648871E1	9.692260E0	-2.055106E0
2.652203E1	9.854567E0	-1.853269E0
2.655535E1	1.053191E1	-1.208708E0
2.658867E1	1.066171E1	-1.156687E0
2.662198E1	1.076481E1	-1.121346E0
2.665530E1	1.113042E1	-7.699343E-1
2.668862E1	1.114277E1	-9.802719E-1
2.672194E1	1.134201E1	-9.574607E-1
2.675526E1	1.127329E1	-1.023578E0
2.678858E1	1.104109E1	-1.176180E0
2.682190E1	1.068434E1	-1.446939E0
2.685522E1	1.061769E1	-1.316197E0
2.688854E1	9.850498E0	-2.005726E0
2.692186E1	1.039966E1	-1.435858E0
2.695518E1	9.914004E0	-1.822777E0
2.698850E1	1.001704E1	-1.699586E0
2.702181E1	1.017148E1	-1.507242E0
2.705513E1	1.037219E1	-1.303957E0
2.708845E1	1.105619E1	-6.511547E-1
2.712177E1	1.077878E1	-9.450159E-1
2.715509E1	1.093638E1	-8.784483E-1
2.718841E1	1.173523E1	-3.617222E-1
2.722173E1	1.167493E1	-6.262532E-1
2.725505E1	1.166679E1	-6.204871E-1
2.728837E1	1.151824E1	-7.504644E-1
2.732169E1	1.119491E1	-9.558657E-1
2.735501E1	1.120577E1	-7.562835E-1
2.738832E1	1.124461E1	-7.082250E-1
2.742164E1	1.110758E1	-7.297586E-1
2.745496E1	1.077008E1	-1.095086E0
2.748828E1	1.086691E1	-9.819962E-1
2.752160E1	1.094202E1	-7.772693E-1
2.755492E1	1.110113E1	-6.323217E-1
2.758824E1	1.174777E1	-5.043131E-2
2.762156E1	1.148301E1	-3.497523E-1
2.765488E1	1.163171E1	-2.985647E-1
2.768820E1	1.247649E1	3.557940E-1
2.772152E1	1.219250E1	-1.306380E-1
2.775483E1	1.217761E1	-1.719467E-1
2.778815E1	1.212430E1	-1.521638E-1
2.782147E1	1.183877E1	-4.199482E-1
2.785479E1	1.175377E1	-3.663786E-1
2.788811E1	1.170800E1	-3.249099E-1
2.792143E1	1.174027E1	-3.315067E-1
2.795475E1	1.180809E1	-2.174709E-1
2.798807E1	1.185981E1	1.031807E-2
2.802139E1	1.164456E1	-1.749012E-1
2.805471E1	1.184622E1	-3.989824E-2
2.808803E1	1.207648E1	1.514213E-1
2.812135E1	1.224256E1	2.678029E-1
2.815466E1	1.288724E1	7.733272E-1
2.818798E1	1.272211E1	2.654721E-1
2.822130E1	1.331847E1	1.022663E0
2.825462E1	1.289149E1	4.684452E-1
2.828794E1	1.311898E1	8.762724E-1
2.832126E1	1.286562E1	5.102372E-1
2.835458E1	1.244641E1	1.355941E-1
2.838790E1	1.212499E1	-7.357082E-2
2.842122E1	1.175080E1	-6.441558E-1
2.845454E1	1.224757E1	5.287724E-3
2.848786E1	1.234550E1	2.255575E-1
2.852117E1	1.202447E1	-1.080700E-2
2.855449E1	1.218300E1	1.271759E-1
2.858781E1	1.234856E1	2.715881E-1
2.862113E1	1.245621E1	3.704289E-1
2.865445E1	1.257246E1	4.341906E-1
2.868777E1	1.341240E1	1.070795E0
2.872109E1	1.329476E1	6.457263E-1
2.875441E1	1.327941E1	6.061385E-1
2.878773E1	1.308752E1	4.090153E-1
2.882105E1	1.280981E1	1.674889E-1
2.885437E1	1.277844E1	1.805845E-1
2.888769E1	1.206872E1	-5.306945E-1
2.892100E1	1.219515E1	-4.981215E-1
2.895432E1	1.267170E1	1.217008E-1
2.898764E1	1.282286E1	6.800886E-2
2.902096E1	1.251653E1	1.719558E-1
2.905428E1	1.308900E1	7.795777E-1
2.908760E1	1.289320E1	5.394941E-1
2.912092E1	1.300612E1	6.863961E-1
2.915424E1	1.353034E1	1.160939E0
2.918756E1	1.348561E1	7.025874E-1
2.922088E1	1.376548E1	8.810465E-1
2.925420E1	1.385652E1	9.740538E-1
2.928751E1	1.393980E1	1.190210E0
2.932083E1	1.354388E1	6.928766E-1
2.935415E1	1.313877E1	2.945318E-1
2.938747E1	1.293587E1	7.143815E-2
2.942079E1	1.246349E1	-5.100128E-1
2.945411E1	1.272033E1	-3.626481E-2
2.948743E1	1.290487E1	2.315179E-1
2.952075E1	1.273299E1	5.833910E-2
2.955407E1	1.323295E1	4.851035E-1
2.958739E1	1.351938E1	1.002084E0
2.962071E1	1.366336E1	1.165817E0
2.965403E1	1.378488E1	1.219509E0
2.968734E1	1.369879E1	6.973146E-1
2.972066E1	1.399948E1	8.788534E-1
2.975398E1	1.399666E1	8.670608E-1
2.978730E1	1.411690E1	1.154236E0
2.982062E1	1.379583E1	7.886338E-1
2.985394E1	1.329261E1	3.635018E-1
2.988726E1	1.303345E1	9.237038E-2
2.992058E1	1.268947E1	-4.913290E-1
2.995390E1	1.314282E1	1.767882E-1
2.998722E1	1.306409E1	3.426005E-1
3.002054E1	1.336979E1	6.755099E-1
3.005385E1	1.350006E1	8.928196E-1
3.008717E1	1.381706E1	1.170934E0
3.012049E1	1.349788E1	8.273259E-1
3.015381E1	1.402232E1	1.328508E0
3.018713E1	1.394573E1	8.489646E-1
3.022045E1	1.465492E1	1.636740E0
3.025377E1	1.464124E1	1.552436E0
3.028709E1	1.439600E1	1.317289E0
3.032041E1	1.403282E1	9.197570E-1
3.035373E1	1.358673E1	4.688500E-1
3.038705E1	1.329718E1	2.085910E-1
3.042037E1	1.333282E1	2.278932E-1
3.045368E1	1.343793E1	2.862414E-1
3.048700E1	1.354881E1	4.525200E-1
3.052032E1	1.368689E1	7.354427E-1
3.055364E1	1.387052E1	1.005824E0
3.058696E1	1.397576E1	1.231279E0
3.062028E1	1.375663E1	9.125691E-1
3.065360E1	1.382635E1	9.837319E-1
3.068692E1	1.465716E1	1.609983E0
3.072024E1	1.452892E1	1.160456E0
3.075356E1	1.453377E1	1.160652E0
3.078688E1	1.475818E1	1.520416E0
3.082019E1	1.437784E1	1.047780E0
3.085351E1	1.395264E1	5.753642E-1
3.088683E1	1.373916E1	2.963303E-1
3.092015E1	1.328977E1	-2.765841E-1
3.095347E1	1.338572E1	-1.667015E-1
3.098679E1	1.382801E1	5.181670E-1
3.102011E1	1.392416E1	7.946194E-1
3.105343E1	1.404182E1	1.005281E0
3.108675E1	1.436798E1	1.336994E0
3.112007E1	1.454996E1	1.501372E0
3.115339E1	1.462463E1	1.554009E0
3.118671E1	1.488307E1	1.645915E0
3.122002E1	1.486151E1	1.325996E0
3.125334E1	1.523650E1	1.859940E0
3.128666E1	1.507747E1	1.617858E0
3.131998E1	1.471205E1	1.190892E0
3.135330E1	1.428380E1	7.104993E-1
3.138662E1	1.404619E1	4.356962E-1
3.141994E1	1.372175E1	-1.053621E-1
3.145326E1	1.413628E1	5.683897E-1
3.148658E1	1.388260E1	3.543449E-1
3.151990E1	1.457304E1	9.790088E-1
3.155322E1	1.448857E1	1.288147E0
3.158653E1	1.456954E1	1.392602E0
3.161985E1	1.431065E1	1.159054E0
3.165317E1	1.485074E1	1.720249E0
3.168649E1	1.513355E1	1.805918E0
3.171981E1	1.505543E1	1.439854E0
3.175313E1	1.507056E1	1.390142E0
3.178645E1	1.530415E1	1.787381E0
3.181977E1	1.488526E1	1.337382E0
3.185309E1	1.449367E1	9.075973E-1
3.188641E1	1.418542E1	6.523015E-1
3.191973E1	1.388877E1	6.548057E-2
3.195305E1	1.394111E1	2.216929E-1
3.198636E1	1.429906E1	7.698779E-1
3.201968E1	1.453760E1	1.065633E0
3.205300E1	1.464086E1	1.337208E0
3.208632E1	1.448053E1	1.167855E0
3.211964E1	1.457793E1	1.267772E0
3.215296E1	1.501472E1	1.836516E0
3.218628E1	1.500924E1	1.405657E0
3.221960E1	1.528549E1	1.626928E0
3.225292E1	1.567151E1	2.118894E0
3.228624E1	1.552401E1	1.900713E0
3.231956E1	1.513990E1	1.439813E0
3.235287E1	1.469260E1	1.012323E0
3.238619E1	1.444925E1	8.216251E-1
3.241951E1	1.408553E1	3.008646E-1
3.245283E1	1.453707E1	9.507749E-1
3.248615E1	1.453736E1	1.116734E0
3.251947E1	1.481139E1	1.325712E0
3.255279E1	1.478799E1	1.630311E0
3.258611E1	1.505156E1	1.946966E0
3.261943E1	1.516659E1	2.108545E0
3.265275E1	1.527294E1	2.162507E0
3.268607E1	1.563955E1	2.329192E0
3.271939E1	1.547277E1	1.860369E0
3.275270E1	1.579421E1	2.364705E0
3.278602E1	1.568379E1	2.207971E0
3.281934E1	1.535330E1	1.772039E0
3.285266E1	1.497972E1	1.301674E0
3.288598E1	1.470270E1	9.423585E-1
3.291930E1	1.443177E1	3.427784E-1
3.295262E1	1.448311E1	5.025384E-1
3.298594E1	1.569612E1	5.744556E-1
3.301926E1	1.500933E1	1.192610E0
3.305258E1	1.502241E1	1.079271E0
3.308590E1	1.531739E1	1.294647E0
3.311921E1	1.531079E1	1.305843E0
3.315253E1	1.538277E1	1.456378E0
3.318585E1	1.562455E1	1.779832E0
3.321917E1	1.584958E1	2.031229E0
3.325249E1	1.588782E1	1.961838E0
3.328581E1	1.574388E1	1.765200E0
3.331913E1	1.531543E1	1.381299E0
3.335245E1	1.496943E1	9.769829E-1
3.338577E1	1.480261E1	8.877936E-1
3.341909E1	1.448453E1	3.918026E-1
3.345241E1	1.501386E1	1.011652E0
3.348573E1	1.502467E1	1.125277E0
3.351904E1	1.512761E1	1.353367E0
3.355236E1	1.528040E1	1.630244E0
3.358568E1	1.513233E1	1.439161E0
3.361900E1	1.518105E1	1.548861E0
3.365232E1	1.563420E1	2.127701E0
3.368564E1	1.561660E1	1.767900E0
3.371896E1	1.587836E1	1.975245E0
3.375228E1	1.621633E1	2.415127E0
3.378560E1	1.601030E1	2.104638E0
3.381892E1	1.564473E1	1.592313E0
3.385224E1	1.519982E1	1.135304E0
3.388555E1	1.498431E1	8.858282E-1
3.391887E1	1.470113E1	3.371869E-1
3.395219E1	1.512876E1	9.654512E-1
3.398551E1	1.513462E1	1.181499E0
3.401883E1	1.529391E1	1.329797E0
3.405215E1	1.502207E1	1.352675E0
3.408547E1	1.512755E1	1.533636E0
3.411879E1	1.555323E1	2.111563E0
3.415211E1		
3.418543E1	1.566218E1	1.701838E0
3.421875E1	1.633638E1	2.491105E0
3.425207E1	1.635591E1	2.459529E0
3.428538E1	1.619253E1	2.282092E0
3.431870E1	1.584686E1	1.831697E0
3.435202E1	1.548126E1	1.366546E0
3.438534E1	1.530998E1	1.110357E0
3.441866E1	1.507588E1	5.315633E-1
3.445198E1	1.557285E1	9.530047E-1
3.448530E1	1.557037E1	1.459683E0
3.451862E1	1.559866E1	1.748052E0
3.455194E1	1.567746E1	2.003668E0
3.458526E1	1.572955E1	2.218729E0
3.461858E1	1.589421E1	2.399046E0
3.465189E1	1.607445E1	2.447029E0
3.468521E1	1.639681E1	2.581369E0
3.471853E1	1.639055E1	2.170950E0
3.475185E1	1.646555E1	2.206033E0
3.478517E1	1.668372E1	2.671145E0
3.481849E1	1.636927E1	2.227790E0
3.485181E1	1.597053E1	1.588803E0
3.488513E1	1.582749E1	1.125959E0
3.491845E1	1.579050E1	9.379938E-1
3.495177E1	1.576597E1	9.802919E-1
3.498509E1	1.584056E1	1.191307E0
3.501841E1	1.593046E1	1.464306E0
3.505172E1	1.599185E1	1.686978E0
3.508504E1	1.605139E1	1.904099E0
3.511836E1	1.616341E1	2.067244E0
3.515168E1	1.630148E1	2.127472E0
3.518500E1	1.666830E1	2.338025E0
3.521832E1	1.683047E1	2.473005E0
3.525164E1	1.677834E1	2.441386E0
3.528496E1	1.671216E1	2.281604E0
3.531828E1	1.644904E1	1.820953E0
3.535160E1	1.612475E1	1.343966E0
3.538492E1	1.598435E1	1.180925E0
3.541823E1	1.574218E1	6.816714E-1
3.545155E1	1.617186E1	1.410238E0
3.548487E1	1.622294E1	1.624416E0
3.551819E1	1.626084E1	1.844178E0
3.555151E1	1.627633E1	2.013989E0
3.558483E1	1.638691E1	2.224913E0
3.561815E1	1.654237E1	2.400890E0
3.565147E1	1.671456E1	2.525667E0
3.568479E1	1.699444E1	2.707822E0
3.571811E1	1.724647E1	2.966516E0
3.575143E1	1.732666E1	2.983908E0
3.578475E1	1.711859E1	2.703578E0
3.581806E1	1.675164E1	2.062584E0
3.585138E1	1.629410E1	1.390082E0
3.588470E1	1.610464E1	9.737469E-1
3.591802E1	1.618892E1	9.216638E-1
3.595134E1	1.602003E1	1.060196E0
3.598466E1	1.609434E1	1.314592E0
3.601798E1	1.618848E1	1.652546E0
3.605130E1	1.632378E1	1.948927E0
3.608462E1	1.648602E1	2.224808E0
3.611794E1	1.661035E1	2.379281E0
3.615126E1	1.675551E1	2.498018E0
3.618457E1	1.694832E1	2.644161E0
3.621789E1	1.726058E1	2.981918E0
3.625121E1	1.727256E1	2.975127E0
3.628453E1	1.710681E1	2.697946E0
3.631785E1	1.673089E1	2.097847E0
3.635117E1	1.632716E1	1.416922E0
3.638449E1	1.607673E1	9.549479E-1
3.641781E1	1.617636E1	8.545726E-1
3.645113E1	1.630397E1	9.465916E-1
3.648445E1	1.633502E1	1.188708E0
3.651777E1	1.638460E1	1.463327E0
3.655109E1	1.651861E1	1.708398E0
3.658440E1	1.667837E1	1.983283E0
3.661772E1	1.679659E1	2.139290E0
3.665104E1	1.688708E1	2.213618E0
3.668436E1	1.707072E1	2.364039E0
3.671768E1	1.735845E1	2.722589E0
3.675100E1	1.737248E1	2.712453E0
3.678432E1	1.717572E1	2.307797E0
3.681764E1	1.678406E1	1.723620E0
3.685096E1	1.645445E1	1.126855E0
3.688428E1	1.624820E1	7.839905E-1
3.691760E1	1.635608E1	7.877366E-1
3.695091E1	1.644848E1	9.705071E-1
3.698423E1	1.656676E1	1.176834E0
3.701755E1	1.662081E1	1.393317E0
3.705087E1	1.668384E1	1.550854E0
3.708419E1	1.685144E1	1.764368E0
3.711751E1	1.694068E1	1.949569E0
3.715083E1	1.709094E1	2.115138E0
3.718415E1	1.727948E1	2.315108E0
3.721747E1	1.753118E1	2.661833E0
3.725079E1	1.754549E1	2.654023E0
3.728411E1	1.738810E1	2.316323E0
3.731743E1	1.706166E1	1.768412E0
3.735074E1	1.666514E1	1.132734E0
3.738406E1	1.640352E1	6.892267E-1
3.741738E1	1.656298E1	6.838202E-1
3.745070E1	1.673683E1	8.407208E-1
3.748402E1	1.677087E1	1.136986E0
3.751734E1	1.683223E1	1.450764E0
3.755066E1	1.686014E1	1.646759E0
3.758398E1	1.697930E1	1.909100E0
3.761730E1	1.709777E1	2.065713E0
3.765062E1	1.722832E1	2.154949E0
3.768394E1	1.745247E1	2.362696E0
3.771725E1	1.771512E1	2.698664E0
3.775057E1	1.772503E1	2.690855E0
3.778389E1	1.752847E1	2.348992E0
3.781721E1	1.722539E1	1.764935E0
3.785053E1	1.679207E1	1.063053E0
3.788385E1	1.657262E1	7.297324E-1
3.791717E1	1.661427E1	7.409453E-1
3.795049E1	1.667989E1	7.882260E-1
3.798381E1	1.672433E1	9.093059E-1
3.801713E1	1.679210E1	1.119595E0
3.805045E1	1.696335E1	1.434485E0
3.808377E1	1.711773E1	1.716486E0
3.811708E1	1.723726E1	1.924941E0
3.815040E1	1.732474E1	2.053176E0
3.818372E1	1.750748E1	2.254415E0
3.821704E1	1.771621E1	2.540822E0
3.825036E1	1.772430E1	2.480959E0
3.828368E1	1.755035E1	2.103371E0
3.831700E1	1.722189E1	1.504723E0
3.835032E1	1.688413E1	8.620337E-1
3.838364E1	1.672577E1	5.307847E-1
3.841696E1	1.686043E1	5.100697E-1
3.845028E1	1.702904E1	6.645925E-1
3.848359E1	1.701904E1	9.496102E-1
3.851691E1	1.701595E1	1.223381E0
3.855023E1	1.710649E1	1.459112E0
3.858355E1	1.727243E1	1.726663E0
3.861687E1	1.743415E1	1.943248E0
3.865019E1	1.751280E1	1.982736E0
3.868351E1	1.766818E1	2.150936E0
3.871683E1	1.794047E1	2.475787E0
3.875015E1	1.793551E1	2.490120E0
3.878347E1	1.780602E1	2.182382E0
3.881679E1	1.743449E1	1.572732E0
3.885011E1	1.711170E1	9.648664E-1
3.888342E1	1.693883E1	6.381569E-1
3.891674E1	1.705436E1	5.919017E-1
3.895006E1	1.724499E1	7.733085E-1
3.898338E1	1.727080E1	1.024098E0
3.901670E1	1.727400E1	1.296764E0
3.905002E1	1.740537E1	1.542397E0
3.908334E1	1.753619E1	1.845657E0
3.911666E1	1.763170E1	2.073624E0
3.914998E1	1.774345E1	2.179685E0
3.918330E1	1.794794E1	2.362361E0
3.921662E1	1.817748E1	2.672405E0
3.924993E1	1.817676E1	2.622917E0
3.928325E1	1.802169E1	2.291334E0
3.931657E1	1.770848E1	1.632749E0
3.934989E1	1.738614E1	9.658337E-1
3.938321E1	1.717846E1	4.645770E-1
3.941653E1	1.727644E1	3.702822E-1
3.944985E1	1.737706E1	4.911393E-1
3.948317E1	1.740691E1	7.302595E-1
3.951649E1	1.742399E1	1.035975E0
3.954981E1	1.752524E1	1.306084E0
3.958313E1	1.764742E1	1.527554E0
3.961645E1	1.783360E1	1.771926E0
3.964976E1	1.792791E1	1.898068E0
3.968308E1	1.810148E1	2.103929E0
3.971640E1	1.830805E1	2.443436E0
3.974972E1	1.834665E1	2.455959E0
3.978304E1	1.820112E1	2.117074E0
3.981636E1	1.793817E1	1.505121E0
3.984968E1	1.761633E1	7.905268E-1
3.988300E1	1.735348E1	2.361034E-1
3.991632E1	1.742646E1	1.622709E-1
3.994964E1	1.747789E1	2.212245E-1
3.998296E1	1.750397E1	3.675964E-1
