	mass A		
t	x	y	
0.000000E0	1.207501E-1	6.770679E-2
3.331913E-2	1.472487E-1	6.548557E-2
6.663827E-2	1.982970E-1	1.068568E-1
9.995740E-2	2.439142E-1	1.819009E-1
1.332765E-1	2.565460E-1	2.380682E-1
1.665957E-1	2.672160E-1	2.333436E-1
1.999148E-1	2.859007E-1	2.223425E-1
2.332339E-1	3.221064E-1	2.217572E-1
2.665531E-1	4.004866E-1	2.358233E-1
2.998722E-1	5.096929E-1	2.457787E-1
3.331913E-1	6.186641E-1	2.367420E-1
3.665105E-1	6.855123E-1	2.312976E-1
3.998296E-1	7.384786E-1	2.432280E-1
4.331487E-1	7.658584E-1	2.298099E-1
4.664679E-1	7.808006E-1	1.928829E-1
4.997870E-1	8.215226E-1	1.682598E-1
5.331061E-1	8.104422E-1	1.591028E-1
5.664253E-1	8.047658E-1	1.588552E-1
5.997444E-1	7.756578E-1	1.807822E-1
6.330635E-1	7.428989E-1	1.871417E-1
6.663827E-1	7.947516E-1	1.731266E-1
6.997018E-1	8.822031E-1	1.711931E-1
7.330209E-1	1.005271E0	1.861445E-1
7.663401E-1	1.116015E0	2.284445E-1
7.996592E-1	1.106003E0	2.290580E-1
8.329783E-1	1.077809E0	2.268524E-1
8.662975E-1	1.202556E0	2.254849E-1
8.996166E-1	1.493244E0	1.940901E-1
9.329357E-1	1.611397E0	1.682749E-1
9.662549E-1	1.501321E0	1.629197E-1
9.995740E-1	1.532996E0	1.583697E-1
1.032893E0	1.592490E0	1.728665E-1
1.066212E0	1.562749E0	1.685258E-1
1.099531E0	1.557248E0	1.637976E-1
1.132851E0	1.553415E0	1.649106E-1
1.166170E0	1.552710E0	1.653563E-1
1.199489E0	1.549160E0	1.649159E-1
1.232808E0	1.536622E0	1.650557E-1
1.266127E0	1.375344E0	1.425469E-1
1.299446E0	1.031658E0	1.110257E-1
1.332765E0	5.583645E-1	1.130197E-1
1.366084E0	2.263871E-2	1.222353E-1
1.399404E0	-2.608254E-1	1.181416E-1
1.432723E0	-2.796907E-1	9.445378E-2
1.466042E0	-2.093702E-1	4.558119E-2
1.499361E0	-1.272497E-1	6.890191E-2
1.532680E0	-9.435957E-2	8.472119E-2
1.565999E0	-9.445960E-2	8.010137E-2
1.599318E0	-9.393936E-2	7.743074E-2
1.632638E0	-8.013482E-2	7.889582E-2
1.665957E0	-6.584883E-2	9.020545E-2
1.699276E0	-4.630340E-2	8.681995E-2
1.732595E0	-2.324557E-2	8.446007E-2
1.765914E0	2.702105E-2	7.942134E-2
1.799233E0	1.087641E-1	8.318002E-2
1.832552E0	1.921913E-1	7.384286E-2
1.865871E0	2.533831E-1	7.530928E-2
1.899191E0	2.761216E-1	8.863736E-2
1.932510E0	2.876546E-1	7.849957E-2
1.965829E0	3.597818E-1	4.415515E-2
1.999148E0	3.861766E-1	5.649676E-3
2.032467E0	4.034663E-1	-3.567452E-2
2.065786E0	4.437039E-1	-5.160935E-2
2.099105E0	4.492189E-1	-2.671212E-2
2.132425E0	4.506620E-1	1.628696E-2
2.165744E0	4.666507E-1	4.027456E-2
2.199063E0	5.149201E-1	6.401758E-2
2.232382E0	5.546716E-1	8.191333E-2
2.265701E0	5.607508E-1	7.962785E-2
2.299020E0	6.056271E-1	9.440052E-2
2.332339E0	6.631094E-1	1.072486E-1
2.365658E0	7.401566E-1	1.195033E-1
2.398978E0	8.169068E-1	1.250140E-1
2.432297E0	8.959218E-1	1.279461E-1
2.465616E0	9.503931E-1	1.517790E-1
2.498935E0	9.538142E-1	1.771987E-1
2.532254E0	9.432723E-1	1.804032E-1
2.565573E0	9.582115E-1	1.869752E-1
2.598892E0	1.029138E0	2.000512E-1
2.632212E0	1.116201E0	2.135102E-1
2.665531E0	1.168389E0	2.161133E-1
2.698850E0	1.198929E0	2.182682E-1
2.732169E0	1.315562E0	2.183388E-1
2.765488E0	1.454257E0	2.215194E-1
2.798807E0	1.544669E0	2.302156E-1
2.832126E0	1.650344E0	2.221133E-1
2.865445E0	1.691813E0	2.102510E-1
2.898765E0	1.684944E0	2.112687E-1
2.932084E0	1.693637E0	2.134528E-1
2.965403E0	1.775200E0	2.028676E-1
2.998722E0	1.979994E0	2.004183E-1
3.032041E0	2.064321E0	2.003036E-1
3.065360E0	2.018348E0	2.014132E-1
3.098679E0	2.044786E0	2.060358E-1
3.131999E0	2.029120E0	2.089419E-1
3.165318E0	2.030497E0	2.097032E-1
3.198637E0	2.030616E0	2.107280E-1
3.231956E0	2.023840E0	2.111667E-1
3.265275E0	1.902549E0	2.005473E-1
3.298594E0	1.587800E0	1.555172E-1
3.331913E0	1.170103E0	1.713302E-1
3.365232E0	6.154919E-1	1.800801E-1
3.398552E0	3.470943E-1	1.822834E-1
3.431871E0	3.794199E-1	2.136065E-1
3.465190E0	4.162396E-1	1.824816E-1
3.498509E0	4.252020E-1	1.951302E-1
3.531828E0	4.324197E-1	1.817471E-1
3.565147E0	4.591204E-1	1.799046E-1
3.598466E0	4.594555E-1	1.794034E-1
3.631786E0	4.644380E-1	1.796349E-1
3.665105E0	5.119396E-1	1.822885E-1
3.698424E0	5.635625E-1	1.888842E-1
3.731743E0	6.007942E-1	1.898087E-1
3.765062E0	6.661101E-1	1.884587E-1
3.798381E0	7.153434E-1	1.759962E-1
3.831700E0	7.648354E-1	1.658372E-1
3.865019E0	8.100854E-1	1.777413E-1
3.898339E0	8.158629E-1	1.759462E-1
3.931658E0	8.207731E-1	1.738614E-1
3.964977E0	8.759157E-1	1.638030E-1
3.998296E0	9.317734E-1	2.199179E-1
4.031615E0	9.057980E-1	2.132192E-1
4.064934E0	8.733933E-1	1.889653E-1
4.098253E0	8.759420E-1	2.006927E-1
4.131573E0	9.020298E-1	2.117395E-1
4.164892E0	9.381298E-1	2.260905E-1
4.198211E0	1.004256E0	2.399134E-1
4.231530E0	1.070525E0	2.479678E-1
4.264849E0	1.151434E0	2.496654E-1
4.298168E0	1.248427E0	2.423784E-1
4.331487E0	1.321827E0	2.300734E-1
4.364806E0	1.379316E0	2.254431E-1
4.398126E0	1.449158E0	2.234980E-1
4.431445E0	1.516214E0	2.256301E-1
4.464764E0	1.569422E0	2.261775E-1
4.498083E0	1.610807E0	2.246745E-1
4.531402E0	1.634615E0	2.215549E-1
4.564721E0	1.661689E0	2.215015E-1
4.598040E0	1.694913E0	2.167244E-1
4.631360E0	1.755192E0	2.138930E-1
4.664679E0	1.814654E0	2.132464E-1
4.697998E0	1.868208E0	2.163828E-1
4.731317E0	1.961514E0	2.182350E-1
4.764636E0	2.070215E0	2.181356E-1
4.797955E0	2.194024E0	2.215072E-1
4.831274E0	2.260008E0	2.308474E-1
4.864593E0	2.258082E0	2.285696E-1
4.897913E0	2.322655E0	2.242392E-1
4.931232E0	2.416940E0	2.208931E-1
4.964551E0	2.426609E0	2.195640E-1
4.997870E0	2.423385E0	2.183253E-1
5.031189E0	2.478638E0	2.220966E-1
5.064508E0	2.494527E0	2.291790E-1
5.097827E0	2.501851E0	2.253106E-1
5.131147E0	2.488628E0	2.152304E-1
5.164466E0	2.484320E0	2.160724E-1
5.197785E0	2.485189E0	2.180668E-1
5.231104E0	2.476963E0	2.176931E-1
5.264423E0	2.360917E0	2.033277E-1
5.297742E0	2.047536E0	1.498368E-1
5.331061E0	1.669169E0	1.826840E-1
5.364380E0	1.115449E0	2.059806E-1
5.397700E0	7.795829E-1	1.838669E-1
5.431019E0	7.529223E-1	1.835224E-1
5.464338E0	7.643505E-1	1.282244E-1
5.497657E0	7.705925E-1	1.278437E-1
5.530976E0	7.925134E-1	1.242264E-1
5.564295E0	7.904044E-1	1.224104E-1
5.597614E0	7.871967E-1	1.215676E-1
5.630934E0	7.858643E-1	1.199712E-1
5.664253E0	8.326871E-1	1.211116E-1
5.697572E0	9.077416E-1	1.297976E-1
5.730891E0	9.971103E-1	1.462969E-1
5.764210E0	1.080554E0	1.642513E-1
5.797529E0	1.152729E0	1.628205E-1
5.830848E0	1.215179E0	1.650318E-1
5.864167E0	1.270240E0	1.672867E-1
5.897487E0	1.311798E0	1.663093E-1
5.930806E0	1.329054E0	1.637031E-1
5.964125E0	1.334129E0	1.670468E-1
5.997444E0	1.320357E0	1.942667E-1
6.030763E0	1.264072E0	2.012176E-1
6.064082E0	1.208347E0	1.753531E-1
6.097401E0	1.211389E0	1.741193E-1
6.130721E0	1.224366E0	1.746568E-1
6.164040E0	1.229491E0	1.737979E-1
6.197359E0	1.305869E0	2.098185E-1
6.230678E0	1.388079E0	2.271761E-1
6.263997E0	1.480912E0	2.258181E-1
6.297316E0	1.574201E0	2.192332E-1
6.330635E0	1.629765E0	2.228415E-1
6.363954E0	1.689451E0	2.282174E-1
6.397274E0	1.749372E0	2.258851E-1
6.430593E0	1.815984E0	2.270095E-1
6.463912E0	1.895467E0	2.297854E-1
6.497231E0	1.976595E0	2.309243E-1
6.530550E0	2.064736E0	2.356092E-1
6.563869E0	2.110112E0	2.643596E-1
6.597188E0	2.123237E0	3.195911E-1
6.630508E0	2.121023E0	3.450503E-1
6.663827E0	2.149193E0	3.579460E-1
6.697146E0	2.232458E0	3.641411E-1
6.730465E0	2.348168E0	3.672567E-1
6.763784E0	2.420182E0	3.562434E-1
6.797103E0	2.488191E0	3.407564E-1
6.830422E0	2.568355E0	3.238669E-1
6.863741E0	2.635959E0	3.316120E-1
6.897061E0	2.688798E0	3.423349E-1
6.930380E0	2.783837E0	3.356870E-1
6.963699E0	2.849512E0	3.290134E-1
6.997018E0	2.853585E0	3.231974E-1
7.030337E0	2.895656E0	3.186065E-1
7.063656E0	2.896918E0	3.187526E-1
7.096975E0	2.897241E0	3.185278E-1
7.130295E0	2.897878E0	3.188350E-1
7.163614E0	2.898782E0	3.190402E-1
7.196933E0	2.899256E0	3.188595E-1
7.230252E0	2.892141E0	3.182127E-1
7.263571E0	2.891878E0	3.180424E-1
7.296890E0	2.787750E0	2.961153E-1
7.330209E0	2.476596E0	2.486891E-1
7.363528E0	2.031609E0	2.273736E-1
7.396848E0	1.504433E0	2.598367E-1
7.430167E0	1.182283E0	2.544276E-1
7.463486E0	1.158989E0	2.148520E-1
7.496805E0	1.195438E0	2.056175E-1
7.530124E0	1.210606E0	2.093754E-1
7.563443E0	1.213801E0	2.095970E-1
7.596762E0	1.215102E0	2.081257E-1
7.630082E0	1.216688E0	2.090722E-1
7.663401E0	1.280105E0	1.991107E-1
7.696720E0	1.363394E0	2.326463E-1
7.730039E0	1.388379E0	2.311646E-1
7.763358E0	1.431891E0	2.317465E-1
7.796677E0	1.493538E0	2.263529E-1
7.829996E0	1.576725E0	2.187457E-1
7.863315E0	1.647946E0	2.245331E-1
7.896635E0	1.706669E0	2.254942E-1
7.929954E0	1.760415E0	2.294772E-1
7.963273E0	1.823760E0	2.364361E-1
7.996592E0	1.898952E0	2.562048E-1
8.029911E0	1.931417E0	2.301878E-1
8.063230E0	1.964721E0	2.229659E-1
8.096549E0	1.975951E0	2.531834E-1
8.129869E0	1.989589E0	2.711165E-1
8.163188E0	1.977046E0	2.433908E-1
8.196507E0	1.965841E0	2.225116E-1
8.229826E0	2.012291E0	2.190170E-1
8.263145E0	2.048232E0	2.202266E-1
8.296464E0	2.076431E0	2.211046E-1
8.329783E0	2.128832E0	2.270519E-1
8.363102E0	2.207311E0	2.220271E-1
8.396422E0	2.290499E0	2.134546E-1
8.429741E0	2.357840E0	2.124702E-1
8.463060E0	2.380054E0	2.140464E-1
8.496379E0	2.382900E0	2.130849E-1
8.529698E0	2.403670E0	2.117235E-1
8.563017E0	2.499030E0	2.513225E-1
8.596336E0	2.562161E0	3.100691E-1
8.629656E0	2.560664E0	3.428089E-1
8.662975E0	2.563046E0	3.409411E-1
8.696294E0	2.627614E0	3.444442E-1
8.729613E0	2.763303E0	3.389463E-1
8.762932E0	2.913289E0	3.375908E-1
8.796251E0	2.971120E0	3.392514E-1
8.829570E0	3.012427E0	3.335827E-1
8.862889E0	3.101079E0	3.308798E-1
8.896209E0	3.157604E0	3.227394E-1
8.929528E0	3.175029E0	3.192432E-1
8.962847E0	3.234085E0	3.223962E-1
8.996166E0	3.322232E0	3.197017E-1
9.029485E0	3.304213E0	3.112491E-1
9.062804E0	3.302676E0	3.169857E-1
9.096123E0	3.301439E0	3.139585E-1
9.129443E0	3.296714E0	3.153788E-1
9.162762E0	3.294585E0	3.163467E-1
9.196081E0	3.292590E0	3.171508E-1
9.229400E0	3.288092E0	3.164148E-1
9.262719E0	3.178476E0	3.041374E-1
9.296038E0	2.900002E0	2.737373E-1
9.329357E0	2.477831E0	2.360472E-1
9.362676E0	2.018314E0	2.182739E-1
9.395996E0	1.724075E0	2.160775E-1
9.429315E0	1.700005E0	1.816464E-1
9.462634E0	1.720500E0	1.548570E-1
9.495953E0	1.741612E0	1.622493E-1
9.529272E0	1.752423E0	1.617054E-1
9.562591E0	1.753921E0	1.637955E-1
9.595910E0	1.756333E0	1.662727E-1
9.629230E0	1.760982E0	1.776846E-1
9.662549E0	1.814590E0	1.891141E-1
9.695868E0	1.903184E0	2.051553E-1
9.729187E0	1.945605E0	2.004919E-1
9.762506E0	1.975358E0	2.062223E-1
9.795825E0	2.035058E0	2.083120E-1
9.829144E0	2.121434E0	2.150190E-1
9.862463E0	2.190668E0	2.170616E-1
9.895783E0	2.240932E0	2.145571E-1
9.929102E0	2.279517E0	2.171955E-1
9.962421E0	2.320344E0	1.989319E-1
9.995740E0	2.357485E0	1.861984E-1
1.002906E1	2.365802E0	1.721127E-1
1.006238E1	2.396421E0	1.859219E-1
1.009570E1	2.397845E0	2.183028E-1
1.012902E1	2.409664E0	2.430087E-1
1.016234E1	2.411720E0	2.460208E-1
1.019565E1	2.408463E0	2.362494E-1
1.022897E1	2.420238E0	2.253682E-1
1.026229E1	2.417907E0	2.190366E-1
1.029561E1	2.463496E0	2.147272E-1
1.032893E1	2.520880E0	2.143323E-1
1.036225E1	2.602478E0	2.164448E-1
1.039557E1	2.683957E0	2.135790E-1
1.042889E1	2.762351E0	2.135936E-1
1.046221E1	2.828783E0	2.125976E-1
1.049553E1	2.897692E0	2.108306E-1
1.052885E1	2.922264E0	2.205817E-1
1.056217E1	2.934104E0	2.513702E-1
1.059548E1	2.953767E0	2.576113E-1
1.062880E1	2.980348E0	2.714634E-1
1.066212E1	3.009525E0	2.759942E-1
1.069544E1	3.063153E0	2.744179E-1
1.072876E1	3.155706E0	2.761554E-1
1.076208E1	3.272444E0	2.726592E-1
1.079540E1	3.345738E0	2.663639E-1
1.082872E1	3.416381E0	2.651493E-1
1.086204E1	3.530401E0	2.699427E-1
1.089536E1	3.618927E0	2.866710E-1
1.092868E1	3.607690E0	2.909893E-1
1.096199E1	3.692205E0	2.935381E-1
1.099531E1	3.797625E0	3.067474E-1
1.102863E1	3.797784E0	3.038698E-1
1.106195E1	3.793405E0	3.063952E-1
1.109527E1	3.789821E0	3.086360E-1
1.112859E1	3.785898E0	3.092415E-1
1.116191E1	3.784117E0	3.101720E-1
1.119523E1	3.782610E0	3.105007E-1
1.122855E1	3.781365E0	3.105760E-1
1.126187E1	3.752025E0	3.092783E-1
1.129519E1	3.628274E0	3.093170E-1
1.132851E1	3.238099E0	2.711381E-1
1.136182E1	2.786350E0	2.662780E-1
1.139514E1	2.322338E0	2.671431E-1
1.142846E1	2.112372E0	2.382087E-1
1.146178E1	2.102261E0	1.742430E-1
1.149510E1	2.124132E0	1.738381E-1
1.152842E1	2.138482E0	1.643697E-1
1.156174E1	2.158410E0	1.682605E-1
1.159506E1	2.152906E0	1.658519E-1
1.162838E1	2.158606E0	1.746077E-1
1.166170E1	2.165792E0	1.778667E-1
1.169502E1	2.244697E0	1.543286E-1
1.172833E1	2.295540E0	1.570795E-1
1.176165E1	2.349585E0	1.632205E-1
1.179497E1	2.415663E0	1.619786E-1
1.182829E1	2.496925E0	1.619826E-1
1.186161E1	2.564940E0	1.622479E-1
1.189493E1	2.613439E0	1.589917E-1
1.192825E1	2.689438E0	1.573295E-1
1.196157E1	2.760871E0	1.544944E-1
1.199489E1	2.810467E0	1.521126E-1
1.202821E1	2.848542E0	1.468519E-1
1.206153E1	2.887728E0	1.521794E-1
1.209485E1	2.899625E0	1.634107E-1
1.212816E1	2.915201E0	1.942123E-1
1.216148E1	2.910322E0	1.975942E-1
1.219480E1	2.901832E0	1.780772E-1
1.222812E1	2.903560E0	1.669501E-1
1.226144E1	2.949460E0	1.653912E-1
1.229476E1	2.992357E0	1.725746E-1
1.232808E1	3.035000E0	1.566238E-1
1.236140E1	3.067095E0	1.566121E-1
1.239472E1	3.114827E0	1.528319E-1
1.242804E1	3.210719E0	1.595411E-1
1.246136E1	3.290104E0	1.642548E-1
1.249468E1	3.349563E0	1.581417E-1
1.252799E1	3.392945E0	1.767909E-1
1.256131E1	3.418717E0	2.084802E-1
1.259463E1	3.433264E0	2.222321E-1
1.262795E1	3.437697E0	2.177037E-1
1.266127E1	3.449028E0	2.078574E-1
1.269459E1	3.507193E0	2.092814E-1
1.272791E1	3.612813E0	2.091073E-1
1.276123E1	3.704611E0	2.120955E-1
1.279455E1	3.783246E0	2.093818E-1
1.282787E1	3.852465E0	2.130152E-1
1.286119E1	3.946635E0	2.137409E-1
1.289450E1	4.077653E0	2.187599E-1
1.292782E1	4.096834E0	2.136662E-1
1.296114E1	4.139755E0	2.143918E-1
1.299446E1	4.240186E0	2.200125E-1
1.302778E1	4.267181E0	2.116468E-1
1.306110E1	4.261495E0	2.102015E-1
1.309442E1	4.266168E0	2.108322E-1
1.312774E1	4.266579E0	2.064728E-1
1.316106E1	4.266646E0	2.059597E-1
1.319438E1	4.266448E0	2.051994E-1
1.322770E1	4.252814E0	2.049363E-1
1.326102E1	4.177327E0	2.032423E-1
1.329433E1	3.902201E0	1.701814E-1
1.332765E1	3.461771E0	1.515289E-1
1.336097E1	2.954201E0	1.622220E-1
1.339429E1	2.579542E0	1.768191E-1
1.342761E1	2.516657E0	1.487892E-1
1.346093E1	2.507870E0	1.147422E-1
1.349425E1	2.537312E0	1.079298E-1
1.352757E1	2.537588E0	1.014782E-1
1.356089E1	2.514858E0	9.951432E-2
1.359421E1	2.519549E0	1.018212E-1
1.362753E1	2.522270E0	1.033024E-1
1.366084E1	2.585903E0	1.093666E-1
1.369416E1	2.682284E0	1.108501E-1
1.372748E1	2.744004E0	1.228219E-1
1.376080E1	2.788625E0	1.143624E-1
1.379412E1	2.850340E0	1.222448E-1
1.382744E1	2.905538E0	1.181208E-1
1.386076E1	2.904796E0	1.142745E-1
1.389408E1	2.964189E0	1.106924E-1
1.392740E1	3.103283E0	1.351567E-1
1.396072E1	3.214951E0	1.467930E-1
1.399404E1	3.276275E0	1.452285E-1
1.402736E1	3.298679E0	1.426780E-1
1.406067E1	3.309074E0	1.448092E-1
1.409399E1	3.303140E0	1.611966E-1
1.412731E1	3.316543E0	1.943459E-1
1.416063E1	3.323976E0	1.889010E-1
1.419395E1	3.327054E0	1.815863E-1
1.422727E1	3.344614E0	1.989143E-1
1.426059E1	3.384999E0	2.045350E-1
1.429391E1	3.404855E0	1.727340E-1
1.432723E1	3.469556E0	1.491875E-1
1.436055E1	3.545777E0	1.516095E-1
1.439387E1	3.593437E0	1.526238E-1
1.442718E1	3.649365E0	1.565940E-1
1.446050E1	3.696774E0	1.550922E-1
1.449382E1	3.758268E0	1.530558E-1
1.452714E1	3.830312E0	1.591086E-1
1.456046E1	3.872707E0	1.885306E-1
1.459378E1	3.887306E0	2.051782E-1
1.462710E1	3.893313E0	2.011888E-1
1.466042E1	3.941523E0	2.027925E-1
1.469374E1	4.001017E0	2.065448E-1
1.472706E1	4.097924E0	2.089694E-1
1.476038E1	4.194354E0	2.253131E-1
1.479370E1	4.237684E0	2.139564E-1
1.482701E1	4.323784E0	1.999137E-1
1.486033E1	4.467151E0	2.015459E-1
1.489365E1	4.578045E0	2.093717E-1
1.492697E1	4.592997E0	2.035046E-1
1.496029E1	4.647280E0	2.161368E-1
1.499361E1	4.713682E0	2.323639E-1
1.502693E1	4.712266E0	2.377524E-1
1.506025E1	4.710112E0	2.413140E-1
1.509357E1	4.709983E0	2.435006E-1
1.512689E1	4.708496E0	2.456048E-1
1.516021E1	4.708739E0	2.473410E-1
1.519352E1	4.708038E0	2.487495E-1
1.522684E1	4.704963E0	2.495281E-1
1.526016E1	4.641404E0	2.530435E-1
1.529348E1	4.382804E0	2.375316E-1
1.532680E1	3.958704E0	2.341856E-1
1.536012E1	3.405963E0	2.503562E-1
1.539344E1	3.000400E0	2.318628E-1
1.542676E1	2.922865E0	1.950158E-1
1.546008E1	2.958233E0	1.900081E-1
1.549340E1	2.988363E0	1.966236E-1
1.552672E1	3.002063E0	1.958218E-1
1.556004E1	3.002697E0	2.016688E-1
1.559335E1	3.004407E0	2.027928E-1
1.562667E1	3.006250E0	2.042192E-1
1.565999E1	3.056952E0	2.191671E-1
1.569331E1	3.103330E0	2.039099E-1
1.572663E1	3.128325E0	2.012651E-1
1.575995E1	3.137375E0	1.973000E-1
1.579327E1	3.189008E0	1.997812E-1
1.582659E1	3.262574E0	2.048363E-1
1.585991E1	3.343360E0	2.054258E-1
1.589323E1	3.400575E0	2.054151E-1
1.592655E1	3.469589E0	2.062979E-1
1.595986E1	3.536692E0	2.153181E-1
1.599318E1	3.599095E0	2.048772E-1
1.602650E1	3.644709E0	1.961246E-1
1.605982E1	3.651710E0	1.964736E-1
1.609314E1	3.648078E0	2.031981E-1
1.612646E1	3.644179E0	2.587873E-1
1.615978E1	3.671413E0	2.640799E-1
1.619310E1	3.696994E0	2.538763E-1
1.622642E1	3.712247E0	2.476625E-1
1.625974E1	3.734195E0	2.420633E-1
1.629306E1	3.771832E0	2.483651E-1
1.632638E1	3.841753E0	2.522012E-1
1.635969E1	3.927354E0	2.554789E-1
1.639301E1	4.002973E0	2.495287E-1
1.642633E1	4.080003E0	2.508662E-1
1.645965E1	4.143582E0	2.489396E-1
1.649297E1	4.185338E0	2.469800E-1
1.652629E1	4.232833E0	2.389206E-1
1.655961E1	4.274056E0	2.190349E-1
1.659293E1	4.320847E0	2.001627E-1
1.662625E1	4.352050E0	1.975445E-1
1.665957E1	4.359450E0	1.959703E-1
1.669289E1	4.375485E0	1.948763E-1
1.672620E1	4.475554E0	1.914519E-1
1.675952E1	4.603223E0	1.940716E-1
1.679284E1	4.691294E0	1.974696E-1
1.682616E1	4.751107E0	2.002556E-1
1.685948E1	4.808890E0	2.112083E-1
1.689280E1	4.851096E0	2.311666E-1
1.692612E1	4.901558E0	2.376234E-1
1.695944E1	5.010114E0	2.452879E-1
1.699276E1	5.072001E0	2.508327E-1
1.702608E1	5.074164E0	2.501207E-1
1.705940E1	5.078055E0	2.515479E-1
1.709272E1	5.080777E0	2.509012E-1
1.712603E1	5.082249E0	2.495710E-1
1.715935E1	5.081435E0	2.486943E-1
1.719267E1	5.081937E0	2.482872E-1
1.722599E1	5.078749E0	2.476624E-1
1.725931E1	5.013280E0	2.520363E-1
1.729263E1	4.765626E0	2.588510E-1
1.732595E1	4.269211E0	2.215327E-1
1.735927E1	3.718881E0	2.119328E-1
1.739259E1	3.275942E0	2.022318E-1
1.742591E1	3.171282E0	1.765396E-1
1.745923E1	3.179500E0	1.178023E-1
1.749255E1	3.190089E0	1.139449E-1
1.752586E1	3.189149E0	1.089241E-1
1.755918E1	3.174214E0	1.100798E-1
1.759250E1	3.175762E0	1.073406E-1
1.762582E1	3.176861E0	1.073757E-1
1.765914E1	3.214141E0	1.087229E-1
1.769246E1	3.295389E0	9.999577E-2
1.772578E1	3.312969E0	1.012857E-1
1.775910E1	3.320417E0	1.004406E-1
1.779242E1	3.382836E0	9.785833E-2
1.782574E1	3.520513E0	9.322733E-2
1.785906E1	3.634244E0	1.014951E-1
1.789237E1	3.650105E0	9.854988E-2
1.792569E1	3.657820E0	7.035431E-2
1.795901E1	3.651917E0	4.652107E-2
1.799233E1	3.666435E0	4.381253E-2
1.802565E1	3.660510E0	8.579411E-2
1.805897E1	3.619786E0	9.614112E-2
1.809229E1	3.623793E0	9.408169E-2
1.812561E1	3.662782E0	1.078211E-1
1.815893E1	3.724237E0	1.345390E-1
1.819225E1	3.770005E0	1.473778E-1
1.822557E1	3.814046E0	1.500027E-1
1.825889E1	3.850695E0	1.462699E-1
1.829220E1	3.879226E0	1.374221E-1
1.832552E1	3.949358E0	1.256557E-1
1.835884E1	4.021104E0	1.337455E-1
1.839216E1	4.092833E0	1.410011E-1
1.842548E1	4.156180E0	1.422232E-1
1.845880E1	4.228824E0	1.405231E-1
1.849212E1	4.307418E0	1.426540E-1
1.852544E1	4.399362E0	1.598293E-1
1.855876E1	4.427993E0	1.915199E-1
1.859208E1	4.432565E0	1.946583E-1
1.862540E1	4.442756E0	1.990490E-1
1.865871E1	4.469346E0	1.938402E-1
1.869203E1	4.523282E0	2.013973E-1
1.872535E1	4.629143E0	2.102868E-1
1.875867E1	4.744070E0	2.127205E-1
1.879199E1	4.818826E0	2.117563E-1
1.882531E1	4.834601E0	2.049778E-1
1.885863E1	4.869305E0	1.992354E-1
1.889195E1	5.038945E0	2.112173E-1
1.892527E1	5.218101E0	2.238305E-1
1.895859E1	5.208046E0	2.266964E-1
1.899191E1	5.212722E0	2.312782E-1
1.902523E1	5.291740E0	2.382876E-1
1.905854E1	5.319202E0	2.380887E-1
1.909186E1	5.310016E0	2.383225E-1
1.912518E1	5.309480E0	2.403948E-1
1.915850E1	5.307926E0	2.414168E-1
1.919182E1	5.306445E0	2.419176E-1
1.922514E1	5.297846E0	2.423746E-1
1.925846E1	5.240114E0	2.412366E-1
1.929178E1	5.023232E0	2.038584E-1
1.932510E1	4.652402E0	1.870062E-1
1.935842E1	4.398320E0	1.673897E-1
1.939174E1	4.458769E0	1.368228E-1
1.942505E1	4.564087E0	1.550603E-1
1.945837E1	4.551206E0	1.480054E-1
1.949169E1	4.501913E0	1.119351E-1
1.952501E1	4.497964E0	1.045679E-1
1.955833E1	4.499925E0	1.189795E-1
1.959165E1	4.492472E0	1.264295E-1
1.962497E1	4.460654E0	1.224076E-1
1.965829E1	4.324899E0	1.000024E-1
1.969161E1	4.138938E0	1.459589E-1
1.972493E1	4.060496E0	1.374897E-1
1.975825E1	4.010643E0	8.926250E-2
1.979157E1	4.015099E0	4.812992E-2
1.982488E1	4.106305E0	6.776424E-2
1.985820E1	4.204549E0	7.554454E-2
1.989152E1	4.264946E0	8.027842E-2
1.992484E1	4.329141E0	8.247700E-2
1.995816E1	4.382652E0	8.371471E-2
1.999148E1	4.392999E0	8.309498E-2
2.002480E1	4.388302E0	8.417052E-2
2.005812E1	4.384690E0	8.364826E-2
2.009144E1	4.384518E0	8.419052E-2
2.012476E1	4.375268E0	1.426115E-1
2.015808E1	4.411460E0	1.847666E-1
2.019139E1	4.474031E0	1.621324E-1
2.022471E1	4.510561E0	1.381583E-1
2.025803E1	4.545965E0	1.417452E-1
2.029135E1	4.570809E0	1.580739E-1
2.032467E1	4.617636E0	1.521056E-1
2.035799E1	4.659292E0	1.277188E-1
2.039131E1	4.712893E0	1.253200E-1
2.042463E1	4.793282E0	1.389144E-1
2.045795E1	4.853222E0	1.419495E-1
2.049127E1	4.917873E0	1.476449E-1
2.052459E1	5.004724E0	1.539933E-1
2.055791E1	5.078082E0	1.500486E-1
2.059122E1	5.118671E0	1.722627E-1
2.062454E1	5.149411E0	1.905646E-1
2.065786E1	5.147918E0	2.126934E-1
2.069118E1	5.169543E0	2.104210E-1
2.072450E1	5.171144E0	2.079502E-1
2.075782E1	5.249681E0	2.134532E-1
2.079114E1	5.351504E0	2.225612E-1
2.082446E1	5.453769E0	2.295380E-1
2.085778E1	5.563152E0	2.325926E-1
2.089110E1	5.642712E0	2.352457E-1
2.092442E1	5.688768E0	2.490435E-1
2.095773E1	5.723037E0	2.597202E-1
2.099105E1	5.781754E0	2.552224E-1
2.102437E1	5.842592E0	2.502458E-1
2.105769E1	5.847811E0	2.468350E-1
2.109101E1	5.846813E0	2.457240E-1
2.112433E1	5.846892E0	2.446679E-1
2.115765E1	5.846331E0	2.435713E-1
2.119097E1	5.846096E0	2.426202E-1
2.122429E1	5.831616E0	2.415316E-1
2.125761E1	5.751158E0	2.336537E-1
2.129093E1	5.508468E0	1.975856E-1
2.132425E1	5.124004E0	1.773071E-1
2.135756E1	4.615803E0	1.148914E-1
2.139088E1	4.228757E0	8.307232E-2
2.142420E1	4.142731E0	8.301763E-2
2.145752E1	4.138134E0	2.080315E-2
2.149084E1	4.150782E0	3.704632E-2
2.152416E1	4.156176E0	2.967958E-2
2.155748E1	4.145582E0	3.376685E-2
2.159080E1	4.136116E0	3.976367E-2
2.162412E1	4.141959E0	3.771225E-2
2.165744E1	4.186661E0	3.806017E-2
2.169076E1	4.307545E0	4.445018E-2
2.172407E1	4.381377E0	4.083631E-2
2.175739E1	4.427307E0	5.279014E-2
2.179071E1	4.485736E0	4.283013E-2
2.182403E1	4.551639E0	3.493873E-2
2.185735E1	4.608367E0	4.117193E-2
2.189067E1	4.690421E0	6.788235E-2
2.192399E1	4.762404E0	7.667799E-2
2.195731E1	4.827808E0	7.627346E-2
2.199063E1	4.868670E0	6.923235E-2
2.202395E1	4.907348E0	6.056154E-2
2.205727E1	4.930153E0	6.581170E-2
2.209059E1	4.926741E0	9.078697E-2
2.212390E1	4.926496E0	1.112830E-1
2.215722E1	4.946017E0	1.282495E-1
2.219054E1	4.956238E0	1.270962E-1
2.222386E1	4.933760E0	9.398117E-2
2.225718E1	4.953611E0	1.021652E-1
2.229050E1	4.982424E0	1.020623E-1
2.232382E1	5.043041E0	1.098522E-1
2.235714E1	5.115131E0	1.203747E-1
2.239046E1	5.225310E0	1.209304E-1
2.242378E1	5.321898E0	1.165644E-1
2.245710E1	5.383623E0	1.260420E-1
2.249042E1	5.443619E0	1.301685E-1
2.252373E1	5.468289E0	1.651253E-1
2.255705E1	5.494760E0	1.944956E-1
2.259037E1	5.512527E0	2.077314E-1
2.262369E1	5.525872E0	2.004018E-1
2.265701E1	5.564010E0	1.965062E-1
2.269033E1	5.625718E0	1.991751E-1
2.272365E1	5.708362E0	1.997116E-1
2.275697E1	5.790242E0	1.986664E-1
2.279029E1	5.819789E0	1.954271E-1
2.282361E1	5.808713E0	1.907880E-1
2.285693E1	5.800281E0	1.877642E-1
2.289024E1	5.833706E0	1.891293E-1
2.292356E1	6.017303E0	1.934153E-1
2.295688E1	6.383592E0	2.303649E-1
2.299020E1	6.449671E0	2.306098E-1
2.302352E1	6.381165E0	2.221005E-1
2.305684E1	6.428451E0	2.352505E-1
2.309016E1	6.406957E0	2.308536E-1
2.312348E1	6.414675E0	2.305520E-1
2.315680E1	6.403171E0	2.318338E-1
2.319012E1	6.399764E0	2.323953E-1
2.322344E1	6.383936E0	2.318348E-1
2.325676E1	6.293160E0	2.257464E-1
2.329007E1	6.018327E0	1.617830E-1
2.332339E1	5.634838E0	1.510734E-1
2.335671E1	5.041659E0	1.107321E-1
2.339003E1	4.605801E0	8.625529E-2
2.342335E1	4.493501E0	8.230073E-2
2.345667E1	4.525007E0	6.211597E-2
2.348999E1	4.541196E0	6.954026E-2
2.352331E1	4.556722E0	6.081115E-2
2.355663E1	4.559579E0	6.310693E-2
2.358995E1	4.556371E0	6.541136E-2
2.362327E1	4.552388E0	6.773690E-2
2.365658E1	4.594419E0	7.002341E-2
2.368990E1	4.706710E0	8.790855E-2
2.372322E1	4.791590E0	9.689990E-2
2.375654E1	4.858723E0	1.046092E-1
2.378986E1	4.919079E0	9.956947E-2
2.382318E1	4.952222E0	9.665899E-2
2.385650E1	4.954384E0	9.969541E-2
2.388982E1	4.971044E0	8.269994E-2
2.392314E1	5.068655E0	8.939190E-2
2.395646E1	5.245139E0	1.263156E-1
2.398978E1	5.351782E0	1.284462E-1
2.402310E1	5.385103E0	1.026840E-1
2.405641E1	5.402831E0	7.223513E-2
2.408973E1	5.402528E0	7.771810E-2
2.412305E1	5.404959E0	1.148926E-1
2.415637E1	5.381402E0	1.341050E-1
2.418969E1	5.401317E0	1.210382E-1
2.422301E1	5.403721E0	1.177826E-1
2.425633E1	5.411669E0	1.186872E-1
2.428965E1	5.457935E0	1.317605E-1
2.432297E1	5.508504E0	1.316989E-1
2.435629E1	5.554669E0	1.244446E-1
2.438961E1	5.628250E0	1.191278E-1
2.442292E1	5.692241E0	1.212796E-1
2.445624E1	5.722738E0	1.254739E-1
2.448956E1	5.747945E0	1.255318E-1
2.452288E1	5.769021E0	1.266606E-1
2.455620E1	5.838079E0	1.196702E-1
2.458952E1	5.892572E0	1.429520E-1
2.462284E1	5.924067E0	1.652350E-1
2.465616E1	5.940082E0	1.825633E-1
2.468948E1	5.996341E0	1.934603E-1
2.472280E1	6.078940E0	1.977656E-1
2.475612E1	6.157931E0	1.963921E-1
2.478944E1	6.232945E0	1.981560E-1
2.482275E1	6.289347E0	2.044934E-1
2.485607E1	6.388385E0	2.091137E-1
2.488939E1	6.538824E0	2.244560E-1
2.492271E1	6.552527E0	2.229961E-1
2.495603E1	6.541233E0	2.243398E-1
2.498935E1	6.600158E0	2.288240E-1
2.502267E1	6.747093E0	2.426015E-1
2.505599E1	6.782693E0	2.353303E-1
2.508931E1	6.759229E0	2.317888E-1
2.512263E1	6.767228E0	2.368052E-1
2.515595E1	6.761652E0	2.310803E-1
2.518926E1	6.764482E0	2.303218E-1
2.522258E1	6.750420E0	2.310479E-1
2.525590E1	6.664087E0	2.221750E-1
2.528922E1	6.419603E0	1.928294E-1
2.532254E1	5.996254E0	1.534089E-1
2.535586E1	5.507338E0	9.724199E-2
2.538918E1	5.063253E0	3.945656E-2
2.542250E1	4.923648E0	-5.056005E-3
2.545582E1	4.936958E0	-4.898628E-2
2.548914E1	4.963572E0	-2.927376E-2
2.552246E1	4.971702E0	-3.078785E-2
2.555578E1	4.974128E0	-2.900482E-2
2.558909E1	4.974614E0	-2.814034E-2
2.562241E1	4.973920E0	-1.888168E-2
2.565573E1	4.977614E0	-1.480209E-2
2.568905E1	5.049057E0	-3.198551E-2
2.572237E1	5.129805E0	-3.087757E-2
2.575569E1	5.179336E0	-1.803916E-2
2.578901E1	5.205949E0	-2.575795E-2
2.582233E1	5.257239E0	-2.565237E-2
2.585565E1	5.340880E0	-9.906228E-3
2.588897E1	5.444400E0	1.374025E-2
2.592229E1	5.512125E0	2.287569E-2
2.595560E1	5.537318E0	1.990309E-2
2.598892E1	5.534281E0	1.918483E-2
2.602224E1	5.570134E0	2.427435E-2
2.605556E1	5.570608E0	2.861547E-2
2.608888E1	5.557965E0	3.514987E-2
2.612220E1	5.559823E0	3.489191E-2
2.615552E1	5.574569E0	3.251553E-2
2.618884E1	5.575729E0	3.251260E-2
2.622216E1	5.576280E0	3.440331E-2
2.625548E1	5.596845E0	2.836595E-2
2.628880E1	5.655337E0	3.201378E-2
2.632212E1	5.750770E0	3.378796E-2
2.635543E1	5.841841E0	4.710675E-2
2.638875E1	5.915999E0	3.697141E-2
2.642207E1	5.955134E0	3.545276E-2
2.645539E1	6.010295E0	3.562325E-2
2.648871E1	6.075180E0	3.650260E-2
2.652203E1	6.126330E0	6.635710E-2
2.655535E1	6.150620E0	9.518320E-2
2.658867E1	6.154105E0	8.967320E-2
2.662199E1	6.152782E0	6.550495E-2
2.665531E1	6.179988E0	4.139267E-2
2.668863E1	6.233063E0	3.182714E-2
2.672194E1	6.317572E0	3.778622E-2
2.675526E1	6.445715E0	4.895889E-2
2.678858E1	6.539103E0	6.793574E-2
2.682190E1	6.600839E0	7.395843E-2
2.685522E1	6.712160E0	8.276600E-2
2.688854E1	6.808021E0	8.892970E-2
2.692186E1	6.831164E0	8.259498E-2
2.695518E1	6.881952E0	8.523239E-2
2.698850E1	6.967868E0	9.251816E-2
2.702182E1	7.052066E0	8.641292E-2
2.705514E1	7.045827E0	7.726404E-2
2.708846E1	7.044455E0	7.543925E-2
2.712177E1	7.043270E0	7.432030E-2
2.715509E1	7.042920E0	7.258220E-2
2.718841E1	7.042502E0	7.223050E-2
2.722173E1	7.036460E0	7.102357E-2
2.725505E1	6.982390E0	6.757401E-2
2.728837E1	6.773344E0	6.117433E-2
2.732169E1	6.326398E0	1.162376E-2
2.735501E1	5.837010E0	-1.914541E-2
2.738833E1	5.371995E0	-5.961523E-2
2.742165E1	5.200287E0	-1.118037E-1
2.745497E1	5.196808E0	-1.540581E-1
2.748829E1	5.199546E0	-1.403052E-1
2.752160E1	5.206822E0	-1.358937E-1
2.755492E1	5.209993E0	-1.375362E-1
2.758824E1	5.203882E0	-1.368722E-1
2.762156E1	5.213659E0	-1.376888E-1
2.765488E1	5.238458E0	-1.231638E-1
2.768820E1	5.338263E0	-1.189264E-1
2.772152E1	5.419865E0	-1.277253E-1
2.775484E1	5.470958E0	-1.229907E-1
2.778816E1	5.519076E0	-1.231230E-1
2.782148E1	5.578723E0	-1.277206E-1
2.785480E1	5.641726E0	-1.210662E-1
2.788811E1	5.664690E0	-1.184977E-1
2.792143E1	5.733143E0	-1.284080E-1
2.795475E1	5.822186E0	-1.158051E-1
2.798807E1	5.921031E0	-1.076548E-1
2.802139E1	5.962964E0	-1.099714E-1
2.805471E1	5.976856E0	-1.085892E-1
2.808803E1	5.980483E0	-7.848918E-2
2.812135E1	5.970275E0	-4.016143E-2
2.815467E1	5.966475E0	-3.725389E-2
2.818799E1	5.992034E0	-3.533618E-2
2.822131E1	5.980941E0	-4.068131E-2
2.825463E1	5.995018E0	-3.763473E-2
2.828794E1	6.002217E0	-3.524948E-2
2.832126E1	6.011491E0	-3.631811E-2
2.835458E1	6.065453E0	-1.849029E-2
2.838790E1	6.146064E0	-2.079015E-2
2.842122E1	6.239185E0	-3.864433E-2
2.845454E1	6.307951E0	-1.219204E-2
2.848786E1	6.335732E0	1.177755E-2
2.852118E1	6.338459E0	1.257787E-2
2.855450E1	6.338648E0	8.011443E-3
2.858782E1	6.368342E0	-9.351201E-3
2.862114E1	6.432817E0	-1.007550E-2
2.865445E1	6.508979E0	-1.924185E-3
2.868777E1	6.561395E0	3.509646E-3
2.872109E1	6.616046E0	8.768993E-3
2.875441E1	6.715824E0	2.132950E-2
2.878773E1	6.828953E0	4.663418E-2
2.882105E1	6.902819E0	6.844163E-2
2.885437E1	6.983779E0	8.146813E-2
2.888769E1	7.025040E0	7.931039E-2
2.892101E1	7.025760E0	7.757705E-2
2.895433E1	7.165262E0	8.267349E-2
2.898765E1	7.333138E0	8.229403E-2
2.902097E1	7.326261E0	6.994862E-2
2.905428E1	7.332725E0	7.259585E-2
2.908760E1	7.327097E0	7.135825E-2
2.912092E1	7.324137E0	6.935645E-2
2.915424E1	7.321822E0	6.848198E-2
2.918756E1	7.319807E0	6.755296E-2
2.922088E1	7.315874E0	6.662349E-2
2.925420E1	7.251085E0	6.613252E-2
2.928752E1	6.991245E0	1.397225E-2
2.932084E1	6.571699E0	-1.628808E-2
2.935416E1	6.004312E0	-5.070056E-2
2.938748E1	5.564458E0	-5.914086E-2
2.942079E1	5.458548E0	-8.960010E-2
2.945411E1	5.482280E0	-1.080797E-1
2.948743E1	5.494502E0	-8.916840E-2
2.952075E1	5.506181E0	-8.508377E-2
2.955407E1	5.518982E0	-8.841555E-2
2.958739E1	5.518150E0	-8.775030E-2
2.962071E1	5.513387E0	-8.633999E-2
2.965403E1	5.541398E0	-8.192872E-2
2.968735E1	5.621187E0	-7.851148E-2
2.972067E1	5.697179E0	-8.566293E-2
2.975399E1	5.745688E0	-8.333614E-2
2.978731E1	5.796985E0	-7.828201E-2
2.982062E1	5.856154E0	-7.580413E-2
2.985394E1	5.964449E0	-5.610593E-2
2.988726E1	6.027815E0	-3.721696E-2
2.992058E1	6.070214E0	-3.149711E-2
2.995390E1	6.122768E0	-3.140474E-2
2.998722E1	6.169046E0	-3.923379E-2
3.002054E1	6.216034E0	-5.562428E-2
3.005386E1	6.259224E0	-5.030159E-2
3.008718E1	6.270520E0	-3.995604E-2
3.012050E1	6.260841E0	6.366282E-3
3.015382E1	6.247527E0	8.635438E-3
3.018713E1	6.267297E0	1.210097E-2
3.022045E1	6.262992E0	1.256671E-2
3.025377E1	6.286929E0	1.338601E-2
3.028709E1	6.325032E0	2.263648E-2
3.032041E1	6.370554E0	2.061186E-2
3.035373E1	6.431643E0	1.824061E-2
3.038705E1	6.478135E0	1.697580E-2
3.042037E1	6.543956E0	2.076905E-2
3.045369E1	6.607142E0	2.868889E-2
3.048701E1	6.679856E0	3.122952E-2
3.052033E1	6.763769E0	4.074554E-2
3.055365E1	6.839170E0	6.019951E-2
3.058696E1	6.869501E0	8.824336E-2
3.062028E1	6.881033E0	8.735386E-2
3.065360E1	6.874355E0	7.696581E-2
3.068692E1	6.877801E0	7.024547E-2
3.072024E1	6.976056E0	7.367031E-2
3.075356E1	7.173442E0	8.707760E-2
3.078688E1	7.352593E0	1.080196E-1
3.082020E1	7.423275E0	1.097709E-1
3.085352E1	7.427708E0	1.111148E-1
3.088684E1	7.487122E0	1.224800E-1
3.092016E1	7.566112E0	1.272821E-1
3.095347E1	7.641901E0	1.307398E-1
3.098679E1	7.696176E0	1.287638E-1
3.102011E1	7.726669E0	1.247116E-1
3.105343E1	7.733515E0	1.227999E-1
3.108675E1	7.737608E0	1.220705E-1
3.112007E1	7.740610E0	1.211739E-1
3.115339E1	7.742578E0	1.207102E-1
3.118671E1	7.744000E0	1.203199E-1
3.122003E1	7.742367E0	1.199598E-1
3.125335E1	7.671909E0	1.093073E-1
3.128667E1	7.405690E0	4.467444E-2
3.131999E1	6.984318E0	1.775519E-2
3.135330E1	6.490652E0	-2.315859E-2
3.138662E1	6.374362E0	-5.382936E-2
3.141994E1	6.453123E0	-8.781651E-2
3.145326E1	6.476318E0	-5.385376E-2
3.148658E1	6.486925E0	-4.427878E-2
3.151990E1	6.521783E0	-5.670570E-2
3.155322E1	6.489211E0	-4.899796E-2
3.158654E1	6.489659E0	-4.857505E-2
3.161986E1	6.482979E0	-4.660627E-2
3.165318E1	6.399121E0	-7.163182E-2
3.168650E1	6.326481E0	-6.280096E-2
3.171981E1	6.276182E0	-3.836826E-2
3.175313E1	6.283676E0	-5.597295E-2
3.178645E1	6.346124E0	-5.992195E-2
3.181977E1	6.401975E0	-3.831832E-2
3.185309E1	6.477941E0	-3.041309E-2
3.188641E1	6.539521E0	-2.289457E-2
3.191973E1	6.588172E0	-1.940079E-2
3.195305E1	6.641759E0	-1.390495E-2
3.198637E1	6.699900E0	-2.796774E-2
3.201969E1	6.752951E0	-4.615667E-2
3.205301E1	6.786035E0	-6.521234E-2
3.208633E1	6.782574E0	-5.396489E-2
3.211964E1	6.757380E0	-1.397954E-2
3.215296E1	6.769147E0	4.235612E-3
3.218628E1	6.792703E0	2.296777E-3
3.221960E1	6.783262E0	3.790459E-3
3.225292E1	6.770934E0	1.132900E-3
3.228624E1	6.809338E0	1.466087E-2
3.231956E1	6.836642E0	1.368911E-2
3.235288E1	6.873890E0	9.229907E-3
3.238620E1	6.924596E0	1.222215E-2
3.241952E1	6.987591E0	2.758243E-2
3.245284E1	7.044388E0	3.673024E-2
3.248616E1	7.126248E0	5.313367E-2
3.251947E1	7.222854E0	5.707898E-2
3.255279E1	7.270993E0	9.324800E-2
3.258611E1	7.266675E0	9.999388E-2
3.261943E1	7.270934E0	1.081774E-1
3.265275E1	7.266984E0	1.016453E-1
3.268607E1	7.339769E0	9.639240E-2
3.271939E1	7.434669E0	1.119961E-1
3.275271E1	7.514380E0	1.219846E-1
3.278603E1	7.581489E0	1.293623E-1
3.281935E1	7.656453E0	1.327217E-1
3.285267E1	7.746500E0	1.414602E-1
3.288598E1	7.868212E0	1.446153E-1
3.291930E1	7.911810E0	1.512871E-1
3.295262E1	7.944457E0	1.585902E-1
3.298594E1	8.037955E0	1.692250E-1
3.301926E1	8.090277E0	1.697840E-1
3.305258E1	8.087140E0	1.673213E-1
3.308590E1	8.084494E0	1.673212E-1
3.311922E1	8.082787E0	1.662768E-1
3.315254E1	8.081948E0	1.658574E-1
3.318586E1	8.080817E0	1.653707E-1
3.321918E1	8.078053E0	1.648037E-1
3.325250E1	8.020940E0	1.584245E-1
3.328581E1	7.817322E0	1.344118E-1
3.331913E1	7.380042E0	5.246542E-2
3.335245E1	6.818863E0	-3.639992E-2
3.338577E1	6.330104E0	-9.890353E-2
3.341909E1	6.125141E0	-1.582716E-1
3.345241E1	6.096214E0	-1.849629E-1
3.348573E1	6.110749E0	-1.878852E-1
3.351905E1	6.116411E0	-1.941477E-1
3.355237E1	6.116247E0	-1.960739E-1
3.358569E1	6.118008E0	-1.983740E-1
3.361901E1	6.118226E0	-1.996849E-1
3.365232E1	6.143134E0	-1.931471E-1
3.368564E1	6.258588E0	-1.857087E-1
3.371896E1	6.309226E0	-1.986652E-1
3.375228E1	6.315533E0	-1.995858E-1
3.378560E1	6.425762E0	-1.884691E-1
3.381892E1	6.552575E0	-1.711465E-1
3.385224E1	6.627582E0	-1.569199E-1
3.388556E1	6.651019E0	-1.533531E-1
3.391888E1	6.678030E0	-1.620768E-1
3.395220E1	6.719550E0	-1.591030E-1
3.398552E1	6.751016E0	-1.546634E-1
3.401884E1	6.765941E0	-1.527585E-1
3.405215E1	6.743228E0	-1.378159E-1
3.408547E1	6.754769E0	-1.174985E-1
3.411879E1	6.769238E0	-1.118322E-1
3.415211E1	6.791242E0	-1.104241E-1
3.418543E1	6.809177E0	-9.212981E-2
3.421875E1	6.815701E0	-9.485427E-2
3.425207E1	6.852944E0	-9.340153E-2
3.428539E1	6.878547E0	-9.587343E-2
3.431871E1	6.878156E0	-9.615291E-2
3.435203E1	6.916602E0	-9.086837E-2
3.438535E1	6.989710E0	-1.116546E-1
3.441866E1	7.103767E0	-1.239956E-1
3.445198E1	7.196547E0	-1.034388E-1
3.448530E1	7.219245E0	-9.603379E-2
3.451862E1	7.235397E0	-9.144634E-2
3.455194E1	7.292887E0	-9.310486E-2
3.458526E1	7.368350E0	-8.079485E-2
3.461858E1	7.437362E0	-6.509581E-2
3.465190E1	7.475453E0	-4.608546E-2
3.468522E1	7.522255E0	-3.481790E-2
3.471854E1	7.610566E0	-2.544593E-2
3.475186E1	7.696514E0	-4.562987E-3
3.478518E1	7.755253E0	7.183784E-3
3.481849E1	7.849813E0	1.970620E-2
3.485181E1	7.981952E0	3.603763E-2
3.488513E1	8.010125E0	4.060058E-2
3.491845E1	8.033358E0	4.095513E-2
3.495177E1	8.165223E0	6.365455E-2
3.498509E1	8.257775E0	6.394918E-2
3.501841E1	8.234909E0	5.813152E-2
3.505173E1	8.269649E0	9.236538E-2
3.508505E1	8.279309E0	9.995442E-2
3.511837E1	8.272338E0	9.090738E-2
3.515169E1	8.279951E0	9.713598E-2
3.518500E1	8.283391E0	1.009365E-1
3.521832E1	8.285689E0	1.021612E-1
3.525164E1	8.209138E0	9.088478E-2
3.528496E1	7.946027E0	2.250652E-2
3.531828E1	7.520802E0	-8.232964E-2
3.535160E1	7.106228E0	-1.305201E-1
3.538492E1	6.982204E0	-1.430259E-1
3.541824E1	7.091315E0	-1.444607E-1
3.545156E1	7.155767E0	-1.474843E-1
3.548488E1	7.155654E0	-1.489407E-1
3.551820E1	7.185317E0	-1.479401E-1
3.555152E1	7.170036E0	-1.520417E-1
3.558483E1	7.158978E0	-1.544133E-1
3.561815E1	7.138504E0	-1.661022E-1
3.565147E1	7.067176E0	-1.666421E-1
3.568479E1	6.920738E0	-1.458908E-1
3.571811E1	6.767277E0	-1.318683E-1
3.575143E1	6.762078E0	-1.246305E-1
3.578475E1	6.853004E0	-1.630430E-1
3.581807E1	6.921345E0	-1.493448E-1
3.585139E1	6.996590E0	-1.478583E-1
3.588471E1	7.034717E0	-1.437738E-1
3.591803E1	7.035810E0	-1.459069E-1
3.595134E1	7.039334E0	-1.506731E-1
3.598466E1	7.102341E0	-1.534615E-1
3.601798E1	7.204423E0	-1.181441E-1
3.605130E1	7.214928E0	-1.349025E-1
3.608462E1	7.195627E0	-1.432397E-1
3.611794E1	7.197819E0	-1.269783E-1
3.615126E1	7.208236E0	-1.338406E-1
3.618458E1	7.204515E0	-1.381300E-1
3.621790E1	7.202822E0	-1.392644E-1
3.625122E1	7.218044E0	-1.442128E-1
3.628454E1	7.238274E0	-1.450943E-1
3.631786E1	7.297519E0	-1.596679E-1
3.635117E1	7.368231E0	-1.627305E-1
3.638449E1	7.441565E0	-1.590886E-1
3.641781E1	7.479815E0	-1.529150E-1
3.645113E1	7.532607E0	-1.499168E-1
3.648445E1	7.589529E0	-1.580729E-1
3.651777E1	7.680825E0	-1.578320E-1
3.655109E1	7.738066E0	-1.485482E-1
3.658441E1	7.796879E0	-1.208231E-1
3.661773E1	7.842079E0	-9.846922E-2
3.665105E1	7.868239E0	-9.284732E-2
3.668437E1	7.913538E0	-8.408700E-2
3.671768E1	8.011881E0	-6.236915E-2
3.675100E1	8.102599E0	-4.889615E-2
3.678432E1	8.146895E0	-4.738220E-2
3.681764E1	8.235619E0	-3.471087E-2
3.685096E1	8.383920E0	5.635967E-3
3.688428E1	8.460410E0	3.740950E-3
3.691760E1	8.467949E0	-3.723067E-6
3.695092E1	8.522467E0	6.658020E-3
3.698424E1	8.608617E0	2.134435E-2
3.701756E1	8.639855E0	1.110776E-2
3.705088E1	8.635773E0	8.112965E-3
3.708420E1	8.634537E0	6.664806E-3
3.711751E1	8.631471E0	4.793551E-3
3.715083E1	8.629240E0	4.041355E-3
3.718415E1	8.627225E0	2.764748E-3
3.721747E1	8.625484E0	2.067101E-3
3.725079E1	8.573277E0	-6.531060E-3
3.728411E1	8.373254E0	-3.510051E-2
3.731743E1	7.906253E0	-1.487828E-1
3.735075E1	7.418276E0	-2.185223E-1
3.738407E1	6.922502E0	-2.473530E-1
3.741739E1	6.725236E0	-2.819851E-1
3.745071E1	6.678656E0	-3.557274E-1
3.748403E1	6.708495E0	-3.450424E-1
3.751734E1	6.717253E0	-3.591142E-1
3.755066E1	6.714647E0	-3.606636E-1
3.758398E1	6.705380E0	-3.605525E-1
3.761730E1	6.704678E0	-3.612108E-1
3.765062E1	6.707255E0	-3.626422E-1
3.768394E1	6.823129E0	-3.381953E-1
3.771726E1	6.909836E0	-3.196773E-1
3.775058E1	6.998308E0	-3.159401E-1
3.778390E1	7.079861E0	-2.901809E-1
3.781722E1	7.173623E0	-2.878016E-1
3.785054E1	7.217141E0	-2.694797E-1
3.788385E1	7.251823E0	-2.632386E-1
3.791717E1	7.296767E0	-2.618292E-1
3.795049E1	7.361366E0	-2.604672E-1
3.798381E1	7.412506E0	-2.622381E-1
3.801713E1	7.418996E0	-2.978085E-1
3.805045E1	7.422133E0	-3.174204E-1
3.808377E1	7.421737E0	-2.776182E-1
3.811709E1	7.418902E0	-2.524019E-1
3.815041E1	7.435552E0	-2.623285E-1
3.818373E1	7.431290E0	-2.627377E-1
3.821705E1	7.409126E0	-2.572512E-1
3.825037E1	7.420473E0	-2.624648E-1
3.828368E1	7.443419E0	-2.645595E-1
3.831700E1	7.478814E0	-2.710937E-1
3.835032E1	7.555571E0	-2.755619E-1
3.838364E1	7.628810E0	-2.613517E-1
3.841696E1	7.691870E0	-2.537872E-1
3.845028E1	7.750907E0	-2.517031E-1
3.848360E1	7.820406E0	-2.575532E-1
3.851692E1	7.901696E0	-2.563483E-1
3.855024E1	7.976854E0	-2.462343E-1
3.858356E1	8.018113E0	-2.186707E-1
3.861688E1	8.027903E0	-2.070824E-1
3.865019E1	8.055632E0	-1.904845E-1
3.868351E1	8.079047E0	-1.979542E-1
3.871683E1	8.078398E0	-2.027043E-1
3.875015E1	8.136852E0	-1.971087E-1
3.878347E1	8.354368E0	-1.591059E-1
3.881679E1	8.644933E0	-9.499253E-2
3.885011E1	8.740397E0	-7.054825E-2
3.888343E1	8.682849E0	-8.630880E-2
3.891675E1	8.768545E0	-7.435944E-2
3.895007E1	8.843261E0	-5.893400E-2
3.898339E1	8.884860E0	-4.829381E-2
3.901671E1	8.889508E0	-5.308668E-2
3.905002E1	8.840539E0	-7.912685E-2
3.908334E1	8.846020E0	-8.583564E-2
3.911666E1	8.848832E0	-7.706475E-2
3.914998E1	8.849201E0	-6.902456E-2
3.918330E1	8.847950E0	-6.599008E-2
3.921662E1	8.841070E0	-6.847447E-2
3.924994E1	8.773375E0	-8.006686E-2
3.928326E1	8.558446E0	-1.115910E-1
3.931658E1	8.117981E0	-2.051728E-1
3.934990E1	7.563025E0	-2.959624E-1
3.938322E1	7.089951E0	-3.689545E-1
3.941653E1	6.981458E0	-4.058417E-1
3.944985E1	7.007020E0	-4.260472E-1
3.948317E1	7.031423E0	-4.131864E-1
3.951649E1	7.058997E0	-4.287543E-1
3.954981E1	7.057911E0	-4.289970E-1
3.958313E1	7.052119E0	-4.220560E-1
3.961645E1	7.047724E0	-4.229469E-1
3.964977E1	7.060317E0	-4.217938E-1
3.968309E1	7.136178E0	-3.918172E-1
3.971641E1	7.103187E0	-4.125802E-1
3.974973E1	7.088893E0	-4.027720E-1
3.978305E1	7.111039E0	-4.181517E-1
3.981636E1	7.159636E0	-4.140774E-1
3.984968E1	7.303962E0	-3.887799E-1
3.988300E1	7.400053E0	-3.658335E-1
3.991632E1	7.465007E0	-3.624060E-1
3.994964E1	7.480688E0	-3.767511E-1
3.998296E1	7.483770E0	-4.118121E-1
4.001628E1	7.509417E0	-4.375880E-1
4.004960E1	7.502899E0	-4.782091E-1
4.008292E1	7.514194E0	-4.747130E-1
4.011624E1	7.519241E0	-4.314267E-1
4.014956E1	7.520845E0	-4.290334E-1
4.018287E1	7.530275E0	-4.258654E-1
4.021619E1	7.529930E0	-4.271211E-1
4.024951E1	7.529235E0	-4.283071E-1
4.028283E1	7.542933E0	-4.357779E-1
4.031615E1	7.587017E0	-4.383442E-1
4.034947E1	7.665511E0	-4.295300E-1
4.038279E1	7.748560E0	-4.299239E-1
4.041611E1	7.835516E0	-4.173303E-1
4.044943E1	7.891145E0	-4.070054E-1
4.048275E1	7.952630E0	-4.072314E-1
4.051607E1	8.030396E0	-4.097400E-1
4.054939E1	8.085407E0	-4.005239E-1
4.058270E1	8.099780E0	-3.855068E-1
4.061602E1	8.118231E0	-3.732789E-1
4.064934E1	8.168877E0	-3.580995E-1
4.068266E1	8.245631E0	-3.415182E-1
4.071598E1	8.314291E0	-3.254919E-1
4.074930E1	8.392421E0	-3.084491E-1
4.078262E1	8.466726E0	-2.938028E-1
4.081594E1	8.558479E0	-2.659625E-1
4.084926E1	8.664694E0	-2.415989E-1
4.088258E1	8.771950E0	-2.259096E-1
4.091590E1	8.830303E0	-2.250732E-1
4.094921E1	8.881644E0	-2.214498E-1
4.098253E1	8.930878E0	-2.095937E-1
4.101585E1	8.994429E0	-1.980169E-1
4.104917E1	9.023521E0	-2.034597E-1
4.108249E1	9.014117E0	-2.093039E-1
4.111581E1	9.010897E0	-2.123597E-1
4.114913E1	9.007686E0	-2.145919E-1
4.118245E1	9.005874E0	-2.160377E-1
4.121577E1	9.004659E0	-2.167039E-1
4.124909E1	8.957134E0	-2.239527E-1
4.128241E1	8.798659E0	-2.511730E-1
4.131573E1	8.443779E0	-2.946738E-1
4.134904E1	7.993544E0	-3.312987E-1
4.138236E1	7.561463E0	-3.849484E-1
4.141568E1	7.370115E0	-4.332590E-1
4.144900E1	7.345434E0	-4.724424E-1
4.148232E1	7.393262E0	-4.740026E-1
4.151564E1	7.415915E0	-4.768415E-1
4.154896E1	7.393448E0	-4.730612E-1
4.158228E1	7.391335E0	-4.821781E-1
4.161560E1	7.393281E0	-4.738552E-1
4.164892E1	7.416826E0	-4.728950E-1
4.168224E1	7.493582E0	-4.719978E-1
4.171556E1	7.577185E0	-4.515899E-1
4.174887E1	7.630736E0	-4.374247E-1
4.178219E1	7.630132E0	-4.312383E-1
4.181551E1	7.642324E0	-4.327056E-1
4.184883E1	7.675462E0	-4.322750E-1
4.188215E1	7.754207E0	-4.322613E-1
4.191547E1	7.884439E0	-3.874975E-1
4.194879E1	7.927562E0	-3.876708E-1
4.198211E1	7.917491E0	-3.948881E-1
4.201543E1	7.858268E0	-3.924396E-1
4.204875E1	7.805139E0	-4.123675E-1
4.208207E1	7.810151E0	-4.264283E-1
4.211538E1	7.857800E0	-3.966768E-1
4.214870E1	7.900856E0	-3.722469E-1
4.218202E1	7.954007E0	-3.681930E-1
4.221534E1	8.020732E0	-3.706387E-1
4.224866E1	8.103786E0	-3.598845E-1
4.228198E1	8.194429E0	-3.661892E-1
4.231530E1	8.257880E0	-3.712437E-1
4.234862E1	8.295863E0	-3.664867E-1
4.238194E1	8.345644E0	-3.686938E-1
4.241526E1	8.403167E0	-3.739266E-1
4.244858E1	8.450875E0	-3.716249E-1
4.248190E1	8.512238E0	-3.618775E-1
4.251521E1	8.587269E0	-3.505298E-1
4.254853E1	8.657235E0	-3.314304E-1
4.258185E1	8.712217E0	-2.984194E-1
4.261517E1	8.744948E0	-2.773259E-1
4.264849E1	8.762148E0	-2.675918E-1
4.268181E1	8.792632E0	-2.605905E-1
4.271513E1	8.869121E0	-2.392560E-1
4.274845E1	8.982617E0	-2.126219E-1
4.278177E1	9.067449E0	-2.068265E-1
4.281509E1	9.160489E0	-1.953987E-1
4.284841E1	9.260982E0	-1.729655E-1
4.288172E1	9.326038E0	-1.616379E-1
4.291504E1	9.323240E0	-1.626729E-1
4.294836E1	9.322215E0	-1.638474E-1
4.298168E1	9.337672E0	-1.613401E-1
4.301500E1	9.463202E0	-1.260973E-1
4.304832E1	9.574600E0	-1.058709E-1
4.308164E1	9.564101E0	-1.247263E-1
4.311496E1	9.549883E0	-1.206199E-1
4.314828E1	9.547903E0	-1.181684E-1
4.318160E1	9.546893E0	-1.176107E-1
4.321492E1	9.546424E0	-1.174601E-1
4.324824E1	9.477324E0	-1.238152E-1
4.328155E1	9.288755E0	-1.663383E-1
4.331487E1	8.884014E0	-2.402793E-1
4.334819E1	8.409246E0	-3.248423E-1
4.338151E1	7.914696E0	-3.810762E-1
4.341483E1	7.699635E0	-4.265787E-1
4.344815E1	7.725335E0	-4.402190E-1
4.348147E1	7.751319E0	-4.452879E-1
4.351479E1	7.747355E0	-4.449129E-1
4.354811E1	7.743313E0	-4.316204E-1
4.358143E1	7.745518E0	-4.331355E-1
4.361475E1	7.745742E0	-4.328598E-1
4.364806E1	7.765312E0	-4.256951E-1
4.368138E1	7.845712E0	-4.198037E-1
4.371470E1	7.908425E0	-4.247499E-1
4.374802E1	7.934444E0	-4.261511E-1
4.378134E1	7.966347E0	-4.206658E-1
4.381466E1	8.024527E0	-4.167651E-1
4.384798E1	8.116594E0	-3.833156E-1
4.388130E1	8.181181E0	-3.782794E-1
4.391462E1	8.228696E0	-3.788364E-1
4.394794E1	8.276988E0	-3.800455E-1
4.398126E1	8.332406E0	-3.909459E-1
4.401458E1	8.342756E0	-4.182801E-1
4.404789E1	8.353305E0	-4.276381E-1
4.408121E1	8.365730E0	-3.911247E-1
4.411453E1	8.347093E0	-3.774476E-1
4.414785E1	8.358642E0	-3.835864E-1
4.418117E1	8.361706E0	-3.836479E-1
4.421449E1	8.350301E0	-3.781653E-1
4.424781E1	8.362332E0	-3.795919E-1
4.428113E1	8.396870E0	-3.794641E-1
4.431445E1	8.448509E0	-3.799900E-1
4.434777E1	8.509918E0	-3.802285E-1
4.438109E1	8.574053E0	-3.822832E-1
4.441440E1	8.627942E0	-3.746841E-1
4.444772E1	8.684457E0	-3.684115E-1
4.448104E1	8.770321E0	-3.481274E-1
4.451436E1	8.837919E0	-3.408736E-1
4.454768E1	8.889703E0	-3.164482E-1
4.458100E1	8.928671E0	-2.832017E-1
4.461432E1	8.942172E0	-2.781834E-1
4.464764E1	8.945368E0	-2.818493E-1
4.468096E1	8.967955E0	-2.878341E-1
4.471428E1	9.010343E0	-2.791071E-1
4.474760E1	9.164045E0	-2.443371E-1
4.478092E1	9.332439E0	-2.047017E-1
4.481423E1	9.440270E0	-1.799120E-1
4.484755E1	9.485857E0	-1.743957E-1
4.488087E1	9.539400E0	-1.636100E-1
4.491419E1	9.593226E0	-1.607626E-1
4.494751E1	9.661207E0	-1.550191E-1
4.498083E1	9.711645E0	-1.493589E-1
4.501415E1	9.759498E0	-1.409398E-1
4.504747E1	9.783823E0	-1.282898E-1
4.508079E1	9.769734E0	-1.275967E-1
4.511411E1	9.775045E0	-1.269808E-1
4.514743E1	9.772463E0	-1.259067E-1
4.518074E1	9.771428E0	-1.254692E-1
4.521406E1	9.770168E0	-1.248981E-1
4.524738E1	9.719707E0	-1.350740E-1
4.528070E1	9.588555E0	-1.743414E-1
4.531402E1	9.204448E0	-2.796797E-1
4.534734E1	8.739717E0	-3.838641E-1
4.538066E1	8.122968E0	-4.621633E-1
4.541398E1	7.738668E0	-5.291424E-1
4.544730E1	7.693485E0	-5.770430E-1
4.548062E1	7.742344E0	-5.905214E-1
4.551394E1	7.745961E0	-5.913412E-1
4.554726E1	7.745291E0	-5.919236E-1
4.558057E1	7.743802E0	-5.916739E-1
4.561389E1	7.742806E0	-5.923325E-1
4.564721E1	7.751904E0	-5.875692E-1
4.568053E1	7.809517E0	-5.814236E-1
4.571385E1	7.855256E0	-5.842125E-1
4.574717E1	7.845026E0	-5.826844E-1
4.578049E1	7.864086E0	-5.893416E-1
4.581381E1	7.963954E0	-5.901061E-1
4.584713E1	8.171617E0	-5.407185E-1
4.588045E1	8.306795E0	-5.017062E-1
4.591377E1	8.336684E0	-5.043088E-1
4.594708E1	8.318302E0	-5.250777E-1
4.598040E1	8.336104E0	-5.533156E-1
4.601372E1	8.333505E0	-5.912458E-1
4.604704E1	8.334345E0	-5.925933E-1
4.608036E1	8.337294E0	-5.475914E-1
4.611368E1	8.339695E0	-5.458146E-1
4.614700E1	8.382371E0	-5.336972E-1
4.618032E1	8.393581E0	-5.239883E-1
4.621364E1	8.439487E0	-5.039303E-1
4.624696E1	8.478087E0	-5.086962E-1
4.628028E1	8.515975E0	-5.006129E-1
4.631360E1	8.561931E0	-4.888026E-1
4.634691E1	8.595289E0	-4.824496E-1
4.638023E1	8.619513E0	-4.884092E-1
4.641355E1	8.609889E0	-4.885363E-1
4.644687E1	8.636299E0	-4.876146E-1
4.648019E1	8.680938E0	-4.944431E-1
4.651351E1	8.776944E0	-5.029295E-1
4.654683E1	8.889374E0	-4.978962E-1
4.658015E1	8.936290E0	-4.793265E-1
4.661347E1	8.939286E0	-4.842489E-1
4.664679E1	8.944573E0	-4.875626E-1
4.668011E1	8.996255E0	-4.810983E-1
4.671343E1	9.083474E0	-4.558216E-1
4.674674E1	9.166866E0	-4.354455E-1
4.678006E1	9.213044E0	-4.264302E-1
4.681338E1	9.213754E0	-4.310104E-1
4.684670E1	9.274421E0	-4.074697E-1
4.688002E1	9.448417E0	-3.504048E-1
4.691334E1	9.677282E0	-2.977529E-1
4.694666E1	9.698935E0	-3.128765E-1
4.697998E1	9.700884E0	-3.202198E-1
4.701330E1	9.773435E0	-2.979046E-1
4.704662E1	9.801392E0	-2.969685E-1
4.707994E1	9.805085E0	-2.935454E-1
4.711325E1	9.808205E0	-2.899848E-1
4.714657E1	9.810306E0	-2.883244E-1
4.717989E1	9.810968E0	-2.838897E-1
4.721321E1	9.812024E0	-2.841091E-1
4.724653E1	9.772321E0	-2.963499E-1
4.727985E1	9.644227E0	-3.271807E-1
4.731317E1	9.326201E0	-3.824973E-1
4.734649E1	8.837706E0	-4.685641E-1
4.737981E1	8.357308E0	-5.258646E-1
4.741313E1	8.110307E0	-5.455071E-1
4.744645E1	8.068444E0	-6.077685E-1
4.747977E1	8.083243E0	-6.321055E-1
4.751308E1	8.084780E0	-6.401157E-1
4.754640E1	8.075416E0	-6.284972E-1
4.757972E1	8.071019E0	-6.359595E-1
4.761304E1	8.070744E0	-6.413172E-1
4.764636E1	8.070752E0	-6.444434E-1
4.767968E1	8.136751E0	-6.291187E-1
4.771300E1	8.249802E0	-6.120334E-1
4.774632E1	8.334246E0	-5.851776E-1
4.777964E1	8.433277E0	-5.540015E-1
4.781296E1	8.480401E0	-5.547221E-1
4.784628E1	8.509186E0	-5.445362E-1
4.787959E1	8.577156E0	-5.381347E-1
4.791291E1	8.631605E0	-5.313255E-1
4.794623E1	8.675019E0	-5.392983E-1
4.797955E1	8.717226E0	-5.448176E-1
4.801287E1	8.734797E0	-5.541034E-1
4.804619E1	8.743994E0	-5.528147E-1
4.807951E1	8.734859E0	-5.372065E-1
4.811283E1	8.766008E0	-5.004627E-1
4.814615E1	8.786502E0	-5.049981E-1
4.817947E1	8.829817E0	-4.999066E-1
4.821279E1	8.839516E0	-4.924275E-1
4.824611E1	8.880971E0	-4.836205E-1
4.827942E1	8.924923E0	-4.875156E-1
4.831274E1	8.986305E0	-4.956364E-1
4.834606E1	9.039726E0	-5.044939E-1
4.837938E1	9.089189E0	-5.007843E-1
4.841270E1	9.148826E0	-4.883092E-1
4.844602E1	9.213451E0	-4.772357E-1
4.847934E1	9.309237E0	-4.625512E-1
4.851266E1	9.390977E0	-4.566367E-1
4.854598E1	9.402044E0	-4.315651E-1
4.857930E1	9.419682E0	-4.108508E-1
4.861262E1	9.425970E0	-4.043654E-1
4.864593E1	9.443464E0	-4.156493E-1
4.867925E1	9.486418E0	-3.963850E-1
4.871257E1	9.554412E0	-3.811283E-1
4.874589E1	9.646842E0	-3.530024E-1
4.877921E1	9.730375E0	-3.389400E-1
4.881253E1	9.789472E0	-3.290989E-1
4.884585E1	9.838478E0	-3.304834E-1
4.887917E1	9.943874E0	-3.109556E-1
4.891249E1	1.002632E1	-2.760423E-1
4.894581E1	9.997949E0	-2.841765E-1
4.897913E1	1.003256E1	-2.753203E-1
4.901245E1	1.020562E1	-2.153442E-1
4.904576E1	1.024814E1	-1.768857E-1
4.907908E1	1.023308E1	-1.852950E-1
4.911240E1	1.024908E1	-1.853403E-1
4.914572E1	1.023963E1	-1.785523E-1
4.917904E1	1.024850E1	-1.786553E-1
4.921236E1	1.025010E1	-1.794323E-1
4.924568E1	1.020116E1	-1.888205E-1
4.927900E1	1.001998E1	-2.458249E-1
4.931232E1	9.650774E0	-3.567629E-1
4.934564E1	9.130497E0	-5.186970E-1
4.937896E1	8.568917E0	-6.201114E-1
4.941227E1	8.236771E0	-6.630978E-1
4.944559E1	8.162410E0	-7.481509E-1
4.947891E1	8.225707E0	-7.623006E-1
4.951223E1	8.242486E0	-7.431515E-1
4.954555E1	8.262891E0	-7.159760E-1
4.957887E1	8.271137E0	-7.126317E-1
4.961219E1	8.274868E0	-7.104931E-1
4.964551E1	8.283754E0	-7.089694E-1
4.967883E1	8.393381E0	-6.900680E-1
4.971215E1	8.492281E0	-6.623021E-1
4.974547E1	8.564367E0	-6.508964E-1
4.977879E1	8.612323E0	-6.371746E-1
4.981210E1	8.660140E0	-6.405479E-1
4.984542E1	8.733215E0	-6.234921E-1
4.987874E1	8.792303E0	-5.981688E-1
4.991206E1	8.837626E0	-5.955602E-1
4.994538E1	8.855895E0	-6.086308E-1
4.997870E1	8.855256E0	-6.130186E-1
5.001202E1	8.826172E0	-6.031424E-1
5.004534E1	8.808555E0	-6.002312E-1
5.007866E1	8.817575E0	-6.012655E-1
5.011198E1	8.825966E0	-6.021768E-1
5.014530E1	8.864763E0	-5.835834E-1
5.017861E1	8.934040E0	-5.536349E-1
5.021193E1	9.004538E0	-5.477001E-1
5.024525E1	9.051865E0	-5.455434E-1
5.027857E1	9.110332E0	-5.385027E-1
5.031189E1	9.160834E0	-5.303271E-1
5.034521E1	9.231101E0	-5.377427E-1
5.037853E1	9.312339E0	-5.305228E-1
5.041185E1	9.369271E0	-5.380633E-1
5.044517E1	9.436543E0	-5.485973E-1
5.047849E1	9.493473E0	-5.486982E-1
5.051181E1	9.517806E0	-4.889295E-1
5.054513E1	9.556742E0	-4.561291E-1
5.057844E1	9.562933E0	-4.699917E-1
5.061176E1	9.557454E0	-4.525727E-1
5.064508E1	9.568211E0	-4.494091E-1
5.067840E1	9.562300E0	-4.583468E-1
5.071172E1	9.571723E0	-4.450888E-1
5.074504E1	9.631934E0	-4.199748E-1
5.077836E1	9.725844E0	-4.090273E-1
5.081168E1	9.808543E0	-3.929428E-1
5.084500E1	9.917202E0	-3.733932E-1
5.087832E1	9.974118E0	-3.714852E-1
5.091164E1	1.001661E1	-3.699688E-1
5.094495E1	1.013502E1	-3.428460E-1
5.097827E1	1.020085E1	-3.142716E-1
5.101159E1	1.021291E1	-3.123225E-1
5.104491E1	1.024940E1	-2.917993E-1
5.107823E1	1.025199E1	-2.919445E-1
5.111155E1	1.025036E1	-2.893210E-1
5.114487E1	1.022531E1	-3.004099E-1
5.117819E1	1.020561E1	-2.959457E-1
