	mass A		
t	x	y	
0.000000E0	1.208777E-1	3.752228E-3
3.331913E-2	2.168477E-1	1.876042E-2
6.663826E-2	3.365500E-1	2.329221E-2
9.995739E-2	4.702333E-1	2.814238E-2
1.332765E-1	5.926519E-1	4.589245E-2
1.665956E-1	6.729195E-1	4.503799E-2
1.999148E-1	7.650929E-1	3.297615E-2
2.332339E-1	8.849117E-1	5.200312E-2
2.665530E-1	9.938246E-1	7.137534E-2
2.998722E-1	1.078741E0	6.581062E-2
3.331913E-1	1.190186E0	7.231860E-2
3.665104E-1	1.298610E0	7.664801E-2
3.998296E-1	1.391989E0	7.776392E-2
4.331487E-1	1.483615E0	7.038595E-2
4.664678E-1	1.593286E0	5.968593E-2
4.997869E-1	1.686001E0	6.142380E-2
5.331061E-1	1.717010E0	7.015003E-2
5.664252E-1	1.710634E0	6.968929E-2
5.997443E-1	1.702554E0	7.250712E-2
6.330635E-1	1.667543E0	7.170568E-2
6.663826E-1	1.666252E0	7.955489E-2
6.997017E-1	1.729577E0	1.397542E-1
7.330209E-1	1.857889E0	3.147176E-1
7.663400E-1	1.860447E0	3.421055E-1
7.996591E-1	1.792861E0	2.957886E-1
8.329782E-1	1.714841E0	2.635187E-1
8.662974E-1	1.707576E0	2.511544E-1
8.996165E-1	1.719367E0	2.517769E-1
9.329356E-1	1.715662E0	2.476558E-1
9.662548E-1	1.727391E0	2.187212E-1
9.995739E-1	1.756001E0	2.255880E-1
1.032893E0	1.760236E0	2.310506E-1
1.066212E0	1.859119E0	1.946359E-1
1.099531E0	2.102865E0	1.791366E-1
1.132850E0	2.313171E0	1.840627E-1
1.166170E0	2.437968E0	1.955356E-1
1.199489E0	2.467664E0	1.710670E-1
1.232808E0	2.531095E0	1.826482E-1
1.266127E0	2.621904E0	2.135151E-1
1.299446E0	2.732437E0	2.362832E-1
1.332765E0	2.850314E0	2.408008E-1
1.366084E0	2.981820E0	2.743692E-1
1.399403E0	3.084348E0	2.862391E-1
1.432723E0	3.166565E0	2.916867E-1
1.466042E0	3.238678E0	2.791173E-1
1.499361E0	3.277723E0	2.727278E-1
1.532680E0	3.268868E0	2.780189E-1
1.565999E0	3.269022E0	2.821192E-1
1.599318E0	3.258414E0	2.836804E-1
1.632637E0	3.263745E0	2.832861E-1
1.665956E0	3.279254E0	2.531760E-1
1.699276E0	3.255702E0	2.238560E-1
1.732595E0	3.182106E0	1.474508E-1
1.765914E0	3.203369E0	1.423333E-1
1.799233E0	3.157415E0	1.601901E-1
1.832552E0	3.122252E0	1.580835E-1
1.865871E0	3.154156E0	1.841796E-1
1.899190E0	3.143548E0	1.747451E-1
1.932510E0	3.148268E0	1.814685E-1
1.965829E0	3.160140E0	1.843195E-1
1.999148E0	3.268800E0	1.812709E-1
2.032467E0	3.408721E0	1.787669E-1
2.065786E0	3.519369E0	1.873372E-1
2.099105E0	3.605936E0	2.193646E-1
2.132424E0	3.721467E0	2.539949E-1
2.165743E0	3.798581E0	2.612784E-1
2.199063E0	3.849006E0	2.387105E-1
2.232382E0	3.929877E0	2.454563E-1
2.265701E0	4.040877E0	2.546858E-1
2.299020E0	4.168793E0	2.545206E-1
2.332339E0	4.288343E0	2.263620E-1
2.365658E0	4.416241E0	2.350747E-1
2.398977E0	4.502277E0	2.295978E-1
2.432296E0	4.585990E0	2.387076E-1
2.465616E0	4.660558E0	2.452707E-1
2.498935E0	4.741903E0	2.418140E-1
2.532254E0	4.797146E0	2.406166E-1
2.565573E0	4.799669E0	2.400156E-1
2.598892E0	4.784077E0	2.352878E-1
2.632211E0	4.746745E0	2.330010E-1
2.665530E0	4.730192E0	2.287826E-1
2.698850E0	4.778265E0	2.940019E-1
2.732169E0	4.874708E0	4.718208E-1
2.765488E0	4.905949E0	5.521382E-1
2.798807E0	4.862763E0	4.956906E-1
2.832126E0	4.798727E0	4.634890E-1
2.865445E0	4.801021E0	4.645514E-1
2.898764E0	4.802162E0	4.636570E-1
2.932083E0	4.800633E0	4.458956E-1
2.965403E0	4.797227E0	4.385256E-1
2.998722E0	4.805660E0	4.545570E-1
3.032041E0	4.848589E0	4.685856E-1
3.065360E0	4.972430E0	4.690767E-1
3.098679E0	5.164243E0	4.890581E-1
3.131998E0	5.284621E0	4.778447E-1
3.165317E0	5.351571E0	4.726930E-1
3.198636E0	5.413128E0	4.739039E-1
3.231956E0	5.469509E0	4.914451E-1
3.265275E0	5.548799E0	5.264194E-1
3.298594E0	5.608453E0	5.393070E-1
3.331913E0	5.658547E0	5.556915E-1
3.365232E0	5.836396E0	5.451047E-1
3.398551E0	5.815641E0	4.966771E-1
3.431870E0	5.815641E0	5.520230E-1
3.465189E0	5.822559E0	5.935323E-1
3.498509E0	5.870987E0	5.035953E-1
3.531828E0	6.030106E0	4.759224E-1
3.565147E0	6.032959E0	4.765292E-1
3.598466E0	6.032567E0	4.766997E-1
3.631785E0	6.024466E0	4.775945E-1
3.665104E0	6.021323E0	4.630475E-1
3.698423E0	6.082458E0	4.296071E-1
3.731743E0	6.199997E0	3.717361E-1
3.765062E0	6.198162E0	3.706041E-1
3.798381E0	6.157786E0	3.613777E-1
3.831700E0	6.160238E0	3.352080E-1
3.865019E0	6.197609E0	3.326874E-1
3.898338E0	6.196512E0	3.240293E-1
3.931657E0	6.185235E0	3.104907E-1
3.964976E0	6.206027E0	3.151053E-1
3.998296E0	6.270359E0	3.408104E-1
4.031615E0	6.362506E0	3.779716E-1
4.064934E0	6.470756E0	4.096437E-1
4.098253E0	6.579612E0	4.355742E-1
4.131572E0	6.704374E0	4.665032E-1
4.164891E0	6.809608E0	4.911439E-1
4.198210E0	6.904656E0	5.132956E-1
4.231529E0	6.987394E0	5.285543E-1
4.264849E0	7.077681E0	5.420015E-1
4.298168E0	7.176792E0	5.496473E-1
4.331487E0	7.261907E0	5.414085E-1
4.364806E0	7.294476E0	5.433027E-1
4.398125E0	7.316286E0	5.451281E-1
4.431444E0	7.379131E0	5.358015E-1
4.464763E0	7.426270E0	5.109477E-1
4.498083E0	7.472260E0	5.190726E-1
4.531402E0	7.468845E0	5.250068E-1
4.564721E0	7.470563E0	5.266359E-1
4.598040E0	7.466169E0	5.298187E-1
4.631359E0	7.466037E0	5.328176E-1
4.664678E0	7.480166E0	5.361141E-1
4.697997E0	7.498940E0	5.559042E-1
4.731316E0	7.474569E0	6.727668E-1
4.764636E0	7.514429E0	7.393914E-1
4.797955E0	7.503092E0	6.844998E-1
4.831274E0	7.468955E0	6.525413E-1
4.864593E0	7.482467E0	6.470763E-1
4.897912E0	7.498123E0	6.565938E-1
4.931231E0	7.540813E0	6.372928E-1
4.964550E0	7.568810E0	6.422768E-1
4.997869E0	7.639787E0	6.475661E-1
5.031189E0	7.754370E0	6.595195E-1
5.064508E0	7.880869E0	6.794796E-1
5.097827E0	7.957078E0	6.858981E-1
5.131146E0	8.032642E0	6.593990E-1
5.164465E0	8.080557E0	6.578345E-1
5.197784E0	8.123854E0	6.768224E-1
5.231103E0	8.157273E0	6.960189E-1
5.264422E0	8.202270E0	7.056319E-1
5.297742E0	8.237618E0	7.239341E-1
5.331061E0	8.245446E0	7.465348E-1
5.364380E0	8.247906E0	7.503727E-1
5.397699E0	8.266760E0	7.487026E-1
5.431018E0	8.273659E0	7.578764E-1
5.464337E0	8.297352E0	7.601214E-1
5.497656E0	8.296591E0	7.606639E-1
5.530976E0	8.302279E0	7.595602E-1
5.564295E0	8.302902E0	7.583158E-1
5.597614E0	8.286612E0	7.598254E-1
5.630933E0	8.281871E0	7.487684E-1
5.664252E0	8.270957E0	7.378535E-1
5.697571E0	8.298541E0	7.235246E-1
5.730890E0	8.437277E0	6.201355E-1
5.764209E0	8.482126E0	5.816132E-1
5.797529E0	8.393098E0	6.286700E-1
5.830848E0	8.385710E0	6.125737E-1
5.864167E0	8.421787E0	5.894873E-1
5.897486E0	8.414893E0	5.854683E-1
5.930805E0	8.403564E0	5.676693E-1
5.964124E0	8.433603E0	5.846336E-1
5.997443E0	8.450530E0	6.079102E-1
6.030762E0	8.453435E0	6.015065E-1
6.064082E0	8.456247E0	5.978605E-1
6.097401E0	8.497807E0	6.237585E-1
6.130720E0	8.671463E0	6.891078E-1
6.164039E0	8.898164E0	7.503745E-1
6.197358E0	9.092793E0	7.772026E-1
6.230677E0	9.141728E0	7.889880E-1
6.263996E0	9.154562E0	7.935629E-1
6.297316E0	9.220597E0	8.062076E-1
6.330635E0	9.326950E0	8.156457E-1
6.363954E0	9.442106E0	8.224406E-1
6.397273E0	9.543358E0	8.210673E-1
6.430592E0	9.614918E0	8.260543E-1
6.463911E0	9.644759E0	8.158455E-1
6.497230E0	9.622490E0	8.125336E-1
6.530549E0	9.621873E0	8.121979E-1
6.563869E0	9.633604E0	8.103184E-1
6.597188E0	9.612975E0	8.114176E-1
6.630507E0	9.624323E0	8.137253E-1
6.663826E0	9.641500E0	8.133501E-1
6.697145E0	9.673010E0	8.402480E-1
6.730464E0	9.654063E0	9.564090E-1
6.763783E0	9.691878E0	1.023523E0
6.797102E0	9.674201E0	9.684320E-1
6.830422E0	9.639517E0	9.264143E-1
6.863741E0	9.646995E0	9.351776E-1
6.897060E0	9.641460E0	9.289542E-1
6.930379E0	9.664611E0	9.213705E-1
6.963698E0	9.674098E0	9.217589E-1
6.997017E0	9.692305E0	9.177843E-1
7.030336E0	9.727699E0	9.303547E-1
7.063656E0	9.828238E0	9.362351E-1
7.096975E0	9.956755E0	9.496168E-1
7.130294E0	1.005599E1	9.729586E-1
7.163613E0	1.011524E1	9.822959E-1
7.196932E0	1.014482E1	9.830677E-1
7.230251E0	1.017463E1	9.919479E-1
7.263570E0	1.018860E1	9.972522E-1
7.296889E0	1.018424E1	1.013933E0
7.330209E0	1.017348E1	1.027238E0
7.363528E0	1.016261E1	1.042938E0
7.396847E0	1.017872E1	1.038113E0
7.430166E0	1.019810E1	1.030237E0
7.463485E0	1.020396E1	1.036328E0
7.496804E0	1.020001E1	1.036214E0
7.530123E0	1.019840E1	1.037562E0
7.563442E0	1.020752E1	1.033845E0
7.596762E0	1.017879E1	1.034076E0
7.630081E0	1.017665E1	1.023852E0
7.663400E0	1.016604E1	1.011219E0
7.696719E0	1.019000E1	9.884084E-1
7.730038E0	1.024070E1	9.530603E-1
7.763357E0	1.020845E1	9.905443E-1
7.796676E0	1.017853E1	9.986808E-1
7.829995E0	1.024161E1	9.544684E-1
7.863315E0	1.023721E1	9.411974E-1
7.896634E0	1.017280E1	9.009457E-1
7.929953E0	1.016901E1	8.816416E-1
7.963272E0	1.019233E1	8.988037E-1
7.996591E0	1.022851E1	9.498622E-1
8.029910E0	1.029424E1	9.942925E-1
8.063229E0	1.039009E1	1.043917E0
8.096549E0	1.050047E1	1.093435E0
8.129868E0	1.057650E1	1.127092E0
8.163187E0	1.062574E1	1.142905E0
8.196506E0	1.068789E1	1.160468E0
8.229825E0	1.077624E1	1.175676E0
8.263144E0	1.084074E1	1.169462E0
8.296463E0	1.087071E1	1.152337E0
8.329782E0	1.089149E1	1.140878E0
8.363102E0	1.092242E1	1.140053E0
8.396421E0	1.095783E1	1.147816E0
8.429740E0	1.100032E1	1.158194E0
8.463059E0	1.104730E1	1.179671E0
8.496378E0	1.108089E1	1.193812E0
8.529697E0	1.111883E1	1.200967E0
8.563016E0	1.113086E1	1.199031E0
8.596335E0	1.112853E1	1.198372E0
8.629655E0	1.112806E1	1.198101E0
8.662974E0	1.110307E1	1.198428E0
8.696293E0	1.111616E1	1.190101E0
8.729612E0	1.107522E1	1.196209E0
8.762931E0	1.098846E1	1.251666E0
8.796250E0	1.096013E1	1.311504E0
8.829569E0	1.084804E1	1.338544E0
8.862889E0	1.078068E1	1.312501E0
8.896208E0	1.078044E1	1.284187E0
8.929527E0	1.084444E1	1.302086E0
8.962846E0	1.089770E1	1.295919E0
8.996165E0	1.093226E1	1.307339E0
9.029484E0	1.100294E1	1.327060E0
9.062803E0	1.114038E1	1.350242E0
9.096122E0	1.129145E1	1.369732E0
9.129442E0	1.136030E1	1.356200E0
9.162761E0	1.141977E1	1.336699E0
9.196080E0	1.145819E1	1.334609E0
9.229399E0	1.149516E1	1.352559E0
9.262718E0	1.150059E1	1.367490E0
9.296037E0	1.148439E1	1.378071E0
9.329356E0	1.147794E1	1.374175E0
9.362675E0	1.146478E1	1.381296E0
9.395995E0	1.145812E1	1.379274E0
9.429314E0	1.146100E1	1.383568E0
9.462633E0	1.146585E1	1.384774E0
9.495952E0	1.145492E1	1.383611E0
9.529271E0	1.145449E1	1.378185E0
9.562590E0	1.146200E1	1.374764E0
9.595909E0	1.144326E1	1.372982E0
9.629228E0	1.144679E1	1.362804E0
9.662548E0	1.147895E1	1.346490E0
9.695867E0	1.136895E1	1.373765E0
9.729186E0	1.128074E1	1.371591E0
9.762505E0	1.128168E1	1.335944E0
9.795824E0	1.124609E1	1.273139E0
9.829143E0	1.125912E1	1.290875E0
9.862462E0	1.131336E1	1.283172E0
9.895782E0	1.129062E1	1.274614E0
9.929101E0	1.127326E1	1.253422E0
9.962420E0	1.130727E1	1.259452E0
9.995739E0	1.139922E1	1.308020E0
1.002906E1	1.151388E1	1.367941E0
1.006238E1	1.160412E1	1.406988E0
1.009570E1	1.167282E1	1.431202E0
1.012902E1	1.176180E1	1.454545E0
1.016233E1	1.183960E1	1.472369E0
1.019565E1	1.190204E1	1.489225E0
1.022897E1	1.193045E1	1.492795E0
1.026229E1	1.193842E1	1.486817E0
1.029561E1	1.196074E1	1.496964E0
1.032893E1	1.203802E1	1.522756E0
1.036225E1	1.216737E1	1.531924E0
1.039557E1	1.227871E1	1.526842E0
1.042889E1	1.231722E1	1.544287E0
1.046221E1	1.235061E1	1.550927E0
1.049553E1	1.236314E1	1.539568E0
1.052884E1	1.234140E1	1.536684E0
1.056216E1	1.234008E1	1.533896E0
1.059548E1	1.233863E1	1.532812E0
1.062880E1	1.234697E1	1.532305E0
1.066212E1	1.233922E1	1.534468E0
1.069544E1	1.235064E1	1.563339E0
1.072876E1	1.233339E1	1.705605E0
1.076208E1	1.237236E1	1.802305E0
1.079540E1	1.238336E1	1.736416E0
1.082872E1	1.235372E1	1.689423E0
1.086204E1	1.236746E1	1.715537E0
1.089536E1	1.241755E1	1.697134E0
1.092867E1	1.240919E1	1.694677E0
1.096199E1	1.240481E1	1.698119E0
1.099531E1	1.246828E1	1.702883E0
1.102863E1	1.260605E1	1.722381E0
1.106195E1	1.273861E1	1.744814E0
1.109527E1	1.279606E1	1.748169E0
1.112859E1	1.282041E1	1.750452E0
1.116191E1	1.282644E1	1.752053E0
1.119523E1	1.283081E1	1.752535E0
1.122855E1	1.283295E1	1.751964E0
1.126187E1	1.284210E1	1.749059E0
1.129518E1	1.295549E1	1.748402E0
1.132850E1	1.301866E1	1.795800E0
1.136182E1	1.309326E1	1.840898E0
1.139514E1	1.311127E1	1.839690E0
1.142846E1	1.311093E1	1.842629E0
1.146178E1	1.313884E1	1.858336E0
1.149510E1	1.314644E1	1.863924E0
1.152842E1	1.315295E1	1.860833E0
1.156174E1	1.315978E1	1.860767E0
1.159506E1	1.314915E1	1.860546E0
1.162838E1	1.313063E1	1.853390E0
1.166170E1	1.310694E1	1.828195E0
1.169501E1	1.307309E1	1.796696E0
1.172833E1	1.318551E1	1.713513E0
1.176165E1	1.324161E1	1.682230E0
1.179497E1	1.313794E1	1.729972E0
1.182829E1	1.316015E1	1.730883E0
1.186161E1	1.321230E1	1.707991E0
1.189493E1	1.320479E1	1.698586E0
1.192825E1	1.321901E1	1.698051E0
1.196157E1	1.324280E1	1.709288E0
1.199489E1	1.323534E1	1.703485E0
1.202821E1	1.323183E1	1.701597E0
1.206152E1	1.323050E1	1.700589E0
1.209484E1	1.331384E1	1.758877E0
1.212816E1	1.349792E1	1.864962E0
1.216148E1	1.369326E1	1.964125E0
1.219480E1	1.377436E1	2.007944E0
1.222812E1	1.377831E1	2.020433E0
1.226144E1	1.381883E1	2.023158E0
1.229476E1	1.389742E1	2.028537E0
1.232808E1	1.398544E1	2.043135E0
1.236140E1	1.408283E1	2.057579E0
1.239472E1	1.417874E1	2.067004E0
1.242804E1	1.427999E1	2.082423E0
1.246135E1	1.438122E1	2.095941E0
1.249467E1	1.446539E1	2.102540E0
1.252799E1	1.449593E1	2.110039E0
1.256131E1	1.449312E1	2.120908E0
1.259463E1	1.448448E1	2.125726E0
1.262795E1	1.447885E1	2.126929E0
1.266127E1	1.447379E1	2.126355E0
1.269459E1	1.449744E1	2.138725E0
1.272791E1	1.450417E1	2.243475E0
1.276123E1	1.450047E1	2.325773E0
1.279455E1	1.449244E1	2.263609E0
1.282786E1	1.443575E1	2.202542E0
1.286118E1	1.437186E1	2.207156E0
1.289450E1	1.437459E1	2.199416E0
1.292782E1	1.441215E1	2.194124E0
1.296114E1	1.445383E1	2.205210E0
1.299446E1	1.454387E1	2.226657E0
1.302778E1	1.470119E1	2.262024E0
1.306110E1	1.481999E1	2.291604E0
1.309442E1	1.482365E1	2.294420E0
1.312774E1	1.483930E1	2.298572E0
1.316106E1	1.488880E1	2.305456E0
1.319438E1	1.496144E1	2.304906E0
1.322769E1	1.503027E1	2.307963E0
1.326101E1	1.505013E1	2.318004E0
1.329433E1	1.502103E1	2.345114E0
1.332765E1	1.497062E1	2.359765E0
1.336097E1	1.498893E1	2.359772E0
1.339429E1	1.500735E1	2.365546E0
1.342761E1	1.501226E1	2.367119E0
1.346093E1	1.501411E1	2.369208E0
1.349425E1	1.500466E1	2.369500E0
1.352757E1	1.500835E1	2.369132E0
1.356089E1	1.501130E1	2.365488E0
1.359420E1	1.499769E1	2.365807E0
1.362752E1	1.498282E1	2.354460E0
1.366084E1	1.496361E1	2.346071E0
1.369416E1	1.496394E1	2.331033E0
1.372748E1	1.504817E1	2.294863E0
1.376080E1	1.512384E1	2.249690E0
1.379412E1	1.506424E1	2.266802E0
1.382744E1	1.506123E1	2.263865E0
1.386076E1	1.507699E1	2.256909E0
1.389408E1	1.505452E1	2.252795E0
1.392740E1	1.505142E1	2.249712E0
1.396072E1	1.507831E1	2.268505E0
1.399403E1	1.511062E1	2.291704E0
1.402735E1	1.515260E1	2.312249E0
1.406067E1	1.522921E1	2.347538E0
1.409399E1	1.530863E1	2.373615E0
1.412731E1	1.537874E1	2.391101E0
1.416063E1	1.546113E1	2.432978E0
1.419395E1	1.554707E1	2.467383E0
1.422727E1	1.561929E1	2.486239E0
1.426059E1	1.569898E1	2.503553E0
1.429391E1	1.576057E1	2.517783E0
1.432723E1	1.580140E1	2.519511E0
1.436054E1	1.585644E1	2.518257E0
1.439386E1	1.590051E1	2.522493E0
1.442718E1	1.593101E1	2.527600E0
1.446050E1	1.594868E1	2.531287E0
1.449382E1	1.594678E1	2.529142E0
1.452714E1	1.594494E1	2.527379E0
1.456046E1	1.594454E1	2.527111E0
1.459378E1	1.594395E1	2.526597E0
1.462710E1	1.593073E1	2.513896E0
1.466042E1	1.595675E1	2.533992E0
1.469374E1	1.597337E1	2.588554E0
1.472706E1	1.596687E1	2.719845E0
1.476037E1	1.599357E1	2.841580E0
1.479369E1	1.599330E1	2.798654E0
1.482701E1	1.596280E1	2.744200E0
1.486033E1	1.596070E1	2.755727E0
1.489365E1	1.597258E1	2.768401E0
1.492697E1	1.597453E1	2.759247E0
1.496029E1	1.601060E1	2.753497E0
1.499361E1	1.607987E1	2.767978E0
1.502693E1	1.620445E1	2.785497E0
1.506025E1	1.633064E1	2.797759E0
1.509357E1	1.639638E1	2.809392E0
1.512688E1	1.644068E1	2.809757E0
1.516020E1	1.649514E1	2.811712E0
1.519352E1	1.657029E1	2.823872E0
1.522684E1	1.662404E1	2.847561E0
1.526016E1	1.666525E1	2.860320E0
1.529348E1	1.667185E1	2.872306E0
1.532680E1	1.664817E1	2.896842E0
1.536012E1	1.665027E1	2.911265E0
1.539344E1	1.669445E1	2.895815E0
1.542676E1	1.675222E1	2.904070E0
1.546008E1	1.678779E1	2.927216E0
1.549340E1	1.678079E1	2.919158E0
1.552671E1	1.678167E1	2.916516E0
1.556003E1	1.677913E1	2.914395E0
1.559335E1	1.676812E1	2.913753E0
1.562667E1	1.673749E1	2.909213E0
1.565999E1	1.672940E1	2.892011E0
1.569331E1	1.668406E1	2.871161E0
1.572663E1	1.675235E1	2.806556E0
1.575995E1	1.685870E1	2.753137E0
1.579327E1	1.680488E1	2.783865E0
1.582659E1	1.682131E1	2.793654E0
1.585991E1	1.683131E1	2.788502E0
1.589322E1	1.680608E1	2.797043E0
1.592654E1	1.680743E1	2.793811E0
1.595986E1	1.683252E1	2.795962E0
1.599318E1	1.689706E1	2.819639E0
1.602650E1	1.702763E1	2.868131E0
1.605982E1	1.714556E1	2.915417E0
1.609314E1	1.721072E1	2.937700E0
1.612646E1	1.728124E1	2.965556E0
1.615978E1	1.736644E1	2.999012E0
1.619310E1	1.744620E1	3.031654E0
1.622642E1	1.748578E1	3.043040E0
1.625974E1	1.748666E1	3.037326E0
1.629305E1	1.748728E1	3.033954E0
1.632637E1	1.748741E1	3.031587E0
1.635969E1	1.750453E1	3.045891E0
1.639301E1	1.756147E1	3.080337E0
1.642633E1	1.762681E1	3.095102E0
1.645965E1	1.766806E1	3.087272E0
1.649297E1	1.765579E1	3.083844E0
1.652629E1	1.764575E1	3.079460E0
1.655961E1	1.765472E1	3.080499E0
1.659293E1	1.764602E1	3.078536E0
1.662625E1	1.765096E1	3.081393E0
1.665956E1	1.766066E1	3.086641E0
1.669288E1	1.768182E1	3.098203E0
1.672620E1	1.770700E1	3.230854E0
1.675952E1	1.774160E1	3.399913E0
1.679284E1	1.777194E1	3.369424E0
1.682616E1	1.775021E1	3.342651E0
1.685948E1	1.777586E1	3.353234E0
1.689280E1	1.783789E1	3.375732E0
1.692612E1	1.787921E1	3.388894E0
1.695944E1	1.790092E1	3.407309E0
1.699276E1	1.795872E1	3.424502E0
1.702608E1	1.805910E1	3.425222E0
1.705939E1	1.810975E1	3.427302E0
1.709271E1	1.816594E1	3.422970E0
1.712603E1	1.824367E1	3.419775E0
1.715935E1	1.832367E1	3.419292E0
1.719267E1	1.832218E1	3.418322E0
1.722599E1	1.831749E1	3.418517E0
1.725931E1	1.836106E1	3.418902E0
1.729263E1	1.843196E1	3.443433E0
1.732595E1	1.845242E1	3.510710E0
1.735927E1	1.847709E1	3.544456E0
1.739259E1	1.848925E1	3.518313E0
1.742590E1	1.849919E1	3.531705E0
1.745922E1	1.852970E1	3.544062E0
1.749254E1	1.853364E1	3.534757E0
1.752586E1	1.853748E1	3.529720E0
1.755918E1	1.853953E1	3.529413E0
1.759250E1	1.853273E1	3.527673E0
1.762582E1	1.850407E1	3.522239E0
1.765914E1	1.848592E1	3.501298E0
1.769246E1	1.847288E1	3.473287E0
1.772578E1	1.854109E1	3.415310E0
1.775910E1	1.865920E1	3.362876E0
1.779242E1	1.860632E1	3.385706E0
1.782573E1	1.861024E1	3.398278E0
1.785905E1	1.863859E1	3.399387E0
1.789237E1	1.862556E1	3.398652E0
1.792569E1	1.862149E1	3.391616E0
1.795901E1	1.865105E1	3.411178E0
1.799233E1	1.869606E1	3.444711E0
1.802565E1	1.878465E1	3.483910E0
1.805897E1	1.888707E1	3.537277E0
1.809229E1	1.898664E1	3.571126E0
1.812561E1	1.900508E1	3.588049E0
1.815893E1	1.899811E1	3.582027E0
1.819224E1	1.899695E1	3.585782E0
1.822556E1	1.905322E1	3.635893E0
1.825888E1	1.916875E1	3.679738E0
1.829220E1	1.926285E1	3.695726E0
1.832552E1	1.932311E1	3.722831E0
1.835884E1	1.937479E1	3.741794E0
1.839216E1	1.943079E1	3.747430E0
1.842548E1	1.946045E1	3.753394E0
1.845880E1	1.947254E1	3.750554E0
1.849212E1	1.947648E1	3.737792E0
1.852544E1	1.946752E1	3.743608E0
1.855876E1	1.947970E1	3.754344E0
1.859207E1	1.946963E1	3.740731E0
1.862539E1	1.944771E1	3.740184E0
1.865871E1	1.946983E1	3.751454E0
1.869203E1	1.948290E1	3.759563E0
1.872535E1	1.950551E1	3.871606E0
1.875867E1	1.949598E1	4.015117E0
1.879199E1	1.951211E1	4.009757E0
1.882531E1	1.949420E1	3.964728E0
1.885863E1	1.952227E1	3.982569E0
1.889195E1	1.957014E1	3.975133E0
1.892527E1	1.955832E1	3.964301E0
1.895858E1	1.955248E1	3.971594E0
1.899190E1	1.959593E1	3.982812E0
1.902522E1	1.970062E1	4.013432E0
1.905854E1	1.981821E1	4.026400E0
1.909186E1	1.991298E1	4.025425E0
1.912518E1	1.998348E1	4.026601E0
1.915850E1	2.003741E1	4.030707E0
1.919182E1	2.009622E1	4.065248E0
1.922514E1	2.014352E1	4.100974E0
1.925846E1	2.018388E1	4.106172E0
1.929178E1	2.021287E1	4.134451E0
1.932510E1	2.021440E1	4.161073E0
1.935841E1	2.023337E1	4.177830E0
1.939173E1	2.024182E1	4.178708E0
1.942505E1	2.025683E1	4.187684E0
1.945837E1	2.026710E1	4.193554E0
1.949169E1	2.024819E1	4.186535E0
1.952501E1	2.023916E1	4.181692E0
1.955833E1	2.025549E1	4.183441E0
1.959165E1	2.024148E1	4.173863E0
1.962497E1	2.022810E1	4.173095E0
1.965829E1	2.023507E1	4.171997E0
1.969161E1	2.020912E1	4.136722E0
1.972492E1	2.025661E1	4.072779E0
1.975824E1	2.038593E1	4.025684E0
1.979156E1	2.032885E1	4.038884E0
1.982488E1	2.032168E1	4.048057E0
1.985820E1	2.035676E1	4.061061E0
1.989152E1	2.037855E1	4.098091E0
1.992484E1	2.037450E1	4.079038E0
1.995816E1	2.037431E1	4.078310E0
1.999148E1	2.037056E1	4.083464E0
2.002480E1	2.039066E1	4.106544E0
2.005812E1	2.052419E1	4.199273E0
2.009144E1	2.072427E1	4.269537E0
2.012475E1	2.087001E1	4.330263E0
2.015807E1	2.091254E1	4.354634E0
2.019139E1	2.093018E1	4.353912E0
2.022471E1	2.098897E1	4.371602E0
2.025803E1	2.107394E1	4.396528E0
2.029135E1	2.117399E1	4.417212E0
2.032467E1	2.127509E1	4.422815E0
2.035799E1	2.136232E1	4.441396E0
2.039131E1	2.145848E1	4.465263E0
2.042463E1	2.154601E1	4.463662E0
2.045795E1	2.162881E1	4.464255E0
2.049126E1	2.164305E1	4.470663E0
2.052458E1	2.162344E1	4.465783E0
2.055790E1	2.163298E1	4.465599E0
2.059122E1	2.163386E1	4.464787E0
2.062454E1	2.162578E1	4.462577E0
2.065786E1	2.163199E1	4.465576E0
2.069118E1	2.165303E1	4.474179E0
2.072450E1	2.169915E1	4.580709E0
2.075782E1	2.168469E1	4.735092E0
2.079114E1	2.171237E1	4.702818E0
2.082446E1	2.169756E1	4.681325E0
2.085778E1	2.169125E1	4.691210E0
2.089109E1	2.170949E1	4.697599E0
2.092441E1	2.172188E1	4.670608E0
2.095773E1	2.175832E1	4.694946E0
2.099105E1	2.175767E1	4.724140E0
2.102437E1	2.175451E1	4.730369E0
2.105769E1	2.179958E1	4.729777E0
2.109101E1	2.190520E1	4.749544E0
2.112433E1	2.201516E1	4.755722E0
2.115765E1	2.208582E1	4.728039E0
2.119097E1	2.212663E1	4.740025E0
2.122429E1	2.212856E1	4.784652E0
2.125760E1	2.215914E1	4.792437E0
2.129092E1	2.221256E1	4.792766E0
2.132424E1	2.228099E1	4.811649E0
2.135756E1	2.236638E1	4.838940E0
2.139088E1	2.242156E1	4.845191E0
2.142420E1	2.243662E1	4.848909E0
2.145752E1	2.243590E1	4.862066E0
2.149084E1	2.243870E1	4.858470E0
2.152416E1	2.244024E1	4.853245E0
2.155748E1	2.245158E1	4.852407E0
2.159080E1	2.245670E1	4.851640E0
2.162412E1	2.242929E1	4.849687E0
2.165743E1	2.243903E1	4.829850E0
2.169075E1	2.244049E1	4.821805E0
2.172407E1	2.243374E1	4.839813E0
2.175739E1	2.243900E1	4.839929E0
2.179071E1	2.241152E1	4.832657E0
2.182403E1	2.234897E1	4.823496E0
2.185735E1	2.229546E1	4.773171E0
2.189067E1	2.225713E1	4.690421E0
2.192399E1	2.221611E1	4.659288E0
2.195731E1	2.219408E1	4.695545E0
2.199063E1	2.224963E1	4.734271E0
2.202394E1	2.230383E1	4.761817E0
2.205726E1	2.236913E1	4.818892E0
2.209058E1	2.244351E1	4.882998E0
2.212390E1	2.252279E1	4.914827E0
2.215722E1	2.258750E1	4.941726E0
2.219054E1	2.265111E1	5.002897E0
2.222386E1	2.273960E1	5.045064E0
2.225718E1	2.281461E1	5.066208E0
2.229050E1	2.291122E1	5.106575E0
2.232382E1	2.300572E1	5.161471E0
2.235714E1	2.309469E1	5.186142E0
2.239046E1	2.320976E1	5.205490E0
2.242377E1	2.334178E1	5.238195E0
2.245709E1	2.346644E1	5.277120E0
2.249041E1	2.357396E1	5.298852E0
2.252373E1	2.361434E1	5.322318E0
2.255705E1	2.360683E1	5.331188E0
2.259037E1	2.360950E1	5.332203E0
2.262369E1	2.361165E1	5.336613E0
2.265701E1	2.359115E1	5.347798E0
2.269033E1	2.353902E1	5.369548E0
2.272365E1	2.347443E1	5.396475E0
2.275697E1	2.347924E1	5.446143E0
2.279028E1	2.338437E1	5.417459E0
2.282360E1	2.314306E1	5.405067E0
2.285692E1	2.292134E1	5.363664E0
2.289024E1	2.290243E1	5.345117E0
2.292356E1	2.294957E1	5.307961E0
2.295688E1	2.302139E1	5.281415E0
2.299020E1	2.308463E1	5.269486E0
2.302352E1	2.318895E1	5.277396E0
2.305684E1	2.333434E1	5.302263E0
2.309016E1	2.346321E1	5.300686E0
2.312348E1	2.351427E1	5.275958E0
2.315680E1	2.354982E1	5.279741E0
2.319011E1	2.359519E1	5.290826E0
2.322343E1	2.361798E1	5.309372E0
2.325675E1	2.363904E1	5.311905E0
2.329007E1	2.365704E1	5.332216E0
2.332339E1	2.367247E1	5.354446E0
2.335671E1	2.368805E1	5.352069E0
2.339003E1	2.370172E1	5.350591E0
2.342335E1	2.370497E1	5.353342E0
2.345667E1	2.370630E1	5.354638E0
2.348999E1	2.370291E1	5.351193E0
2.352331E1	2.370149E1	5.350229E0
2.355662E1	2.370061E1	5.349289E0
2.358994E1	2.370131E1	5.348413E0
2.362326E1	2.368322E1	5.352758E0
2.365658E1	2.365196E1	5.337848E0
2.368990E1	2.357180E1	5.317553E0
2.372322E1	2.358575E1	5.279050E0
2.375654E1	2.365950E1	5.216591E0
2.378986E1	2.360675E1	5.254965E0
2.382318E1	2.360496E1	5.274145E0
2.385650E1	2.364117E1	5.259167E0
2.388982E1	2.362611E1	5.254453E0
2.392314E1	2.361861E1	5.253301E0
2.395645E1	2.364307E1	5.274311E0
2.398977E1	2.369699E1	5.308943E0
2.402309E1	2.380152E1	5.354229E0
2.405641E1	2.389172E1	5.384844E0
2.408973E1	2.394740E1	5.405265E0
2.412305E1	2.401658E1	5.421714E0
2.415637E1	2.409389E1	5.429936E0
2.418969E1	2.411556E1	5.449671E0
2.422301E1	2.414436E1	5.445521E0
2.425633E1	2.423519E1	5.464487E0
2.428965E1	2.432026E1	5.488423E0
2.432296E1	2.437793E1	5.501022E0
2.435628E1	2.439056E1	5.505494E0
2.438960E1	2.439599E1	5.507563E0
2.442292E1	2.439931E1	5.510421E0
2.445624E1	2.443078E1	5.527133E0
2.448956E1	2.449381E1	5.509492E0
2.452288E1	2.455981E1	5.499970E0
2.455620E1	2.460790E1	5.523082E0
2.458952E1	2.459685E1	5.528820E0
2.462284E1	2.457291E1	5.522530E0
2.465616E1	2.462209E1	5.538423E0
2.468948E1	2.463526E1	5.568162E0
2.472279E1	2.464861E1	5.667840E0
2.475611E1	2.464594E1	5.835241E0
2.478943E1	2.465993E1	5.805215E0
2.482275E1	2.464366E1	5.732899E0
2.485607E1	2.462976E1	5.757151E0
2.488939E1	2.463097E1	5.751440E0
2.492271E1	2.462236E1	5.742083E0
2.495603E1	2.463314E1	5.739394E0
2.498935E1	2.465605E1	5.756928E0
2.502267E1	2.476052E1	5.769207E0
2.505599E1	2.490116E1	5.804257E0
2.508930E1	2.498125E1	5.810323E0
2.512262E1	2.502049E1	5.800737E0
2.515594E1	2.507513E1	5.794478E0
2.518926E1	2.514111E1	5.800568E0
2.522258E1	2.522928E1	5.837378E0
2.525590E1	2.531144E1	5.862295E0
2.528922E1	2.532916E1	5.876825E0
2.532254E1	2.533146E1	5.884894E0
2.535586E1	2.533537E1	5.890154E0
2.538918E1	2.534483E1	5.893326E0
2.542250E1	2.543699E1	5.893149E0
2.545582E1	2.547976E1	5.958577E0
2.548913E1	2.551102E1	6.001185E0
2.552245E1	2.551710E1	5.985312E0
2.555577E1	2.553070E1	5.992811E0
2.558909E1	2.552523E1	5.998123E0
2.562241E1	2.549424E1	5.993076E0
2.565573E1	2.548472E1	5.964990E0
2.568905E1	2.547144E1	5.929726E0
2.572237E1	2.551396E1	5.880406E0
2.575569E1	2.563869E1	5.814363E0
2.578901E1	2.559191E1	5.852399E0
2.582233E1	2.552923E1	5.885190E0
2.585564E1	2.556040E1	5.874369E0
2.588896E1	2.553118E1	5.852345E0
2.592228E1	2.550383E1	5.840392E0
2.595560E1	2.550815E1	5.848945E0
2.598892E1	2.554504E1	5.869532E0
2.602224E1	2.564450E1	5.891511E0
2.605556E1	2.575549E1	5.926392E0
2.608888E1	2.582679E1	5.967250E0
2.612220E1	2.589867E1	5.999135E0
2.615552E1	2.594964E1	6.016653E0
2.618884E1	2.599903E1	6.035826E0
2.622216E1	2.606176E1	6.057677E0
2.625547E1	2.610979E1	6.072823E0
2.628879E1	2.611564E1	6.072213E0
2.632211E1	2.611679E1	6.070765E0
2.635543E1	2.612684E1	6.076109E0
2.638875E1	2.617056E1	6.100641E0
2.642207E1	2.618811E1	6.066340E0
2.645539E1	2.617565E1	6.052483E0
2.648871E1	2.617327E1	6.059683E0
2.652203E1	2.617882E1	6.062850E0
2.655535E1	2.617806E1	6.064038E0
2.658867E1	2.617560E1	6.064882E0
2.662198E1	2.617550E1	6.065348E0
2.665530E1	2.617417E1	6.072622E0
2.668862E1	2.617595E1	6.120627E0
2.672194E1	2.623372E1	6.245600E0
2.675526E1	2.630896E1	6.371275E0
2.678858E1	2.632559E1	6.366175E0
2.682190E1	2.628959E1	6.287127E0
2.685522E1	2.628997E1	6.291806E0
2.688854E1	2.629244E1	6.302522E0
2.692186E1	2.626391E1	6.295291E0
2.695518E1	2.629410E1	6.292814E0
2.698850E1	2.633431E1	6.300716E0
2.702181E1	2.638481E1	6.309806E0
2.705513E1	2.650427E1	6.331571E0
2.708845E1	2.663190E1	6.359581E0
2.712177E1	2.671239E1	6.381739E0
2.715509E1	2.676053E1	6.400441E0
2.718841E1	2.683341E1	6.421524E0
2.722173E1	2.689884E1	6.444718E0
2.725505E1	2.694565E1	6.462228E0
2.728837E1	2.697350E1	6.463222E0
2.732169E1	2.699324E1	6.468488E0
2.735501E1	2.699790E1	6.464207E0
2.738832E1	2.700385E1	6.461618E0
2.742164E1	2.704838E1	6.467209E0
2.745496E1	2.707219E1	6.502984E0
2.748828E1	2.708001E1	6.528795E0
2.752160E1	2.708757E1	6.515056E0
2.755492E1	2.709291E1	6.511610E0
2.758824E1	2.710058E1	6.511357E0
2.762156E1	2.707268E1	6.509176E0
2.765488E1	2.706284E1	6.494980E0
2.768820E1	2.705148E1	6.456107E0
2.772152E1	2.709097E1	6.390339E0
2.775484E1	2.722779E1	6.302080E0
2.778815E1	2.719776E1	6.334812E0
2.782147E1	2.714617E1	6.358057E0
2.785479E1	2.715754E1	6.331479E0
2.788811E1	2.712036E1	6.325152E0
2.792143E1	2.712735E1	6.331891E0
2.795475E1	2.712300E1	6.337768E0
2.798807E1	2.712759E1	6.343331E0
2.802139E1	2.720977E1	6.374694E0
2.805471E1	2.739795E1	6.413962E0
2.808803E1	2.753506E1	6.470657E0
2.812135E1	2.756246E1	6.483684E0
2.815466E1	2.758237E1	6.495006E0
2.818798E1	2.763480E1	6.515759E0
2.822130E1	2.772334E1	6.547679E0
2.825462E1	2.782964E1	6.584699E0
2.828794E1	2.790737E1	6.602025E0
2.832126E1	2.798581E1	6.619462E0
2.835458E1	2.806300E1	6.623722E0
2.838790E1	2.810854E1	6.623586E0
2.842122E1	2.811889E1	6.613393E0
2.845454E1	2.809277E1	6.596255E0
2.848786E1	2.809950E1	6.605390E0
2.852118E1	2.809455E1	6.610394E0
2.855449E1	2.810011E1	6.613502E0
2.858781E1	2.810317E1	6.614856E0
2.862113E1	2.808427E1	6.615887E0
2.865445E1	2.808723E1	6.614632E0
2.868777E1	2.809860E1	6.641078E0
2.872109E1	2.816044E1	6.737765E0
2.875441E1	2.821599E1	6.933109E0
2.878773E1	2.827607E1	6.902998E0
2.882105E1	2.825828E1	6.843036E0
2.885437E1	2.826179E1	6.845589E0
2.888769E1	2.827892E1	6.845241E0
2.892100E1	2.827328E1	6.841756E0
2.895432E1	2.829592E1	6.837576E0
2.898764E1	2.828104E1	6.840856E0
2.902096E1	2.837795E1	6.870968E0
2.905428E1	2.856615E1	6.925556E0
2.908760E1	2.865701E1	6.968103E0
2.912092E1	2.865612E1	6.953788E0
2.915424E1	2.870213E1	6.956659E0
2.918756E1	2.875703E1	7.000822E0
2.922088E1	2.881788E1	7.038120E0
2.925420E1	2.890547E1	7.027726E0
2.928752E1	2.899815E1	7.035565E0
2.932083E1	2.905038E1	7.078000E0
2.935415E1	2.907581E1	7.098771E0
2.938747E1	2.909660E1	7.103026E0
2.942079E1	2.908052E1	7.110166E0
2.945411E1	2.909806E1	7.143795E0
2.948743E1	2.908704E1	7.132384E0
2.952075E1	2.908993E1	7.125616E0
2.955407E1	2.909726E1	7.122180E0
2.958739E1	2.910057E1	7.121545E0
2.962071E1	2.910402E1	7.120394E0
2.965403E1	2.910372E1	7.120619E0
2.968734E1	2.907988E1	7.107390E0
2.972066E1	2.901535E1	7.093082E0
2.975398E1	2.892648E1	7.054554E0
2.978730E1	2.891597E1	6.962038E0
2.982062E1	2.893983E1	6.936820E0
2.985394E1	2.892133E1	6.962433E0
2.988726E1	2.889266E1	6.945682E0
2.992058E1	2.888184E1	6.944389E0
2.995390E1	2.888516E1	6.946501E0
2.998722E1	2.892581E1	6.960814E0
3.002054E1	2.904136E1	6.997667E0
3.005386E1	2.917018E1	7.011871E0
3.008717E1	2.921784E1	7.051973E0
3.012049E1	2.926161E1	7.071554E0
3.015381E1	2.933220E1	7.098276E0
3.018713E1	2.939381E1	7.117799E0
3.022045E1	2.944097E1	7.135240E0
3.025377E1	2.949647E1	7.140540E0
3.028709E1	2.955893E1	7.136846E0
3.032041E1	2.961595E1	7.128440E0
3.035373E1	2.968421E1	7.114481E0
3.038705E1	2.974316E1	7.109873E0
3.042037E1	2.976089E1	7.111143E0
3.045368E1	2.976200E1	7.093400E0
3.048700E1	2.976259E1	7.100945E0
3.052032E1	2.974417E1	7.098113E0
3.055364E1	2.973453E1	7.104371E0
3.058696E1	2.972777E1	7.107634E0
3.062028E1	2.972417E1	7.109937E0
3.065360E1	2.972159E1	7.111871E0
3.068692E1	2.971989E1	7.113006E0
3.072024E1	2.971441E1	7.113739E0
3.075356E1	2.973226E1	7.121788E0
3.078688E1	2.971862E1	7.151119E0
3.082019E1	2.968129E1	7.165893E0
3.085351E1	2.966417E1	7.171425E0
3.088683E1	2.967714E1	7.152829E0
3.092015E1	2.965838E1	7.139891E0
3.095347E1	2.966319E1	7.142557E0
3.098679E1	2.967325E1	7.170236E0
3.102011E1	2.974609E1	7.222152E0
3.105343E1	2.988294E1	7.252633E0
3.108675E1	3.004405E1	7.299554E0
3.112007E1	3.016736E1	7.334202E0
3.115339E1	3.019174E1	7.340023E0
3.118671E1	3.024962E1	7.343975E0
3.122002E1	3.033213E1	7.342072E0
3.125334E1	3.040262E1	7.342181E0
3.128666E1	3.043395E1	7.355102E0
3.131998E1	3.042408E1	7.373080E0
3.135330E1	3.041491E1	7.382781E0
3.138662E1	3.043252E1	7.385533E0
3.141994E1	3.044767E1	7.396981E0
3.145326E1	3.042647E1	7.415110E0
3.148658E1	3.043124E1	7.408596E0
3.151990E1	3.043304E1	7.398580E0
3.155322E1	3.042889E1	7.396303E0
3.158653E1	3.043442E1	7.397435E0
3.161985E1	3.039415E1	7.397020E0
3.165317E1	3.039150E1	7.389440E0
3.168649E1	3.038554E1	7.353474E0
3.171981E1	3.039492E1	7.334071E0
3.175313E1	3.043645E1	7.332044E0
3.178645E1	3.037093E1	7.314594E0
3.181977E1	3.020726E1	7.188451E0
3.185309E1	2.990186E1	7.009399E0
3.188641E1	2.965635E1	6.963413E0
3.191973E1	2.954023E1	7.111206E0
3.195305E1	2.956713E1	7.243846E0
3.198636E1	2.969881E1	7.371156E0
3.201968E1	2.989537E1	7.436445E0
3.205300E1	2.999274E1	7.467652E0
3.208632E1	3.000785E1	7.479799E0
3.211964E1	3.005194E1	7.527348E0
3.215296E1	3.014533E1	7.552846E0
3.218628E1	3.019112E1	7.555513E0
3.221960E1	3.021166E1	7.555413E0
3.225292E1	3.022849E1	7.550276E0
3.228624E1	3.026541E1	7.561154E0
3.231956E1	3.030993E1	7.571319E0
3.235287E1	3.036789E1	7.565779E0
3.238619E1	3.041425E1	7.553333E0
3.241951E1	3.044417E1	7.547700E0
3.245283E1	3.045479E1	7.548109E0
3.248615E1	3.045006E1	7.550698E0
3.251947E1	3.044519E1	7.553469E0
3.255279E1	3.044147E1	7.554433E0
3.258611E1	3.043985E1	7.555416E0
3.261943E1	3.041608E1	7.554500E0
3.265275E1	3.043253E1	7.560275E0
3.268607E1	3.045937E1	7.591746E0
3.271939E1	3.048863E1	7.712606E0
3.275270E1	3.054990E1	7.899984E0
3.278602E1	3.061871E1	7.906446E0
3.281934E1	3.061176E1	7.838356E0
3.285266E1	3.059031E1	7.825841E0
3.288598E1	3.059365E1	7.848259E0
3.291930E1	3.059789E1	7.858350E0
3.295262E1	3.061403E1	7.847047E0
3.298594E1	3.066040E1	7.866241E0
3.301926E1	3.076237E1	7.902198E0
3.305258E1	3.088170E1	7.925157E0
3.308590E1	3.094841E1	7.926862E0
3.311921E1	3.099067E1	7.932989E0
3.315253E1	3.101053E1	7.932096E0
3.318585E1	3.100274E1	7.935976E0
3.321917E1	3.101493E1	7.935441E0
3.325249E1	3.110690E1	7.936010E0
3.328581E1	3.115176E1	8.006674E0
3.331913E1	3.121142E1	8.052506E0
3.335245E1	3.122119E1	8.036486E0
3.338577E1	3.123250E1	8.036555E0
3.341909E1	3.126489E1	8.057018E0
3.345241E1	3.127275E1	8.071027E0
3.348573E1	3.126330E1	8.066941E0
3.351904E1	3.125243E1	8.068484E0
3.355236E1	3.127275E1	8.063012E0
3.358568E1	3.126705E1	8.060662E0
3.361900E1	3.123331E1	8.056573E0
3.365232E1	3.121185E1	8.046628E0
3.368564E1	3.117075E1	8.033464E0
3.371896E1	3.119019E1	7.993364E0
3.375228E1	3.131097E1	7.890335E0
3.378560E1	3.131227E1	7.911739E0
3.381892E1	3.129295E1	7.943744E0
3.385224E1	3.133335E1	7.945709E0
3.388555E1	3.131892E1	7.940384E0
3.391887E1	3.128525E1	7.902722E0
3.395219E1	3.128330E1	7.903086E0
3.398551E1	3.132455E1	7.928192E0
3.401883E1	3.140024E1	7.948778E0
3.405215E1	3.149527E1	7.995280E0
3.408547E1	3.158098E1	8.037697E0
3.411879E1	3.162047E1	8.053138E0
3.415211E1	3.161619E1	8.055984E0
3.418543E1	3.162247E1	8.060003E0
3.421875E1	3.166580E1	8.094100E0
3.425207E1	3.174120E1	8.116906E0
3.428538E1	3.184076E1	8.109130E0
3.431870E1	3.189029E1	8.119079E0
3.435202E1	3.192594E1	8.128899E0
3.438534E1	3.195230E1	8.106285E0
3.441866E1	3.195179E1	8.090092E0
3.445198E1	3.193925E1	8.090030E0
3.448530E1	3.193379E1	8.096547E0
3.451862E1	3.191869E1	8.100278E0
3.455194E1	3.192590E1	8.104065E0
3.458526E1	3.192739E1	8.106509E0
3.461858E1	3.191228E1	8.109120E0
3.465189E1	3.192880E1	8.111384E0
3.468521E1	3.194168E1	8.133075E0
3.471853E1	3.200710E1	8.224104E0
3.475185E1	3.207768E1	8.447954E0
3.478517E1	3.214385E1	8.421149E0
3.481849E1	3.210388E1	8.349169E0
3.485181E1	3.207169E1	8.337563E0
3.488513E1	3.208388E1	8.357260E0
3.491845E1	3.207548E1	8.340546E0
3.495177E1	3.207948E1	8.338938E0
3.498509E1	3.208173E1	8.339840E0
3.501841E1	3.208501E1	8.338837E0
3.505172E1	3.208907E1	8.337891E0
3.508504E1	3.215830E1	8.335900E0
3.511836E1	3.236015E1	8.359430E0
3.515168E1	3.256284E1	8.401173E0
3.518500E1	3.257308E1	8.489450E0
3.521832E1	3.257684E1	8.462725E0
3.525164E1	3.261356E1	8.412999E0
3.528496E1	3.261700E1	8.434081E0
3.531828E1	3.259741E1	8.488801E0
3.535160E1	3.260586E1	8.473912E0
3.538492E1	3.259974E1	8.483835E0
3.541823E1	3.261562E1	8.502677E0
3.545155E1	3.261597E1	8.504290E0
3.548487E1	3.260292E1	8.501464E0
3.551819E1	3.260519E1	8.501524E0
3.555151E1	3.260772E1	8.502274E0
3.558483E1	3.260487E1	8.502320E0
3.561815E1	3.259103E1	8.501682E0
3.565147E1	3.257142E1	8.493567E0
3.568479E1	3.254270E1	8.457681E0
3.571811E1	3.256014E1	8.389116E0
3.575143E1	3.264289E1	8.287460E0
3.578475E1	3.264735E1	8.307276E0
3.581806E1	3.262835E1	8.340892E0
3.585138E1	3.266817E1	8.321654E0
3.588470E1	3.262869E1	8.319836E0
3.591802E1	3.260981E1	8.299818E0
3.595134E1	3.260929E1	8.293187E0
3.598466E1	3.261071E1	8.289337E0
3.601798E1	3.260709E1	8.291822E0
3.605130E1	3.267118E1	8.329181E0
3.608462E1	3.284494E1	8.396906E0
3.611794E1	3.304089E1	8.459157E0
3.615126E1	3.311766E1	8.484529E0
3.618457E1	3.313056E1	8.503983E0
3.621789E1	3.319439E1	8.513878E0
3.625121E1	3.329530E1	8.537679E0
3.628453E1	3.339449E1	8.550867E0
3.631785E1	3.349387E1	8.571840E0
3.635117E1	3.360960E1	8.571894E0
3.638449E1	3.372060E1	8.587006E0
3.641781E1	3.380017E1	8.617059E0
3.645113E1	3.388261E1	8.623773E0
3.648445E1	3.397105E1	8.637003E0
3.651777E1	3.403590E1	8.642743E0
3.655109E1	3.404682E1	8.653282E0
3.658440E1	3.403614E1	8.655455E0
3.661772E1	3.403146E1	8.659171E0
3.665104E1	3.401892E1	8.659513E0
3.668436E1	3.402460E1	8.668662E0
3.671768E1	3.409069E1	8.775029E0
3.675100E1	3.414584E1	8.992680E0
3.678432E1	3.419736E1	8.972340E0
3.681764E1	3.417775E1	8.911024E0
3.685096E1	3.415586E1	8.897011E0
3.688428E1	3.415127E1	8.941033E0
3.691760E1	3.413596E1	8.931206E0
3.695091E1	3.414614E1	8.921823E0
3.698423E1	3.416687E1	8.926276E0
3.701755E1	3.421745E1	8.944790E0
3.705087E1	3.434700E1	9.012378E0
3.708419E1	3.455228E1	9.052089E0
3.711751E1	3.459791E1	9.064272E0
3.715083E1	3.457688E1	9.057850E0
3.718415E1	3.462116E1	9.063856E0
3.721747E1	3.469183E1	9.088770E0
3.725079E1	3.476404E1	9.103926E0
3.728411E1	3.482703E1	9.111548E0
3.731743E1	3.486744E1	9.127821E0
3.735074E1	3.490028E1	9.162530E0
3.738406E1	3.492254E1	9.158611E0
3.741738E1	3.491843E1	9.160523E0
3.745070E1	3.492557E1	9.173567E0
3.748402E1	3.492484E1	9.169442E0
3.751734E1	3.491702E1	9.162739E0
3.755066E1	3.492823E1	9.168133E0
3.758398E1	3.492597E1	9.166194E0
3.761730E1	3.492137E1	9.165252E0
3.765062E1	3.492534E1	9.156197E0
3.768394E1	3.493098E1	9.154006E0
3.771725E1	3.492806E1	9.157660E0
3.775057E1	3.492530E1	9.159487E0
3.778389E1	3.491788E1	9.150715E0
3.781721E1	3.487763E1	9.117222E0
3.785053E1	3.484954E1	9.121526E0
3.788385E1	3.483092E1	9.057533E0
3.791717E1	3.477245E1	8.994734E0
3.795049E1	3.476126E1	9.010840E0
3.798381E1	3.481256E1	9.053533E0
3.801713E1	3.490002E1	9.106189E0
3.805045E1	3.499842E1	9.122896E0
3.808377E1	3.508257E1	9.159577E0
3.811708E1	3.514858E1	9.193423E0
3.815040E1	3.520570E1	9.230785E0
3.818372E1	3.528465E1	9.272127E0
3.821704E1	3.536647E1	9.283195E0
3.825036E1	3.542965E1	9.285529E0
3.828368E1	3.548358E1	9.287956E0
3.831700E1	3.557673E1	9.304395E0
3.835032E1	3.567265E1	9.329641E0
3.838364E1	3.575632E1	9.340878E0
3.841696E1	3.582422E1	9.350306E0
3.845028E1	3.586099E1	9.357513E0
3.848359E1	3.585170E1	9.353033E0
3.851691E1	3.581931E1	9.342915E0
3.855023E1	3.582552E1	9.347977E0
3.858355E1	3.582123E1	9.342824E0
3.861687E1	3.581733E1	9.337823E0
3.865019E1	3.581565E1	9.335303E0
3.868351E1	3.580997E1	9.331863E0
3.871683E1	3.576456E1	9.303111E0
3.875015E1	3.561948E1	9.237207E0
3.878347E1	3.542251E1	9.197429E0
3.881679E1	3.510127E1	9.223986E0
3.885011E1	3.472430E1	9.362925E0
3.888342E1	3.439118E1	9.386121E0
3.891674E1	3.426681E1	9.245867E0
3.895006E1	3.447232E1	9.205047E0
3.898338E1	3.470878E1	9.211756E0
3.901670E1	3.489783E1	9.291325E0
3.905002E1	3.493814E1	9.288483E0
3.908334E1	3.497728E1	9.280148E0
3.911666E1	3.505253E1	9.247514E0
3.914998E1	3.514449E1	9.245256E0
3.918330E1	3.523850E1	9.268296E0
3.921662E1	3.531962E1	9.261682E0
3.924993E1	3.538558E1	9.234486E0
3.928325E1	3.541824E1	9.233445E0
3.931657E1	3.542948E1	9.253997E0
3.934989E1	3.544047E1	9.280636E0
3.938321E1	3.546917E1	9.277860E0
3.941653E1	3.549754E1	9.275485E0
3.944985E1	3.552125E1	9.293676E0
3.948317E1	3.553344E1	9.287452E0
3.951649E1	3.553326E1	9.283887E0
3.954981E1	3.553367E1	9.282570E0
3.958313E1	3.553803E1	9.283790E0
3.961645E1	3.552876E1	9.283416E0
3.964976E1	3.551346E1	9.274225E0
3.968308E1	3.547656E1	9.252712E0
3.971640E1	3.553593E1	9.189009E0
3.974972E1	3.565102E1	9.111374E0
3.978304E1	3.561460E1	9.145967E0
3.981636E1	3.556740E1	9.198933E0
3.984968E1	3.553929E1	9.197241E0
3.988300E1	3.546715E1	9.178905E0
3.991632E1	3.545873E1	9.168860E0
3.994964E1	3.545598E1	9.167954E0
3.998296E1	3.547182E1	9.169866E0
4.001627E1	3.555127E1	9.200009E0
4.004959E1	3.567780E1	9.248046E0
4.008291E1	3.581472E1	9.265957E0
4.011623E1	3.589508E1	9.285575E0
4.014955E1	3.593495E1	9.288228E0
4.018287E1	3.598404E1	9.299695E0
4.021619E1	3.606906E1	9.328170E0
4.024951E1	3.614053E1	9.348745E0
4.028283E1	3.622228E1	9.377525E0
4.031615E1	3.633023E1	9.389025E0
4.034947E1	3.642951E1	9.403796E0
4.038279E1	3.651624E1	9.431515E0
4.041610E1	3.657164E1	9.452431E0
4.044942E1	3.659877E1	9.440733E0
4.048274E1	3.660469E1	9.439642E0
4.051606E1	3.659481E1	9.451127E0
4.054938E1	3.659101E1	9.446268E0
4.058270E1	3.658875E1	9.441312E0
4.061602E1	3.657951E1	9.441937E0
4.064934E1	3.659100E1	9.443452E0
4.068266E1	3.658781E1	9.443498E0
4.071598E1	3.658686E1	9.443294E0
4.074930E1	3.658577E1	9.442370E0
4.078261E1	3.660156E1	9.443838E0
4.081593E1	3.660530E1	9.487451E0
4.084925E1	3.658749E1	9.528958E0
4.088257E1	3.654411E1	9.546569E0
4.091589E1	3.647822E1	9.546591E0
4.094921E1	3.645728E1	9.545075E0
4.098253E1	3.647790E1	9.552572E0
4.101585E1	3.654975E1	9.564328E0
4.104917E1	3.667869E1	9.607984E0
4.108249E1	3.680057E1	9.645696E0
4.111581E1	3.686023E1	9.656931E0
4.114913E1	3.692835E1	9.658167E0
4.118244E1	3.700069E1	9.661876E0
4.121576E1	3.707570E1	9.660844E0
4.124908E1	3.712388E1	9.671796E0
4.128240E1	3.715417E1	9.670505E0
4.131572E1	3.712389E1	9.687716E0
4.134904E1	3.708438E1	9.679111E0
4.138236E1	3.706245E1	9.681306E0
4.141568E1	3.708730E1	9.676381E0
4.144900E1	3.710693E1	9.680625E0
4.148232E1	3.712307E1	9.687719E0
4.151564E1	3.711067E1	9.698892E0
4.154895E1	3.712351E1	9.717602E0
4.158227E1	3.712980E1	9.718174E0
4.161559E1	3.710239E1	9.712063E0
4.164891E1	3.710433E1	9.701868E0
4.168223E1	3.709985E1	9.672119E0
4.171555E1	3.715081E1	9.614908E0
4.174887E1	3.719416E1	9.616931E0
4.178219E1	3.716365E1	9.632681E0
4.181551E1	3.704267E1	9.539144E0
4.184883E1	3.675215E1	9.388818E0
4.188215E1	3.649418E1	9.331794E0
4.191547E1	3.639862E1	9.433641E0
4.194878E1	3.644316E1	9.517492E0
4.198210E1	3.661586E1	9.620880E0
4.201542E1	3.681122E1	9.673718E0
4.204874E1	3.686979E1	9.674597E0
4.208206E1	3.689079E1	9.704863E0
4.211538E1	3.697911E1	9.731654E0
4.214870E1	3.708933E1	9.769505E0
4.218202E1	3.719006E1	9.803101E0
4.221534E1	3.724792E1	9.830930E0
4.224866E1	3.729631E1	9.840677E0
4.228198E1	3.732769E1	9.840089E0
4.231529E1	3.734394E1	9.855451E0
4.234861E1	3.737397E1	9.847845E0
4.238193E1	3.740946E1	9.844469E0
4.241525E1	3.745980E1	9.851541E0
4.244857E1	3.750123E1	9.855876E0
4.248189E1	3.751220E1	9.844799E0
4.251521E1	3.751557E1	9.840410E0
4.254853E1	3.751711E1	9.845787E0
4.258185E1	3.751881E1	9.841886E0
4.261517E1	3.750054E1	9.839869E0
4.264849E1	3.750875E1	9.839906E0
4.268181E1	3.753435E1	9.870475E0
4.271512E1	3.758667E1	9.991285E0
4.274844E1	3.767885E1	1.021278E1
4.278176E1	3.774481E1	1.022807E1
4.281508E1	3.770656E1	1.012158E1
4.284840E1	3.765034E1	1.006229E1
4.288172E1	3.763693E1	1.009661E1
4.291504E1	3.762500E1	1.009938E1
4.294836E1	3.761795E1	1.010490E1
4.298168E1	3.764259E1	1.011282E1
4.301500E1	3.773333E1	1.014185E1
4.304832E1	3.788227E1	1.017551E1
4.308163E1	3.799715E1	1.018019E1
4.311495E1	3.800351E1	1.017285E1
4.314827E1	3.800926E1	1.016989E1
4.318159E1	3.802862E1	1.016147E1
4.321491E1	3.802659E1	1.016091E1
4.324823E1	3.803578E1	1.016091E1
4.328155E1	3.811544E1	1.015266E1
4.331487E1	3.812545E1	1.021568E1
4.334819E1	3.814454E1	1.025612E1
4.338151E1	3.814265E1	1.025240E1
4.341483E1	3.814004E1	1.026114E1
4.344815E1	3.817725E1	1.029425E1
4.348146E1	3.816896E1	1.029952E1
4.351478E1	3.814222E1	1.029100E1
4.354810E1	3.813849E1	1.028866E1
4.358142E1	3.813795E1	1.028669E1
4.361474E1	3.812864E1	1.027883E1
4.364806E1	3.808667E1	1.027498E1
4.368138E1	3.804911E1	1.025465E1
4.371470E1	3.807487E1	1.020522E1
4.374802E1	3.813685E1	1.010717E1
4.378134E1	3.814581E1	1.010489E1
4.381466E1	3.812717E1	1.015087E1
4.384797E1	3.814287E1	1.014422E1
4.388129E1	3.808298E1	1.011694E1
4.391461E1	3.805754E1	1.010855E1
4.394793E1	3.805095E1	1.010368E1
4.398125E1	3.807091E1	1.011005E1
4.401457E1	3.812103E1	1.014639E1
4.404789E1	3.821285E1	1.017426E1
4.408121E1	3.830327E1	1.021714E1
4.411453E1	3.836220E1	1.024364E1
4.414785E1	3.842112E1	1.026529E1
4.418117E1	3.844819E1	1.028269E1
4.421449E1	3.845308E1	1.027992E1
4.424780E1	3.846277E1	1.028139E1
4.428112E1	3.850859E1	1.032226E1
4.431444E1	3.858528E1	1.032792E1
4.434776E1	3.868092E1	1.031806E1
4.438108E1	3.873905E1	1.032928E1
4.441440E1	3.876279E1	1.033367E1
4.444772E1	3.877521E1	1.032899E1
4.448104E1	3.878216E1	1.032792E1
4.451436E1	3.877101E1	1.032791E1
4.454768E1	3.877843E1	1.032805E1
4.458100E1	3.878412E1	1.032805E1
4.461431E1	3.876091E1	1.032343E1
4.464763E1	3.875782E1	1.032750E1
4.468095E1	3.877189E1	1.033966E1
4.471427E1	3.885510E1	1.042031E1
4.474759E1	3.891787E1	1.065712E1
4.478091E1	3.885843E1	1.060380E1
4.481423E1	3.883893E1	1.051182E1
4.484755E1	3.880856E1	1.046402E1
4.488087E1	3.877553E1	1.046716E1
4.491419E1	3.877862E1	1.047048E1
4.494751E1	3.879406E1	1.047710E1
4.498083E1	3.879202E1	1.049018E1
4.501414E1	3.881583E1	1.050027E1
4.504746E1	3.891747E1	1.052474E1
4.508078E1	3.907196E1	1.056061E1
4.511410E1	3.917038E1	1.060603E1
4.514742E1	3.917201E1	1.061366E1
4.518074E1	3.916909E1	1.060362E1
4.521406E1	3.924763E1	1.059751E1
4.524738E1	3.933591E1	1.066982E1
4.528070E1	3.940809E1	1.072269E1
4.531402E1	3.945184E1	1.072362E1
4.534734E1	3.948988E1	1.072273E1
4.538065E1	3.954029E1	1.074588E1
4.541397E1	3.954516E1	1.075827E1
4.544729E1	3.954376E1	1.076205E1
4.548061E1	3.955671E1	1.077830E1
4.551393E1	3.955498E1	1.077427E1
4.554725E1	3.956222E1	1.076664E1
4.558057E1	3.956366E1	1.076917E1
4.561389E1	3.954111E1	1.076229E1
4.564721E1	3.951013E1	1.075178E1
4.568053E1	3.947256E1	1.071950E1
4.571385E1	3.950187E1	1.068383E1
4.574717E1	3.959464E1	1.055097E1
4.578048E1	3.959100E1	1.052165E1
4.581380E1	3.961620E1	1.060351E1
4.584712E1	3.963819E1	1.061036E1
4.588044E1	3.967075E1	1.059259E1
4.591376E1	3.969868E1	1.058433E1
4.594708E1	3.968148E1	1.060016E1
4.598040E1	3.966223E1	1.060644E1
4.601372E1	3.962990E1	1.057615E1
4.604704E1	3.961706E1	1.056009E1
4.608036E1	3.963139E1	1.054916E1
4.611368E1	3.967435E1	1.056370E1
4.614699E1	3.975075E1	1.059648E1
4.618031E1	3.980051E1	1.062906E1
4.621363E1	3.985418E1	1.064746E1
4.624695E1	3.993928E1	1.068390E1
4.628027E1	4.005214E1	1.071227E1
4.631359E1	4.013934E1	1.073349E1
4.634691E1	4.021955E1	1.075383E1
4.638023E1	4.028485E1	1.076917E1
4.641355E1	4.034300E1	1.078282E1
4.644687E1	4.041352E1	1.078699E1
4.648019E1	4.045039E1	1.078884E1
4.651351E1	4.044230E1	1.078519E1
4.654682E1	4.044676E1	1.078073E1
4.658014E1	4.045010E1	1.077818E1
4.661346E1	4.042984E1	1.077721E1
4.664678E1	4.044303E1	1.077637E1
4.668010E1	4.046113E1	1.079124E1
4.671342E1	4.051685E1	1.086339E1
4.674674E1	4.056913E1	1.113194E1
4.678006E1	4.054827E1	1.112764E1
4.681338E1	4.058311E1	1.101679E1
4.684670E1	4.060703E1	1.103439E1
4.688002E1	4.061037E1	1.110651E1
4.691333E1	4.062503E1	1.111827E1
4.694665E1	4.067380E1	1.107840E1
4.697997E1	4.073739E1	1.104362E1
4.701329E1	4.077028E1	1.107043E1
4.704661E1	4.079036E1	1.110621E1
4.707993E1	4.078927E1	1.111085E1
4.711325E1	4.082503E1	1.112085E1
4.714657E1	4.090940E1	1.114019E1
4.717989E1	4.099816E1	1.116562E1
4.721321E1	4.110578E1	1.119034E1
4.724653E1	4.117418E1	1.121444E1
4.727985E1	4.119852E1	1.122299E1
4.731316E1	4.118795E1	1.124486E1
4.734648E1	4.119435E1	1.127604E1
4.737980E1	4.119353E1	1.127395E1
4.741312E1	4.118870E1	1.127139E1
4.744644E1	4.120732E1	1.129523E1
4.747976E1	4.118275E1	1.127961E1
4.751308E1	4.116554E1	1.127247E1
4.754640E1	4.118638E1	1.127763E1
4.757972E1	4.117706E1	1.127501E1
4.761304E1	4.117569E1	1.127403E1
4.764636E1	4.113473E1	1.126041E1
4.767967E1	4.110669E1	1.123762E1
4.771299E1	4.114978E1	1.117873E1
4.774631E1	4.121943E1	1.109581E1
4.777963E1	4.129837E1	1.107745E1
4.781295E1	4.126959E1	1.108107E1
4.784627E1	4.124361E1	1.106551E1
4.787959E1	4.123629E1	1.101157E1
4.791291E1	4.118123E1	1.096007E1
4.794623E1	4.117712E1	1.094946E1
4.797955E1	4.120816E1	1.097196E1
4.801287E1	4.126636E1	1.100629E1
4.804619E1	4.136441E1	1.105512E1
4.807950E1	4.143715E1	1.111642E1
4.811282E1	4.151376E1	1.116275E1
4.814614E1	4.156406E1	1.119626E1
4.817946E1	4.160092E1	1.121536E1
4.821278E1	4.167350E1	1.122391E1
4.824610E1	4.176836E1	1.126487E1
4.827942E1	4.186826E1	1.131373E1
4.831274E1	4.195926E1	1.133947E1
4.834606E1	4.201537E1	1.135632E1
4.837938E1	4.201756E1	1.136499E1
4.841270E1	4.201250E1	1.136863E1
4.844601E1	4.201032E1	1.137186E1
4.847933E1	4.202610E1	1.138515E1
4.851265E1	4.199614E1	1.138436E1
4.854597E1	4.190543E1	1.133429E1
4.857929E1	4.191530E1	1.133746E1
4.861261E1	4.192645E1	1.134184E1
4.864593E1	4.193481E1	1.134010E1
4.867925E1	4.193904E1	1.136077E1
4.871257E1	4.200795E1	1.146933E1
4.874589E1	4.209784E1	1.171581E1
4.877921E1	4.213529E1	1.167849E1
4.881253E1	4.205133E1	1.154401E1
4.884584E1	4.197499E1	1.147771E1
4.887916E1	4.184640E1	1.146728E1
4.891248E1	4.182974E1	1.146028E1
4.894580E1	4.186536E1	1.145997E1
4.897912E1	4.184930E1	1.145100E1
4.901244E1	4.189653E1	1.146598E1
4.904576E1	4.200563E1	1.148793E1
4.907908E1	4.214510E1	1.150556E1
4.911240E1	4.227183E1	1.153920E1
4.914572E1	4.233951E1	1.157219E1
4.917904E1	4.237589E1	1.160173E1
4.921235E1	4.240781E1	1.163039E1
4.924567E1	4.244994E1	1.164371E1
4.927899E1	4.249884E1	1.165997E1
4.931231E1	4.250315E1	1.169302E1
4.934563E1	4.250089E1	1.170593E1
4.937895E1	4.250097E1	1.170612E1
4.941227E1	4.250319E1	1.170702E1
4.944559E1	4.250418E1	1.171558E1
4.947891E1	4.250202E1	1.174502E1
4.951223E1	4.249228E1	1.175232E1
4.954555E1	4.251300E1	1.175610E1
4.957887E1	4.250807E1	1.176168E1
4.961218E1	4.249308E1	1.176189E1
4.964550E1	4.244424E1	1.174867E1
4.967882E1	4.243757E1	1.171226E1
4.971214E1	4.245457E1	1.166309E1
4.974546E1	4.249442E1	1.156688E1
4.977878E1	4.252086E1	1.153338E1
4.981210E1	4.245138E1	1.158365E1
4.984542E1	4.238814E1	1.156660E1
4.987874E1	4.228373E1	1.149299E1
4.991206E1	4.224808E1	1.147104E1
4.994538E1	4.224270E1	1.147614E1
4.997869E1	4.223332E1	1.148242E1
5.001201E1	4.225283E1	1.149601E1
5.004533E1	4.235252E1	1.153208E1
5.007865E1	4.248525E1	1.155414E1
5.011197E1	4.256805E1	1.156199E1
5.014529E1	4.257317E1	1.155905E1
5.017861E1	4.256811E1	1.156087E1
5.021193E1	4.256412E1	1.155434E1
5.024525E1	4.259268E1	1.158759E1
5.027857E1	4.267822E1	1.160734E1
5.031189E1	4.273962E1	1.162473E1
5.034521E1	4.281574E1	1.164201E1
5.037852E1	4.284353E1	1.166196E1
5.041184E1	4.285627E1	1.165676E1
5.044516E1	4.289740E1	1.165222E1
5.047848E1	4.296913E1	1.166473E1
5.051180E1	4.300173E1	1.168281E1
5.054512E1	4.301540E1	1.167402E1
5.057844E1	4.301128E1	1.166999E1
5.061176E1	4.299451E1	1.166627E1
5.064508E1	4.300388E1	1.166724E1
5.067840E1	4.304326E1	1.168789E1
5.071172E1	4.309483E1	1.176979E1
5.074503E1	4.315961E1	1.197743E1
5.077835E1	4.315273E1	1.201693E1
5.081167E1	4.314961E1	1.191523E1
5.084499E1	4.314506E1	1.186968E1
5.087831E1	4.309395E1	1.184663E1
5.091163E1	4.306507E1	1.183470E1
5.094495E1	4.308643E1	1.183693E1
5.097827E1	4.310122E1	1.183062E1
5.101159E1	4.314706E1	1.184343E1
5.104491E1	4.326227E1	1.186373E1
5.107823E1	4.333063E1	1.188206E1
5.111154E1	4.331562E1	1.187447E1
5.114486E1	4.332071E1	1.187529E1
5.117818E1	4.332464E1	1.187625E1
5.121150E1	4.339502E1	1.187217E1
5.124482E1	4.359219E1	1.193175E1
5.127814E1	4.373609E1	1.204387E1
5.131146E1	4.373768E1	1.208395E1
5.134478E1	4.371335E1	1.204000E1
5.137810E1	4.371400E1	1.204144E1
5.141142E1	4.375895E1	1.207752E1
5.144474E1	4.376886E1	1.208715E1
5.147806E1	4.376655E1	1.208900E1
5.151137E1	4.377204E1	1.209666E1
5.154469E1	4.377527E1	1.209814E1
5.157801E1	4.377571E1	1.209710E1
5.161133E1	4.375964E1	1.209700E1
5.164465E1	4.374757E1	1.207324E1
5.167797E1	4.369826E1	1.205184E1
5.171129E1	4.369783E1	1.200325E1
5.174461E1	4.373177E1	1.188135E1
5.177793E1	4.377618E1	1.184783E1
5.181125E1	4.371860E1	1.189024E1
5.184457E1	4.368704E1	1.185615E1
5.187788E1	4.363180E1	1.181376E1
5.191120E1	4.359662E1	1.179523E1
5.194452E1	4.358516E1	1.179741E1
5.197784E1	4.359198E1	1.180822E1
5.201116E1	4.361249E1	1.181971E1
5.204448E1	4.371834E1	1.185689E1
5.207780E1	4.380897E1	1.188727E1
5.211112E1	4.380871E1	1.188343E1
5.214444E1	4.381450E1	1.188075E1
5.217776E1	4.381955E1	1.187975E1
5.221108E1	4.383994E1	1.189792E1
5.224440E1	4.394050E1	1.192885E1
5.227771E1	4.408231E1	1.195336E1
5.231103E1	4.424194E1	1.196493E1
5.234435E1	4.432610E1	1.200622E1
5.237767E1	4.438506E1	1.202181E1
5.241099E1	4.444044E1	1.204198E1
5.244431E1	4.448597E1	1.206403E1
5.247763E1	4.449361E1	1.205284E1
5.251095E1	4.446639E1	1.203772E1
5.254427E1	4.447269E1	1.204435E1
5.257759E1	4.448179E1	1.204411E1
5.261091E1	4.446337E1	1.203892E1
5.264422E1	4.448001E1	1.204711E1
5.267754E1	4.450157E1	1.205626E1
5.271086E1	4.455255E1	1.211374E1
5.274418E1	4.460680E1	1.227283E1
5.277750E1	4.455316E1	1.225277E1
5.281082E1	4.457767E1	1.218710E1
5.284414E1	4.451810E1	1.212230E1
5.287746E1	4.450988E1	1.211994E1
5.291078E1	4.451112E1	1.211825E1
5.294410E1	4.447787E1	1.210280E1
5.297742E1	4.446875E1	1.210329E1
5.301074E1	4.449399E1	1.211518E1
5.304405E1	4.451760E1	1.213874E1
5.307737E1	4.455692E1	1.215149E1
5.311069E1	4.461938E1	1.215117E1
5.314401E1	4.471137E1	1.216578E1
5.317733E1	4.483433E1	1.221035E1
5.321065E1	4.495576E1	1.226495E1
5.324397E1	4.499717E1	1.228003E1
5.327729E1	4.500413E1	1.227896E1
5.331061E1	4.499288E1	1.229889E1
5.334393E1	4.500263E1	1.231679E1
5.337725E1	4.499487E1	1.231519E1
5.341056E1	4.500452E1	1.231763E1
5.344388E1	4.503166E1	1.234795E1
5.347720E1	4.504261E1	1.236802E1
5.351052E1	4.502119E1	1.236141E1
5.354384E1	4.502573E1	1.236841E1
5.357716E1	4.503234E1	1.237096E1
5.361048E1	4.501856E1	1.236931E1
5.364380E1	4.498987E1	1.236368E1
5.367712E1	4.491795E1	1.233105E1
5.371044E1	4.491255E1	1.229510E1
5.374376E1	4.495038E1	1.219754E1
5.377708E1	4.498645E1	1.215779E1
5.381039E1	4.497863E1	1.220142E1
5.384371E1	4.500397E1	1.220398E1
5.387703E1	4.500162E1	1.220774E1
5.391035E1	4.499586E1	1.220444E1
5.394367E1	4.499799E1	1.220748E1
5.397699E1	4.499712E1	1.220814E1
5.401031E1	4.500180E1	1.220863E1
5.404363E1	4.501215E1	1.220641E1
5.407695E1	4.516864E1	1.225704E1
5.411027E1	4.523717E1	1.226850E1
