	mass A		
t	x	y	
0.000000E0	6.778140E-2	-5.889478E-2
3.331913E-2	2.119508E-1	-5.089137E-2
6.663826E-2	4.846328E-1	-1.739542E-2
9.995739E-2	7.559018E-1	-5.662774E-3
1.332765E-1	1.008321E0	1.537814E-3
1.665956E-1	1.179028E0	2.014469E-3
1.999148E-1	1.365322E0	-1.045575E-2
2.332339E-1	1.551218E0	-1.078568E-2
2.665530E-1	1.588954E0	-7.934398E-3
2.998722E-1	1.530615E0	-3.300436E-4
3.331913E-1	1.457035E0	2.973436E-3
3.665104E-1	1.390612E0	7.221316E-2
3.998296E-1	1.339828E0	1.862491E-1
4.331487E-1	1.284659E0	2.602568E-1
4.664678E-1	1.329983E0	2.214493E-1
4.997869E-1	1.371869E0	1.848444E-1
5.331061E-1	1.546694E0	1.731362E-1
5.664252E-1	1.783654E0	1.676696E-1
5.997443E-1	2.012979E0	1.468968E-1
6.330635E-1	2.265658E0	1.680157E-1
6.663826E-1	2.484203E0	1.844515E-1
6.997017E-1	2.618087E0	1.762364E-1
7.330209E-1	2.701457E0	1.618365E-1
7.663400E-1	2.713784E0	1.663045E-1
7.996591E-1	2.710629E0	1.598911E-1
8.329782E-1	2.732729E0	1.275504E-1
8.662974E-1	2.704826E0	1.135460E-1
8.996165E-1	2.643441E0	1.054166E-1
9.329356E-1	2.545174E0	9.247037E-2
9.662548E-1	2.444207E0	9.591680E-2
9.995739E-1	2.419791E0	9.198363E-2
1.032893E0	2.498502E0	1.062092E-1
1.066212E0	2.672035E0	1.101974E-1
1.099531E0	2.901591E0	1.300041E-1
1.132850E0	3.100223E0	1.486885E-1
1.166170E0	3.298446E0	1.625213E-1
1.199489E0	3.470674E0	1.485009E-1
1.232808E0	3.603332E0	1.114151E-1
1.266127E0	3.664198E0	9.623388E-2
1.299446E0	3.601679E0	9.334724E-2
1.332765E0	3.508971E0	8.967009E-2
1.366084E0	3.418124E0	1.309568E-1
1.399403E0	3.259789E0	2.010982E-1
1.432723E0	2.955434E0	2.594095E-1
1.466042E0	2.844503E0	2.123964E-1
1.499361E0	2.901450E0	1.844461E-1
1.532680E0	3.088657E0	1.178549E-1
1.565999E0	3.358048E0	7.767489E-2
1.599318E0	3.619539E0	7.447463E-2
1.632637E0	3.816493E0	9.929238E-2
1.665956E0	3.986165E0	9.406633E-2
1.699276E0	4.126362E0	9.409491E-2
1.732595E0	4.240045E0	1.098902E-1
1.765914E0	4.278808E0	1.058379E-1
1.799233E0	4.250442E0	1.093958E-1
1.832552E0	4.177740E0	1.174335E-1
1.865871E0	4.011269E0	1.294656E-1
1.899190E0	3.782205E0	1.065308E-1
1.932510E0	3.661884E0	1.146676E-1
1.965829E0	3.622048E0	1.053764E-1
1.999148E0	3.660584E0	1.063337E-1
2.032467E0	3.797576E0	8.958758E-2
2.065786E0	4.075040E0	1.108506E-1
2.099105E0	4.338726E0	1.215142E-1
2.132424E0	4.540790E0	1.258926E-1
2.165743E0	4.670669E0	1.208639E-1
2.199063E0	4.788977E0	1.045878E-1
2.232382E0	4.888469E0	1.003040E-1
2.265701E0	4.905298E0	1.044794E-1
2.299020E0	4.903881E0	1.058865E-1
2.332339E0	4.905327E0	1.051236E-1
2.365658E0	4.871546E0	1.128935E-1
2.398977E0	4.808285E0	1.260409E-1
2.432296E0	4.726756E0	1.094522E-1
2.465616E0	4.693508E0	1.057986E-1
2.498935E0	4.718162E0	1.059158E-1
2.532254E0	4.839316E0	1.151207E-1
2.565573E0	5.087114E0	1.704185E-1
2.598892E0	5.345442E0	1.966661E-1
2.632211E0	5.521031E0	1.772236E-1
2.665530E0	5.658302E0	1.421713E-1
2.698849E0	5.791283E0	1.451539E-1
2.732169E0	5.874185E0	1.430094E-1
2.765488E0	5.897107E0	1.703125E-1
2.798807E0	5.855139E0	1.766243E-1
2.832126E0	5.718865E0	2.024567E-1
2.865445E0	5.416854E0	2.225234E-1
2.898764E0	5.625810E0	2.355993E-1
2.932083E0	5.298493E0	1.168686E-1
2.965403E0	4.972739E0	5.248763E-2
2.998722E0	4.832909E0	1.432985E-1
3.032041E0	4.976544E0	2.579160E-1
3.065360E0	5.332921E0	3.379599E-1
3.098679E0	5.680516E0	3.894177E-1
3.131998E0	5.921593E0	3.667048E-1
3.165317E0	6.059723E0	3.692850E-1
3.198636E0	6.186724E0	3.586804E-1
3.231956E0	6.290539E0	3.555388E-1
3.265275E0	6.363934E0	3.539696E-1
3.298594E0	6.303544E0	3.500653E-1
3.331913E0	6.248806E0	3.435947E-1
3.365232E0	6.170302E0	3.654242E-1
3.398551E0	6.113128E0	4.540349E-1
3.431870E0	6.125208E0	4.537165E-1
3.465189E0	6.201297E0	4.624360E-1
3.498509E0	6.359640E0	5.130194E-1
3.531828E0	6.471575E0	5.225746E-1
3.565147E0	6.588206E0	4.979214E-1
3.598466E0	6.735138E0	4.907972E-1
3.631785E0	6.876491E0	5.052862E-1
3.665104E0	7.009957E0	5.150576E-1
3.698423E0	7.095941E0	5.308419E-1
3.731743E0	7.145481E0	5.370739E-1
3.765062E0	7.163643E0	5.252965E-1
3.798381E0	7.166527E0	5.184934E-1
3.831700E0	7.184328E0	5.108046E-1
3.865019E0	7.189337E0	4.712609E-1
3.898338E0	7.132761E0	4.468318E-1
3.931657E0	7.069967E0	4.085181E-1
3.964976E0	7.066288E0	3.755028E-1
3.998296E0	7.100457E0	3.804784E-1
4.031615E0	7.244329E0	4.026156E-1
4.064934E0	7.494290E0	4.496335E-1
4.098253E0	7.713419E0	4.732410E-1
4.131572E0	7.885258E0	5.128895E-1
4.164891E0	8.022570E0	5.349853E-1
4.198210E0	8.169919E0	5.704724E-1
4.231529E0	8.284879E0	5.848612E-1
4.264849E0	8.299260E0	5.660694E-1
4.298168E0	8.260402E0	5.626438E-1
4.331487E0	8.171687E0	5.910116E-1
4.364806E0	7.985038E0	7.317010E-1
4.398125E0	7.712673E0	8.012188E-1
4.431444E0	7.285636E0	8.729720E-1
4.464763E0	7.012523E0	9.128341E-1
4.498082E0	7.071602E0	8.391645E-1
4.531402E0	7.223500E0	7.338662E-1
4.564721E0	7.487010E0	6.807396E-1
4.598040E0	7.825986E0	6.835016E-1
4.631359E0	8.042775E0	7.236637E-1
4.664678E0	8.209225E0	7.408598E-1
4.697997E0	8.323938E0	7.392242E-1
4.731316E0	8.376196E0	7.415931E-1
4.764636E0	8.354435E0	7.299088E-1
4.797955E0	8.351338E0	7.231508E-1
4.831274E0	8.269879E0	7.225817E-1
4.864593E0	8.221154E0	7.293904E-1
4.897912E0	8.213401E0	7.088830E-1
4.931231E0	8.167875E0	6.819281E-1
4.964550E0	8.161137E0	6.878740E-1
4.997869E0	8.192657E0	6.778136E-1
5.031189E0	8.335771E0	7.265424E-1
5.064508E0	8.534014E0	7.714600E-1
5.097827E0	8.721094E0	7.862215E-1
5.131146E0	8.876826E0	7.825517E-1
5.164465E0	8.985305E0	7.794947E-1
5.197784E0	9.063464E0	7.856238E-1
5.231103E0	9.097165E0	7.854250E-1
5.264422E0	9.124772E0	7.805926E-1
5.297742E0	9.105765E0	7.905899E-1
5.331061E0	9.091166E0	7.895875E-1
5.364380E0	9.039497E0	8.254774E-1
5.397699E0	8.978860E0	9.431680E-1
5.431018E0	8.967977E0	1.012833E0
5.464337E0	9.085829E0	1.020890E0
5.497656E0	9.204845E0	1.046909E0
5.530976E0	9.261953E0	1.069811E0
5.564295E0	9.430873E0	1.061778E0
5.597614E0	9.598644E0	1.035402E0
5.630933E0	9.712750E0	1.008338E0
5.664252E0	9.763649E0	1.023192E0
5.697571E0	9.794063E0	1.007784E0
5.730890E0	9.781177E0	1.003459E0
5.764209E0	9.770794E0	1.008923E0
5.797529E0	9.762575E0	1.000298E0
5.830848E0	9.716511E0	9.815696E-1
5.864167E0	9.587907E0	9.888472E-1
5.897486E0	9.553579E0	9.784257E-1
5.930805E0	9.523519E0	9.150925E-1
5.964124E0	9.533180E0	9.018813E-1
5.997443E0	9.555719E0	8.911931E-1
6.030762E0	9.672336E0	9.289599E-1
6.064082E0	9.873494E0	9.924302E-1
6.097401E0	1.007273E1	1.019037E0
6.130720E0	1.023508E1	1.008408E0
6.164039E0	1.031136E1	1.004388E0
6.197358E0	1.037071E1	9.987279E-1
6.230677E0	1.040081E1	9.978505E-1
6.263996E0	1.039456E1	9.999345E-1
6.297315E0	1.036954E1	1.006674E0
6.330635E0	1.037425E1	1.008085E0
6.363954E0	1.033124E1	1.016256E0
6.397273E0	1.024616E1	1.117606E0
6.430592E0	1.021758E1	1.145266E0
6.463911E0	1.027106E1	1.153381E0
6.497230E0	1.035908E1	1.188764E0
6.530549E0	1.047342E1	1.173661E0
6.563869E0	1.048612E1	1.172799E0
6.597188E0	1.058513E1	1.159880E0
6.630507E0	1.065464E1	1.156917E0
6.663826E0	1.074897E1	1.185728E0
6.697145E0	1.078593E1	1.217688E0
6.730464E0	1.079200E1	1.221977E0
6.763783E0	1.079959E1	1.225783E0
6.797102E0	1.077865E1	1.212722E0
6.830422E0	1.071598E1	1.200048E0
6.863741E0	1.063204E1	1.182909E0
6.897060E0	1.062619E1	1.163864E0
6.930379E0	1.057996E1	1.122208E0
6.963698E0	1.057899E1	1.109380E0
6.997017E0	1.062168E1	1.095409E0
7.030336E0	1.074577E1	1.157946E0
7.063655E0	1.096112E1	1.232439E0
7.096975E0	1.120345E1	1.267861E0
7.130294E0	1.137049E1	1.277260E0
7.163613E0	1.143821E1	1.240149E0
7.196932E0	1.146818E1	1.224897E0
7.230251E0	1.148443E1	1.225523E0
7.263570E0	1.148159E1	1.226058E0
7.296889E0	1.146422E1	1.224210E0
7.330209E0	1.146255E1	1.230401E0
7.363528E0	1.141979E1	1.278166E0
7.396847E0	1.135567E1	1.399470E0
7.430166E0	1.135345E1	1.466862E0
7.463485E0	1.141225E1	1.459206E0
7.496804E0	1.157372E1	1.446914E0
7.530123E0	1.173203E1	1.459515E0
7.563442E0	1.186490E1	1.472215E0
7.596762E0	1.197536E1	1.477073E0
7.630081E0	1.205531E1	1.493411E0
7.663400E0	1.213333E1	1.508121E0
7.696719E0	1.219365E1	1.513945E0
7.730038E0	1.222047E1	1.510658E0
7.763357E0	1.221229E1	1.508769E0
7.796676E0	1.217098E1	1.499700E0
7.829995E0	1.210977E1	1.475458E0
7.863315E0	1.200426E1	1.434825E0
7.896634E0	1.197942E1	1.386495E0
7.929953E0	1.192138E1	1.328399E0
7.963272E0	1.189277E1	1.334754E0
7.996591E0	1.187516E1	1.334394E0
8.029910E0	1.193629E1	1.349803E0
8.063229E0	1.213769E1	1.413265E0
8.096548E0	1.243377E1	1.497381E0
8.129868E0	1.275782E1	1.556000E0
8.163187E0	1.300817E1	1.573526E0
8.196506E0	1.314138E1	1.595484E0
8.229825E0	1.320456E1	1.612360E0
8.263144E0	1.320655E1	1.610309E0
8.296463E0	1.319580E1	1.613224E0
8.329782E0	1.316486E1	1.591705E0
8.363102E0	1.307643E1	1.586816E0
8.396421E0	1.294665E1	1.640723E0
8.429740E0	1.288219E1	1.626267E0
8.463059E0	1.290911E1	1.633571E0
8.496378E0	1.306733E1	1.666103E0
8.529697E0	1.324366E1	1.699855E0
8.563016E0	1.338911E1	1.711674E0
8.596335E0	1.354022E1	1.710279E0
8.629655E0	1.364604E1	1.724461E0
8.662974E0	1.369353E1	1.737232E0
8.696293E0	1.373813E1	1.725309E0
8.729612E0	1.376302E1	1.712177E0
8.762931E0	1.376291E1	1.732657E0
8.796250E0	1.372734E1	1.721376E0
8.829569E0	1.367836E1	1.711857E0
8.862888E0	1.358602E1	1.704665E0
8.896208E0	1.357983E1	1.681495E0
8.929527E0	1.357335E1	1.624429E0
8.962846E0	1.356451E1	1.637252E0
8.996165E0	1.359523E1	1.643355E0
9.029484E0	1.374102E1	1.681896E0
9.062803E0	1.396262E1	1.760577E0
9.096122E0	1.415097E1	1.834713E0
9.129442E0	1.434148E1	1.883667E0
9.162761E0	1.452123E1	1.900243E0
9.196080E0	1.467321E1	1.904759E0
9.229399E0	1.476830E1	1.936800E0
9.262718E0	1.479927E1	1.944948E0
9.296037E0	1.476782E1	1.947414E0
9.329356E0	1.474259E1	1.936385E0
9.362675E0	1.466653E1	1.945689E0
9.395995E0	1.456821E1	2.050091E0
9.429314E0	1.452657E1	2.159475E0
9.462633E0	1.455023E1	2.185342E0
9.495952E0	1.468106E1	2.184554E0
9.529271E0	1.479176E1	2.201831E0
9.562590E0	1.491168E1	2.235263E0
9.595909E0	1.502726E1	2.240324E0
9.629228E0	1.507402E1	2.237260E0
9.662548E0	1.507991E1	2.248974E0
9.695867E0	1.510786E1	2.256166E0
9.729186E0	1.509251E1	2.260829E0
9.762505E0	1.508595E1	2.268980E0
9.795824E0	1.506820E1	2.266557E0
9.829143E0	1.501961E1	2.255810E0
9.862462E0	1.491156E1	2.250491E0
9.895781E0	1.485942E1	2.193502E0
9.929101E0	1.480524E1	2.154673E0
9.962420E0	1.481537E1	2.159340E0
9.995739E0	1.487270E1	2.176709E0
1.002906E1	1.502665E1	2.231498E0
1.006238E1	1.519713E1	2.301365E0
1.009570E1	1.538595E1	2.367896E0
1.012902E1	1.555319E1	2.417108E0
1.016233E1	1.569693E1	2.417283E0
1.019565E1	1.579269E1	2.439147E0
1.022897E1	1.585154E1	2.459787E0
1.026229E1	1.587876E1	2.456391E0
1.029561E1	1.587093E1	2.456571E0
1.032893E1	1.578464E1	2.428063E0
1.036225E1	1.566426E1	2.441064E0
1.039557E1	1.553084E1	2.525038E0
1.042889E1	1.547526E1	2.549471E0
1.046221E1	1.546038E1	2.575480E0
1.049553E1	1.558967E1	2.553805E0
1.052884E1	1.578947E1	2.599071E0
1.056216E1	1.597981E1	2.677223E0
1.059548E1	1.606558E1	2.720663E0
1.062880E1	1.616566E1	2.718609E0
1.066212E1	1.624627E1	2.709176E0
1.069544E1	1.629632E1	2.714677E0
1.072876E1	1.629938E1	2.716990E0
1.076208E1	1.629079E1	2.723884E0
1.079540E1	1.625636E1	2.714769E0
1.082872E1	1.620762E1	2.706648E0
1.086204E1	1.607298E1	2.684806E0
1.089536E1	1.602088E1	2.621693E0
1.092867E1	1.596585E1	2.545997E0
1.096199E1	1.593550E1	2.565461E0
1.099531E1	1.599024E1	2.586381E0
1.102863E1	1.612257E1	2.648915E0
1.106195E1	1.631599E1	2.730473E0
1.109527E1	1.652886E1	2.768951E0
1.112859E1	1.670082E1	2.820297E0
1.116191E1	1.688928E1	2.845975E0
1.119523E1	1.708143E1	2.873269E0
1.122855E1	1.720957E1	2.895550E0
1.126187E1	1.722528E1	2.894551E0
1.129518E1	1.719115E1	2.891964E0
1.132850E1	1.715610E1	2.882340E0
1.136182E1	1.712068E1	2.907449E0
1.139514E1	1.706606E1	3.028642E0
1.142846E1	1.708319E1	3.103892E0
1.146178E1	1.708969E1	3.132433E0
1.149510E1	1.716809E1	3.111300E0
1.152842E1	1.730053E1	3.124833E0
1.156174E1	1.748945E1	3.156568E0
1.159506E1	1.764804E1	3.176945E0
1.162838E1	1.771458E1	3.185218E0
1.166170E1	1.771810E1	3.167627E0
1.169501E1	1.774093E1	3.175242E0
1.172833E1	1.777513E1	3.192431E0
1.176165E1	1.777161E1	3.203830E0
1.179497E1	1.773342E1	3.184392E0
1.182829E1	1.770509E1	3.161943E0
1.186161E1	1.763824E1	3.107643E0
1.189493E1	1.762944E1	3.043945E0
1.192825E1	1.759660E1	3.040804E0
1.196157E1	1.755484E1	3.062652E0
1.199489E1	1.758209E1	3.059701E0
1.202821E1	1.770337E1	3.104789E0
1.206152E1	1.790641E1	3.171504E0
1.209484E1	1.811571E1	3.245331E0
1.212816E1	1.831204E1	3.303744E0
1.216148E1	1.849465E1	3.350743E0
1.219480E1	1.866120E1	3.368074E0
1.222812E1	1.872420E1	3.390882E0
1.226144E1	1.871226E1	3.389107E0
1.229476E1	1.871497E1	3.387967E0
1.232808E1	1.870838E1	3.387342E0
1.236140E1	1.866155E1	3.400457E0
1.239472E1	1.858896E1	3.511530E0
1.242804E1	1.860695E1	3.580242E0
1.246135E1	1.860643E1	3.611769E0
1.249467E1	1.863969E1	3.616814E0
1.252799E1	1.868238E1	3.607103E0
1.256131E1	1.881929E1	3.627587E0
1.259463E1	1.902435E1	3.639182E0
1.262795E1	1.917642E1	3.674365E0
1.266127E1	1.929098E1	3.719456E0
1.269459E1	1.931875E1	3.730098E0
1.272791E1	1.929416E1	3.726209E0
1.276123E1	1.926737E1	3.723397E0
1.279455E1	1.925880E1	3.719265E0
1.282786E1	1.919478E1	3.707708E0
1.286118E1	1.912096E1	3.665338E0
1.289450E1	1.905070E1	3.594643E0
1.292782E1	1.903428E1	3.561573E0
1.296114E1	1.900723E1	3.583039E0
1.299446E1	1.904860E1	3.611956E0
1.302778E1	1.916441E1	3.651127E0
1.306110E1	1.928157E1	3.713320E0
1.309442E1	1.941355E1	3.763230E0
1.312774E1	1.952227E1	3.793975E0
1.316106E1	1.962215E1	3.782412E0
1.319438E1	1.971957E1	3.772028E0
1.322769E1	1.976482E1	3.780329E0
1.326101E1	1.976984E1	3.778989E0
1.329433E1	1.976106E1	3.774980E0
1.332765E1	1.978267E1	3.782289E0
1.336097E1	1.976164E1	3.835208E0
1.339429E1	1.967237E1	3.933357E0
1.342761E1	1.965607E1	4.049923E0
1.346093E1	1.966440E1	4.064399E0
1.349425E1	1.980170E1	4.050771E0
1.352757E1	2.000749E1	4.026216E0
1.356089E1	2.019264E1	4.064966E0
1.359420E1	2.033612E1	4.101233E0
1.362752E1	2.047089E1	4.157589E0
1.366084E1	2.062663E1	4.174604E0
1.369416E1	2.075309E1	4.175901E0
1.372748E1	2.084596E1	4.189624E0
1.376080E1	2.088242E1	4.195054E0
1.379412E1	2.083548E1	4.181543E0
1.382744E1	2.079027E1	4.170893E0
1.386076E1	2.064592E1	4.147732E0
1.389408E1	2.058294E1	4.074291E0
1.392740E1	2.059300E1	4.017865E0
1.396072E1	2.060199E1	4.053041E0
1.399403E1	2.063186E1	4.108210E0
1.402735E1	2.066403E1	4.114369E0
1.406067E1	2.083544E1	4.160817E0
1.409399E1	2.106956E1	4.236028E0
1.412731E1	2.131575E1	4.265092E0
1.416063E1	2.150981E1	4.292847E0
1.419395E1	2.159501E1	4.280484E0
1.422727E1	2.159949E1	4.274473E0
1.426059E1	2.157441E1	4.269341E0
1.429391E1	2.157334E1	4.268925E0
1.432723E1	2.159417E1	4.270509E0
1.436054E1	2.155581E1	4.277037E0
1.439386E1	2.148069E1	4.392893E0
1.442718E1	2.146512E1	4.483152E0
1.446050E1	2.149233E1	4.422642E0
1.449382E1	2.157241E1	4.404625E0
1.452714E1	2.169674E1	4.422856E0
1.456046E1	2.188172E1	4.472545E0
1.459378E1	2.208359E1	4.535152E0
1.462710E1	2.224852E1	4.587017E0
1.466042E1	2.235316E1	4.621885E0
1.469374E1	2.242190E1	4.603616E0
1.472706E1	2.247365E1	4.602558E0
1.476037E1	2.247032E1	4.640025E0
1.479369E1	2.245976E1	4.631869E0
1.482701E1	2.240672E1	4.613596E0
1.486033E1	2.228628E1	4.568330E0
1.489365E1	2.219866E1	4.473449E0
1.492697E1	2.215028E1	4.402799E0
1.496029E1	2.209455E1	4.391139E0
1.499361E1	2.210146E1	4.392150E0
1.502693E1	2.220631E1	4.423459E0
1.506025E1	2.237961E1	4.492309E0
1.509357E1	2.257644E1	4.560663E0
1.512688E1	2.273055E1	4.605499E0
1.516020E1	2.286963E1	4.621348E0
1.519352E1	2.297499E1	4.629450E0
1.522684E1	2.299240E1	4.647457E0
1.526016E1	2.296845E1	4.647278E0
1.529348E1	2.297665E1	4.649970E0
1.532680E1	2.295911E1	4.646755E0
1.536012E1	2.288341E1	4.638481E0
1.539344E1	2.278863E1	4.714746E0
1.542676E1	2.276761E1	4.829966E0
1.546008E1	2.280969E1	4.855880E0
1.549340E1	2.291869E1	4.821688E0
1.552671E1	2.312607E1	4.802943E0
1.556003E1	2.331938E1	4.826091E0
1.559335E1	2.342970E1	4.899542E0
1.562667E1	2.353171E1	4.929534E0
1.565999E1	2.362551E1	4.940222E0
1.569331E1	2.366430E1	4.953447E0
1.572663E1	2.369843E1	4.952582E0
1.575995E1	2.369304E1	4.941284E0
1.579327E1	2.366556E1	4.935871E0
1.582659E1	2.362528E1	4.914267E0
1.585991E1	2.347527E1	4.875555E0
1.589322E1	2.337884E1	4.790067E0
1.592654E1	2.331583E1	4.731911E0
1.595986E1	2.325994E1	4.705399E0
1.599318E1	2.327271E1	4.690997E0
1.602650E1	2.340152E1	4.739855E0
1.605982E1	2.356727E1	4.817755E0
1.609314E1	2.374363E1	4.868788E0
1.612646E1	2.388243E1	4.895227E0
1.615978E1	2.400033E1	4.880878E0
1.619310E1	2.412396E1	4.866590E0
1.622642E1	2.417799E1	4.867856E0
1.625974E1	2.415876E1	4.869778E0
1.629305E1	2.415693E1	4.872837E0
1.632637E1	2.417932E1	4.880330E0
1.635969E1	2.414038E1	4.916996E0
1.639301E1	2.407298E1	5.034756E0
1.642633E1	2.405836E1	5.137837E0
1.645965E1	2.406329E1	5.130062E0
1.649297E1	2.412780E1	5.094828E0
1.652629E1	2.425347E1	5.094965E0
1.655961E1	2.445243E1	5.136230E0
1.659293E1	2.458418E1	5.183350E0
1.662625E1	2.471742E1	5.214868E0
1.665956E1	2.482931E1	5.223629E0
1.669288E1	2.489764E1	5.252128E0
1.672620E1	2.493997E1	5.265828E0
1.675952E1	2.492667E1	5.256951E0
1.679284E1	2.490925E1	5.251924E0
1.682616E1	2.487109E1	5.234655E0
1.685948E1	2.476626E1	5.220113E0
1.689280E1	2.473006E1	5.121730E0
1.692612E1	2.471134E1	5.061308E0
1.695944E1	2.466115E1	5.041729E0
1.699276E1	2.467099E1	5.022928E0
1.702608E1	2.479740E1	5.042222E0
1.705939E1	2.496081E1	5.099313E0
1.709271E1	2.510313E1	5.181128E0
1.712603E1	2.525328E1	5.246369E0
1.715935E1	2.541032E1	5.274931E0
1.719267E1	2.556113E1	5.272730E0
1.722599E1	2.562715E1	5.264962E0
1.725931E1	2.560484E1	5.264615E0
1.729263E1	2.560625E1	5.263675E0
1.732595E1	2.559925E1	5.263683E0
1.735927E1	2.556920E1	5.279685E0
1.739259E1	2.553822E1	5.371078E0
1.742590E1	2.554899E1	5.481290E0
1.745922E1	2.555563E1	5.478850E0
1.749254E1	2.555409E1	5.435900E0
1.752586E1	2.566953E1	5.426430E0
1.755918E1	2.590071E1	5.469944E0
1.759250E1	2.607960E1	5.528515E0
1.762582E1	2.624757E1	5.530479E0
1.765914E1	2.634561E1	5.545392E0
1.769246E1	2.641718E1	5.551466E0
1.772578E1	2.644013E1	5.577857E0
1.775910E1	2.644971E1	5.591949E0
1.779242E1	2.641406E1	5.582677E0
1.782573E1	2.637019E1	5.580467E0
1.785905E1	2.634264E1	5.561213E0
1.789237E1	2.629376E1	5.488469E0
1.792569E1	2.628497E1	5.425992E0
1.795901E1	2.625466E1	5.419565E0
1.799233E1	2.622548E1	5.431741E0
1.802565E1	2.634594E1	5.439233E0
1.805897E1	2.656390E1	5.507749E0
1.809229E1	2.678120E1	5.552283E0
1.812561E1	2.696144E1	5.559436E0
1.815893E1	2.712648E1	5.570216E0
1.819224E1	2.728986E1	5.599032E0
1.822556E1	2.737097E1	5.614381E0
1.825888E1	2.738026E1	5.608318E0
1.829220E1	2.738120E1	5.604788E0
1.832552E1	2.736001E1	5.603154E0
1.835884E1	2.736398E1	5.642722E0
1.839216E1	2.734344E1	5.783267E0
1.842548E1	2.738985E1	5.904580E0
1.845880E1	2.739519E1	5.934250E0
1.849212E1	2.744326E1	5.909213E0
1.852544E1	2.757130E1	5.873074E0
1.855876E1	2.782030E1	5.903213E0
1.859207E1	2.797238E1	5.969639E0
1.862539E1	2.808389E1	5.992066E0
1.865871E1	2.815854E1	5.987318E0
1.869203E1	2.818025E1	5.996794E0
1.872535E1	2.818353E1	6.019443E0
1.875867E1	2.817576E1	6.025968E0
1.879199E1	2.816231E1	6.022080E0
1.882531E1	2.811170E1	6.003436E0
1.885863E1	2.800154E1	5.977555E0
1.889195E1	2.793095E1	5.914591E0
1.892527E1	2.794654E1	5.850983E0
1.895858E1	2.790651E1	5.857664E0
1.899190E1	2.787798E1	5.864854E0
1.902522E1	2.798929E1	5.879141E0
1.905854E1	2.823962E1	5.923053E0
1.909186E1	2.848435E1	6.004564E0
1.912518E1	2.866126E1	6.048382E0
1.915850E1	2.882221E1	6.083499E0
1.919182E1	2.898203E1	6.104794E0
1.922514E1	2.908145E1	6.111877E0
1.925846E1	2.909386E1	6.104274E0
1.929178E1	2.909397E1	6.099581E0
1.932510E1	2.908980E1	6.098637E0
1.935841E1	2.909539E1	6.082851E0
1.939173E1	2.900078E1	6.096347E0
1.942505E1	2.885598E1	6.198967E0
1.945837E1	2.878283E1	6.276756E0
1.949169E1	2.878643E1	6.275678E0
1.952501E1	2.890694E1	6.240523E0
1.955833E1	2.915517E1	6.257166E0
1.959165E1	2.932250E1	6.339564E0
1.962497E1	2.943011E1	6.456477E0
1.965829E1	2.948845E1	6.504297E0
1.969161E1	2.947652E1	6.486825E0
1.972492E1	2.945097E1	6.482191E0
1.975824E1	2.941930E1	6.486891E0
1.979156E1	2.943352E1	6.472633E0
1.982488E1	2.938023E1	6.474548E0
1.985820E1	2.929734E1	6.454262E0
1.989152E1	2.922649E1	6.374545E0
1.992484E1	2.921354E1	6.337922E0
1.995816E1	2.915678E1	6.310046E0
1.999148E1	2.914757E1	6.307737E0
2.002480E1	2.927568E1	6.331851E0
2.005812E1	2.950431E1	6.399258E0
2.009144E1	2.964385E1	6.462829E0
2.012475E1	2.964852E1	6.480168E0
2.015807E1	2.965245E1	6.506845E0
2.019139E1	2.960735E1	6.476532E0
2.022471E1	2.957766E1	6.462807E0
2.025803E1	2.960316E1	6.468720E0
2.029135E1	2.958797E1	6.475025E0
2.032467E1	2.962703E1	6.488579E0
2.035799E1	2.964259E1	6.544639E0
2.039131E1	2.963989E1	6.679207E0
2.042463E1	2.972949E1	6.795492E0
2.045795E1	2.980616E1	6.796491E0
2.049126E1	2.986570E1	6.760787E0
2.052458E1	2.993623E1	6.768848E0
2.055790E1	3.009902E1	6.839416E0
2.059122E1	3.025294E1	6.899633E0
2.062454E1	3.039363E1	6.900456E0
2.065786E1	3.047612E1	6.928398E0
2.069118E1	3.055714E1	6.931789E0
2.072450E1	3.059269E1	6.962160E0
2.075782E1	3.058484E1	6.973463E0
2.079114E1	3.055724E1	6.956356E0
2.082446E1	3.051246E1	6.945073E0
2.085778E1	3.043685E1	6.909736E0
2.089109E1	3.042452E1	6.815762E0
2.092441E1	3.051001E1	6.752054E0
2.095773E1	3.053499E1	6.770696E0
2.099105E1	3.054817E1	6.761946E0
2.102437E1	3.054814E1	6.731805E0
2.105769E1	3.055800E1	6.734724E0
2.109101E1	3.066647E1	6.777528E0
2.112433E1	3.086128E1	6.849799E0
2.115765E1	3.109129E1	6.893796E0
2.119097E1	3.130137E1	6.937561E0
2.122429E1	3.146665E1	6.952697E0
2.125760E1	3.153549E1	6.957527E0
2.129092E1	3.152225E1	6.966006E0
2.132424E1	3.148262E1	6.960179E0
2.135756E1	3.146327E1	6.965869E0
2.139088E1	3.145729E1	7.079918E0
2.142420E1	3.148766E1	7.213147E0
2.145752E1	3.151348E1	7.244601E0
2.149084E1	3.151907E1	7.212645E0
2.152416E1	3.163194E1	7.210160E0
2.155748E1	3.182965E1	7.211093E0
2.159080E1	3.197785E1	7.269002E0
2.162412E1	3.204457E1	7.298218E0
2.165743E1	3.203331E1	7.265402E0
2.169075E1	3.207369E1	7.250308E0
2.172407E1	3.213003E1	7.281736E0
2.175739E1	3.210660E1	7.341300E0
2.179071E1	3.207365E1	7.352495E0
2.182403E1	3.205796E1	7.314031E0
2.185735E1	3.198419E1	7.257101E0
2.189067E1	3.192954E1	7.159807E0
2.192399E1	3.198272E1	7.068328E0
2.195731E1	3.196178E1	7.097538E0
2.199063E1	3.192475E1	7.110185E0
2.202394E1	3.204870E1	7.127950E0
2.205726E1	3.221899E1	7.193619E0
2.209058E1	3.241420E1	7.241241E0
2.212390E1	3.258039E1	7.265548E0
2.215722E1	3.273875E1	7.273945E0
2.219054E1	3.290136E1	7.263682E0
2.222386E1	3.304686E1	7.261402E0
2.225718E1	3.309275E1	7.260033E0
2.229050E1	3.307757E1	7.261149E0
2.232382E1	3.304359E1	7.258939E0
2.235714E1	3.303415E1	7.280670E0
2.239046E1	3.303088E1	7.428015E0
2.242377E1	3.305737E1	7.584255E0
2.245709E1	3.308128E1	7.585900E0
2.249041E1	3.306664E1	7.542554E0
2.252373E1	3.309788E1	7.530431E0
2.255705E1	3.315915E1	7.535821E0
2.259037E1	3.328806E1	7.542392E0
2.262369E1	3.350225E1	7.586225E0
2.265701E1	3.360598E1	7.684512E0
2.269033E1	3.363550E1	7.733437E0
2.272365E1	3.362049E1	7.750530E0
2.275697E1	3.362849E1	7.766557E0
2.279028E1	3.361723E1	7.749749E0
2.282360E1	3.358888E1	7.730368E0
2.285692E1	3.350496E1	7.718782E0
2.289024E1	3.342585E1	7.626189E0
2.292356E1	3.341014E1	7.570874E0
2.295688E1	3.334279E1	7.546981E0
2.299020E1	3.330214E1	7.521499E0
2.302352E1	3.341448E1	7.558734E0
2.305684E1	3.364422E1	7.645343E0
2.309016E1	3.385766E1	7.713942E0
2.312348E1	3.401295E1	7.751170E0
2.315680E1	3.417257E1	7.778228E0
2.319011E1	3.435437E1	7.796437E0
2.322343E1	3.452082E1	7.808377E0
2.325675E1	3.460343E1	7.821680E0
2.329007E1	3.461063E1	7.817127E0
2.332339E1	3.461149E1	7.817145E0
2.335671E1	3.455962E1	7.791409E0
2.339003E1	3.449648E1	7.785756E0
2.342335E1	3.441217E1	7.788471E0
2.345667E1	3.434744E1	7.802083E0
2.348999E1	3.434688E1	7.803741E0
2.352331E1	3.441677E1	7.803980E0
2.355662E1	3.460653E1	7.851291E0
2.358994E1	3.483242E1	7.863552E0
2.362326E1	3.500988E1	7.866299E0
2.365658E1	3.509780E1	7.903536E0
2.368990E1	3.512477E1	7.941870E0
2.372322E1	3.508747E1	7.988616E0
2.375654E1	3.503959E1	8.028233E0
2.378986E1	3.503352E1	8.020802E0
2.382318E1	3.501772E1	7.992641E0
2.385650E1	3.494193E1	7.922577E0
2.388982E1	3.473768E1	7.845103E0
2.392314E1	3.448542E1	7.736662E0
2.395645E1	3.417798E1	7.742338E0
2.398977E1	3.400730E1	7.786846E0
2.402309E1	3.411374E1	7.846302E0
2.405641E1	3.439207E1	7.888192E0
2.408973E1	3.464365E1	7.945885E0
2.412305E1	3.487082E1	8.008274E0
2.415637E1	3.501135E1	8.044156E0
2.418969E1	3.512767E1	8.065402E0
2.422301E1	3.523461E1	8.079366E0
2.425633E1	3.522759E1	8.077992E0
2.428965E1	3.522736E1	8.078303E0
2.432296E1	3.522677E1	8.080911E0
2.435628E1	3.523466E1	8.093314E0
2.438960E1	3.523623E1	8.225557E0
2.442292E1	3.519995E1	8.302470E0
2.445624E1	3.513999E1	8.257327E0
2.448956E1	3.510674E1	8.167410E0
2.452288E1	3.522659E1	8.195282E0
2.455620E1	3.549735E1	8.297816E0
2.458952E1	3.569653E1	8.406371E0
2.462284E1	3.568853E1	8.419972E0
2.465616E1	3.569439E1	8.368729E0
2.468948E1	3.573215E1	8.408312E0
2.472279E1	3.571684E1	8.459641E0
2.475611E1	3.566412E1	8.432486E0
2.478943E1	3.567379E1	8.405614E0
2.482275E1	3.563516E1	8.376127E0
2.485607E1	3.554482E1	8.340609E0
2.488939E1	3.545255E1	8.266232E0
2.492271E1	3.543178E1	8.231794E0
2.495603E1	3.535737E1	8.201029E0
2.498935E1	3.531533E1	8.201741E0
2.502267E1	3.541545E1	8.213986E0
2.505599E1	3.562189E1	8.274701E0
2.508930E1	3.581072E1	8.335878E0
2.512262E1	3.596148E1	8.404728E0
2.515594E1	3.613702E1	8.434043E0
2.518926E1	3.634141E1	8.462314E0
2.522258E1	3.652323E1	8.492417E0
2.525590E1	3.663903E1	8.523857E0
2.528922E1	3.661581E1	8.523798E0
2.532254E1	3.655707E1	8.514061E0
2.535586E1	3.655713E1	8.526778E0
2.538918E1	3.660050E1	8.617044E0
2.542250E1	3.662876E1	8.754806E0
2.545581E1	3.662694E1	8.717049E0
2.548913E1	3.655150E1	8.659126E0
2.552245E1	3.657448E1	8.686158E0
2.555577E1	3.671089E1	8.766308E0
2.558909E1	3.690986E1	8.826098E0
2.562241E1	3.709293E1	8.866720E0
2.565573E1	3.717199E1	8.872301E0
2.568905E1	3.717350E1	8.876277E0
2.572237E1	3.714906E1	8.894293E0
2.575569E1	3.714446E1	8.910966E0
2.578901E1	3.714026E1	8.898037E0
2.582233E1	3.710866E1	8.863728E0
2.585564E1	3.702931E1	8.844964E0
2.588896E1	3.693038E1	8.767081E0
2.592228E1	3.694346E1	8.685041E0
2.595560E1	3.694629E1	8.699593E0
2.598892E1	3.685795E1	8.700190E0
2.602224E1	3.691070E1	8.671382E0
2.605556E1	3.692689E1	8.692316E0
2.608888E1	3.701359E1	8.729186E0
2.612220E1	3.718870E1	8.803627E0
2.615552E1	3.743287E1	8.844825E0
2.618884E1	3.766837E1	8.873378E0
2.622215E1	3.782125E1	8.907134E0
2.625547E1	3.783496E1	8.907379E0
2.628879E1	3.780245E1	8.910280E0
2.632211E1	3.781061E1	8.906271E0
2.635543E1	3.780004E1	8.888463E0
2.638875E1	3.773812E1	8.957327E0
2.642207E1	3.764191E1	9.026466E0
2.645539E1	3.756113E1	8.978600E0
2.648871E1	3.752859E1	8.952876E0
2.652203E1	3.764144E1	8.977961E0
2.655535E1	3.787545E1	9.059872E0
2.658867E1	3.809881E1	9.144575E0
2.662198E1	3.822182E1	9.194931E0
2.665530E1	3.827341E1	9.223648E0
2.668862E1	3.828030E1	9.236300E0
2.672194E1	3.821975E1	9.235251E0
2.675526E1	3.819484E1	9.236415E0
2.678858E1	3.819817E1	9.233463E0
2.682190E1	3.817273E1	9.219606E0
2.685522E1	3.817870E1	9.190465E0
2.688854E1	3.823531E1	9.109083E0
2.692186E1	3.833112E1	8.996113E0
2.695518E1	3.838823E1	9.027519E0
2.698849E1	3.836566E1	9.089881E0
2.702181E1	3.832673E1	9.084197E0
2.705513E1	3.831785E1	9.042918E0
2.708845E1	3.842130E1	9.066064E0
2.712177E1	3.857696E1	9.147851E0
2.715509E1	3.877269E1	9.188624E0
2.718841E1	3.897337E1	9.234159E0
2.722173E1	3.910787E1	9.273020E0
2.725505E1	3.916957E1	9.293064E0
2.728837E1	3.915002E1	9.294729E0
2.732169E1	3.912202E1	9.285158E0
2.735501E1	3.908970E1	9.276196E0
2.738832E1	3.902169E1	9.314827E0
2.742164E1	3.888730E1	9.366490E0
2.745496E1	3.876657E1	9.336348E0
2.748828E1	3.871910E1	9.242822E0
2.752160E1	3.879603E1	9.239652E0
2.755492E1	3.906814E1	9.309242E0
2.758824E1	3.937761E1	9.458614E0
2.762156E1	3.952772E1	9.540715E0
2.765488E1	3.958171E1	9.509413E0
2.768820E1	3.962662E1	9.505654E0
2.772152E1	3.963850E1	9.558228E0
2.775483E1	3.961068E1	9.573698E0
2.778815E1	3.958785E1	9.573034E0
2.782147E1	3.950157E1	9.531392E0
2.785479E1	3.943222E1	9.481823E0
2.788811E1	3.937946E1	9.356130E0
2.792143E1	3.938745E1	9.278000E0
2.795475E1	3.930583E1	9.255318E0
2.798807E1	3.925880E1	9.229890E0
2.802139E1	3.936531E1	9.266931E0
2.805471E1	3.954951E1	9.347221E0
2.808803E1	3.975387E1	9.436724E0
2.812135E1	3.992064E1	9.495515E0
2.815466E1	4.001874E1	9.518994E0
2.818798E1	4.005916E1	9.506585E0
2.822130E1	4.007595E1	9.514616E0
2.825462E1	4.007978E1	9.516304E0
2.828794E1	4.007406E1	9.518635E0
2.832126E1	4.008977E1	9.522197E0
2.835458E1	4.008352E1	9.531117E0
2.838790E1	4.002467E1	9.554544E0
2.842122E1	3.992071E1	9.608075E0
2.845454E1	3.978154E1	9.557338E0
2.848786E1	3.971178E1	9.494301E0
2.852117E1	3.980043E1	9.507606E0
2.855449E1	4.005006E1	9.561329E0
2.858781E1	4.028174E1	9.618669E0
2.862113E1	4.038856E1	9.647857E0
2.865445E1	4.043903E1	9.631179E0
2.868777E1	4.042641E1	9.640638E0
2.872109E1	4.042720E1	9.636447E0
2.875441E1	4.042650E1	9.633317E0
2.878773E1	4.039031E1	9.631595E0
2.882105E1	4.027551E1	9.631874E0
2.885437E1	4.019845E1	9.600524E0
2.888769E1	4.013991E1	9.462906E0
2.892100E1	4.019831E1	9.368288E0
2.895432E1	4.015064E1	9.333193E0
2.898764E1	4.006196E1	9.311174E0
2.902096E1	4.015118E1	9.344127E0
2.905428E1	4.034982E1	9.422811E0
2.908760E1	4.058806E1	9.490698E0
2.912092E1	4.079319E1	9.568242E0
2.915424E1	4.095758E1	9.615955E0
2.918756E1	4.109100E1	9.641419E0
2.922088E1	4.121354E1	9.651957E0
2.925420E1	4.125350E1	9.652044E0
2.928751E1	4.124164E1	9.644370E0
2.932083E1	4.121676E1	9.630270E0
2.935415E1	4.119072E1	9.630665E0
2.938747E1	4.114924E1	9.649866E0
2.942079E1	4.095445E1	9.581018E0
2.945411E1	4.076178E1	9.485905E0
2.948743E1	4.062576E1	9.403308E0
2.952075E1	4.072997E1	9.406035E0
2.955407E1	4.103432E1	9.491764E0
2.958739E1	4.125921E1	9.601343E0
2.962071E1	4.133029E1	9.628167E0
2.965403E1	4.128908E1	9.621974E0
2.968734E1	4.128928E1	9.630957E0
