	mass A		
t	x	y	
0.000000E0	2.288395E-1	-1.203425E-1
3.331913E-2	3.150369E-1	-1.080286E-1
6.663826E-2	2.904091E-1	-1.572843E-1
9.995740E-2	3.766066E-1	-1.942261E-1
1.332765E-1	4.628041E-1	-1.942261E-1
1.665957E-1	5.982572E-1	-1.942261E-1
1.999148E-1	6.844547E-1	-1.942261E-1
2.332339E-1	8.691636E-1	-1.572843E-1
2.665531E-1	9.553611E-1	-1.449703E-1
2.998722E-1	1.090814E0	-1.326564E-1
3.331913E-1	1.177012E0	-1.080286E-1
3.665104E-1	1.374035E0	-8.340072E-2
3.998296E-1	1.447918E0	-5.877286E-2
4.331487E-1	1.521802E0	-8.340072E-2
4.664678E-1	1.621669E0	-8.949343E-2
4.997870E-1	1.745030E0	-9.410934E-2
5.331061E-1	1.842268E0	-8.576780E-2
5.664252E-1	1.943929E0	-8.853857E-2
5.997444E-1	2.055714E0	-9.247482E-2
6.330635E-1	2.124320E0	-8.490503E-2
6.663826E-1	2.122614E0	-8.454210E-2
6.997018E-1	2.125245E0	-8.510911E-2
7.330209E-1	2.130267E0	-8.442936E-2
7.663400E-1	2.129651E0	-8.523967E-2
7.996592E-1	2.132418E0	-8.462682E-2
8.329783E-1	2.151449E0	-8.253563E-2
8.662974E-1	2.145489E0	-6.332736E-2
8.996166E-1	2.126433E0	-2.626579E-2
9.329357E-1	2.144509E0	-1.966969E-2
9.662548E-1	2.213766E0	-3.484895E-2
9.995740E-1	2.285245E0	-7.942612E-2
1.032893E0	2.317049E0	-1.094415E-1
1.066212E0	2.320957E0	-1.097090E-1
1.099531E0	2.369818E0	-1.000444E-1
1.132850E0	2.459749E0	-9.426232E-2
1.166170E0	2.558403E0	-9.597857E-2
1.199489E0	2.631052E0	-1.011889E-1
1.232808E0	2.691435E0	-1.071765E-1
1.266127E0	2.752925E0	-1.105441E-1
1.299446E0	2.815000E0	-1.310813E-1
1.332765E0	2.888589E0	-1.313842E-1
1.366084E0	2.972626E0	-1.498062E-1
1.399404E0	3.065885E0	-1.405334E-1
1.432723E0	3.145965E0	-1.435450E-1
1.466042E0	3.201942E0	-1.380236E-1
1.499361E0	3.251849E0	-1.329606E-1
1.532680E0	3.289193E0	-1.201128E-1
1.565999E0	3.285163E0	-9.370343E-2
1.599318E0	3.294246E0	-8.184287E-2
1.632637E0	3.297493E0	-8.565112E-2
1.665957E0	3.299327E0	-9.053579E-2
1.699276E0	3.293387E0	-8.616878E-2
1.732595E0	3.223819E0	-6.462754E-2
1.765914E0	3.243189E0	-7.154247E-2
1.799233E0	3.306389E0	-7.820877E-2
1.832552E0	3.303078E0	-8.704609E-2
1.865871E0	3.274898E0	-7.732891E-2
1.899191E0	3.175686E0	-1.186731E-1
1.932510E0	2.989894E0	-2.858326E-1
1.965829E0	2.742462E0	-4.278241E-1
1.999148E0	2.501125E0	-5.375226E-1
2.032467E0	2.402397E0	-3.839447E-1
2.065786E0	2.577914E0	-3.290955E-1
2.099105E0	2.841191E0	-8.775879E-2
2.132424E0	2.950889E0	4.387939E-2
2.165744E0	3.016708E0	-2.193970E-2
2.199063E0	3.052782E0	-2.131188E-2
2.232382E0	3.146678E0	-1.584865E-2
2.265701E0	3.228006E0	9.090652E-3
2.299020E0	3.245032E0	-6.354364E-3
2.332339E0	3.244946E0	-3.513743E-3
2.365658E0	3.293138E0	1.793254E-2
2.398977E0	3.397017E0	2.698685E-2
2.432297E0	3.520716E0	2.016120E-2
2.465616E0	3.585187E0	2.415663E-2
2.498935E0	3.602994E0	3.174893E-2
2.532254E0	3.670249E0	1.976649E-2
2.565573E0	3.777828E0	2.667955E-2
2.598892E0	3.893155E0	3.035423E-2
2.632211E0	3.973364E0	2.566155E-2
2.665531E0	4.005721E0	2.960947E-2
2.698850E0	3.989676E0	3.224408E-2
2.732169E0	4.016567E0	3.275880E-2
2.765488E0	4.025514E0	3.362312E-2
2.798807E0	4.049255E0	6.789230E-2
2.832126E0	4.021930E0	1.932670E-1
2.865445E0	4.069327E0	2.551370E-1
2.898764E0	4.028062E0	2.276609E-1
2.932084E0	3.988274E0	2.050136E-1
2.965403E0	4.022401E0	1.971138E-1
2.998722E0	4.029242E0	2.058046E-1
3.032041E0	4.008735E0	2.024973E-1
3.065360E0	4.035457E0	1.906908E-1
3.098679E0	4.117284E0	1.854587E-1
3.131998E0	4.224098E0	1.953340E-1
3.165318E0	4.319355E0	2.072084E-1
3.198637E0	4.405721E0	1.946866E-1
3.231956E0	4.425768E0	1.942951E-1
3.265275E0	4.424102E0	1.954243E-1
3.298594E0	4.482845E0	1.914123E-1
3.331913E0	4.583166E0	1.818090E-1
3.365232E0	4.643646E0	2.250002E-1
3.398551E0	4.717963E0	2.589022E-1
3.431871E0	4.778588E0	2.440267E-1
3.465190E0	4.818321E0	2.510750E-1
3.498509E0	4.882716E0	2.591835E-1
3.531828E0	4.933417E0	2.535035E-1
3.565147E0	4.972177E0	2.450183E-1
3.598466E0	4.999573E0	2.530311E-1
3.631785E0	5.002054E0	2.514822E-1
3.665104E0	5.007126E0	2.495699E-1
3.698424E0	4.997884E0	2.503335E-1
3.731743E0	4.958541E0	2.443250E-1
3.765062E0	4.928243E0	2.527494E-1
3.798381E0	4.980190E0	2.341590E-1
3.831700E0	5.116607E0	1.696590E-1
3.865019E0	5.230258E0	1.229587E-1
3.898338E0	5.218947E0	1.540665E-1
3.931658E0	5.162017E0	1.569729E-1
3.964977E0	5.163416E0	1.311679E-1
3.998296E0	5.174187E0	1.346226E-1
4.031615E0	5.180080E0	1.362941E-1
4.064934E0	5.177842E0	1.315611E-1
4.098253E0	5.238154E0	1.423777E-1
4.131572E0	5.336541E0	1.778081E-1
4.164891E0	5.436398E0	1.969337E-1
4.198211E0	5.536732E0	2.104948E-1
4.231530E0	5.647330E0	2.328994E-1
4.264849E0	5.754913E0	2.496875E-1
4.298168E0	5.850053E0	2.524724E-1
4.331487E0	5.927141E0	2.638962E-1
4.364806E0	6.000759E0	2.653263E-1
4.398125E0	6.113729E0	2.826279E-1
4.431445E0	6.240399E0	2.959145E-1
4.464764E0	6.351850E0	3.035523E-1
4.498083E0	6.454230E0	3.148723E-1
4.531402E0	6.561795E0	3.159982E-1
4.564721E0	6.669755E0	3.208519E-1
4.598040E0	6.767790E0	3.289491E-1
4.631359E0	6.843811E0	3.227232E-1
4.664678E0	6.874935E0	3.320981E-1
4.697998E0	6.844641E0	3.305475E-1
4.731317E0	6.879957E0	3.411261E-1
4.764636E0	6.895808E0	3.468746E-1
4.797955E0	6.833281E0	3.508291E-1
4.831274E0	6.782894E0	3.695306E-1
4.864593E0	6.757275E0	5.327062E-1
4.897912E0	6.789518E0	5.228427E-1
4.931232E0	6.783908E0	4.974734E-1
4.964551E0	6.791434E0	4.794942E-1
4.997870E0	6.823666E0	5.061983E-1
5.031189E0	6.863706E0	5.273253E-1
5.064508E0	6.894798E0	5.292988E-1
5.097827E0	6.952343E0	5.337522E-1
5.131146E0	7.067950E0	5.310898E-1
5.164465E0	7.150984E0	5.268062E-1
5.197785E0	7.211258E0	5.137113E-1
5.231104E0	7.263375E0	5.204844E-1
5.264423E0	7.333727E0	5.235655E-1
5.297742E0	7.384975E0	5.363424E-1
5.331061E0	7.440004E0	5.594827E-1
5.364380E0	7.504145E0	5.754801E-1
5.397699E0	7.533144E0	5.881263E-1
5.431018E0	7.544751E0	6.066704E-1
5.464338E0	7.557144E0	6.161243E-1
5.497657E0	7.563380E0	6.195981E-1
5.530976E0	7.568675E0	6.218072E-1
5.564295E0	7.573672E0	6.279098E-1
5.597614E0	7.567595E0	6.293621E-1
5.630933E0	7.564318E0	6.308609E-1
5.664252E0	7.561595E0	6.317512E-1
5.697572E0	7.557875E0	6.327381E-1
5.730891E0	7.535043E0	6.333571E-1
5.764210E0	7.520588E0	6.234779E-1
5.797529E0	7.538211E0	5.996232E-1
5.830848E0	7.697160E0	5.318309E-1
5.864167E0	7.753754E0	4.932372E-1
5.897486E0	7.712244E0	4.995446E-1
5.930805E0	7.712895E0	5.009802E-1
5.964125E0	7.746886E0	4.949497E-1
5.997444E0	7.775499E0	4.790954E-1
6.030763E0	7.768063E0	4.696100E-1
6.064082E0	7.799433E0	4.838719E-1
6.097401E0	7.879246E0	5.081275E-1
6.130720E0	7.990894E0	5.449390E-1
6.164039E0	8.109959E0	5.796905E-1
6.197359E0	8.208172E0	6.034756E-1
6.230678E0	8.309148E0	6.276340E-1
6.263997E0	8.403374E0	6.425521E-1
6.297316E0	8.482110E0	6.769650E-1
6.330635E0	8.571724E0	6.994038E-1
6.363954E0	8.712553E0	7.217508E-1
6.397273E0	8.828183E0	7.412785E-1
6.430592E0	8.925556E0	7.563327E-1
6.463912E0	9.017231E0	7.728075E-1
6.497231E0	9.099764E0	7.786050E-1
6.530550E0	9.182234E0	7.994716E-1
6.563869E0	9.277278E0	7.960159E-1
6.597188E0	9.310262E0	7.916290E-1
6.630507E0	9.304573E0	7.948259E-1
6.663826E0	9.309297E0	7.962783E-1
6.697145E0	9.307827E0	7.974375E-1
6.730465E0	9.316968E0	7.985386E-1
6.763784E0	9.314839E0	8.025004E-1
6.797103E0	9.334516E0	8.255606E-1
6.830422E0	9.322860E0	9.611605E-1
6.863741E0	9.322564E0	1.027790E0
6.897060E0	9.328090E0	9.701647E-1
6.930379E0	9.316434E0	9.559526E-1
6.963699E0	9.345016E0	9.793226E-1
6.997018E0	9.418017E0	9.758076E-1
7.030337E0	9.435659E0	9.662826E-1
7.063656E0	9.433860E0	9.677996E-1
7.096975E0	9.482173E0	9.712302E-1
7.130294E0	9.630578E0	1.007035E0
7.163613E0	9.766649E0	1.019985E0
7.196932E0	9.854187E0	1.015107E0
7.230252E0	9.912576E0	9.879290E-1
7.263571E0	9.925220E0	9.821842E-1
7.296890E0	9.932544E0	1.000108E0
7.330209E0	9.943507E0	1.013623E0
7.363528E0	9.941479E0	1.024260E0
7.396847E0	9.927034E0	1.043072E0
7.430166E0	9.904696E0	1.049445E0
7.463486E0	9.879129E0	1.034811E0
7.496805E0	9.885024E0	1.054911E0
7.530124E0	9.910094E0	1.068233E0
7.563443E0	9.913296E0	1.061667E0
7.596762E0	9.928080E0	1.077698E0
7.630081E0	9.924681E0	1.084900E0
7.663400E0	9.928130E0	1.076264E0
7.696719E0	9.917477E0	1.079800E0
7.730039E0	9.901326E0	1.078828E0
7.763358E0	9.893524E0	1.053781E0
7.796677E0	9.879309E0	1.041106E0
7.829996E0	9.957827E0	1.000185E0
7.863315E0	1.004410E1	9.523698E-1
7.896634E0	9.987259E0	9.796796E-1
7.929953E0	9.993726E0	9.706021E-1
7.963272E0	1.000602E1	9.543687E-1
7.996592E0	1.003137E1	9.774240E-1
8.029911E0	1.002218E1	9.584325E-1
8.063230E0	1.002928E1	9.518815E-1
8.096549E0	1.004253E1	9.648592E-1
8.129868E0	1.004048E1	9.720674E-1
8.163187E0	1.007333E1	9.852136E-1
8.196506E0	1.025592E1	1.061106E0
8.229826E0	1.043490E1	1.141532E0
8.263145E0	1.054968E1	1.188790E0
8.296464E0	1.059260E1	1.194832E0
8.329783E0	1.065325E1	1.218603E0
8.363102E0	1.072653E1	1.252338E0
8.396421E0	1.084100E1	1.249199E0
8.429740E0	1.093837E1	1.247216E0
8.463059E0	1.101260E1	1.262785E0
8.496379E0	1.111947E1	1.256411E0
8.529698E0	1.121756E1	1.253278E0
8.563017E0	1.128277E1	1.274688E0
8.596336E0	1.131458E1	1.290031E0
8.629655E0	1.130379E1	1.282143E0
8.662974E0	1.130666E1	1.292679E0
8.696293E0	1.130814E1	1.295611E0
8.729613E0	1.130432E1	1.292945E0
8.762932E0	1.128514E1	1.293686E0
8.796251E0	1.128831E1	1.311770E0
8.829570E0	1.126174E1	1.426692E0
8.862889E0	1.127615E1	1.503798E0
8.896208E0	1.129771E1	1.460963E0
8.929527E0	1.127642E1	1.414797E0
8.962846E0	1.126515E1	1.415628E0
8.996166E0	1.126869E1	1.419562E0
9.029485E0	1.120076E1	1.408822E0
9.062804E0	1.120515E1	1.401906E0
9.096123E0	1.125627E1	1.405637E0
9.129442E0	1.127342E1	1.404291E0
9.162761E0	1.130584E1	1.410844E0
9.196080E0	1.140425E1	1.433879E0
9.229400E0	1.152492E1	1.444137E0
9.262719E0	1.158213E1	1.448714E0
9.296038E0	1.162708E1	1.458206E0
9.329357E0	1.168753E1	1.477349E0
9.362676E0	1.174099E1	1.508799E0
9.395995E0	1.178563E1	1.535076E0
9.429314E0	1.179681E1	1.540713E0
9.462633E0	1.178686E1	1.549734E0
9.495953E0	1.180178E1	1.573188E0
9.529272E0	1.183119E1	1.568834E0
9.562591E0	1.184454E1	1.570914E0
9.595910E0	1.184814E1	1.576076E0
9.629229E0	1.186279E1	1.579600E0
9.662548E0	1.186498E1	1.576744E0
9.695867E0	1.185206E1	1.577007E0
9.729186E0	1.184174E1	1.568583E0
9.762506E0	1.182306E1	1.543607E0
9.795825E0	1.181200E1	1.521261E0
9.829144E0	1.193987E1	1.458828E0
9.862463E0	1.203794E1	1.406589E0
9.895782E0	1.203267E1	1.441677E0
9.929101E0	1.201170E1	1.475587E0
9.962420E0	1.204170E1	1.458958E0
9.995740E0	1.207842E1	1.442148E0
1.002906E1	1.218270E1	1.473430E0
1.006238E1	1.219489E1	1.507767E0
1.009570E1	1.215013E1	1.504356E0
1.012902E1	1.214589E1	1.472896E0
1.016234E1	1.214309E1	1.476212E0
1.019565E1	1.218000E1	1.489813E0
1.022897E1	1.226685E1	1.514894E0
1.026229E1	1.235196E1	1.554065E0
1.029561E1	1.241000E1	1.587451E0
1.032893E1	1.249239E1	1.618372E0
1.036225E1	1.258064E1	1.640759E0
1.039557E1	1.262589E1	1.660341E0
1.042889E1	1.262696E1	1.669399E0
1.046221E1	1.262892E1	1.674137E0
1.049553E1	1.265775E1	1.683015E0
1.052885E1	1.270015E1	1.693356E0
1.056216E1	1.273871E1	1.690338E0
1.059548E1	1.275229E1	1.688172E0
1.062880E1	1.275387E1	1.688993E0
1.066212E1	1.275306E1	1.687349E0
1.069544E1	1.274532E1	1.686670E0
1.072876E1	1.275096E1	1.688321E0
1.076208E1	1.273848E1	1.688537E0
1.079540E1	1.275197E1	1.708575E0
1.082872E1	1.276609E1	1.835352E0
1.086204E1	1.276131E1	1.935394E0
1.089536E1	1.278445E1	1.845167E0
1.092868E1	1.275725E1	1.838984E0
1.096199E1	1.276928E1	1.861203E0
1.099531E1	1.281138E1	1.844984E0
1.102863E1	1.281126E1	1.843759E0
1.106195E1	1.281005E1	1.853112E0
1.109527E1	1.280431E1	1.865585E0
1.112859E1	1.289649E1	1.893477E0
1.116191E1	1.303070E1	1.900112E0
1.119523E1	1.313985E1	1.898592E0
1.122855E1	1.321153E1	1.890413E0
1.126187E1	1.325521E1	1.899322E0
1.129519E1	1.328670E1	1.917300E0
1.132850E1	1.333097E1	1.929972E0
1.136182E1	1.336818E1	1.920777E0
1.139514E1	1.337609E1	1.910315E0
1.142846E1	1.340629E1	1.912197E0
1.146178E1	1.341273E1	1.933849E0
1.149510E1	1.344290E1	1.949645E0
1.152842E1	1.344504E1	1.943836E0
1.156174E1	1.346496E1	1.952771E0
1.159506E1	1.345769E1	1.962804E0
1.162838E1	1.345929E1	1.962050E0
1.166170E1	1.346905E1	1.960210E0
1.169502E1	1.345218E1	1.961606E0
1.172833E1	1.343699E1	1.955787E0
1.176165E1	1.342784E1	1.917949E0
1.179497E1	1.339278E1	1.894051E0
1.182829E1	1.348701E1	1.855687E0
1.186161E1	1.359031E1	1.800298E0
1.189493E1	1.351968E1	1.820908E0
1.192825E1	1.350523E1	1.802623E0
1.196157E1	1.353535E1	1.794818E0
1.199489E1	1.354783E1	1.805986E0
1.202821E1	1.354215E1	1.791705E0
1.206153E1	1.355685E1	1.804364E0
1.209484E1	1.362717E1	1.827359E0
1.212816E1	1.372426E1	1.879173E0
1.216148E1	1.373263E1	1.898202E0
1.219480E1	1.373268E1	1.904452E0
1.222812E1	1.381161E1	1.956987E0
1.226144E1	1.395438E1	2.017730E0
1.229476E1	1.410933E1	2.070241E0
1.232808E1	1.421654E1	2.106583E0
1.236140E1	1.428426E1	2.132504E0
1.239472E1	1.435040E1	2.147788E0
1.242804E1	1.443752E1	2.171680E0
1.246136E1	1.453180E1	2.188040E0
1.249467E1	1.461137E1	2.204152E0
1.252799E1	1.469606E1	2.220256E0
1.256131E1	1.476145E1	2.242306E0
1.259463E1	1.481772E1	2.255636E0
1.262795E1	1.484695E1	2.260956E0
1.266127E1	1.484646E1	2.251384E0
1.269459E1	1.484269E1	2.246080E0
1.272791E1	1.483166E1	2.243342E0
1.276123E1	1.480865E1	2.241342E0
1.279455E1	1.481274E1	2.252139E0
1.282787E1	1.481835E1	2.392826E0
1.286118E1	1.479090E1	2.555574E0
1.289450E1	1.482609E1	2.512136E0
1.292782E1	1.482526E1	2.476544E0
1.296114E1	1.484823E1	2.480123E0
1.299446E1	1.490885E1	2.492985E0
1.302778E1	1.491650E1	2.495184E0
1.306110E1	1.490556E1	2.505142E0
1.309442E1	1.494436E1	2.520798E0
1.312774E1	1.504365E1	2.559443E0
1.316106E1	1.520324E1	2.589635E0
1.319438E1	1.532820E1	2.588489E0
1.322770E1	1.537751E1	2.573152E0
1.326101E1	1.540365E1	2.569105E0
1.329433E1	1.542296E1	2.582006E0
1.332765E1	1.543016E1	2.604280E0
1.336097E1	1.541145E1	2.616111E0
1.339429E1	1.538705E1	2.629510E0
1.342761E1	1.538754E1	2.652649E0
1.346093E1	1.540566E1	2.654287E0
1.349425E1	1.541683E1	2.664294E0
1.352757E1	1.541538E1	2.671262E0
1.356089E1	1.542317E1	2.680890E0
1.359421E1	1.542363E1	2.679809E0
1.362752E1	1.540937E1	2.680494E0
1.366084E1	1.541150E1	2.680521E0
1.369416E1	1.539817E1	2.681838E0
1.372748E1	1.537887E1	2.677370E0
1.376080E1	1.538607E1	2.662841E0
1.379412E1	1.537265E1	2.642170E0
1.382744E1	1.544462E1	2.580517E0
1.386076E1	1.556813E1	2.485082E0
1.389408E1	1.557268E1	2.502334E0
1.392740E1	1.560128E1	2.561062E0
1.396072E1	1.562915E1	2.550866E0
1.399404E1	1.563707E1	2.554624E0
1.402735E1	1.570523E1	2.588371E0
1.406067E1	1.570981E1	2.621764E0
1.409399E1	1.568768E1	2.629767E0
1.412731E1	1.568440E1	2.626286E0
1.416063E1	1.568303E1	2.624688E0
1.419395E1	1.571708E1	2.641533E0
1.422727E1	1.580088E1	2.681169E0
1.426059E1	1.591135E1	2.729759E0
1.429391E1	1.602510E1	2.775222E0
1.432723E1	1.611888E1	2.812485E0
1.436055E1	1.621009E1	2.842870E0
1.439386E1	1.628215E1	2.860223E0
1.442718E1	1.634788E1	2.868617E0
1.446050E1	1.642906E1	2.885730E0
1.449382E1	1.650469E1	2.905545E0
1.452714E1	1.656776E1	2.919076E0
1.456046E1	1.662428E1	2.933935E0
1.459378E1	1.666097E1	2.956619E0
1.462710E1	1.666963E1	2.962979E0
1.466042E1	1.667015E1	2.960468E0
1.469374E1	1.666637E1	2.958605E0
1.472706E1	1.663554E1	2.955771E0
1.476038E1	1.662053E1	2.957155E0
1.479369E1	1.661867E1	2.963797E0
1.482701E1	1.662863E1	3.055373E0
1.486033E1	1.658716E1	3.232869E0
1.489365E1	1.663403E1	3.221963E0
1.492697E1	1.663354E1	3.196933E0
1.496029E1	1.665788E1	3.202932E0
1.499361E1	1.672070E1	3.214138E0
1.502693E1	1.676045E1	3.233504E0
1.506025E1	1.675739E1	3.244250E0
1.509357E1	1.678428E1	3.243097E0
1.512689E1	1.688502E1	3.264548E0
1.516020E1	1.699939E1	3.280399E0
1.519352E1	1.709650E1	3.283061E0
1.522684E1	1.716600E1	3.285537E0
1.526016E1	1.720650E1	3.296003E0
1.529348E1	1.721939E1	3.294948E0
1.532680E1	1.721839E1	3.292963E0
1.536012E1	1.727720E1	3.292978E0
1.539344E1	1.731851E1	3.322332E0
1.542676E1	1.732951E1	3.384253E0
1.546008E1	1.738284E1	3.413793E0
1.549340E1	1.739834E1	3.396042E0
1.552672E1	1.740807E1	3.402995E0
1.556003E1	1.743816E1	3.415472E0
1.559335E1	1.744278E1	3.406305E0
1.562667E1	1.743119E1	3.405066E0
1.565999E1	1.744412E1	3.404337E0
1.569331E1	1.743383E1	3.403875E0
1.572663E1	1.740125E1	3.392793E0
1.575995E1	1.739538E1	3.366306E0
1.579327E1	1.738748E1	3.343428E0
1.582659E1	1.744358E1	3.298312E0
1.585991E1	1.757666E1	3.250541E0
1.589323E1	1.751459E1	3.275831E0
1.592654E1	1.750484E1	3.287525E0
1.595986E1	1.753817E1	3.302859E0
1.599318E1	1.754312E1	3.325381E0
1.602650E1	1.751655E1	3.306571E0
1.605982E1	1.751622E1	3.303013E0
1.609314E1	1.755925E1	3.325217E0
1.612646E1	1.764136E1	3.364890E0
1.615978E1	1.773758E1	3.401353E0
1.619310E1	1.779505E1	3.429217E0
1.622642E1	1.780113E1	3.447647E0
1.625974E1	1.786795E1	3.468277E0
1.629306E1	1.799157E1	3.523557E0
1.632637E1	1.810225E1	3.567814E0
1.635969E1	1.816470E1	3.599458E0
1.639301E1	1.821296E1	3.616747E0
1.642633E1	1.828101E1	3.625589E0
1.645965E1	1.836229E1	3.644826E0
1.649297E1	1.844878E1	3.660624E0
1.652629E1	1.850819E1	3.684253E0
1.655961E1	1.854752E1	3.691465E0
1.659293E1	1.853478E1	3.675736E0
1.662625E1	1.851618E1	3.672654E0
1.665957E1	1.852714E1	3.675714E0
1.669289E1	1.851550E1	3.675176E0
1.672620E1	1.849952E1	3.675955E0
1.675952E1	1.850947E1	3.684335E0
1.679284E1	1.852804E1	3.697084E0
1.682616E1	1.855393E1	3.807401E0
1.685948E1	1.853334E1	3.989306E0
1.689280E1	1.856272E1	3.976084E0
1.692612E1	1.854126E1	3.913995E0
1.695944E1	1.854226E1	3.907329E0
1.699276E1	1.856240E1	3.914539E0
1.702608E1	1.855269E1	3.901389E0
1.705940E1	1.854840E1	3.901176E0
1.709271E1	1.854569E1	3.900570E0
1.712603E1	1.854496E1	3.899642E0
1.715935E1	1.854532E1	3.898953E0
1.719267E1	1.855147E1	3.898307E0
1.722599E1	1.868933E1	3.913554E0
1.725931E1	1.892822E1	4.004678E0
1.729263E1	1.915129E1	4.069718E0
1.732595E1	1.922868E1	4.105352E0
1.735927E1	1.923047E1	4.093555E0
1.739259E1	1.922651E1	4.101902E0
1.742591E1	1.923163E1	4.132305E0
1.745923E1	1.925337E1	4.161128E0
1.749254E1	1.928263E1	4.167201E0
1.752586E1	1.929983E1	4.168902E0
1.755918E1	1.932704E1	4.179080E0
1.759250E1	1.934263E1	4.183758E0
1.762582E1	1.933744E1	4.180279E0
1.765914E1	1.933473E1	4.177122E0
1.769246E1	1.932641E1	4.176019E0
1.772578E1	1.929860E1	4.168428E0
1.775910E1	1.930490E1	4.155356E0
1.779242E1	1.927630E1	4.121415E0
1.782574E1	1.930864E1	4.081615E0
1.785905E1	1.941383E1	4.021565E0
1.789237E1	1.936569E1	4.055974E0
1.792569E1	1.936904E1	4.068238E0
1.795901E1	1.939866E1	4.061937E0
1.799233E1	1.938205E1	4.063198E0
1.802565E1	1.938091E1	4.061934E0
1.805897E1	1.937912E1	4.061407E0
1.809229E1	1.939190E1	4.068920E0
1.812561E1	1.951742E1	4.112008E0
1.815893E1	1.971353E1	4.173781E0
1.819225E1	1.981255E1	4.223509E0
1.822557E1	1.983294E1	4.241123E0
1.825888E1	1.986048E1	4.255063E0
1.829220E1	1.994506E1	4.273179E0
1.832552E1	2.005774E1	4.317910E0
1.835884E1	2.014924E1	4.349015E0
1.839216E1	2.021085E1	4.357939E0
1.842548E1	2.028003E1	4.373291E0
1.845880E1	2.037057E1	4.400492E0
1.849212E1	2.045155E1	4.440051E0
1.852544E1	2.049534E1	4.463089E0
1.855876E1	2.053370E1	4.468089E0
1.859208E1	2.059143E1	4.481751E0
1.862539E1	2.063877E1	4.500146E0
1.865871E1	2.064253E1	4.501416E0
1.869203E1	2.064254E1	4.501784E0
1.872535E1	2.062438E1	4.498317E0
1.875867E1	2.064550E1	4.509311E0
1.879199E1	2.064296E1	4.531929E0
1.882531E1	2.064809E1	4.616399E0
1.885863E1	2.063610E1	4.739407E0
1.889195E1	2.065470E1	4.716366E0
1.892527E1	2.065229E1	4.676943E0
1.895859E1	2.069274E1	4.700469E0
1.899191E1	2.074800E1	4.723592E0
1.902522E1	2.073038E1	4.710023E0
1.905854E1	2.075680E1	4.721060E0
1.909186E1	2.082385E1	4.729080E0
1.912518E1	2.094767E1	4.734420E0
1.915850E1	2.104372E1	4.738888E0
1.919182E1	2.111533E1	4.734558E0
1.922514E1	2.117762E1	4.740584E0
1.925846E1	2.126000E1	4.750292E0
1.929178E1	2.134161E1	4.775791E0
1.932510E1	2.142310E1	4.796352E0
1.935842E1	2.150374E1	4.811688E0
1.939173E1	2.159499E1	4.844761E0
1.942505E1	2.170007E1	4.878042E0
1.945837E1	2.180498E1	4.906308E0
1.949169E1	2.188900E1	4.912976E0
1.952501E1	2.197274E1	4.926788E0
1.955833E1	2.206825E1	4.957605E0
1.959165E1	2.216316E1	4.969654E0
1.962497E1	2.221202E1	4.964794E0
1.965829E1	2.222803E1	4.961470E0
1.969161E1	2.223049E1	4.955725E0
1.972493E1	2.220921E1	4.946076E0
1.975825E1	2.219570E1	4.926490E0
1.979156E1	2.218744E1	4.898278E0
1.982488E1	2.223628E1	4.881864E0
1.985820E1	2.220132E1	4.897567E0
1.989152E1	2.217662E1	4.906668E0
1.992484E1	2.218581E1	4.860792E0
1.995816E1	2.215034E1	4.815884E0
1.999148E1	2.209797E1	4.745491E0
2.002480E1	2.209250E1	4.724598E0
2.005812E1	2.209539E1	4.746102E0
2.009144E1	2.212941E1	4.782196E0
2.012476E1	2.219515E1	4.835916E0
2.015807E1	2.228645E1	4.911918E0
2.019139E1	2.237658E1	4.984500E0
2.022471E1	2.241714E1	5.029955E0
2.025803E1	2.244657E1	5.059566E0
2.029135E1	2.252251E1	5.092017E0
2.032467E1	2.262082E1	5.131525E0
2.035799E1	2.270242E1	5.156966E0
2.039131E1	2.278475E1	5.167963E0
2.042463E1	2.287753E1	5.183904E0
2.045795E1	2.292495E1	5.177883E0
2.049127E1	2.293412E1	5.172605E0
2.052459E1	2.292412E1	5.167309E0
2.055790E1	2.292600E1	5.164308E0
2.059122E1	2.292797E1	5.165959E0
2.062454E1	2.292883E1	5.169556E0
2.065786E1	2.293554E1	5.170955E0
2.069118E1	2.293053E1	5.170226E0
2.072450E1	2.292704E1	5.170536E0
2.075782E1	2.292580E1	5.169893E0
2.079114E1	2.292318E1	5.169085E0
2.082446E1	2.292436E1	5.170727E0
2.085778E1	2.295499E1	5.180974E0
2.089110E1	2.290847E1	5.209888E0
2.092441E1	2.267622E1	5.243558E0
2.095773E1	2.245936E1	5.282407E0
2.099105E1	2.239231E1	5.283583E0
2.102437E1	2.243101E1	5.272257E0
2.105769E1	2.249474E1	5.261229E0
2.109101E1	2.256229E1	5.243428E0
2.112433E1	2.266584E1	5.222424E0
2.115765E1	2.278510E1	5.234863E0
2.119097E1	2.289112E1	5.269724E0
2.122429E1	2.299159E1	5.305291E0
2.125761E1	2.308083E1	5.329610E0
2.129093E1	2.316912E1	5.336596E0
2.132424E1	2.324381E1	5.322069E0
2.135756E1	2.329164E1	5.326349E0
2.139088E1	2.333783E1	5.338358E0
2.142420E1	2.336341E1	5.340767E0
2.145752E1	2.337363E1	5.337306E0
2.149084E1	2.339685E1	5.349881E0
2.152416E1	2.341097E1	5.385924E0
2.155748E1	2.341771E1	5.396595E0
2.159080E1	2.341308E1	5.387323E0
2.162412E1	2.340539E1	5.401031E0
2.165744E1	2.340835E1	5.407709E0
2.169075E1	2.340990E1	5.389868E0
2.172407E1	2.339144E1	5.382638E0
2.175739E1	2.337780E1	5.380271E0
2.179071E1	2.340253E1	5.333180E0
2.182403E1	2.341789E1	5.330715E0
2.185735E1	2.341549E1	5.328695E0
2.189067E1	2.338287E1	5.329347E0
2.192399E1	2.328418E1	5.231907E0
2.195731E1	2.302226E1	5.020678E0
2.199063E1	2.277629E1	4.845485E0
2.202395E1	2.265430E1	4.906787E0
2.205727E1	2.264436E1	5.069000E0
2.209058E1	2.273500E1	5.246357E0
2.212390E1	2.287281E1	5.365480E0
2.215722E1	2.298594E1	5.420323E0
2.219054E1	2.301591E1	5.432230E0
2.222386E1	2.307524E1	5.466727E0
2.225718E1	2.316247E1	5.498826E0
2.229050E1	2.324670E1	5.526515E0
2.232382E1	2.330874E1	5.549160E0
2.235714E1	2.338997E1	5.577182E0
2.239046E1	2.347328E1	5.586771E0
2.242378E1	2.349196E1	5.595449E0
2.245709E1	2.349588E1	5.597559E0
2.249041E1	2.353819E1	5.625204E0
2.252373E1	2.357974E1	5.619569E0
2.255705E1	2.361181E1	5.613014E0
2.259037E1	2.361520E1	5.611943E0
2.262369E1	2.361060E1	5.610455E0
2.265701E1	2.362737E1	5.611788E0
2.269033E1	2.361829E1	5.610670E0
2.272365E1	2.361832E1	5.610527E0
2.275697E1	2.363506E1	5.614199E0
2.279029E1	2.363314E1	5.628132E0
2.282361E1	2.367414E1	5.714521E0
2.285692E1	2.368869E1	5.891651E0
2.289024E1	2.369365E1	5.853985E0
2.292356E1	2.368879E1	5.779064E0
2.295688E1	2.370699E1	5.787792E0
2.299020E1	2.374262E1	5.790094E0
2.302352E1	2.374351E1	5.774541E0
2.305684E1	2.374757E1	5.781746E0
2.309016E1	2.379281E1	5.788062E0
2.312348E1	2.389418E1	5.805076E0
2.315680E1	2.398064E1	5.820361E0
2.319012E1	2.400441E1	5.836889E0
2.322343E1	2.400156E1	5.829855E0
2.325675E1	2.407949E1	5.822540E0
2.329007E1	2.422309E1	5.834436E0
2.332339E1	2.430919E1	5.895461E0
2.335671E1	2.435760E1	5.940120E0
2.339003E1	2.439680E1	5.964772E0
2.342335E1	2.445695E1	5.965255E0
2.345667E1	2.450115E1	5.986029E0
2.348999E1	2.452060E1	5.996453E0
2.352331E1	2.452526E1	5.995420E0
2.355663E1	2.454424E1	6.013350E0
2.358995E1	2.455615E1	6.009803E0
2.362326E1	2.456082E1	6.006348E0
2.365658E1	2.456410E1	6.004086E0
2.368990E1	2.456680E1	6.002828E0
2.372322E1	2.452647E1	5.993473E0
2.375654E1	2.451324E1	5.980567E0
2.378986E1	2.450599E1	5.957668E0
2.382318E1	2.453401E1	5.916182E0
2.385650E1	2.464807E1	5.839939E0
2.388982E1	2.461488E1	5.854388E0
2.392314E1	2.456590E1	5.888553E0
2.395646E1	2.461890E1	5.883589E0
2.398977E1	2.460205E1	5.873950E0
2.402309E1	2.457853E1	5.839975E0
2.405641E1	2.457820E1	5.837508E0
2.408973E1	2.459585E1	5.847068E0
2.412305E1	2.458926E1	5.840864E0
2.415637E1	2.458406E1	5.842028E0
2.418969E1	2.468062E1	5.875450E0
2.422301E1	2.487418E1	5.937273E0
2.425633E1	2.504474E1	6.007623E0
2.428965E1	2.513963E1	6.036643E0
2.432297E1	2.516056E1	6.050993E0
2.435629E1	2.519346E1	6.051266E0
2.438960E1	2.525084E1	6.056723E0
2.442292E1	2.530717E1	6.060334E0
2.445624E1	2.537090E1	6.065070E0
2.448956E1	2.544244E1	6.064164E0
2.452288E1	2.549764E1	6.059666E0
2.455620E1	2.549821E1	6.046038E0
2.458952E1	2.548897E1	6.042540E0
2.462284E1	2.549711E1	6.046209E0
2.465616E1	2.550092E1	6.048652E0
2.468948E1	2.550365E1	6.049618E0
2.472280E1	2.548871E1	6.047738E0
2.475611E1	2.551237E1	6.054058E0
2.478943E1	2.552021E1	6.094824E0
2.482275E1	2.556874E1	6.208198E0
2.485607E1	2.557805E1	6.409081E0
2.488939E1	2.557566E1	6.340115E0
2.492271E1	2.553857E1	6.280901E0
2.495603E1	2.551636E1	6.282174E0
2.498935E1	2.551290E1	6.282722E0
2.502267E1	2.551790E1	6.278511E0
2.505599E1	2.555926E1	6.274932E0
2.508931E1	2.557834E1	6.275014E0
2.512263E1	2.556522E1	6.276790E0
2.515594E1	2.559523E1	6.300941E0
2.518926E1	2.570211E1	6.309300E0
2.522258E1	2.583093E1	6.337408E0
2.525590E1	2.591813E1	6.370320E0
2.528922E1	2.595474E1	6.386155E0
2.532254E1	2.599843E1	6.397622E0
2.535586E1	2.605933E1	6.407942E0
2.538918E1	2.608925E1	6.439801E0
2.542250E1	2.611367E1	6.465996E0
2.545582E1	2.613235E1	6.450387E0
2.548914E1	2.613362E1	6.443109E0
2.552245E1	2.612957E1	6.444713E0
2.555577E1	2.615744E1	6.461740E0
2.558909E1	2.617689E1	6.481883E0
2.562241E1	2.616090E1	6.490289E0
2.565573E1	2.617294E1	6.484655E0
2.568905E1	2.617599E1	6.488237E0
2.572237E1	2.615911E1	6.489090E0
2.575569E1	2.613537E1	6.480137E0
2.578901E1	2.610934E1	6.456500E0
2.582233E1	2.617861E1	6.416586E0
2.585565E1	2.632854E1	6.308861E0
2.588897E1	2.639224E1	6.342036E0
2.592228E1	2.633829E1	6.402619E0
2.595560E1	2.630670E1	6.375132E0
2.598892E1	2.633093E1	6.341721E0
2.602224E1	2.630952E1	6.332071E0
2.605556E1	2.629432E1	6.330174E0
2.608888E1	2.633086E1	6.335702E0
2.612220E1	2.638261E1	6.374141E0
2.615552E1	2.647124E1	6.409254E0
2.618884E1	2.656255E1	6.446478E0
2.622216E1	2.665043E1	6.490167E0
2.625548E1	2.672830E1	6.512021E0
2.628879E1	2.678917E1	6.528795E0
2.632211E1	2.685070E1	6.549163E0
2.635543E1	2.691414E1	6.558174E0
2.638875E1	2.700694E1	6.573611E0
2.642207E1	2.708977E1	6.590762E0
2.645539E1	2.710159E1	6.601067E0
2.648871E1	2.710540E1	6.599962E0
2.652203E1	2.711618E1	6.605040E0
2.655535E1	2.714581E1	6.612746E0
2.658867E1	2.713486E1	6.575860E0
2.662199E1	2.710626E1	6.546882E0
2.665531E1	2.715592E1	6.567727E0
2.668862E1	2.714247E1	6.556488E0
2.672194E1	2.713311E1	6.555015E0
2.675526E1	2.715998E1	6.563067E0
2.678858E1	2.717570E1	6.591108E0
2.682190E1	2.722969E1	6.697900E0
2.685522E1	2.729098E1	6.936993E0
2.688854E1	2.733607E1	6.956528E0
2.692186E1	2.729449E1	6.891676E0
2.695518E1	2.727873E1	6.880631E0
2.698850E1	2.727916E1	6.893812E0
2.702182E1	2.724928E1	6.877508E0
2.705514E1	2.724205E1	6.881473E0
2.708845E1	2.727743E1	6.895643E0
2.712177E1	2.736935E1	6.919469E0
2.715509E1	2.750226E1	6.951068E0
2.718841E1	2.760999E1	6.987309E0
2.722173E1	2.764986E1	6.992412E0
2.725505E1	2.770290E1	6.994665E0
2.728837E1	2.777447E1	7.010035E0
2.732169E1	2.781486E1	7.037272E0
2.735501E1	2.782298E1	7.061569E0
2.738833E1	2.782662E1	7.054511E0
2.742165E1	2.784803E1	7.042282E0
2.745496E1	2.785033E1	7.060908E0
2.748828E1	2.791146E1	7.081122E0
2.752160E1	2.790112E1	7.098483E0
2.755492E1	2.789941E1	7.092763E0
2.758824E1	2.790404E1	7.102064E0
2.762156E1	2.790845E1	7.116253E0
2.765488E1	2.790253E1	7.111166E0
2.768820E1	2.788920E1	7.109267E0
2.772152E1	2.786277E1	7.107574E0
2.775484E1	2.785341E1	7.089793E0
2.778816E1	2.781884E1	7.056627E0
2.782148E1	2.786843E1	7.017714E0
2.785479E1	2.799748E1	6.924756E0
2.788811E1	2.799731E1	6.927295E0
2.792143E1	2.795564E1	6.961484E0
2.795475E1	2.798616E1	6.945647E0
2.798807E1	2.794740E1	6.920996E0
2.802139E1	2.791587E1	6.898607E0
2.805471E1	2.793036E1	6.911278E0
2.808803E1	2.798095E1	6.944008E0
2.812135E1	2.809467E1	6.980444E0
2.815467E1	2.810400E1	6.988060E0
2.818799E1	2.809504E1	6.989744E0
2.822130E1	2.810400E1	6.989372E0
2.825462E1	2.811967E1	6.999522E0
2.828794E1	2.825493E1	7.069995E0
2.832126E1	2.847693E1	7.105881E0
2.835458E1	2.867961E1	7.129477E0
2.838790E1	2.877161E1	7.175657E0
2.842122E1	2.878230E1	7.180649E0
2.845454E1	2.880058E1	7.178801E0
2.848786E1	2.888646E1	7.182906E0
2.852118E1	2.898542E1	7.195303E0
2.855450E1	2.907464E1	7.222069E0
2.858782E1	2.909571E1	7.220700E0
2.862113E1	2.906719E1	7.213202E0
2.865445E1	2.907100E1	7.214770E0
2.868777E1	2.906333E1	7.214459E0
2.872109E1	2.905950E1	7.214677E0
2.875441E1	2.906838E1	7.221849E0
2.878773E1	2.906808E1	7.245270E0
2.882105E1	2.912880E1	7.367646E0
2.885437E1	2.915452E1	7.583381E0
2.888769E1	2.919899E1	7.590909E0
2.892101E1	2.920050E1	7.499469E0
2.895433E1	2.917840E1	7.492779E0
2.898764E1	2.915871E1	7.528060E0
2.902096E1	2.912524E1	7.517297E0
2.905428E1	2.912857E1	7.531155E0
2.908760E1	2.915983E1	7.549294E0
2.912092E1	2.920112E1	7.554822E0
2.915424E1	2.924661E1	7.554696E0
2.918756E1	2.938693E1	7.589309E0
2.922088E1	2.956973E1	7.671408E0
2.925420E1	2.967170E1	7.704240E0
2.928752E1	2.969575E1	7.703839E0
2.932084E1	2.974840E1	7.703491E0
2.935416E1	2.979456E1	7.715569E0
2.938747E1	2.983572E1	7.758241E0
2.942079E1	2.988988E1	7.774591E0
2.945411E1	2.992535E1	7.773267E0
2.948743E1	2.993787E1	7.770645E0
2.952075E1	2.995520E1	7.781468E0
2.955407E1	2.996887E1	7.794013E0
2.958739E1	2.998543E1	7.799319E0
2.962071E1	2.998778E1	7.812221E0
2.965403E1	2.999155E1	7.815967E0
2.968735E1	2.999095E1	7.817089E0
2.972067E1	2.995759E1	7.811134E0
2.975398E1	2.993213E1	7.789227E0
2.978730E1	2.992061E1	7.761501E0
2.982062E1	2.998167E1	7.727097E0
2.985394E1	3.010577E1	7.640088E0
2.988726E1	3.010978E1	7.653862E0
2.992058E1	3.006623E1	7.698078E0
2.995390E1	3.010630E1	7.708781E0
2.998722E1	3.010465E1	7.690041E0
3.002054E1	3.007328E1	7.675430E0
3.005386E1	3.008407E1	7.668685E0
3.008718E1	3.008676E1	7.663982E0
3.012050E1	3.009454E1	7.665981E0
3.015381E1	3.016298E1	7.699049E0
3.018713E1	3.034415E1	7.778657E0
3.022045E1	3.050296E1	7.870376E0
3.025377E1	3.057340E1	7.925666E0
3.028709E1	3.060193E1	7.941354E0
3.032041E1	3.065517E1	7.965986E0
3.035373E1	3.072896E1	7.992575E0
3.038705E1	3.081782E1	8.028942E0
3.042037E1	3.091030E1	8.047294E0
3.045369E1	3.099537E1	8.060782E0
3.048701E1	3.107020E1	8.076100E0
3.052032E1	3.114855E1	8.089464E0
3.055364E1	3.122108E1	8.108055E0
3.058696E1	3.125597E1	8.112717E0
3.062028E1	3.121021E1	8.098736E0
3.065360E1	3.120982E1	8.098622E0
3.068692E1	3.121642E1	8.099323E0
3.072024E1	3.119585E1	8.095043E0
3.075356E1	3.120884E1	8.101535E0
3.078688E1	3.122591E1	8.139418E0
3.082020E1	3.128351E1	8.246961E0
3.085352E1	3.132042E1	8.482833E0
3.088684E1	3.131704E1	8.479226E0
3.092015E1	3.133716E1	8.379630E0
3.095347E1	3.135278E1	8.371195E0
3.098679E1	3.135602E1	8.417266E0
3.102011E1	3.139400E1	8.453387E0
3.105343E1	3.138574E1	8.442279E0
3.108675E1	3.138041E1	8.430521E0
3.112007E1	3.142835E1	8.439197E0
3.115339E1	3.153434E1	8.460601E0
3.118671E1	3.166691E1	8.494379E0
3.122003E1	3.174573E1	8.523406E0
3.125335E1	3.177853E1	8.536453E0
3.128666E1	3.182269E1	8.550400E0
3.131998E1	3.187581E1	8.575181E0
3.135330E1	3.191982E1	8.603372E0
3.138662E1	3.193596E1	8.610355E0
3.141994E1	3.196376E1	8.603221E0
3.145326E1	3.197981E1	8.608935E0
3.148658E1	3.199287E1	8.615410E0
3.151990E1	3.198817E1	8.607191E0
3.155322E1	3.198788E1	8.604817E0
3.158654E1	3.198334E1	8.608406E0
3.161986E1	3.197755E1	8.605643E0
3.165318E1	3.197830E1	8.602804E0
3.168649E1	3.197723E1	8.601886E0
3.171981E1	3.195345E1	8.597122E0
3.175313E1	3.193800E1	8.585834E0
3.178645E1	3.190498E1	8.570581E0
3.181977E1	3.195187E1	8.524046E0
3.185309E1	3.207228E1	8.413815E0
3.188641E1	3.213610E1	8.418931E0
3.191973E1	3.209749E1	8.477135E0
3.195305E1	3.204989E1	8.442856E0
3.198637E1	3.205236E1	8.392451E0
3.201969E1	3.203199E1	8.383430E0
3.205300E1	3.201281E1	8.380443E0
3.208632E1	3.204158E1	8.383268E0
3.211964E1	3.208680E1	8.420832E0
3.215296E1	3.215580E1	8.465232E0
3.218628E1	3.221409E1	8.504357E0
3.221960E1	3.227946E1	8.530559E0
3.225292E1	3.235331E1	8.568454E0
3.228624E1	3.244359E1	8.604193E0
3.231956E1	3.253562E1	8.647851E0
3.235288E1	3.261940E1	8.682617E0
3.238620E1	3.269203E1	8.704171E0
3.241952E1	3.276506E1	8.721931E0
3.245283E1	3.285815E1	8.744561E0
3.248615E1	3.295006E1	8.764715E0
3.251947E1	3.304078E1	8.787199E0
3.255279E1	3.312660E1	8.801930E0
3.258611E1	3.320896E1	8.820934E0
3.261943E1	3.323662E1	8.828420E0
3.265275E1	3.324237E1	8.823324E0
3.268607E1	3.324678E1	8.823123E0
3.271939E1	3.323790E1	8.817694E0
3.275271E1	3.323404E1	8.814112E0
3.278603E1	3.324930E1	8.821642E0
3.281934E1	3.329104E1	8.905745E0
3.285266E1	3.330899E1	9.129906E0
3.288598E1	3.332023E1	9.099551E0
3.291930E1	3.330817E1	9.044557E0
3.295262E1	3.329020E1	9.040260E0
3.298594E1	3.329206E1	9.051739E0
3.301926E1	3.328509E1	9.037784E0
3.305258E1	3.329254E1	9.038358E0
3.308590E1	3.331389E1	9.042328E0
3.311922E1	3.335480E1	9.053573E0
3.315254E1	3.345920E1	9.081954E0
3.318586E1	3.359161E1	9.119259E0
3.321917E1	3.367564E1	9.143860E0
3.325249E1	3.372838E1	9.158079E0
3.328581E1	3.380076E1	9.176550E0
3.331913E1	3.386593E1	9.223110E0
3.335245E1	3.391734E1	9.251397E0
3.338577E1	3.396402E1	9.266343E0
3.341909E1	3.399495E1	9.285946E0
3.345241E1	3.399886E1	9.305317E0
3.348573E1	3.400936E1	9.305364E0
3.351905E1	3.403817E1	9.306261E0
3.355237E1	3.403686E1	9.333676E0
3.358568E1	3.400047E1	9.345397E0
3.361900E1	3.400517E1	9.358695E0
3.365232E1	3.402033E1	9.363293E0
3.368564E1	3.402051E1	9.365646E0
3.371896E1	3.400563E1	9.365220E0
3.375228E1	3.396697E1	9.357895E0
3.378560E1	3.394541E1	9.328774E0
3.381892E1	3.398401E1	9.282996E0
3.385224E1	3.407447E1	9.188982E0
3.388556E1	3.413212E1	9.183387E0
3.391888E1	3.406915E1	9.243649E0
3.395220E1	3.406608E1	9.249156E0
3.398551E1	3.403168E1	9.217224E0
3.401883E1	3.400562E1	9.204106E0
3.405215E1	3.402201E1	9.208072E0
3.408547E1	3.403251E1	9.224242E0
3.411879E1	3.409840E1	9.253774E0
3.415211E1	3.419737E1	9.309365E0
3.418543E1	3.429099E1	9.348676E0
3.421875E1	3.436504E1	9.376792E0
3.425207E1	3.444778E1	9.409984E0
3.428539E1	3.448976E1	9.427878E0
3.431871E1	3.448657E1	9.428000E0
3.435202E1	3.448074E1	9.427101E0
3.438534E1	3.452479E1	9.462554E0
3.441866E1	3.463469E1	9.498363E0
3.445198E1	3.477934E1	9.509433E0
3.448530E1	3.490577E1	9.555404E0
3.451862E1	3.494891E1	9.577713E0
3.455194E1	3.497745E1	9.584209E0
3.458526E1	3.500449E1	9.588292E0
3.461858E1	3.500805E1	9.589430E0
3.465190E1	3.501071E1	9.589558E0
3.468522E1	3.501193E1	9.589690E0
3.471854E1	3.500079E1	9.586915E0
3.475185E1	3.500356E1	9.586929E0
3.478517E1	3.500920E1	9.592735E0
3.481849E1	3.507429E1	9.688390E0
3.485181E1	3.511022E1	9.917573E0
3.488513E1	3.515649E1	9.905369E0
3.491845E1	3.516113E1	9.849186E0
3.495177E1	3.512892E1	9.840982E0
3.498509E1	3.512257E1	9.885999E0
3.501841E1	3.510124E1	9.857073E0
3.505173E1	3.512251E1	9.855713E0
3.508505E1	3.514144E1	9.866759E0
3.511836E1	3.514225E1	9.869693E0
3.515168E1	3.516908E1	9.873403E0
3.518500E1	3.518486E1	9.871561E0
3.521832E1	3.529791E1	9.882143E0
3.525164E1	3.553717E1	9.945892E0
3.528496E1	3.567343E1	1.000678E1
3.531828E1	3.567969E1	1.002244E1
3.535160E1	3.568136E1	1.001608E1
3.538492E1	3.568849E1	1.002586E1
3.541824E1	3.568896E1	1.006056E1
3.545156E1	3.568901E1	1.007451E1
3.548488E1	3.567719E1	1.006335E1
3.551819E1	3.569257E1	1.008357E1
3.555151E1	3.572684E1	1.012163E1
3.558483E1	3.570714E1	1.012469E1
3.561815E1	3.568472E1	1.012376E1
3.565147E1	3.569797E1	1.014435E1
3.568479E1	3.568915E1	1.014495E1
3.571811E1	3.567360E1	1.014126E1
3.575143E1	3.567202E1	1.013804E1
3.578475E1	3.562814E1	1.012131E1
3.581807E1	3.562989E1	1.008032E1
3.585139E1	3.569563E1	9.984832E0
3.588470E1	3.573056E1	9.969173E0
3.591802E1	3.568959E1	1.002658E1
3.595134E1	3.572051E1	1.004056E1
3.598466E1	3.571668E1	1.003772E1
3.601798E1	3.572247E1	1.003573E1
3.605130E1	3.571579E1	1.002566E1
3.608462E1	3.568086E1	1.000295E1
3.611794E1	3.571220E1	1.000419E1
3.615126E1	3.578638E1	1.003348E1
3.618458E1	3.584320E1	1.007905E1
3.621790E1	3.590810E1	1.010218E1
3.625122E1	3.600619E1	1.013176E1
3.628453E1	3.611043E1	1.017248E1
3.631785E1	3.618929E1	1.021168E1
3.635117E1	3.627566E1	1.024444E1
3.638449E1	3.635181E1	1.026710E1
3.641781E1	3.641694E1	1.029236E1
3.645113E1	3.650508E1	1.031605E1
3.648445E1	3.662421E1	1.033654E1
3.651777E1	3.673432E1	1.036704E1
3.655109E1	3.682284E1	1.039425E1
3.658441E1	3.690732E1	1.042736E1
3.661773E1	3.696917E1	1.045012E1
3.665104E1	3.698647E1	1.046735E1
3.668436E1	3.698896E1	1.046859E1
3.671768E1	3.698066E1	1.047312E1
3.675100E1	3.696515E1	1.047150E1
3.678432E1	3.695906E1	1.047559E1
3.681764E1	3.701084E1	1.053707E1
3.685096E1	3.702672E1	1.076067E1
3.688428E1	3.701875E1	1.079077E1
3.691760E1	3.704537E1	1.073153E1
3.695092E1	3.699645E1	1.068770E1
3.698424E1	3.698645E1	1.070008E1
3.701756E1	3.697344E1	1.069772E1
3.705087E1	3.699528E1	1.070114E1
3.708419E1	3.701713E1	1.070493E1
3.711751E1	3.701234E1	1.070623E1
3.715083E1	3.704220E1	1.073531E1
3.718415E1	3.711439E1	1.075681E1
3.721747E1	3.720508E1	1.077182E1
3.725079E1	3.732661E1	1.080486E1
3.728411E1	3.741730E1	1.085129E1
3.731743E1	3.746298E1	1.088508E1
3.735075E1	3.750594E1	1.089280E1
3.738407E1	3.752150E1	1.091202E1
3.741738E1	3.752237E1	1.092130E1
3.745070E1	3.755198E1	1.094729E1
3.748402E1	3.757646E1	1.097579E1
3.751734E1	3.756875E1	1.096838E1
3.755066E1	3.757220E1	1.097191E1
3.758398E1	3.757207E1	1.097684E1
3.761730E1	3.755229E1	1.099115E1
3.765062E1	3.755358E1	1.097652E1
3.768394E1	3.756057E1	1.097518E1
3.771726E1	3.754603E1	1.096931E1
3.775058E1	3.752728E1	1.095378E1
3.778390E1	3.749655E1	1.091904E1
3.781721E1	3.750138E1	1.087250E1
3.785053E1	3.755606E1	1.076664E1
3.788385E1	3.761473E1	1.073524E1
3.791717E1	3.757253E1	1.078883E1
3.795049E1	3.759050E1	1.079562E1
3.798381E1	3.755815E1	1.076675E1
3.801713E1	3.752068E1	1.074456E1
3.805045E1	3.752420E1	1.075153E1
3.808377E1	3.753014E1	1.077844E1
3.811709E1	3.757212E1	1.082150E1
3.815041E1	3.762902E1	1.084898E1
3.818373E1	3.768510E1	1.087334E1
3.821704E1	3.774795E1	1.088936E1
3.825036E1	3.779232E1	1.091391E1
3.828368E1	3.786765E1	1.094968E1
3.831700E1	3.798093E1	1.099915E1
3.835032E1	3.809892E1	1.102921E1
3.838364E1	3.816748E1	1.104722E1
3.841696E1	3.817019E1	1.103947E1
3.845028E1	3.817005E1	1.103553E1
3.848360E1	3.820112E1	1.105785E1
3.851692E1	3.827351E1	1.111797E1
3.855024E1	3.836940E1	1.113146E1
3.858355E1	3.844063E1	1.114756E1
3.861687E1	3.844187E1	1.114497E1
3.865019E1	3.844346E1	1.114308E1
3.868351E1	3.844576E1	1.114192E1
3.871683E1	3.842969E1	1.113547E1
3.875015E1	3.844929E1	1.114574E1
3.878347E1	3.845543E1	1.116512E1
3.881679E1	3.847748E1	1.121652E1
3.885011E1	3.850571E1	1.142420E1
3.888343E1	3.849607E1	1.140610E1
3.891675E1	3.851218E1	1.133442E1
3.895007E1	3.847783E1	1.131132E1
3.898338E1	3.846045E1	1.133717E1
3.901670E1	3.843504E1	1.132836E1
3.905002E1	3.848035E1	1.131100E1
3.908334E1	3.854583E1	1.131412E1
3.911666E1	3.862755E1	1.134422E1
3.914998E1	3.871304E1	1.137603E1
3.918330E1	3.879013E1	1.139105E1
3.921662E1	3.884101E1	1.140032E1
3.924994E1	3.888981E1	1.141988E1
3.928326E1	3.894538E1	1.143926E1
3.931658E1	3.899561E1	1.145105E1
3.934989E1	3.903648E1	1.146380E1
3.938321E1	3.906226E1	1.147406E1
3.941653E1	3.906620E1	1.147171E1
3.944985E1	3.906533E1	1.147011E1
3.948317E1	3.907589E1	1.147123E1
3.951649E1	3.910387E1	1.149212E1
3.954981E1	3.913633E1	1.153995E1
3.958313E1	3.911086E1	1.155589E1
3.961645E1	3.911002E1	1.156550E1
3.964977E1	3.912019E1	1.156663E1
3.968309E1	3.911625E1	1.157192E1
3.971641E1	3.910350E1	1.157121E1
3.974972E1	3.907826E1	1.155178E1
3.978304E1	3.903503E1	1.151330E1
3.981636E1	3.905090E1	1.147460E1
3.984968E1	3.912755E1	1.136969E1
3.988300E1	3.917063E1	1.133270E1
3.991632E1	3.914495E1	1.137657E1
3.994964E1	3.917715E1	1.137504E1
3.998296E1	3.914149E1	1.134027E1
4.001628E1	3.910640E1	1.132042E1
4.004960E1	3.912577E1	1.132809E1
4.008292E1	3.910592E1	1.130993E1
4.011623E1	3.911521E1	1.131474E1
4.014955E1	3.911838E1	1.132194E1
4.018287E1	3.921081E1	1.136376E1
4.021619E1	3.943600E1	1.142568E1
4.024951E1	3.959441E1	1.148719E1
4.028283E1	3.962153E1	1.151205E1
4.031615E1	3.962266E1	1.151905E1
4.034947E1	3.968648E1	1.153455E1
4.038279E1	3.980904E1	1.157901E1
4.041611E1	3.990693E1	1.162440E1
4.044943E1	3.997424E1	1.164679E1
4.048275E1	4.005099E1	1.167239E1
4.051606E1	4.013071E1	1.169550E1
4.054938E1	4.017638E1	1.170573E1
4.058270E1	4.021098E1	1.171335E1
4.061602E1	4.022355E1	1.170619E1
4.064934E1	4.022939E1	1.170759E1
4.068266E1	4.021838E1	1.170356E1
4.071598E1	4.021221E1	1.168975E1
4.074930E1	4.023060E1	1.169814E1
4.078262E1	4.022535E1	1.169927E1
4.081594E1	4.028882E1	1.177144E1
4.084926E1	4.028282E1	1.193375E1
