	mass A		
t	x	y	
0.000000E0	1.141389E-1	-1.205546E-2
3.331912E-2	1.757096E-1	-1.205546E-2
6.663824E-2	1.633954E-1	1.257282E-2
9.995737E-2	1.757096E-1	2.488696E-2
1.332765E-1	2.988510E-1	2.488696E-2
1.665956E-1	3.973641E-1	2.488696E-2
1.999147E-1	6.190187E-1	1.257282E-2
2.332339E-1	7.667884E-1	2.488696E-2
2.665530E-1	8.653015E-1	3.720110E-2
2.998721E-1	9.145581E-1	2.488696E-2
3.331912E-1	1.037699E0	2.488696E-2
3.665103E-1	1.099270E0	3.720110E-2
3.998295E-1	1.148527E0	3.720110E-2
4.331486E-1	1.160841E0	4.951524E-2
4.664677E-1	1.234726E0	4.951524E-2
4.997868E-1	1.357867E0	6.182938E-2
5.331060E-1	1.505637E0	4.951524E-2
5.664251E-1	1.604150E0	4.951524E-2
5.997442E-1	1.641092E0	4.951524E-2
6.330633E-1	1.714977E0	6.182938E-2
6.663824E-1	1.850433E0	2.488696E-2
6.997016E-1	1.813490E0	3.720110E-2
7.330207E-1	1.801176E0	3.720110E-2
7.663398E-1	1.801176E0	3.720110E-2
7.996589E-1	1.813490E0	6.182938E-2
8.329781E-1	1.838119E0	6.182938E-2
8.662972E-1	1.887375E0	1.234001E-1
8.996163E-1	1.899689E0	2.834839E-1
9.329354E-1	1.924318E0	2.095991E-1
9.662545E-1	1.850433E0	2.219132E-1
9.995737E-1	1.838119E0	2.219132E-1
1.032893E0	1.924318E0	2.095991E-1
1.066212E0	1.985888E0	2.095991E-1
1.099531E0	1.985888E0	2.095991E-1
1.132850E0	2.010517E0	2.219132E-1
1.166169E0	2.195229E0	2.095991E-1
1.199488E0	2.281428E0	2.465415E-1
1.232808E0	2.342998E0	2.711698E-1
1.266127E0	2.379941E0	2.588556E-1
1.299446E0	2.404569E0	2.465415E-1
1.332765E0	2.515396E0	2.588556E-1
1.366084E0	2.601595E0	2.834839E-1
1.399403E0	2.638538E0	2.957981E-1
1.432722E0	2.761679E0	3.081122E-1
1.466041E0	2.798622E0	3.081122E-1
1.499360E0	2.810936E0	3.573688E-1
1.532680E0	2.835564E0	3.696829E-1
1.565999E0	2.884821E0	3.696829E-1
1.599318E0	2.921763E0	3.819971E-1
1.632637E0	2.946391E0	3.943112E-1
1.665956E0	2.946391E0	3.696829E-1
1.699275E0	2.946391E0	3.573688E-1
1.732594E0	2.934077E0	3.573688E-1
1.765913E0	2.897135E0	3.450546E-1
1.799233E0	2.884821E0	3.450546E-1
1.832552E0	2.958705E0	2.711698E-1
1.865871E0	3.044904E0	2.588556E-1
1.899190E0	3.155732E0	1.357142E-1
1.932509E0	3.044904E0	1.603425E-1
1.965828E0	3.032590E0	1.972849E-1
1.999147E0	3.155732E0	1.972849E-1
2.032466E0	3.192674E0	1.972849E-1
2.065786E0	3.229617E0	2.095991E-1
2.099105E0	3.155732E0	1.603425E-1
2.132424E0	3.192674E0	1.603425E-1
2.165743E0	3.315816E0	1.726567E-1
2.199062E0	3.402015E0	2.219132E-1
2.232381E0	3.525156E0	2.465415E-1
2.265700E0	3.648297E0	2.711698E-1
2.299019E0	3.746810E0	3.081122E-1
2.332339E0	3.869952E0	3.573688E-1
2.365658E0	3.919208E0	3.943112E-1
2.398977E0	4.030036E0	4.312536E-1
2.432296E0	4.091606E0	4.558819E-1
2.465615E0	4.227062E0	4.558819E-1
2.498934E0	4.424088E0	4.805102E-1
2.532253E0	4.584172E0	5.051385E-1
2.565572E0	4.633429E0	5.051385E-1
2.598892E0	4.731942E0	4.928243E-1
2.632211E0	4.842769E0	4.928243E-1
2.665530E0	4.953596E0	4.928243E-1
2.698849E0	5.002853E0	4.928243E-1
2.732168E0	4.978225E0	4.928243E-1
2.765487E0	4.941282E0	4.928243E-1
2.798806E0	4.904340E0	4.928243E-1
2.832125E0	4.892026E0	4.928243E-1
2.865445E0	5.015167E0	7.144789E-1
2.898764E0	5.027481E0	8.622486E-1
2.932083E0	4.978225E0	7.391071E-1
2.965402E0	4.941282E0	7.514213E-1
2.998721E0	4.928968E0	7.144789E-1
3.032040E0	4.904340E0	7.021647E-1
3.065359E0	4.928968E0	6.652223E-1
3.098678E0	4.941282E0	6.898506E-1
3.131997E0	4.904340E0	7.144789E-1
3.165317E0	5.089052E0	7.391071E-1
3.198636E0	5.224507E0	7.514213E-1
3.231955E0	5.446162E0	8.376203E-1
3.265274E0	5.495419E0	8.006778E-1
3.298593E0	5.507733E0	7.637354E-1
3.331912E0	5.520047E0	7.883637E-1
3.365231E0	5.565794E0	8.057129E-1
3.398550E0	5.629984E0	8.176628E-1
3.431870E0	5.688363E0	8.256880E-1
3.465189E0	5.726075E0	8.455934E-1
3.498508E0	5.755978E0	8.544108E-1
3.531827E0	5.767958E0	8.540438E-1
3.565146E0	5.791998E0	8.582733E-1
3.598465E0	5.830385E0	8.625051E-1
3.631784E0	5.859501E0	8.558655E-1
3.665103E0	5.860055E0	8.545039E-1
3.698423E0	5.860300E0	8.509548E-1
3.731742E0	5.858679E0	8.500437E-1
3.765061E0	5.824659E0	8.489345E-1
3.798380E0	5.837935E0	8.289211E-1
3.831699E0	5.814658E0	8.152948E-1
3.865018E0	5.929890E0	7.432054E-1
3.898337E0	6.065715E0	6.737364E-1
3.931656E0	6.052036E0	7.109970E-1
3.964976E0	6.079574E0	7.211683E-1
3.998295E0	6.054172E0	7.001947E-1
4.031614E0	5.996214E0	6.472211E-1
4.064933E0	5.995745E0	6.295318E-1
4.098252E0	6.015574E0	6.463331E-1
4.131571E0	6.033965E0	6.545986E-1
4.164890E0	6.097399E0	6.876087E-1
4.198209E0	6.214686E0	7.400656E-1
4.231529E0	6.347329E0	7.871324E-1
4.264848E0	6.460359E0	8.302098E-1
4.298167E0	6.544537E0	8.632476E-1
4.331486E0	6.635650E0	8.789945E-1
4.364805E0	6.712076E0	9.156627E-1
4.398124E0	6.814948E0	9.326577E-1
4.431443E0	6.912837E0	9.578417E-1
4.464762E0	7.034773E0	9.692636E-1
4.498081E0	7.174429E0	9.990439E-1
4.531401E0	7.299006E0	1.016680E0
4.564720E0	7.394182E0	1.035337E0
4.598039E0	7.465092E0	1.042616E0
4.631358E0	7.472140E0	1.050513E0
4.664677E0	7.467519E0	1.055057E0
4.697996E0	7.465357E0	1.058881E0
4.731315E0	7.463047E0	1.061140E0
4.764634E0	7.457393E0	1.061936E0
4.797954E0	7.459133E0	1.059776E0
4.831273E0	7.451400E0	1.067896E0
4.864592E0	7.455568E0	1.117907E0
4.897911E0	7.467287E0	1.237154E0
4.931230E0	7.506532E0	1.180871E0
4.964549E0	7.465154E0	1.139466E0
4.997868E0	7.448967E0	1.133393E0
5.031187E0	7.502580E0	1.154662E0
5.064507E0	7.572734E0	1.153398E0
5.097826E0	7.611112E0	1.167529E0
5.131145E0	7.665030E0	1.190404E0
5.164464E0	7.777671E0	1.202114E0
5.197783E0	7.901366E0	1.185953E0
5.231102E0	7.972211E0	1.170706E0
5.264421E0	8.029213E0	1.163278E0
5.297740E0	8.052974E0	1.173314E0
5.331060E0	8.102382E0	1.178436E0
5.364379E0	8.161483E0	1.184273E0
5.397698E0	8.174310E0	1.209360E0
5.431017E0	8.168936E0	1.231527E0
5.464336E0	8.186634E0	1.229704E0
5.497655E0	8.168238E0	1.247589E0
5.530974E0	8.166563E0	1.269278E0
5.564293E0	8.190070E0	1.278117E0
5.597613E0	8.187441E0	1.280808E0
5.630932E0	8.203525E0	1.290253E0
5.664251E0	8.200370E0	1.284120E0
5.697570E0	8.194081E0	1.284765E0
5.730889E0	8.190234E0	1.284596E0
5.764208E0	8.160842E0	1.283560E0
5.797527E0	8.171749E0	1.263986E0
5.830846E0	8.166327E0	1.239497E0
5.864166E0	8.237054E0	1.183462E0
5.897485E0	8.383849E0	1.114926E0
5.930804E0	8.339825E0	1.122172E0
5.964123E0	8.319400E0	1.126115E0
5.997442E0	8.368203E0	1.118177E0
6.030761E0	8.413926E0	1.130920E0
6.064080E0	8.408134E0	1.135226E0
6.097399E0	8.404146E0	1.123081E0
6.130718E0	8.434195E0	1.130020E0
6.164038E0	8.552929E0	1.182702E0
6.197357E0	8.707224E0	1.252439E0
6.230676E0	8.822318E0	1.278025E0
6.263995E0	8.835314E0	1.286119E0
6.297314E0	8.834751E0	1.284437E0
6.330633E0	8.845391E0	1.291700E0
6.363952E0	8.941159E0	1.329951E0
6.397271E0	9.116080E0	1.353833E0
6.430591E0	9.286231E0	1.391368E0
6.463910E0	9.375716E0	1.428251E0
6.497229E0	9.415474E0	1.437744E0
6.530548E0	9.465519E0	1.451646E0
6.563867E0	9.547131E0	1.468121E0
6.597186E0	9.634858E0	1.479566E0
6.630505E0	9.662699E0	1.493327E0
6.663824E0	9.647864E0	1.496925E0
6.697144E0	9.661680E0	1.499799E0
6.730463E0	9.661492E0	1.502526E0
6.763782E0	9.651765E0	1.504989E0
6.797101E0	9.667999E0	1.508550E0
6.830420E0	9.668949E0	1.516957E0
6.863739E0	9.682900E0	1.595183E0
6.897058E0	9.663420E0	1.734333E0
6.930377E0	9.682155E0	1.673670E0
6.963697E0	9.646539E0	1.644204E0
6.997016E0	9.656582E0	1.630537E0
7.030335E0	9.713702E0	1.627046E0
7.063654E0	9.747847E0	1.605548E0
7.096973E0	9.740382E0	1.612272E0
7.130292E0	9.772082E0	1.623685E0
7.163611E0	9.875491E0	1.634177E0
7.196930E0	9.913661E0	1.633999E0
7.230250E0	9.971776E0	1.637431E0
7.263569E0	1.009376E1	1.627910E0
7.296888E0	1.019583E1	1.624678E0
7.330207E0	1.024814E1	1.628976E0
7.363526E0	1.026619E1	1.632694E0
7.396845E0	1.025343E1	1.645637E0
7.430164E0	1.024777E1	1.666697E0
7.463483E0	1.021710E1	1.686903E0
7.496802E0	1.020485E1	1.693501E0
7.530122E0	1.021296E1	1.687567E0
7.563441E0	1.021954E1	1.682924E0
7.596760E0	1.022894E1	1.685254E0
7.630079E0	1.023163E1	1.685692E0
7.663398E0	1.022889E1	1.682687E0
7.696717E0	1.023913E1	1.679206E0
7.730036E0	1.023178E1	1.677857E0
7.763355E0	1.020065E1	1.676697E0
7.796675E0	1.021387E1	1.651995E0
7.829994E0	1.021912E1	1.634142E0
7.863313E0	1.016612E1	1.640295E0
7.896632E0	1.009855E1	1.637135E0
7.929951E0	1.007610E1	1.621535E0
7.963270E0	1.004425E1	1.625940E0
7.996589E0	1.001202E1	1.608496E0
8.029908E0	9.983534E0	1.575496E0
8.063228E0	9.995617E0	1.510646E0
8.096547E0	1.003686E1	1.514519E0
8.129866E0	1.016924E1	1.588267E0
8.163185E0	1.027926E1	1.670748E0
8.196504E0	1.034346E1	1.716325E0
8.229823E0	1.039419E1	1.774410E0
8.263142E0	1.045207E1	1.829444E0
8.296461E0	1.053440E1	1.890726E0
8.329781E0	1.062264E1	1.924714E0
8.363100E0	1.069753E1	1.959196E0
8.396419E0	1.077357E1	1.964642E0
8.429738E0	1.084256E1	1.964233E0
8.463057E0	1.093398E1	1.985151E0
8.496376E0	1.100050E1	1.996967E0
8.529695E0	1.102755E1	2.012177E0
8.563014E0	1.102442E1	2.010205E0
8.596334E0	1.100207E1	2.004550E0
8.629653E0	1.096346E1	1.997691E0
8.662972E0	1.093811E1	1.998548E0
8.696291E0	1.093834E1	2.001273E0
8.729610E0	1.093855E1	2.002687E0
8.762929E0	1.092411E1	2.003604E0
8.796248E0	1.091233E1	2.003593E0
8.829567E0	1.086848E1	2.021705E0
8.862886E0	1.078741E1	2.066433E0
8.896206E0	1.079432E1	2.130644E0
8.929525E0	1.079955E1	2.128257E0
8.962844E0	1.063719E1	2.112275E0
8.996163E0	1.047684E1	2.116263E0
9.029482E0	1.033433E1	2.095567E0
9.062801E0	1.039045E1	2.080574E0
9.096120E0	1.048427E1	2.065008E0
9.129439E0	1.060290E1	2.066529E0
9.162759E0	1.074024E1	2.071997E0
9.196078E0	1.091849E1	2.077529E0
9.229397E0	1.101873E1	2.068832E0
9.262716E0	1.103295E1	2.070720E0
9.296035E0	1.105016E1	2.074823E0
9.329354E0	1.111184E1	2.074701E0
9.362673E0	1.119737E1	2.069163E0
9.395992E0	1.125929E1	2.065579E0
9.429312E0	1.126004E1	2.067296E0
9.462631E0	1.126213E1	2.065766E0
9.495950E0	1.128743E1	2.058519E0
9.529269E0	1.129490E1	2.063692E0
9.562588E0	1.131407E1	2.089528E0
9.595907E0	1.130381E1	2.085293E0
9.629226E0	1.130608E1	2.074946E0
9.662545E0	1.131294E1	2.078449E0
9.695865E0	1.131789E1	2.072312E0
9.729184E0	1.131876E1	2.069970E0
9.762503E0	1.128868E1	2.063153E0
9.795822E0	1.128540E1	2.045266E0
9.829141E0	1.126367E1	2.027929E0
9.862460E0	1.130759E1	1.982423E0
9.895779E0	1.147151E1	1.939519E0
9.929098E0	1.144610E1	1.952074E0
9.962418E0	1.139246E1	1.963863E0
9.995737E0	1.141235E1	1.962208E0
1.002906E1	1.143456E1	1.985589E0
1.006237E1	1.144392E1	2.002901E0
1.009569E1	1.142728E1	1.989887E0
1.012901E1	1.146127E1	1.998635E0
1.016233E1	1.157883E1	2.039751E0
1.019565E1	1.170912E1	2.082968E0
1.022897E1	1.177133E1	2.112226E0
1.026229E1	1.181859E1	2.144920E0
1.029561E1	1.188937E1	2.178043E0
1.032893E1	1.198768E1	2.219115E0
1.036225E1	1.206848E1	2.242388E0
1.039557E1	1.211850E1	2.261016E0
1.042889E1	1.212592E1	2.279139E0
1.046220E1	1.215932E1	2.296586E0
1.049552E1	1.224460E1	2.324391E0
1.052884E1	1.235738E1	2.343562E0
1.056216E1	1.244445E1	2.363239E0
1.059548E1	1.251980E1	2.386284E0
1.062880E1	1.257981E1	2.400617E0
1.066212E1	1.261978E1	2.403547E0
1.069544E1	1.263365E1	2.405879E0
1.072876E1	1.263422E1	2.403766E0
1.076208E1	1.261956E1	2.398821E0
1.079540E1	1.260738E1	2.392661E0
1.082871E1	1.260515E1	2.393182E0
1.086203E1	1.264257E1	2.477542E0
1.089535E1	1.264814E1	2.663528E0
1.092867E1	1.265874E1	2.623313E0
1.096199E1	1.261245E1	2.565931E0
1.099531E1	1.260806E1	2.568000E0
1.102863E1	1.268166E1	2.581097E0
1.106195E1	1.275108E1	2.559861E0
1.109527E1	1.273936E1	2.570385E0
1.112859E1	1.275339E1	2.573260E0
1.116191E1	1.286053E1	2.580307E0
1.119523E1	1.297702E1	2.565307E0
1.122854E1	1.299817E1	2.551397E0
1.126186E1	1.297495E1	2.551815E0
1.129518E1	1.305724E1	2.547574E0
1.132850E1	1.316999E1	2.527521E0
1.136182E1	1.320686E1	2.552412E0
1.139514E1	1.321107E1	2.590717E0
1.142846E1	1.322231E1	2.614816E0
1.146178E1	1.325463E1	2.614746E0
1.149510E1	1.326536E1	2.620709E0
1.152842E1	1.329662E1	2.632327E0
1.156174E1	1.331480E1	2.616977E0
1.159505E1	1.329888E1	2.624843E0
1.162837E1	1.331890E1	2.625212E0
1.166169E1	1.332350E1	2.625160E0
1.169501E1	1.332082E1	2.623118E0
1.172833E1	1.331708E1	2.619754E0
1.176165E1	1.328653E1	2.618034E0
1.179497E1	1.327852E1	2.600829E0
1.182829E1	1.320478E1	2.592230E0
1.186161E1	1.325056E1	2.560504E0
1.189493E1	1.340288E1	2.503800E0
1.192825E1	1.338739E1	2.494679E0
1.196156E1	1.332723E1	2.516450E0
1.199488E1	1.333657E1	2.505242E0
1.202820E1	1.333381E1	2.523547E0
1.206152E1	1.333304E1	2.518554E0
1.209484E1	1.332948E1	2.503553E0
1.212816E1	1.338205E1	2.523639E0
1.216148E1	1.352331E1	2.580072E0
1.219480E1	1.364006E1	2.631403E0
1.222812E1	1.369898E1	2.659523E0
1.226144E1	1.375869E1	2.682324E0
1.229476E1	1.384792E1	2.724553E0
1.232808E1	1.396985E1	2.767083E0
1.236139E1	1.409756E1	2.817939E0
1.239471E1	1.420851E1	2.878080E0
1.242803E1	1.430780E1	2.922308E0
1.246135E1	1.441619E1	2.960833E0
1.249467E1	1.453990E1	2.998436E0
1.252799E1	1.464293E1	3.025164E0
1.256131E1	1.471567E1	3.039006E0
1.259463E1	1.477173E1	3.054463E0
1.262795E1	1.481798E1	3.067407E0
1.266127E1	1.486922E1	3.099804E0
1.269459E1	1.491061E1	3.113901E0
1.272790E1	1.491374E1	3.114005E0
1.276122E1	1.489041E1	3.110183E0
1.279454E1	1.489614E1	3.109291E0
1.282786E1	1.491217E1	3.108287E0
1.286118E1	1.492315E1	3.174720E0
1.289450E1	1.486381E1	3.331322E0
1.292782E1	1.490846E1	3.299055E0
1.296114E1	1.490571E1	3.277057E0
1.299446E1	1.493753E1	3.274965E0
1.302778E1	1.500700E1	3.284111E0
1.306110E1	1.504974E1	3.275462E0
1.309442E1	1.504302E1	3.277570E0
1.312773E1	1.507543E1	3.290114E0
1.316105E1	1.519767E1	3.318262E0
1.319437E1	1.532083E1	3.339176E0
1.322769E1	1.537058E1	3.335438E0
1.326101E1	1.541548E1	3.326061E0
1.329433E1	1.545202E1	3.330391E0
1.332765E1	1.548281E1	3.348267E0
1.336097E1	1.553907E1	3.358337E0
1.339429E1	1.558474E1	3.368730E0
1.342761E1	1.561518E1	3.388359E0
1.346093E1	1.563232E1	3.414247E0
1.349424E1	1.564254E1	3.425441E0
1.352756E1	1.564755E1	3.424634E0
1.356088E1	1.568361E1	3.432096E0
1.359420E1	1.572670E1	3.445005E0
1.362752E1	1.575452E1	3.452130E0
1.366084E1	1.575253E1	3.446519E0
1.369416E1	1.576003E1	3.445734E0
1.372748E1	1.575506E1	3.443376E0
1.376080E1	1.572337E1	3.442441E0
1.379412E1	1.571329E1	3.420552E0
1.382744E1	1.568161E1	3.381908E0
1.386075E1	1.572974E1	3.343702E0
1.389407E1	1.586048E1	3.312476E0
1.392739E1	1.585073E1	3.331056E0
1.396071E1	1.582512E1	3.342484E0
1.399403E1	1.586908E1	3.333702E0
1.402735E1	1.590460E1	3.354896E0
1.406067E1	1.590863E1	3.362483E0
1.409399E1	1.590836E1	3.370549E0
1.412731E1	1.596372E1	3.400269E0
1.416063E1	1.607137E1	3.459974E0
1.419395E1	1.615437E1	3.504256E0
1.422727E1	1.620765E1	3.531926E0
1.426058E1	1.620608E1	3.538667E0
1.429390E1	1.620285E1	3.541727E0
1.432722E1	1.619982E1	3.544891E0
1.436054E1	1.621866E1	3.572802E0
1.439386E1	1.635393E1	3.619648E0
1.442718E1	1.652394E1	3.638599E0
1.446050E1	1.667439E1	3.658581E0
1.449382E1	1.675348E1	3.681720E0
1.452714E1	1.680099E1	3.693072E0
1.456046E1	1.686460E1	3.713427E0
1.459378E1	1.695226E1	3.731748E0
1.462709E1	1.706332E1	3.758087E0
1.466041E1	1.713033E1	3.778949E0
1.469373E1	1.714038E1	3.780478E0
1.472705E1	1.713348E1	3.778529E0
1.476037E1	1.712044E1	3.775673E0
1.479369E1	1.709095E1	3.774253E0
1.482701E1	1.708829E1	3.791775E0
1.486033E1	1.713172E1	3.884261E0
1.489365E1	1.713563E1	4.089842E0
1.492697E1	1.717850E1	4.099618E0
1.496029E1	1.718308E1	4.059491E0
1.499360E1	1.717495E1	4.054227E0
1.502692E1	1.719227E1	4.070514E0
1.506024E1	1.719482E1	4.054959E0
1.509356E1	1.721633E1	4.067387E0
1.512688E1	1.724914E1	4.084810E0
1.516020E1	1.735600E1	4.120688E0
1.519352E1	1.750865E1	4.140377E0
1.522684E1	1.756261E1	4.144283E0
1.526016E1	1.758828E1	4.135561E0
1.529348E1	1.758128E1	4.160952E0
1.532680E1	1.758912E1	4.188856E0
1.536012E1	1.763572E1	4.213924E0
1.539343E1	1.768852E1	4.221200E0
1.542675E1	1.774030E1	4.234158E0
1.546007E1	1.778909E1	4.268596E0
1.549339E1	1.783910E1	4.307736E0
1.552671E1	1.789313E1	4.321235E0
1.556003E1	1.790878E1	4.323714E0
1.559335E1	1.791844E1	4.334905E0
1.562667E1	1.791769E1	4.337418E0
1.565999E1	1.790938E1	4.330029E0
1.569331E1	1.791111E1	4.330312E0
1.572663E1	1.790856E1	4.329062E0
1.575994E1	1.789355E1	4.326352E0
1.579326E1	1.793052E1	4.313589E0
1.582658E1	1.792581E1	4.305854E0
1.585990E1	1.790532E1	4.323090E0
1.589322E1	1.784724E1	4.320937E0
1.592654E1	1.777378E1	4.306314E0
1.595986E1	1.771887E1	4.308961E0
1.599318E1	1.770344E1	4.305035E0
1.602650E1	1.768595E1	4.298363E0
1.605982E1	1.768759E1	4.284690E0
1.609314E1	1.771297E1	4.310861E0
1.612646E1	1.778901E1	4.377633E0
1.615977E1	1.786892E1	4.434846E0
1.619309E1	1.792627E1	4.458834E0
1.622641E1	1.799989E1	4.474610E0
1.625973E1	1.806525E1	4.501967E0
1.629305E1	1.812898E1	4.542494E0
1.632637E1	1.818461E1	4.584638E0
1.635969E1	1.824427E1	4.607324E0
1.639301E1	1.831580E1	4.611041E0
1.642633E1	1.837595E1	4.613173E0
1.645965E1	1.843469E1	4.603504E0
1.649297E1	1.847061E1	4.594818E0
1.652628E1	1.845468E1	4.599010E0
1.655960E1	1.843076E1	4.596386E0
1.659292E1	1.841885E1	4.587430E0
1.662624E1	1.838917E1	4.588466E0
1.665956E1	1.836455E1	4.567971E0
1.669288E1	1.838748E1	4.543069E0
1.672620E1	1.840104E1	4.539091E0
1.675952E1	1.837971E1	4.542942E0
1.679284E1	1.836358E1	4.561674E0
1.682616E1	1.832004E1	4.596328E0
1.685948E1	1.829724E1	4.688475E0
1.689279E1	1.831960E1	4.795081E0
1.692611E1	1.827695E1	4.788025E0
1.695943E1	1.805871E1	4.814201E0
1.699275E1	1.776014E1	4.783214E0
1.702607E1	1.755942E1	4.721945E0
1.705939E1	1.759641E1	4.709725E0
1.709271E1	1.774395E1	4.677441E0
1.712603E1	1.791171E1	4.640716E0
1.715935E1	1.801889E1	4.645239E0
1.719267E1	1.812142E1	4.676223E0
1.722599E1	1.820298E1	4.685894E0
1.725931E1	1.821871E1	4.697398E0
1.729262E1	1.823584E1	4.703354E0
1.732594E1	1.824835E1	4.700053E0
1.735926E1	1.829214E1	4.698150E0
1.739258E1	1.835621E1	4.706688E0
1.742590E1	1.841060E1	4.726056E0
1.745922E1	1.846463E1	4.752733E0
1.749254E1	1.852072E1	4.769235E0
1.752586E1	1.856226E1	4.806099E0
1.755918E1	1.858501E1	4.826652E0
1.759250E1	1.858760E1	4.821037E0
1.762582E1	1.858295E1	4.822774E0
1.765913E1	1.859117E1	4.830042E0
1.769245E1	1.858306E1	4.827065E0
1.772577E1	1.857423E1	4.825785E0
1.775909E1	1.855432E1	4.821623E0
1.779241E1	1.855791E1	4.807632E0
1.782573E1	1.852706E1	4.773532E0
1.785905E1	1.854910E1	4.731654E0
1.789237E1	1.866656E1	4.647729E0
1.792569E1	1.867012E1	4.667765E0
1.795901E1	1.863867E1	4.684735E0
1.799233E1	1.866411E1	4.672539E0
1.802565E1	1.865488E1	4.665517E0
1.805896E1	1.865629E1	4.661491E0
1.809228E1	1.864167E1	4.616073E0
1.812560E1	1.860620E1	4.594611E0
1.815892E1	1.861752E1	4.597053E0
1.819224E1	1.867029E1	4.633679E0
1.822556E1	1.874226E1	4.661205E0
1.825888E1	1.880506E1	4.679843E0
1.829220E1	1.886757E1	4.713262E0
1.832552E1	1.893214E1	4.759178E0
1.835884E1	1.901186E1	4.795555E0
1.839216E1	1.909186E1	4.823671E0
1.842547E1	1.917275E1	4.839460E0
1.845879E1	1.923509E1	4.854099E0
1.849211E1	1.930354E1	4.873999E0
1.852543E1	1.938775E1	4.882515E0
1.855875E1	1.946509E1	4.884942E0
1.859207E1	1.952040E1	4.884653E0
1.862539E1	1.952377E1	4.880866E0
1.865871E1	1.950553E1	4.877326E0
1.869203E1	1.950673E1	4.878171E0
1.872535E1	1.950833E1	4.879269E0
1.875867E1	1.950081E1	4.877963E0
1.879198E1	1.948919E1	4.876398E0
1.882530E1	1.950024E1	4.879598E0
1.885862E1	1.950416E1	4.897319E0
1.889194E1	1.950631E1	5.010634E0
1.892526E1	1.950432E1	5.196535E0
1.895858E1	1.955531E1	5.207369E0
1.899190E1	1.952732E1	5.154511E0
1.902522E1	1.954195E1	5.153230E0
1.905854E1	1.956772E1	5.156961E0
1.909186E1	1.957066E1	5.157613E0
1.912518E1	1.961247E1	5.166738E0
1.915850E1	1.974002E1	5.188148E0
1.919181E1	1.982835E1	5.215370E0
1.922513E1	1.986999E1	5.225248E0
1.925845E1	1.993803E1	5.230940E0
1.929177E1	2.004497E1	5.248428E0
1.932509E1	2.013919E1	5.269874E0
1.935841E1	2.020180E1	5.309370E0
1.939173E1	2.026656E1	5.344223E0
1.942505E1	2.038060E1	5.365786E0
1.945837E1	2.048774E1	5.415163E0
1.949169E1	2.052236E1	5.438628E0
1.952501E1	2.055703E1	5.437313E0
1.955832E1	2.058420E1	5.470636E0
1.959164E1	2.060257E1	5.488265E0
1.962496E1	2.058288E1	5.472243E0
1.965828E1	2.057474E1	5.478967E0
1.969160E1	2.057698E1	5.480803E0
1.972492E1	2.056766E1	5.484482E0
1.975824E1	2.055440E1	5.484222E0
1.979156E1	2.055007E1	5.474222E0
1.982488E1	2.051517E1	5.445578E0
1.985820E1	2.053658E1	5.392794E0
1.989152E1	2.065954E1	5.287566E0
1.992484E1	2.066215E1	5.306213E0
1.995815E1	2.063073E1	5.336706E0
1.999147E1	2.067986E1	5.325083E0
2.002479E1	2.066520E1	5.306373E0
2.005811E1	2.065498E1	5.294507E0
2.009143E1	2.068816E1	5.312913E0
2.012475E1	2.071926E1	5.346156E0
2.015807E1	2.077650E1	5.386981E0
2.019139E1	2.087566E1	5.448189E0
2.022471E1	2.097033E1	5.491264E0
2.025803E1	2.104386E1	5.514250E0
2.029135E1	2.111572E1	5.535390E0
2.032466E1	2.120060E1	5.567181E0
2.035798E1	2.129116E1	5.595855E0
2.039130E1	2.139338E1	5.634048E0
2.042462E1	2.150518E1	5.667930E0
2.045794E1	2.160671E1	5.687696E0
2.049126E1	2.164961E1	5.711385E0
2.052458E1	2.165437E1	5.711919E0
2.055790E1	2.168389E1	5.727832E0
2.059122E1	2.170907E1	5.712445E0
2.062454E1	2.171195E1	5.703006E0
2.065786E1	2.173356E1	5.710273E0
2.069117E1	2.172774E1	5.710151E0
2.072449E1	2.172531E1	5.710173E0
2.075781E1	2.170756E1	5.707885E0
2.079113E1	2.172697E1	5.716130E0
2.082445E1	2.173703E1	5.734994E0
2.085777E1	2.173179E1	5.805093E0
2.089109E1	2.174638E1	5.987457E0
2.092441E1	2.178145E1	5.984297E0
2.095773E1	2.176788E1	5.924547E0
2.099105E1	2.175464E1	5.928440E0
2.102437E1	2.177667E1	5.944585E0
2.105769E1	2.179075E1	5.930171E0
2.109100E1	2.177348E1	5.935460E0
2.112432E1	2.180136E1	5.941838E0
2.115764E1	2.190081E1	5.962756E0
2.119096E1	2.201642E1	6.007852E0
2.122428E1	2.209402E1	6.021360E0
2.125760E1	2.215754E1	6.022474E0
2.129092E1	2.222298E1	6.033298E0
2.132424E1	2.229924E1	6.054413E0
2.135756E1	2.239068E1	6.083069E0
2.139088E1	2.248756E1	6.121501E0
2.142420E1	2.256040E1	6.154433E0
2.145751E1	2.263883E1	6.186766E0
2.149083E1	2.270024E1	6.210125E0
2.152415E1	2.276104E1	6.230633E0
2.155747E1	2.281972E1	6.221786E0
2.159079E1	2.286786E1	6.239564E0
2.162411E1	2.288477E1	6.257380E0
2.165743E1	2.288330E1	6.257942E0
2.169075E1	2.288457E1	6.258259E0
2.172407E1	2.288542E1	6.258066E0
2.175739E1	2.288560E1	6.258677E0
2.179071E1	2.288519E1	6.259684E0
2.182403E1	2.286951E1	6.260618E0
2.185734E1	2.279334E1	6.258406E0
2.189066E1	2.260797E1	6.251191E0
2.192398E1	2.243136E1	6.191496E0
2.195730E1	2.233661E1	6.151657E0
2.199062E1	2.231223E1	6.135173E0
2.202394E1	2.229909E1	6.115277E0
2.205726E1	2.227991E1	6.090975E0
2.209058E1	2.227335E1	6.089005E0
2.212390E1	2.231363E1	6.101683E0
2.215722E1	2.241942E1	6.140455E0
2.219054E1	2.254900E1	6.169335E0
2.222385E1	2.261720E1	6.174443E0
2.225717E1	2.264093E1	6.194232E0
2.229049E1	2.269895E1	6.217727E0
2.232381E1	2.278633E1	6.254353E0
2.235713E1	2.287542E1	6.295816E0
2.239045E1	2.298050E1	6.330732E0
2.242377E1	2.310530E1	6.356833E0
2.245709E1	2.321345E1	6.383879E0
2.249041E1	2.331176E1	6.409418E0
2.252373E1	2.339210E1	6.430893E0
2.255705E1	2.341771E1	6.444959E0
2.259036E1	2.341636E1	6.436485E0
2.262368E1	2.343815E1	6.441496E0
2.265700E1	2.349470E1	6.456279E0
2.269032E1	2.352722E1	6.473144E0
2.272364E1	2.354545E1	6.481781E0
2.275696E1	2.353164E1	6.479217E0
2.279028E1	2.352324E1	6.475677E0
2.282360E1	2.350585E1	6.483336E0
2.285692E1	2.353629E1	6.555610E0
2.289024E1	2.358400E1	6.797753E0
2.292356E1	2.361182E1	6.842873E0
2.295688E1	2.361578E1	6.780044E0
2.299019E1	2.359347E1	6.746623E0
2.302351E1	2.359768E1	6.766809E0
2.305683E1	2.359695E1	6.762542E0
2.309015E1	2.359692E1	6.761223E0
2.312347E1	2.361357E1	6.759731E0
2.315679E1	2.364714E1	6.786016E0
2.319011E1	2.373615E1	6.812373E0
2.322343E1	2.384969E1	6.823728E0
2.325675E1	2.391438E1	6.831505E0
2.329007E1	2.397115E1	6.833681E0
2.332339E1	2.402571E1	6.841114E0
2.335670E1	2.408918E1	6.862615E0
2.339002E1	2.414666E1	6.886288E0
2.342334E1	2.418835E1	6.903525E0
2.345666E1	2.419965E1	6.912008E0
2.348998E1	2.422796E1	6.910326E0
2.352330E1	2.424983E1	6.951723E0
2.355662E1	2.429068E1	6.973630E0
2.358994E1	2.429648E1	6.973978E0
2.362326E1	2.429081E1	6.973529E0
2.365658E1	2.430339E1	6.979212E0
2.368990E1	2.430682E1	6.979299E0
2.372321E1	2.430839E1	6.980540E0
2.375653E1	2.428077E1	6.975447E0
2.378985E1	2.427289E1	6.968161E0
2.382317E1	2.425382E1	6.939978E0
2.385649E1	2.429193E1	6.916337E0
2.388981E1	2.439859E1	6.819100E0
2.392313E1	2.440908E1	6.815056E0
2.395645E1	2.434769E1	6.856869E0
2.398977E1	2.439008E1	6.866548E0
2.402309E1	2.438738E1	6.867360E0
2.405641E1	2.435040E1	6.842001E0
2.408973E1	2.435754E1	6.845909E0
2.412304E1	2.437583E1	6.861653E0
2.415636E1	2.446252E1	6.907236E0
2.418968E1	2.460735E1	6.957305E0
2.422300E1	2.470990E1	7.018992E0
2.425632E1	2.479087E1	7.066125E0
2.428964E1	2.485864E1	7.091433E0
2.432296E1	2.493296E1	7.124969E0
2.435628E1	2.500686E1	7.161898E0
2.438960E1	2.508001E1	7.187484E0
2.442292E1	2.516993E1	7.215881E0
2.445624E1	2.528442E1	7.244018E0
2.448955E1	2.537629E1	7.263176E0
2.452287E1	2.542232E1	7.273383E0
2.455619E1	2.547642E1	7.270229E0
2.458951E1	2.551356E1	7.283126E0
2.462283E1	2.553484E1	7.288876E0
2.465615E1	2.552934E1	7.297943E0
2.468947E1	2.552940E1	7.302405E0
2.472279E1	2.552880E1	7.304731E0
2.475611E1	2.550672E1	7.301413E0
2.478943E1	2.550804E1	7.300590E0
2.482275E1	2.550727E1	7.314125E0
2.485607E1	2.555856E1	7.415884E0
2.488938E1	2.562457E1	7.638081E0
2.492270E1	2.568293E1	7.666810E0
2.495602E1	2.565584E1	7.585926E0
2.498934E1	2.559758E1	7.523973E0
2.502266E1	2.559435E1	7.540690E0
2.505598E1	2.559064E1	7.538684E0
2.508930E1	2.560671E1	7.535664E0
2.512262E1	2.560062E1	7.534864E0
2.515594E1	2.563213E1	7.556650E0
2.518926E1	2.575139E1	7.593855E0
2.522258E1	2.588016E1	7.636254E0
2.525589E1	2.591417E1	7.643289E0
2.528921E1	2.592678E1	7.642397E0
2.532253E1	2.596615E1	7.665947E0
2.535585E1	2.603052E1	7.700247E0
2.538917E1	2.608519E1	7.733354E0
2.542249E1	2.613773E1	7.761148E0
2.545581E1	2.615242E1	7.779007E0
2.548913E1	2.614477E1	7.769779E0
2.552245E1	2.614730E1	7.779070E0
2.555577E1	2.618860E1	7.771126E0
2.558909E1	2.621052E1	7.767121E0
2.562240E1	2.618704E1	7.771031E0
2.565572E1	2.617833E1	7.762943E0
2.568904E1	2.618290E1	7.758402E0
2.572236E1	2.618513E1	7.756892E0
2.575568E1	2.616622E1	7.753479E0
2.578900E1	2.616148E1	7.739134E0
2.582232E1	2.612718E1	7.719798E0
2.585564E1	2.617007E1	7.684776E0
2.588896E1	2.622954E1	7.652720E0
2.592228E1	2.622140E1	7.647245E0
2.595560E1	2.622946E1	7.617148E0
2.598892E1	2.622272E1	7.606653E0
2.602223E1	2.618762E1	7.560772E0
2.605555E1	2.614259E1	7.514281E0
2.608887E1	2.617045E1	7.502997E0
2.612219E1	2.620438E1	7.541590E0
2.615551E1	2.624296E1	7.594465E0
2.618883E1	2.634269E1	7.652589E0
2.622215E1	2.644454E1	7.721171E0
2.625547E1	2.651736E1	7.767636E0
2.628879E1	2.656960E1	7.807774E0
2.632211E1	2.662928E1	7.837066E0
2.635543E1	2.668722E1	7.871511E0
2.638874E1	2.675651E1	7.909711E0
2.642206E1	2.682667E1	7.949673E0
2.645538E1	2.690223E1	7.982896E0
2.648870E1	2.699950E1	7.992690E0
2.652202E1	2.706803E1	7.980479E0
2.655534E1	2.709254E1	7.969850E0
2.658866E1	2.708224E1	7.962747E0
2.662198E1	2.706885E1	7.961893E0
2.665530E1	2.704641E1	7.963171E0
2.668862E1	2.704727E1	7.969619E0
2.672194E1	2.703973E1	7.971400E0
2.675526E1	2.702255E1	7.970832E0
2.678857E1	2.705389E1	7.990674E0
2.682189E1	2.703993E1	7.990407E0
2.685521E1	2.699257E1	7.919790E0
2.688853E1	2.696008E1	7.928765E0
2.692185E1	2.694738E1	8.028986E0
2.695517E1	2.693272E1	8.142348E0
2.698849E1	2.681743E1	8.184499E0
2.702181E1	2.676521E1	8.135944E0
2.705513E1	2.680394E1	8.102121E0
2.708845E1	2.684430E1	8.082925E0
2.712177E1	2.687666E1	8.089038E0
2.715508E1	2.697058E1	8.110658E0
2.718840E1	2.711656E1	8.135429E0
2.722172E1	2.722224E1	8.144369E0
2.725504E1	2.727631E1	8.138178E0
2.728836E1	2.733784E1	8.152649E0
2.732168E1	2.739524E1	8.160270E0
2.735500E1	2.745810E1	8.173019E0
2.738832E1	2.749965E1	8.205337E0
2.742164E1	2.752648E1	8.235381E0
2.745496E1	2.753280E1	8.257227E0
2.748828E1	2.754036E1	8.266244E0
2.752159E1	2.754178E1	8.260128E0
2.755491E1	2.753538E1	8.253147E0
2.758823E1	2.753212E1	8.253569E0
2.762155E1	2.754237E1	8.246645E0
2.765487E1	2.750728E1	8.253426E0
2.768819E1	2.749820E1	8.289157E0
2.772151E1	2.751990E1	8.289448E0
2.775483E1	2.750952E1	8.284458E0
2.778815E1	2.750045E1	8.281649E0
2.782147E1	2.746879E1	8.258543E0
2.785479E1	2.750387E1	8.216172E0
2.788811E1	2.761013E1	8.134168E0
2.792142E1	2.766676E1	8.146708E0
2.795474E1	2.762854E1	8.174930E0
2.798806E1	2.766385E1	8.179419E0
2.802138E1	2.766588E1	8.165194E0
2.805470E1	2.763698E1	8.137089E0
2.808802E1	2.763911E1	8.136564E0
2.812134E1	2.765759E1	8.152384E0
2.815466E1	2.773277E1	8.200644E0
2.818798E1	2.784669E1	8.248751E0
2.822130E1	2.790929E1	8.294546E0
2.825462E1	2.796109E1	8.319356E0
2.828793E1	2.803206E1	8.342578E0
2.832125E1	2.812881E1	8.378825E0
2.835457E1	2.824279E1	8.421352E0
2.838789E1	2.833043E1	8.464708E0
2.842121E1	2.839486E1	8.492353E0
2.845453E1	2.845640E1	8.511109E0
2.848785E1	2.854395E1	8.535968E0
2.852117E1	2.864529E1	8.565825E0
2.855449E1	2.870598E1	8.585290E0
2.858781E1	2.878488E1	8.606117E0
2.862113E1	2.886038E1	8.624074E0
2.865445E1	2.885961E1	8.630102E0
2.868776E1	2.885540E1	8.632982E0
2.872108E1	2.885495E1	8.635182E0
2.875440E1	2.884710E1	8.634273E0
2.878772E1	2.885707E1	8.640660E0
2.882104E1	2.884914E1	8.642622E0
2.885436E1	2.890548E1	8.716734E0
2.888768E1	2.893790E1	8.962641E0
2.892100E1	2.896220E1	9.013851E0
2.895432E1	2.897191E1	8.955608E0
2.898764E1	2.895890E1	8.956778E0
2.902096E1	2.896640E1	8.982454E0
2.905427E1	2.895974E1	8.965230E0
2.908759E1	2.895892E1	8.965253E0
2.912091E1	2.895999E1	8.974770E0
2.915423E1	2.901142E1	8.989104E0
2.918755E1	2.915902E1	9.034160E0
2.922087E1	2.933061E1	9.084702E0
2.925419E1	2.937262E1	9.093122E0
2.928751E1	2.938961E1	9.086819E0
2.932083E1	2.941485E1	9.095742E0
2.935415E1	2.945882E1	9.118346E0
2.938747E1	2.950369E1	9.152017E0
2.942078E1	2.951970E1	9.175995E0
2.945410E1	2.953257E1	9.193081E0
2.948742E1	2.954137E1	9.203703E0
2.952074E1	2.955997E1	9.211920E0
2.955406E1	2.956026E1	9.203399E0
2.958738E1	2.956825E1	9.203458E0
2.962070E1	2.956613E1	9.201539E0
2.965402E1	2.955127E1	9.195976E0
2.968734E1	2.955435E1	9.193864E0
2.972066E1	2.955696E1	9.192938E0
2.975398E1	2.954627E1	9.189398E0
2.978730E1	2.954265E1	9.181901E0
2.982061E1	2.950960E1	9.156216E0
2.985393E1	2.953100E1	9.124278E0
2.988725E1	2.961299E1	9.031364E0
2.992057E1	2.965219E1	9.005891E0
2.995389E1	2.961418E1	9.052234E0
2.998721E1	2.964465E1	9.059170E0
3.002053E1	2.963501E1	9.063891E0
3.005385E1	2.960510E1	9.037589E0
3.008717E1	2.961696E1	9.041624E0
3.012049E1	2.961207E1	9.033582E0
3.015381E1	2.962543E1	9.039615E0
3.018712E1	2.970635E1	9.088349E0
3.022044E1	2.989404E1	9.186791E0
3.025376E1	3.002843E1	9.258668E0
3.028708E1	3.005793E1	9.289886E0
3.032040E1	3.008490E1	9.302927E0
3.035372E1	3.016351E1	9.347287E0
3.038704E1	3.026852E1	9.400747E0
3.042036E1	3.035038E1	9.437520E0
3.045368E1	3.043479E1	9.453532E0
3.048700E1	3.052706E1	9.474430E0
3.052032E1	3.060805E1	9.497667E0
3.055364E1	3.067731E1	9.517742E0
3.058695E1	3.073034E1	9.525378E0
3.062027E1	3.073056E1	9.523641E0
3.065359E1	3.070532E1	9.514878E0
3.068691E1	3.071633E1	9.518990E0
3.072023E1	3.072402E1	9.521686E0
3.075355E1	3.070859E1	9.517527E0
3.078687E1	3.071515E1	9.520726E0
3.082019E1	3.073356E1	9.560848E0
3.085351E1	3.079351E1	9.682919E0
3.088683E1	3.089897E1	9.914116E0
3.092015E1	3.094169E1	9.953700E0
3.095346E1	3.093145E1	9.896520E0
3.098678E1	3.090825E1	9.881808E0
3.102010E1	3.092583E1	9.904388E0
3.105342E1	3.099267E1	9.957658E0
3.108674E1	3.103655E1	9.980452E0
3.112006E1	3.101162E1	9.963383E0
3.115338E1	3.104807E1	9.978544E0
3.118670E1	3.113036E1	1.001020E1
3.122002E1	3.122622E1	1.002595E1
3.125334E1	3.131782E1	1.002831E1
3.128666E1	3.138440E1	1.003938E1
3.131997E1	3.141588E1	1.005867E1
3.135329E1	3.143499E1	1.008347E1
3.138661E1	3.143871E1	1.010301E1
3.141993E1	3.144513E1	1.013070E1
3.145325E1	3.145284E1	1.014163E1
3.148657E1	3.145953E1	1.014560E1
3.151989E1	3.144627E1	1.013894E1
3.155321E1	3.144697E1	1.012293E1
3.158653E1	3.144940E1	1.013324E1
3.161985E1	3.144140E1	1.015065E1
3.165317E1	3.139866E1	1.014272E1
3.168649E1	3.139045E1	1.013922E1
3.171980E1	3.140078E1	1.013970E1
3.175312E1	3.139622E1	1.013754E1
3.178644E1	3.139376E1	1.013665E1
3.181976E1	3.137464E1	1.013397E1
3.185308E1	3.130257E1	1.012219E1
3.188640E1	3.121074E1	1.007088E1
3.191972E1	3.118028E1	9.973050E0
3.195304E1	3.125268E1	9.951095E0
3.198636E1	3.129572E1	1.000984E1
3.201968E1	3.128741E1	1.002500E1
3.205300E1	3.125344E1	1.001088E1
3.208631E1	3.123804E1	9.986709E0
3.211963E1	3.127692E1	1.000119E1
3.215295E1	3.137813E1	1.005541E1
3.218627E1	3.148046E1	1.010890E1
3.221959E1	3.154022E1	1.014301E1
3.225291E1	3.159281E1	1.017230E1
3.228623E1	3.166234E1	1.019123E1
3.231955E1	3.177769E1	1.023642E1
3.235287E1	3.189853E1	1.029133E1
3.238619E1	3.196761E1	1.031860E1
3.241951E1	3.201579E1	1.033448E1
3.245282E1	3.205195E1	1.034676E1
3.248614E1	3.205787E1	1.035195E1
3.251946E1	3.205716E1	1.035187E1
3.255278E1	3.208585E1	1.036496E1
3.258610E1	3.213446E1	1.036298E1
3.261942E1	3.213869E1	1.033562E1
3.265274E1	3.214978E1	1.034180E1
3.268606E1	3.215387E1	1.034528E1
3.271938E1	3.215593E1	1.034717E1
3.275270E1	3.215136E1	1.034744E1
3.278602E1	3.216017E1	1.035230E1
3.281934E1	3.216948E1	1.037036E1
3.285265E1	3.220782E1	1.043331E1
3.288597E1	3.226046E1	1.063726E1
3.291929E1	3.228929E1	1.068193E1
3.295261E1	3.230382E1	1.061730E1
3.298593E1	3.229895E1	1.061280E1
3.301925E1	3.230243E1	1.065019E1
3.305257E1	3.229565E1	1.062650E1
3.308589E1	3.228256E1	1.062462E1
3.311921E1	3.232397E1	1.063205E1
3.315253E1	3.239889E1	1.064664E1
3.318585E1	3.249156E1	1.068229E1
3.321916E1	3.256682E1	1.071044E1
3.325248E1	3.265125E1	1.070460E1
3.328580E1	3.271580E1	1.069855E1
3.331912E1	3.274507E1	1.070582E1
3.335244E1	3.275501E1	1.072588E1
3.338576E1	3.273875E1	1.074616E1
3.341908E1	3.272065E1	1.075579E1
3.345240E1	3.275771E1	1.073645E1
3.348572E1	3.276066E1	1.075164E1
3.351904E1	3.278002E1	1.078068E1
3.355236E1	3.279286E1	1.079165E1
3.358568E1	3.278964E1	1.079471E1
3.361899E1	3.280718E1	1.081646E1
3.365231E1	3.281504E1	1.080468E1
3.368563E1	3.280313E1	1.078818E1
3.371895E1	3.280857E1	1.079139E1
3.375227E1	3.279280E1	1.079209E1
3.378559E1	3.274362E1	1.078023E1
3.381891E1	3.270314E1	1.074789E1
3.385223E1	3.271794E1	1.070960E1
3.388555E1	3.278158E1	1.060564E1
3.391887E1	3.282468E1	1.057830E1
3.395219E1	3.276490E1	1.062678E1
3.398550E1	3.278386E1	1.063117E1
3.401882E1	3.280821E1	1.061665E1
3.405214E1	3.276958E1	1.058541E1
3.408546E1	3.277717E1	1.057520E1
3.411878E1	3.278429E1	1.057573E1
3.415210E1	3.284270E1	1.061193E1
3.418542E1	3.287665E1	1.063961E1
3.421874E1	3.287298E1	1.063964E1
3.425206E1	3.291289E1	1.067867E1
3.428538E1	3.306259E1	1.074431E1
3.431870E1	3.325901E1	1.081685E1
3.435201E1	3.336342E1	1.085426E1
3.438533E1	3.338708E1	1.086498E1
3.441865E1	3.343373E1	1.088080E1
3.445197E1	3.351021E1	1.091412E1
3.448529E1	3.358872E1	1.094892E1
3.451861E1	3.368237E1	1.097084E1
3.455193E1	3.378270E1	1.099589E1
3.458525E1	3.387889E1	1.102042E1
3.461857E1	3.394739E1	1.104611E1
3.465189E1	3.398247E1	1.106391E1
3.468521E1	3.398356E1	1.106583E1
3.471853E1	3.398427E1	1.106727E1
3.475184E1	3.398184E1	1.106781E1
3.478516E1	3.398199E1	1.106760E1
3.481848E1	3.393980E1	1.106188E1
3.485180E1	3.388768E1	1.106539E1
3.488512E1	3.385708E1	1.119926E1
3.491844E1	3.378606E1	1.124207E1
3.495176E1	3.375902E1	1.116226E1
3.498508E1	3.377006E1	1.117166E1
3.501840E1	3.377105E1	1.121986E1
3.505172E1	3.375408E1	1.119080E1
3.508504E1	3.375583E1	1.118536E1
3.511835E1	3.376174E1	1.118261E1
3.515167E1	3.376525E1	1.118108E1
3.518499E1	3.382901E1	1.118442E1
3.521831E1	3.398967E1	1.124110E1
3.525163E1	3.415540E1	1.130526E1
3.528495E1	3.419852E1	1.130596E1
3.531827E1	3.419983E1	1.128572E1
3.535159E1	3.419650E1	1.128452E1
3.538491E1	3.420632E1	1.130720E1
3.541823E1	3.417970E1	1.133995E1
3.545155E1	3.417538E1	1.135486E1
3.548487E1	3.416727E1	1.134839E1
3.551818E1	3.416337E1	1.134732E1
3.555150E1	3.416389E1	1.135279E1
3.558482E1	3.415870E1	1.135745E1
3.561814E1	3.414733E1	1.135943E1
3.565146E1	3.412207E1	1.134910E1
3.568478E1	3.413136E1	1.134935E1
3.571810E1	3.413715E1	1.134851E1
3.575142E1	3.411996E1	1.134742E1
3.578474E1	3.405610E1	1.133834E1
3.581806E1	3.400997E1	1.132759E1
3.585138E1	3.403942E1	1.130202E1
3.588469E1	3.410965E1	1.123058E1
3.591801E1	3.414077E1	1.113307E1
3.595133E1	3.409690E1	1.113776E1
3.598465E1	3.408060E1	1.117348E1
3.601797E1	3.412226E1	1.114390E1
3.605129E1	3.408757E1	1.112655E1
3.608461E1	3.409254E1	1.112803E1
3.611793E1	3.412495E1	1.116653E1
3.615125E1	3.417046E1	1.121722E1
3.618457E1	3.425371E1	1.129518E1
