	mass A		
t	x	y	
0.000000E0	2.896293E-3	-1.085912E-2
3.331913E-2	9.611784E-3	-1.164297E-2
6.663826E-2	2.708010E-2	-7.640059E-3
9.995738E-2	4.407369E-3	-9.773446E-3
1.332765E-1	-3.182252E-2	-1.281821E-2
1.665956E-1	-6.496898E-2	2.056060E-2
1.999148E-1	-4.221527E-2	2.913055E-2
2.332339E-1	-1.365016E-2	2.775802E-2
2.665530E-1	-4.233651E-2	2.028239E-2
2.998721E-1	-2.040191E-3	3.415246E-2
3.331913E-1	6.690578E-2	3.991087E-2
3.665104E-1	1.878791E-1	5.114228E-2
3.998295E-1	3.283539E-1	7.312591E-2
4.331487E-1	4.419922E-1	7.229885E-2
4.664678E-1	5.182452E-1	6.611865E-2
4.997869E-1	5.797100E-1	6.618213E-2
5.331060E-1	6.644418E-1	6.796646E-2
5.664252E-1	7.902170E-1	5.633819E-2
5.997443E-1	9.323784E-1	5.914804E-2
6.330634E-1	1.057522E0	5.810816E-2
6.663826E-1	1.152676E0	5.260920E-2
6.997017E-1	1.235722E0	4.664253E-2
7.330208E-1	1.289188E0	3.250020E-2
7.663399E-1	1.349518E0	1.518276E-2
7.996591E-1	1.407205E0	5.311911E-3
8.329782E-1	1.456310E0	-4.227308E-3
8.662973E-1	1.466874E0	-4.533991E-3
8.996164E-1	1.465891E0	-1.605899E-3
9.329356E-1	1.461456E0	8.886395E-4
9.662547E-1	1.442198E0	5.990287E-3
9.995738E-1	1.447565E0	9.055318E-3
1.032893E0	1.453576E0	5.052372E-2
1.066212E0	1.428736E0	1.689809E-1
1.099531E0	1.447957E0	2.533878E-1
1.132850E0	1.452354E0	2.020828E-1
1.166169E0	1.434067E0	1.741897E-1
1.199489E0	1.479354E0	1.766464E-1
1.232808E0	1.557224E0	1.735689E-1
1.266127E0	1.593546E0	1.696759E-1
1.299446E0	1.589578E0	1.781991E-1
1.332765E0	1.638376E0	1.888118E-1
1.366084E0	1.763089E0	1.867781E-1
1.399403E0	1.847253E0	1.371590E-1
1.432722E0	1.893678E0	8.018941E-2
1.466042E0	1.956689E0	6.859202E-2
1.499361E0	1.990699E0	9.258787E-2
1.532680E0	1.972073E0	9.673788E-2
1.565999E0	1.974785E0	9.420724E-2
1.599318E0	2.009140E0	8.995183E-2
1.632637E0	2.008053E0	8.600519E-2
1.665956E0	1.999191E0	9.550161E-2
1.699276E0	1.999943E0	1.151190E-1
1.732595E0	2.005648E0	1.204849E-1
1.765914E0	2.013042E0	1.187369E-1
1.799233E0	2.010937E0	1.291799E-1
1.832552E0	2.015247E0	1.283160E-1
1.865871E0	2.006157E0	1.294411E-1
1.899190E0	2.015525E0	1.288103E-1
1.932509E0	2.005075E0	1.280364E-1
1.965829E0	1.994012E0	1.222981E-1
1.999148E0	1.983783E0	9.845061E-2
2.032467E0	2.026161E0	4.048064E-2
2.065786E0	2.178903E0	-4.133017E-2
2.099105E0	2.254661E0	-1.105184E-1
2.132424E0	2.182528E0	-8.856047E-2
2.165743E0	2.174903E0	-9.019003E-2
2.199062E0	2.209017E0	-9.878731E-2
2.232382E0	2.218121E0	-9.894196E-2
2.265701E0	2.197266E0	-1.290064E-1
2.299020E0	2.225795E0	-1.272030E-1
2.332339E0	2.262102E0	-1.318611E-1
2.365658E0	2.347339E0	-1.090939E-1
2.398977E0	2.446294E0	-9.412738E-2
2.432296E0	2.552961E0	-7.938500E-2
2.465615E0	2.675996E0	-6.726799E-2
2.498935E0	2.780925E0	-4.822480E-2
2.532254E0	2.856361E0	-3.232540E-2
2.565573E0	2.946500E0	-1.495617E-2
2.598892E0	3.050054E0	-1.553591E-3
2.632211E0	3.159024E0	3.795027E-3
2.665530E0	3.264190E0	-8.318811E-3
2.698849E0	3.351042E0	-4.249352E-3
2.732168E0	3.433465E0	-1.500142E-2
2.765488E0	3.490606E0	-2.236912E-2
2.798807E0	3.516814E0	-1.708191E-2
2.832126E0	3.518309E0	-1.695047E-2
2.865445E0	3.519068E0	-1.605826E-2
2.898764E0	3.519772E0	-1.507777E-2
2.932083E0	3.517870E0	-1.478214E-2
2.965402E0	3.483914E0	-1.740199E-2
2.998721E0	3.482066E0	-1.721991E-2
3.032041E0	3.496311E0	1.376311E-3
3.065360E0	3.495865E0	9.847170E-2
3.098679E0	3.456081E0	2.234226E-1
3.131998E0	3.503258E0	1.705724E-1
3.165317E0	3.452122E0	1.088549E-1
3.198636E0	3.453870E0	1.062506E-1
3.231955E0	3.471892E0	1.032913E-1
3.265275E0	3.505773E0	9.261530E-2
3.298594E0	3.488347E0	1.038312E-1
3.331913E0	3.531225E0	1.136440E-1
3.365232E0	3.664337E0	1.161423E-1
3.398551E0	3.827479E0	1.201063E-1
3.431870E0	3.917311E0	1.166957E-1
3.465189E0	3.959530E0	1.144273E-1
3.498508E0	3.972912E0	1.099442E-1
3.531828E0	3.970528E0	1.108354E-1
3.565147E0	4.015189E0	1.132490E-1
3.598466E0	4.080585E0	1.000813E-1
3.631785E0	4.067981E0	1.153898E-1
3.665104E0	4.074308E0	1.504207E-1
3.698423E0	4.090565E0	1.590690E-1
3.731742E0	4.132986E0	1.370767E-1
3.765061E0	4.142181E0	1.237874E-1
3.798381E0	4.128332E0	1.349516E-1
3.831700E0	4.123256E0	1.205986E-1
3.865019E0	4.124899E0	1.170554E-1
3.898338E0	4.130101E0	1.094988E-1
3.931657E0	4.130077E0	1.107381E-1
3.964976E0	4.138590E0	9.841861E-2
3.998295E0	4.092921E0	7.723647E-2
4.031614E0	4.138762E0	1.403473E-2
4.064934E0	4.292063E0	-9.710200E-2
4.098253E0	4.418162E0	-1.732640E-1
4.131572E0	4.337967E0	-1.258536E-1
4.164891E0	4.302238E0	-1.164164E-1
4.198210E0	4.319609E0	-1.499767E-1
4.231529E0	4.323392E0	-1.760748E-1
4.264848E0	4.305144E0	-1.887368E-1
4.298167E0	4.346548E0	-1.739829E-1
4.331487E0	4.393437E0	-1.618013E-1
4.364806E0	4.475599E0	-1.535543E-1
4.398125E0	4.561114E0	-1.335785E-1
4.431444E0	4.653958E0	-1.276932E-1
4.464763E0	4.747117E0	-1.157740E-1
4.498082E0	4.843329E0	-1.063583E-1
4.531401E0	4.945553E0	-9.131322E-2
4.564721E0	5.053824E0	-8.516985E-2
4.598040E0	5.138523E0	-6.803739E-2
4.631359E0	5.236734E0	-4.301829E-2
4.664678E0	5.322731E0	-3.910307E-2
4.697997E0	5.390873E0	-2.528413E-2
4.731316E0	5.475683E0	-2.600632E-2
4.764635E0	5.559554E0	-1.533925E-2
4.797954E0	5.635913E0	-2.007548E-2
4.831274E0	5.686855E0	-2.304414E-2
4.864593E0	5.697939E0	-2.530358E-2
4.897912E0	5.697795E0	-2.593562E-2
4.931231E0	5.696882E0	-2.615948E-2
4.964550E0	5.677464E0	-2.348163E-2
4.997869E0	5.704502E0	-1.907809E-2
5.031188E0	5.721679E0	1.607966E-2
5.064507E0	5.704195E0	1.279432E-1
5.097827E0	5.657733E0	2.433174E-1
5.131146E0	5.697384E0	1.806780E-1
5.164465E0	5.687614E0	1.323547E-1
5.197784E0	5.687311E0	1.371621E-1
5.231103E0	5.740165E0	1.304733E-1
5.264422E0	5.769818E0	1.066677E-1
5.297741E0	5.778968E0	1.080470E-1
5.331060E0	5.826669E0	1.021424E-1
5.364380E0	5.906420E0	1.067583E-1
5.397699E0	6.028146E0	1.200442E-1
5.431018E0	6.139977E0	1.330966E-1
5.464337E0	6.195922E0	1.268889E-1
5.497656E0	6.242991E0	1.241919E-1
5.530975E0	6.270337E0	1.234981E-1
5.564294E0	6.280136E0	1.430599E-1
5.597613E0	6.290473E0	1.484681E-1
5.630933E0	6.316707E0	1.490487E-1
5.664252E0	6.319173E0	1.487785E-1
5.697571E0	6.320112E0	1.512924E-1
5.730890E0	6.343444E0	1.484692E-1
5.764209E0	6.354076E0	1.465691E-1
5.797528E0	6.356627E0	1.491779E-1
5.830847E0	6.376034E0	1.425326E-1
5.864166E0	6.359528E0	1.456295E-1
5.897486E0	6.360883E0	1.453229E-1
5.930805E0	6.360093E0	1.449137E-1
5.964124E0	6.345815E0	1.363109E-1
5.997443E0	6.342960E0	1.025379E-1
6.030762E0	6.404244E0	4.752833E-2
6.064081E0	6.558072E0	-6.191948E-2
6.097400E0	6.705949E0	-1.449176E-1
6.130720E0	6.649062E0	-1.348891E-1
6.164039E0	6.625038E0	-1.243975E-1
6.197358E0	6.659171E0	-1.488701E-1
6.230677E0	6.666885E0	-1.728506E-1
6.263996E0	6.637485E0	-1.976057E-1
6.297315E0	6.654061E0	-1.952956E-1
6.330634E0	6.712491E0	-1.864825E-1
6.363953E0	6.834522E0	-1.541315E-1
6.397273E0	6.938079E0	-1.183636E-1
6.430592E0	7.032594E0	-8.301869E-2
6.463911E0	7.098188E0	-6.894407E-2
6.497230E0	7.160394E0	-6.201699E-2
6.530549E0	7.253820E0	-4.820553E-2
6.563868E0	7.365411E0	-2.198318E-2
6.597187E0	7.459831E0	-3.783862E-3
6.630506E0	7.529935E0	2.009010E-3
6.663826E0	7.586321E0	3.003877E-3
6.697145E0	7.649645E0	-3.603677E-2
6.730464E0	7.704199E0	-5.187212E-2
6.763783E0	7.716184E0	-5.449338E-2
6.797102E0	7.719499E0	-5.915273E-2
6.830421E0	7.714769E0	-6.564094E-2
6.863740E0	7.713354E0	-5.993528E-2
6.897059E0	7.710821E0	-5.951417E-2
6.930379E0	7.709631E0	-5.886467E-2
6.963698E0	7.684992E0	-5.499676E-2
6.997017E0	7.698368E0	-5.410344E-2
7.030336E0	7.700711E0	-2.838942E-2
7.063655E0	7.757369E0	9.136131E-2
7.096974E0	7.741742E0	2.387932E-1
7.130293E0	7.771728E0	1.690379E-1
7.163612E0	7.698740E0	9.008319E-2
7.196932E0	7.699553E0	8.986452E-2
7.230251E0	7.727567E0	8.127313E-2
7.263570E0	7.721312E0	7.224881E-2
7.296889E0	7.714045E0	6.840394E-2
7.330208E0	7.769231E0	7.047350E-2
7.363527E0	7.892863E0	7.710313E-2
7.396846E0	8.003949E0	6.764875E-2
7.430165E0	8.086072E0	6.051187E-2
7.463485E0	8.150973E0	4.215250E-2
7.496804E0	8.160266E0	5.148808E-2
7.530123E0	8.161841E0	7.398526E-2
7.563442E0	8.179481E0	8.658255E-2
7.596761E0	8.236265E0	7.363004E-2
7.630080E0	8.258299E0	7.613313E-2
7.663399E0	8.268837E0	8.086254E-2
7.696719E0	8.269062E0	7.825645E-2
7.730038E0	8.293595E0	7.127558E-2
7.763357E0	8.308433E0	7.192135E-2
7.796676E0	8.306833E0	7.541301E-2
7.829995E0	8.316700E0	7.154950E-2
7.863314E0	8.322587E0	7.132613E-2
7.896633E0	8.342631E0	6.540804E-2
7.929952E0	8.333610E0	6.587409E-2
7.963272E0	8.300603E0	6.322051E-2
7.996591E0	8.304704E0	2.698116E-2
8.029910E0	8.337620E0	-2.814576E-2
8.063229E0	8.465696E0	-9.402185E-2
8.096548E0	8.592238E0	-1.822982E-1
8.129867E0	8.543408E0	-1.572426E-1
8.163186E0	8.533416E0	-1.506074E-1
8.196505E0	8.562529E0	-1.659904E-1
8.229825E0	8.581086E0	-1.764679E-1
8.263144E0	8.556043E0	-2.141721E-1
8.296463E0	8.573423E0	-2.187735E-1
8.329782E0	8.607697E0	-2.167935E-1
8.363101E0	8.678508E0	-2.010063E-1
8.396420E0	8.784910E0	-1.686535E-1
8.429739E0	8.866212E0	-1.464881E-1
8.463058E0	8.956244E0	-1.370272E-1
8.496378E0	9.055210E0	-1.214491E-1
8.529697E0	9.170924E0	-1.046337E-1
8.563016E0	9.265498E0	-8.453815E-2
8.596335E0	9.361419E0	-7.216192E-2
8.629654E0	9.452628E0	-6.917451E-2
8.662973E0	9.545640E0	-4.542529E-2
8.696292E0	9.625957E0	-3.756563E-2
8.729611E0	9.696291E0	-2.041244E-2
8.762931E0	9.774089E0	-1.838295E-2
8.796250E0	9.856415E0	-1.242359E-2
8.829569E0	9.941716E0	-1.674091E-2
8.862888E0	9.997569E0	-1.358181E-2
8.896207E0	1.001901E1	-1.634976E-2
8.929526E0	1.001034E1	-1.549671E-2
8.962845E0	9.990778E0	-1.216445E-2
8.996164E0	1.002413E1	9.187795E-4
9.029484E0	1.003592E1	4.019558E-2
9.062803E0	1.004078E1	1.415855E-1
9.096122E0	9.990473E0	2.902316E-1
9.129441E0	1.004966E1	2.330981E-1
9.162760E0	1.003970E1	1.460201E-1
9.196079E0	9.998630E0	1.429512E-1
9.229398E0	1.001191E1	1.445990E-1
9.262718E0	1.001631E1	1.190171E-1
9.296037E0	1.000498E1	1.246227E-1
9.329356E0	1.005191E1	1.140013E-1
9.362675E0	1.013153E1	1.192518E-1
9.395994E0	1.026660E1	1.167659E-1
9.429313E0	1.038757E1	1.258014E-1
9.462632E0	1.043603E1	1.266108E-1
9.495951E0	1.048326E1	1.229697E-1
9.529271E0	1.053046E1	1.331819E-1
9.562590E0	1.059050E1	1.480162E-1
9.595909E0	1.065583E1	1.644904E-1
9.629228E0	1.071222E1	1.810194E-1
9.662547E0	1.080674E1	1.836522E-1
9.695866E0	1.089125E1	1.664855E-1
9.729185E0	1.094046E1	1.672327E-1
9.762504E0	1.098929E1	1.716218E-1
9.795824E0	1.100281E1	1.738215E-1
9.829143E0	1.101417E1	1.728388E-1
9.862462E0	1.100893E1	1.726704E-1
9.895781E0	1.100668E1	1.724258E-1
9.929100E0	1.100205E1	1.724066E-1
9.962419E0	1.095932E1	1.676324E-1
9.995738E0	1.093793E1	1.623510E-1
1.002906E1	1.099129E1	1.067342E-1
1.006238E1	1.109528E1	1.804734E-2
1.009570E1	1.126043E1	-6.840003E-2
1.012901E1	1.126241E1	-6.715635E-2
1.016233E1	1.122174E1	-5.079096E-2
1.019565E1	1.125421E1	-7.002878E-2
1.022897E1	1.126862E1	-1.019845E-1
1.026229E1	1.124797E1	-1.281742E-1
1.029561E1	1.126741E1	-1.314327E-1
1.032893E1	1.132812E1	-1.197605E-1
1.036225E1	1.139322E1	-1.008409E-1
1.039557E1	1.146157E1	-9.023182E-2
1.042889E1	1.154329E1	-7.296349E-2
1.046221E1	1.165243E1	-5.585153E-2
1.049553E1	1.175258E1	-3.754465E-2
1.052884E1	1.184445E1	-1.950512E-2
1.056216E1	1.193519E1	-4.886277E-3
1.059548E1	1.201272E1	6.263535E-3
1.062880E1	1.208480E1	1.668359E-2
1.066212E1	1.216309E1	2.596457E-2
1.069544E1	1.222239E1	2.353622E-2
1.072876E1	1.224625E1	1.155087E-2
1.076208E1	1.223784E1	-1.504991E-2
1.079540E1	1.225753E1	-2.281414E-2
1.082872E1	1.227134E1	-2.749041E-2
1.086204E1	1.226760E1	-2.770105E-2
1.089535E1	1.227449E1	-2.913623E-2
1.092867E1	1.227662E1	-2.948799E-2
1.096199E1	1.224832E1	-3.879955E-2
1.099531E1	1.227867E1	-2.370909E-2
1.102863E1	1.228537E1	1.584081E-2
1.106195E1	1.227873E1	1.052861E-1
1.109527E1	1.225761E1	2.638177E-1
1.112859E1	1.232642E1	2.203539E-1
1.116191E1	1.231024E1	1.348754E-1
1.119523E1	1.227241E1	1.241930E-1
1.122855E1	1.233197E1	1.163079E-1
1.126187E1	1.235250E1	9.602652E-2
1.129518E1	1.232845E1	1.100183E-1
1.132850E1	1.237873E1	1.096757E-1
1.136182E1	1.250051E1	9.690327E-2
1.139514E1	1.264888E1	9.598562E-2
1.142846E1	1.272327E1	9.697520E-2
1.146178E1	1.277582E1	9.106230E-2
1.149510E1	1.282555E1	9.367130E-2
1.152842E1	1.286492E1	9.644813E-2
1.156174E1	1.289595E1	1.024762E-1
1.159506E1	1.293945E1	1.185713E-1
1.162838E1	1.298316E1	1.411033E-1
1.166169E1	1.303908E1	1.559231E-1
1.169501E1	1.308623E1	1.547289E-1
1.172833E1	1.310723E1	1.510174E-1
1.176165E1	1.311938E1	1.519014E-1
1.179497E1	1.312965E1	1.591377E-1
1.182829E1	1.312752E1	1.557776E-1
1.186161E1	1.314080E1	1.544610E-1
1.189493E1	1.315999E1	1.515460E-1
1.192825E1	1.316079E1	1.523437E-1
1.196157E1	1.313752E1	1.480669E-1
1.199489E1	1.311650E1	1.236273E-1
1.202821E1	1.314391E1	7.690186E-2
1.206152E1	1.327605E1	6.242475E-3
1.209484E1	1.345254E1	-1.030926E-1
1.212816E1	1.342918E1	-1.158937E-1
1.216148E1	1.338262E1	-8.903482E-2
1.219480E1	1.339721E1	-1.011141E-1
1.222812E1	1.341952E1	-1.478970E-1
1.226144E1	1.338839E1	-1.813161E-1
1.229476E1	1.340525E1	-1.768499E-1
1.232808E1	1.345388E1	-1.686164E-1
1.236140E1	1.354352E1	-1.459248E-1
1.239472E1	1.365655E1	-1.099927E-1
1.242803E1	1.374730E1	-8.256976E-2
1.246135E1	1.383023E1	-6.282915E-2
1.249467E1	1.391469E1	-5.193621E-2
1.252799E1	1.400767E1	-4.049043E-2
1.256131E1	1.410203E1	-1.115651E-2
1.259463E1	1.414559E1	3.673134E-3
1.262795E1	1.415556E1	3.745718E-3
1.266127E1	1.416794E1	-6.516102E-3
1.269459E1	1.416190E1	-3.472047E-2
1.272791E1	1.417160E1	-5.082909E-2
1.276123E1	1.417781E1	-6.421851E-2
1.279455E1	1.413947E1	-9.622660E-2
1.282786E1	1.414165E1	-1.021117E-1
1.286118E1	1.413358E1	-1.052104E-1
1.289450E1	1.413080E1	-1.064466E-1
1.292782E1	1.412798E1	-1.067438E-1
1.296114E1	1.408789E1	-1.122466E-1
1.299446E1	1.410073E1	-9.692537E-2
1.302778E1	1.413007E1	-7.328834E-2
1.306110E1	1.415674E1	1.565664E-2
1.309442E1	1.411477E1	1.879141E-1
1.312774E1	1.416443E1	1.213135E-1
1.316106E1	1.412645E1	2.262255E-2
1.319437E1	1.410532E1	6.089909E-3
1.322769E1	1.416935E1	5.762921E-3
1.326101E1	1.422442E1	-1.985296E-2
1.329433E1	1.422718E1	2.491987E-4
1.332765E1	1.430003E1	-3.633367E-4
1.336097E1	1.442128E1	7.100313E-3
1.339429E1	1.452638E1	-7.765245E-3
1.342761E1	1.462774E1	-2.407273E-2
1.346093E1	1.468511E1	-4.168340E-2
1.349425E1	1.472830E1	-3.264384E-2
1.352757E1	1.474542E1	1.842867E-3
1.356088E1	1.478048E1	2.992474E-2
1.359420E1	1.482157E1	2.690287E-2
1.362752E1	1.485426E1	3.886463E-2
1.366084E1	1.491715E1	6.223208E-2
1.369416E1	1.497439E1	6.582443E-2
1.372748E1	1.501134E1	5.757309E-2
1.376080E1	1.501771E1	6.746667E-2
1.379412E1	1.502397E1	7.218640E-2
1.382744E1	1.502146E1	7.177851E-2
1.386076E1	1.501938E1	7.454619E-2
1.389408E1	1.501949E1	7.495674E-2
1.392740E1	1.501972E1	7.425263E-2
1.396071E1	1.500587E1	7.162176E-2
1.399403E1	1.499993E1	6.063613E-2
1.402735E1	1.497977E1	1.577419E-2
1.406067E1	1.507263E1	-4.365038E-2
1.409399E1	1.523610E1	-1.424061E-1
1.412731E1	1.524801E1	-1.684995E-1
1.416063E1	1.520283E1	-1.264493E-1
1.419395E1	1.523171E1	-1.447488E-1
1.422727E1	1.525684E1	-1.686893E-1
1.426059E1	1.523372E1	-1.814893E-1
1.429391E1	1.523333E1	-2.092745E-1
1.432722E1	1.529176E1	-1.996255E-1
1.436054E1	1.539628E1	-1.621625E-1
1.439386E1	1.549894E1	-1.362711E-1
1.442718E1	1.559962E1	-1.157964E-1
1.446050E1	1.569356E1	-9.858476E-2
1.449382E1	1.579874E1	-7.024411E-2
1.452714E1	1.591432E1	-5.153557E-2
1.456046E1	1.600089E1	-2.501351E-2
1.459378E1	1.608395E1	-1.579692E-2
1.462710E1	1.617309E1	-2.139017E-3
1.466042E1	1.626477E1	2.207114E-3
1.469374E1	1.635774E1	1.828201E-2
1.472705E1	1.644868E1	4.257986E-2
1.476037E1	1.654551E1	4.655124E-2
1.479369E1	1.662580E1	5.119671E-2
1.482701E1	1.665529E1	3.724337E-2
1.486033E1	1.664665E1	3.921720E-2
1.489365E1	1.664304E1	4.049875E-2
1.492697E1	1.663897E1	4.109738E-2
1.496029E1	1.662460E1	4.074948E-2
1.499361E1	1.662763E1	4.027520E-2
1.502693E1	1.662954E1	4.104237E-2
1.506025E1	1.669299E1	1.458453E-1
1.509356E1	1.669264E1	3.489079E-1
1.512688E1	1.673425E1	3.110523E-1
1.516020E1	1.667709E1	2.315753E-1
1.519352E1	1.666964E1	2.102974E-1
1.522684E1	1.669679E1	2.000623E-1
1.526016E1	1.669148E1	1.874518E-1
1.529348E1	1.669148E1	1.972406E-1
1.532680E1	1.670672E1	2.190497E-1
1.536012E1	1.680958E1	2.282671E-1
1.539344E1	1.696680E1	2.354547E-1
1.542676E1	1.706993E1	2.235415E-1
1.546008E1	1.712573E1	2.137748E-1
1.549339E1	1.718967E1	2.172249E-1
1.552671E1	1.725118E1	2.299588E-1
1.556003E1	1.732043E1	2.477314E-1
1.559335E1	1.737843E1	2.495766E-1
1.562667E1	1.743288E1	2.611927E-1
1.565999E1	1.748302E1	2.860015E-1
1.569331E1	1.753350E1	2.948441E-1
1.572663E1	1.756271E1	2.961637E-1
1.575995E1	1.760353E1	2.885070E-1
1.579327E1	1.760652E1	2.875689E-1
1.582659E1	1.759773E1	2.884723E-1
1.585990E1	1.759456E1	2.882510E-1
1.589322E1	1.761096E1	2.882428E-1
1.592654E1	1.762106E1	2.872086E-1
1.595986E1	1.758447E1	2.809603E-1
1.599318E1	1.758511E1	2.618144E-1
1.602650E1	1.758501E1	2.267224E-1
1.605982E1	1.767414E1	1.722945E-1
1.609314E1	1.784013E1	7.643705E-2
1.612646E1	1.785806E1	5.256981E-2
1.615978E1	1.783229E1	6.781439E-2
1.619310E1	1.787268E1	5.411581E-2
1.622642E1	1.789310E1	3.814064E-2
1.625973E1	1.787211E1	1.038228E-2
1.629305E1	1.788589E1	-3.874205E-3
1.632637E1	1.794010E1	1.415202E-2
1.635969E1	1.802101E1	4.884761E-2
1.639301E1	1.810408E1	7.514921E-2
1.642633E1	1.818866E1	1.086042E-1
1.645965E1	1.827213E1	1.308858E-1
1.649297E1	1.830953E1	1.284579E-1
1.652629E1	1.833941E1	1.308144E-1
1.655961E1	1.837627E1	1.340557E-1
1.659293E1	1.839438E1	1.315217E-1
1.662624E1	1.843638E1	1.230157E-1
1.665956E1	1.848933E1	1.248811E-1
1.669288E1	1.857543E1	1.293829E-1
1.672620E1	1.865720E1	1.329711E-1
1.675952E1	1.876393E1	1.356677E-1
1.679284E1	1.886827E1	1.379580E-1
1.682616E1	1.897290E1	1.396307E-1
1.685948E1	1.903745E1	1.422111E-1
1.689280E1	1.905737E1	1.400883E-1
1.692612E1	1.905157E1	1.402748E-1
1.695944E1	1.903321E1	1.421187E-1
1.699276E1	1.904698E1	1.479531E-1
1.702607E1	1.905873E1	1.834746E-1
1.705939E1	1.908605E1	2.851183E-1
1.709271E1	1.907231E1	4.757383E-1
1.712603E1	1.909226E1	4.127403E-1
1.715935E1	1.906146E1	3.057695E-1
1.719267E1	1.905365E1	2.625282E-1
1.722599E1	1.906191E1	2.723109E-1
1.725931E1	1.906559E1	2.629513E-1
1.729263E1	1.908244E1	2.559876E-1
1.732595E1	1.915224E1	2.584287E-1
1.735927E1	1.927459E1	2.696708E-1
1.739258E1	1.937256E1	2.678441E-1
1.742590E1	1.943374E1	2.663306E-1
1.745922E1	1.949773E1	2.590311E-1
1.749254E1	1.956911E1	2.687299E-1
1.752586E1	1.965013E1	2.974075E-1
1.755918E1	1.972831E1	3.257653E-1
1.759250E1	1.980828E1	3.423549E-1
1.762582E1	1.985690E1	3.639968E-1
1.765914E1	1.992359E1	3.710683E-1
1.769246E1	1.999364E1	3.786914E-1
1.772578E1	2.007613E1	3.835378E-1
1.775910E1	2.013996E1	3.870323E-1
1.779241E1	2.018585E1	3.895285E-1
1.782573E1	2.021438E1	3.880946E-1
1.785905E1	2.023662E1	3.888676E-1
1.789237E1	2.025519E1	3.857189E-1
1.792569E1	2.025606E1	3.843586E-1
1.795901E1	2.022482E1	3.765610E-1
1.799233E1	2.022789E1	3.583025E-1
1.802565E1	2.024302E1	3.247164E-1
1.805897E1	2.037589E1	2.386521E-1
1.809229E1	2.056234E1	1.370567E-1
1.812561E1	2.057965E1	1.030559E-1
1.815892E1	2.054397E1	1.065052E-1
1.819224E1	2.058643E1	9.874901E-2
1.822556E1	2.059570E1	8.023436E-2
1.825888E1	2.056663E1	4.518851E-2
1.829220E1	2.057654E1	4.400829E-2
1.832552E1	2.061532E1	5.186573E-2
1.835884E1	2.067418E1	6.982643E-2
1.839216E1	2.077521E1	9.844047E-2
1.842548E1	2.085236E1	1.124592E-1
1.845880E1	2.093059E1	1.193894E-1
1.849212E1	2.102747E1	1.423473E-1
1.852544E1	2.113377E1	1.691701E-1
1.855875E1	2.123190E1	1.915056E-1
1.859207E1	2.132045E1	2.053716E-1
1.862539E1	2.141644E1	2.188820E-1
1.865871E1	2.149739E1	2.290977E-1
1.869203E1	2.156404E1	2.282011E-1
1.872535E1	2.160976E1	2.298133E-1
1.875867E1	2.165438E1	2.334008E-1
1.879199E1	2.168009E1	2.186601E-1
1.882531E1	2.169623E1	2.302225E-1
1.885863E1	2.170205E1	2.334200E-1
1.889195E1	2.170614E1	2.352912E-1
1.892526E1	2.170788E1	2.369328E-1
1.895858E1	2.168693E1	2.381083E-1
1.899190E1	2.171039E1	2.424779E-1
1.902522E1	2.172733E1	2.637028E-1
1.905854E1	2.177811E1	3.614434E-1
1.909186E1	2.181295E1	5.268863E-1
1.912518E1	2.183429E1	4.787699E-1
1.915850E1	2.181771E1	3.872076E-1
1.919182E1	2.180200E1	3.587781E-1
1.922514E1	2.180762E1	3.574842E-1
1.925846E1	2.180538E1	3.501822E-1
1.929177E1	2.182291E1	3.574876E-1
1.932509E1	2.186130E1	3.576871E-1
1.935841E1	2.197548E1	3.866659E-1
1.939173E1	2.211105E1	4.212871E-1
1.942505E1	2.219519E1	4.177123E-1
1.945837E1	2.224439E1	4.064783E-1
1.949169E1	2.230478E1	4.198236E-1
1.952501E1	2.236367E1	4.373029E-1
1.955833E1	2.243292E1	4.412492E-1
1.959165E1	2.250853E1	4.486179E-1
1.962497E1	2.258205E1	4.724666E-1
1.965829E1	2.265393E1	4.753993E-1
1.969160E1	2.267579E1	4.855092E-1
1.972492E1	2.271958E1	4.874403E-1
1.975824E1	2.275256E1	4.907924E-1
1.979156E1	2.275868E1	4.907778E-1
1.982488E1	2.275708E1	4.888846E-1
1.985820E1	2.275936E1	4.900306E-1
1.989152E1	2.276771E1	4.880434E-1
1.992484E1	2.276715E1	4.868282E-1
1.995816E1	2.274340E1	4.826001E-1
1.999148E1	2.276166E1	4.602279E-1
2.002480E1	2.277403E1	4.316434E-1
2.005811E1	2.286721E1	3.634825E-1
2.009143E1	2.303989E1	2.603380E-1
2.012475E1	2.307296E1	2.271793E-1
2.015807E1	2.303350E1	2.366498E-1
2.019139E1	2.306679E1	2.278370E-1
2.022471E1	2.305855E1	2.129095E-1
2.025803E1	2.303740E1	1.829289E-1
2.029135E1	2.305282E1	1.841507E-1
2.032467E1	2.310133E1	2.060166E-1
2.035799E1	2.319231E1	2.309880E-1
2.039131E1	2.328624E1	2.526156E-1
2.042463E1	2.334578E1	2.645863E-1
2.045794E1	2.338970E1	2.722265E-1
2.049126E1	2.344750E1	2.837100E-1
2.052458E1	2.355067E1	3.128273E-1
2.055790E1	2.367952E1	3.427463E-1
2.059122E1	2.377706E1	3.708186E-1
2.062454E1	2.385909E1	3.834287E-1
2.065786E1	2.394999E1	3.923222E-1
2.069118E1	2.405628E1	4.076393E-1
2.072450E1	2.417767E1	4.348419E-1
2.075782E1	2.430575E1	4.545291E-1
2.079114E1	2.442607E1	4.663700E-1
2.082445E1	2.451650E1	4.805851E-1
2.085777E1	2.456267E1	4.919466E-1
2.089109E1	2.455906E1	5.012510E-1
2.092441E1	2.455772E1	5.048232E-1
2.095773E1	2.454395E1	5.053591E-1
2.099105E1	2.454962E1	5.108719E-1
2.102437E1	2.458482E1	5.513124E-1
2.105769E1	2.465317E1	6.706070E-1
2.109101E1	2.470086E1	8.735994E-1
2.112433E1	2.474494E1	8.481593E-1
2.115765E1	2.472719E1	7.399364E-1
2.119097E1	2.469761E1	7.156859E-1
2.122428E1	2.469351E1	7.334239E-1
2.125760E1	2.470355E1	7.170338E-1
2.129092E1	2.470986E1	7.285482E-1
2.132424E1	2.473807E1	7.299750E-1
2.135756E1	2.481471E1	7.407698E-1
2.139088E1	2.495158E1	7.605635E-1
2.142420E1	2.510188E1	7.984932E-1
2.145752E1	2.519367E1	8.276420E-1
2.149084E1	2.522011E1	8.217721E-1
2.152416E1	2.524152E1	8.326813E-1
2.155748E1	2.528208E1	8.619106E-1
2.159079E1	2.536979E1	8.652674E-1
2.162411E1	2.548075E1	8.679815E-1
2.165743E1	2.558519E1	8.755108E-1
2.169075E1	2.565519E1	8.770699E-1
2.172407E1	2.570750E1	8.856752E-1
2.175739E1	2.574766E1	8.807138E-1
2.179071E1	2.575943E1	8.779705E-1
2.182403E1	2.576154E1	8.800348E-1
2.185735E1	2.576469E1	8.778080E-1
2.189067E1	2.576768E1	8.750842E-1
2.192399E1	2.576927E1	8.731176E-1
2.195731E1	2.574127E1	8.653456E-1
2.199062E1	2.574777E1	8.424651E-1
2.202394E1	2.577311E1	8.246492E-1
2.205726E1	2.585347E1	7.673848E-1
2.209058E1	2.599477E1	6.617358E-1
2.212390E1	2.602846E1	6.459004E-1
2.215722E1	2.599132E1	6.715230E-1
2.219054E1	2.602613E1	6.592086E-1
2.222386E1	2.601154E1	6.170195E-1
2.225718E1	2.598868E1	5.818339E-1
2.229050E1	2.599481E1	5.827447E-1
2.232382E1	2.601952E1	5.879266E-1
2.235713E1	2.607023E1	6.025234E-1
2.239045E1	2.616619E1	6.380337E-1
2.242377E1	2.625080E1	6.612776E-1
2.245709E1	2.631310E1	6.664491E-1
2.249041E1	2.640274E1	6.908181E-1
2.252373E1	2.651237E1	7.250434E-1
2.255705E1	2.660807E1	7.542654E-1
2.259037E1	2.669169E1	7.755230E-1
2.262369E1	2.676819E1	7.780659E-1
2.265701E1	2.685139E1	7.945285E-1
2.269033E1	2.695527E1	8.164696E-1
2.272365E1	2.705652E1	8.368933E-1
2.275696E1	2.714923E1	8.477766E-1
2.279028E1	2.726532E1	8.608457E-1
2.282360E1	2.736366E1	8.717283E-1
2.285692E1	2.740462E1	8.913865E-1
2.289024E1	2.743493E1	8.965686E-1
2.292356E1	2.743677E1	8.969723E-1
2.295688E1	2.740987E1	8.941902E-1
2.299020E1	2.743383E1	9.057887E-1
2.302352E1	2.748465E1	9.473546E-1
2.305684E1	2.750674E1	1.058800E0
2.309016E1	2.754314E1	1.237971E0
2.312347E1	2.757119E1	1.228416E0
2.315679E1	2.756082E1	1.140411E0
2.319011E1	2.755251E1	1.087761E0
2.322343E1	2.755932E1	1.079164E0
2.325675E1	2.755602E1	1.068246E0
2.329007E1	2.755513E1	1.070361E0
2.332339E1	2.756756E1	1.088022E0
2.335671E1	2.766633E1	1.094895E0
2.339003E1	2.779744E1	1.121573E0
2.342335E1	2.788353E1	1.131178E0
2.345667E1	2.793920E1	1.124711E0
2.348999E1	2.796903E1	1.128461E0
2.352330E1	2.800842E1	1.141250E0
2.355662E1	2.809493E1	1.154880E0
2.358994E1	2.818452E1	1.174161E0
2.362326E1	2.829132E1	1.188234E0
2.365658E1	2.841048E1	1.211020E0
2.368990E1	2.851266E1	1.237143E0
2.372322E1	2.860370E1	1.247714E0
2.375654E1	2.867065E1	1.255066E0
2.378986E1	2.875292E1	1.275063E0
2.382318E1	2.883470E1	1.301477E0
2.385650E1	2.891771E1	1.321154E0
2.388981E1	2.896002E1	1.319232E0
2.392313E1	2.897307E1	1.308255E0
2.395645E1	2.895227E1	1.308876E0
2.398977E1	2.893648E1	1.307990E0
2.402309E1	2.895761E1	1.274859E0
2.405641E1	2.905782E1	1.198758E0
2.408973E1	2.924633E1	1.100589E0
2.412305E1	2.930496E1	1.078215E0
2.415637E1	2.928064E1	1.098163E0
2.418969E1	2.931952E1	1.086663E0
2.422301E1	2.931485E1	1.061029E0
2.425632E1	2.928186E1	1.024245E0
2.428964E1	2.930007E1	1.030360E0
2.432296E1	2.934000E1	1.042625E0
2.435628E1	2.939545E1	1.060194E0
2.438960E1	2.946324E1	1.078887E0
2.442292E1	2.955975E1	1.099158E0
2.445624E1	2.965630E1	1.123188E0
2.448956E1	2.973362E1	1.152245E0
2.452288E1	2.980672E1	1.167986E0
2.455620E1	2.985281E1	1.197710E0
2.458952E1	2.989474E1	1.208635E0
2.462284E1	2.992834E1	1.218121E0
2.465615E1	2.995932E1	1.224039E0
2.468947E1	3.000001E1	1.208944E0
2.472279E1	3.005130E1	1.184779E0
2.475611E1	3.010480E1	1.182204E0
2.478943E1	3.017998E1	1.183476E0
2.482275E1	3.027199E1	1.184143E0
2.485607E1	3.035450E1	1.193630E0
2.488939E1	3.040034E1	1.192492E0
2.492271E1	3.040045E1	1.186444E0
2.495603E1	3.038868E1	1.182427E0
2.498935E1	3.041343E1	1.195868E0
2.502266E1	3.043952E1	1.233415E0
2.505598E1	3.047517E1	1.352087E0
2.508930E1	3.051772E1	1.544695E0
2.512262E1	3.054947E1	1.510949E0
2.515594E1	3.054707E1	1.404313E0
2.518926E1	3.054505E1	1.358072E0
2.522258E1	3.055179E1	1.364579E0
2.525590E1	3.055733E1	1.353658E0
2.528922E1	3.056398E1	1.345162E0
2.532254E1	3.057714E1	1.358244E0
2.535586E1	3.066415E1	1.376871E0
2.538918E1	3.080158E1	1.412366E0
2.542249E1	3.089210E1	1.435458E0
2.545581E1	3.093877E1	1.437618E0
2.548913E1	3.097603E1	1.450551E0
2.552245E1	3.102127E1	1.473852E0
2.555577E1	3.107800E1	1.495365E0
2.558909E1	3.115782E1	1.513240E0
2.562241E1	3.123963E1	1.522711E0
2.565573E1	3.131105E1	1.544807E0
2.568905E1	3.137802E1	1.578788E0
2.572237E1	3.144954E1	1.591539E0
2.575569E1	3.147914E1	1.584671E0
2.578900E1	3.149087E1	1.589729E0
2.582232E1	3.151074E1	1.594481E0
2.585564E1	3.151059E1	1.590348E0
2.588896E1	3.151073E1	1.587871E0
2.592228E1	3.151054E1	1.586512E0
2.595560E1	3.148768E1	1.575383E0
2.598892E1	3.150113E1	1.556209E0
2.602224E1	3.150945E1	1.536354E0
2.605556E1	3.156575E1	1.471836E0
2.608888E1	3.170797E1	1.378827E0
2.612220E1	3.174484E1	1.370425E0
2.615552E1	3.174061E1	1.406971E0
2.618883E1	3.178832E1	1.399458E0
2.622215E1	3.177620E1	1.367249E0
2.625547E1	3.174444E1	1.336507E0
2.628879E1	3.174879E1	1.346056E0
2.632211E1	3.178844E1	1.361925E0
2.635543E1	3.185240E1	1.390763E0
2.638875E1	3.192584E1	1.428841E0
2.642207E1	3.200651E1	1.448114E0
2.645539E1	3.208165E1	1.467159E0
2.648871E1	3.215850E1	1.486880E0
2.652203E1	3.225105E1	1.525604E0
2.655534E1	3.235569E1	1.555112E0
2.658866E1	3.245953E1	1.587119E0
2.662198E1	3.256307E1	1.607332E0
2.665530E1	3.264111E1	1.628758E0
2.668862E1	3.272773E1	1.652759E0
2.672194E1	3.281315E1	1.673222E0
2.675526E1	3.290081E1	1.686668E0
2.678858E1	3.296292E1	1.689737E0
2.682190E1	3.301256E1	1.702128E0
2.685522E1	3.304964E1	1.716864E0
2.688854E1	3.307621E1	1.730193E0
2.692186E1	3.309127E1	1.739056E0
2.695517E1	3.307916E1	1.731950E0
2.698849E1	3.309606E1	1.748559E0
2.702181E1	3.311881E1	1.817142E0
2.705513E1	3.316619E1	1.955708E0
2.708845E1	3.324142E1	2.175256E0
2.712177E1	3.327459E1	2.123562E0
2.715509E1	3.323470E1	2.003336E0
2.718841E1	3.319300E1	1.939878E0
2.722173E1	3.317900E1	1.952226E0
2.725505E1	3.316912E1	1.946083E0
2.728837E1	3.318115E1	1.943886E0
2.732168E1	3.322276E1	1.949374E0
2.735500E1	3.328007E1	1.964110E0
2.738832E1	3.336926E1	1.989419E0
2.742164E1	3.350230E1	2.025128E0
2.745496E1	3.361697E1	2.067656E0
2.748828E1	3.366254E1	2.079656E0
2.752160E1	3.366588E1	2.077440E0
2.755492E1	3.368973E1	2.098357E0
2.758824E1	3.375869E1	2.127973E0
2.762156E1	3.382636E1	2.146898E0
2.765488E1	3.391222E1	2.173100E0
2.768820E1	3.400487E1	2.204234E0
2.772151E1	3.409274E1	2.235504E0
2.775483E1	3.416522E1	2.240052E0
2.778815E1	3.421900E1	2.245800E0
2.782147E1	3.424191E1	2.250781E0
2.785479E1	3.424035E1	2.249073E0
2.788811E1	3.424068E1	2.248618E0
2.792143E1	3.424071E1	2.247306E0
2.795475E1	3.422385E1	2.240121E0
2.798807E1	3.421964E1	2.214380E0
2.802139E1	3.421016E1	2.202422E0
2.805471E1	3.424000E1	2.146022E0
2.808802E1	3.433853E1	2.057320E0
2.812134E1	3.439474E1	2.065943E0
2.815466E1	3.439502E1	2.090761E0
2.818798E1	3.445619E1	2.070766E0
2.822130E1	3.445706E1	2.057281E0
2.825462E1	3.442028E1	2.027694E0
2.828794E1	3.440195E1	2.008289E0
2.832126E1	3.443374E1	2.014494E0
2.835458E1	3.450176E1	2.040144E0
2.838790E1	3.456990E1	2.077651E0
2.842122E1	3.464014E1	2.090429E0
2.845454E1	3.470126E1	2.112055E0
2.848785E1	3.477417E1	2.138132E0
2.852117E1	3.486736E1	2.175894E0
2.855449E1	3.496441E1	2.210511E0
2.858781E1	3.507698E1	2.246904E0
2.862113E1	3.520001E1	2.280652E0
2.865445E1	3.529913E1	2.307855E0
2.868777E1	3.538395E1	2.326081E0
2.872109E1	3.546549E1	2.337896E0
2.875441E1	3.554246E1	2.363893E0
2.878773E1	3.562230E1	2.378881E0
2.882105E1	3.573040E1	2.402692E0
2.885436E1	3.582269E1	2.427880E0
2.888768E1	3.584405E1	2.434741E0
2.892100E1	3.584356E1	2.436052E0
2.895432E1	3.583674E1	2.437617E0
2.898764E1	3.585847E1	2.450717E0
2.902096E1	3.588290E1	2.484740E0
2.905428E1	3.596385E1	2.606003E0
2.908760E1	3.602918E1	2.815620E0
2.912092E1	3.606887E1	2.775286E0
2.915424E1	3.605222E1	2.683891E0
2.918756E1	3.601790E1	2.653402E0
2.922088E1	3.600826E1	2.667437E0
2.925419E1	3.601119E1	2.651129E0
2.928751E1	3.602206E1	2.652636E0
2.932083E1	3.604716E1	2.659804E0
2.935415E1	3.612788E1	2.672396E0
2.938747E1	3.625038E1	2.706131E0
2.942079E1	3.638412E1	2.741023E0
2.945411E1	3.646369E1	2.775146E0
2.948743E1	3.649602E1	2.784640E0
2.952075E1	3.652072E1	2.786899E0
2.955407E1	3.656176E1	2.793883E0
2.958739E1	3.661642E1	2.820266E0
2.962070E1	3.668697E1	2.851644E0
2.965402E1	3.676484E1	2.881897E0
2.968734E1	3.685477E1	2.908038E0
2.972066E1	3.692648E1	2.908203E0
2.975398E1	3.696393E1	2.911688E0
2.978730E1	3.698527E1	2.923287E0
2.982062E1	3.697478E1	2.916957E0
2.985394E1	3.695763E1	2.911840E0
2.988726E1	3.695755E1	2.909821E0
2.992058E1	3.695732E1	2.907648E0
2.995390E1	3.694241E1	2.897202E0
2.998721E1	3.694826E1	2.886897E0
3.002053E1	3.694911E1	2.852953E0
3.005385E1	3.699689E1	2.803793E0
3.008717E1	3.708856E1	2.723114E0
3.012049E1	3.712206E1	2.733448E0
3.015381E1	3.712474E1	2.766199E0
3.018713E1	3.716122E1	2.768553E0
3.022045E1	3.713527E1	2.741068E0
3.025377E1	3.708790E1	2.697534E0
3.028709E1	3.708210E1	2.690508E0
3.032041E1	3.710964E1	2.690401E0
3.035373E1	3.718701E1	2.720230E0
3.038704E1	3.728344E1	2.757801E0
3.042036E1	3.734957E1	2.775614E0
3.045368E1	3.740215E1	2.801493E0
3.048700E1	3.747750E1	2.827187E0
3.052032E1	3.758161E1	2.879682E0
3.055364E1	3.768238E1	2.920849E0
3.058696E1	3.778152E1	2.963164E0
3.062028E1	3.788354E1	2.992225E0
3.065360E1	3.796998E1	3.014838E0
3.068692E1	3.805402E1	3.037870E0
3.072024E1	3.813457E1	3.057771E0
3.075355E1	3.822301E1	3.080210E0
3.078687E1	3.830470E1	3.104985E0
3.082019E1	3.839001E1	3.117065E0
3.085351E1	3.845566E1	3.133446E0
3.088683E1	3.846568E1	3.144322E0
3.092015E1	3.846222E1	3.145265E0
3.095347E1	3.845563E1	3.148335E0
3.098679E1	3.846691E1	3.154884E0
3.102011E1	3.847580E1	3.184001E0
3.105343E1	3.851266E1	3.294700E0
3.108675E1	3.855546E1	3.525880E0
3.112007E1	3.860285E1	3.528209E0
3.115338E1	3.856254E1	3.420079E0
3.118670E1	3.852403E1	3.356023E0
3.122002E1	3.848795E1	3.375769E0
3.125334E1	3.848206E1	3.366734E0
3.128666E1	3.849568E1	3.362073E0
3.131998E1	3.851009E1	3.362229E0
3.135330E1	3.857726E1	3.391426E0
3.138662E1	3.866070E1	3.423344E0
3.141994E1	3.879264E1	3.467366E0
3.145326E1	3.884622E1	3.479699E0
3.148658E1	3.887621E1	3.488589E0
3.151989E1	3.895130E1	3.511084E0
3.155321E1	3.900432E1	3.536046E0
3.158653E1	3.909679E1	3.587726E0
3.161985E1	3.916370E1	3.595371E0
3.165317E1	3.923644E1	3.627339E0
3.168649E1	3.928052E1	3.649437E0
3.171981E1	3.931889E1	3.656628E0
3.175313E1	3.935092E1	3.648531E0
3.178645E1	3.941733E1	3.680211E0
3.181977E1	3.944476E1	3.716267E0
3.185309E1	3.945499E1	3.707880E0
3.188641E1	3.944737E1	3.704486E0
3.191972E1	3.944959E1	3.706777E0
3.195304E1	3.943654E1	3.709895E0
3.198636E1	3.944947E1	3.691040E0
3.201968E1	3.941667E1	3.648467E0
3.205300E1	3.945435E1	3.626684E0
3.208632E1	3.950288E1	3.539170E0
3.211964E1	3.955640E1	3.535326E0
3.215296E1	3.956620E1	3.585104E0
3.218628E1	3.961799E1	3.588751E0
3.221960E1	3.956229E1	3.544674E0
3.225292E1	3.950804E1	3.500454E0
3.228623E1	3.950487E1	3.495430E0
3.231955E1	3.951645E1	3.490875E0
3.235287E1	3.959681E1	3.543117E0
3.238619E1	3.966345E1	3.557486E0
3.241951E1	3.977029E1	3.605749E0
3.245283E1	3.987010E1	3.661928E0
3.248615E1	3.997375E1	3.699966E0
3.251947E1	4.006338E1	3.759465E0
3.255279E1	4.011543E1	3.785906E0
3.258611E1	4.022120E1	3.833975E0
3.261943E1	4.032973E1	3.882704E0
3.265275E1	4.040741E1	3.905397E0
3.268606E1	4.050520E1	3.949354E0
3.271938E1	4.059539E1	3.996090E0
3.275270E1	4.066494E1	4.011343E0
3.278602E1	4.073056E1	4.018212E0
3.281934E1	4.076833E1	4.017241E0
3.285266E1	4.077575E1	4.017834E0
3.288598E1	4.076817E1	4.013302E0
3.291930E1	4.077696E1	4.015311E0
3.295262E1	4.077435E1	4.015009E0
3.298594E1	4.078828E1	4.021932E0
3.301926E1	4.080662E1	4.043435E0
3.305257E1	4.086151E1	4.139708E0
3.308589E1	4.094467E1	4.389364E0
3.311921E1	4.103885E1	4.411381E0
3.315253E1	4.101722E1	4.328225E0
3.318585E1	4.097102E1	4.262784E0
3.321917E1	4.094637E1	4.278673E0
3.325249E1	4.093456E1	4.273352E0
3.328581E1	4.093683E1	4.276748E0
3.331913E1	4.095142E1	4.284953E0
3.335245E1	4.096413E1	4.313904E0
3.338577E1	4.102469E1	4.337843E0
3.341909E1	4.113738E1	4.385736E0
3.345240E1	4.127915E1	4.446951E0
3.348572E1	4.137952E1	4.491728E0
3.351904E1	4.140690E1	4.504487E0
3.355236E1	4.142566E1	4.497351E0
3.358568E1	4.145882E1	4.533812E0
3.361900E1	4.150544E1	4.560737E0
3.365232E1	4.153971E1	4.559498E0
3.368564E1	4.155689E1	4.568543E0
3.371896E1	4.157282E1	4.599443E0
3.375228E1	4.159007E1	4.606333E0
3.378560E1	4.160206E1	4.615440E0
3.381891E1	4.161457E1	4.628465E0
3.385223E1	4.161841E1	4.635499E0
3.388555E1	4.161908E1	4.630755E0
3.391887E1	4.161601E1	4.628246E0
3.395219E1	4.160424E1	4.617359E0
3.398551E1	4.159348E1	4.603805E0
3.401883E1	4.156900E1	4.567594E0
3.405215E1	4.158581E1	4.503718E0
3.408547E1	4.166610E1	4.434426E0
3.411879E1	4.170813E1	4.446876E0
3.415211E1	4.172261E1	4.480633E0
3.418543E1	4.174281E1	4.477869E0
3.421874E1	4.169040E1	4.414856E0
3.425206E1	4.165510E1	4.369691E0
3.428538E1	4.165323E1	4.366454E0
3.431870E1	4.167701E1	4.400223E0
3.435202E1	4.173308E1	4.452197E0
3.438534E1	4.182749E1	4.505774E0
3.441866E1	4.193303E1	4.556842E0
3.445198E1	4.200095E1	4.596991E0
3.448530E1	4.204827E1	4.616587E0
3.451862E1	4.212008E1	4.656377E0
3.455194E1	4.222528E1	4.705510E0
3.458525E1	4.235005E1	4.772128E0
3.461857E1	4.245561E1	4.822152E0
3.465189E1	4.253776E1	4.853847E0
3.468521E1	4.260896E1	4.899294E0
3.471853E1	4.267292E1	4.929560E0
3.475185E1	4.274245E1	4.940986E0
3.478517E1	4.283856E1	4.955996E0
3.481849E1	4.294877E1	5.000712E0
3.485181E1	4.300387E1	5.028344E0
3.488513E1	4.302581E1	5.047961E0
3.491845E1	4.301675E1	5.043331E0
3.495177E1	4.301152E1	5.044811E0
3.498508E1	4.300543E1	5.042863E0
3.501840E1	4.301791E1	5.057157E0
3.505172E1	4.311024E1	5.179411E0
3.508504E1	4.318391E1	5.449504E0
3.511836E1	4.326780E1	5.505151E0
3.515168E1	4.323158E1	5.437076E0
3.518500E1	4.316615E1	5.360379E0
3.521832E1	4.311147E1	5.384706E0
3.525164E1	4.310258E1	5.382370E0
3.528496E1	4.310719E1	5.387750E0
3.531828E1	4.310988E1	5.387857E0
3.535159E1	4.315182E1	5.391766E0
3.538491E1	4.323031E1	5.431782E0
3.541823E1	4.335939E1	5.471165E0
3.545155E1	4.346890E1	5.531445E0
3.548487E1	4.353422E1	5.558581E0
3.551819E1	4.357780E1	5.584100E0
3.555151E1	4.364738E1	5.615802E0
3.558483E1	4.372146E1	5.664066E0
3.561815E1	4.378577E1	5.694920E0
3.565147E1	4.384267E1	5.725697E0
3.568479E1	4.387946E1	5.733325E0
3.571810E1	4.392773E1	5.733873E0
3.575142E1	4.394944E1	5.761080E0
3.578474E1	4.396736E1	5.770658E0
3.581806E1	4.398727E1	5.780523E0
3.585138E1	4.398879E1	5.784852E0
3.588470E1	4.398993E1	5.784603E0
3.591802E1	4.399272E1	5.787798E0
3.595134E1	4.396535E1	5.767440E0
3.598466E1	4.395616E1	5.751350E0
3.601798E1	4.392680E1	5.690762E0
3.605130E1	4.392469E1	5.653638E0
3.608462E1	4.397265E1	5.586436E0
3.611793E1	4.400215E1	5.607298E0
3.615125E1	4.399548E1	5.663120E0
3.618457E1	4.403145E1	5.685218E0
3.621789E1	4.398408E1	5.644482E0
3.625121E1	4.393703E1	5.599486E0
3.628453E1	4.393052E1	5.602418E0
3.631785E1	4.397551E1	5.643834E0
3.635117E1	4.405352E1	5.725387E0
3.638449E1	4.415516E1	5.827670E0
3.641781E1	4.421778E1	5.884511E0
3.645113E1	4.421916E1	5.890441E0
3.648444E1	4.426387E1	5.897637E0
3.651776E1	4.437290E1	5.952364E0
3.655108E1	4.447733E1	6.008655E0
3.658440E1	4.456289E1	6.057147E0
3.661772E1	4.465737E1	6.089533E0
3.665104E1	4.472938E1	6.125225E0
3.668436E1	4.481220E1	6.137887E0
3.671768E1	4.490286E1	6.183712E0
3.675100E1	4.497285E1	6.195784E0
3.678432E1	4.504648E1	6.229725E0
3.681764E1	4.514171E1	6.258592E0
3.685096E1	4.515851E1	6.281274E0
3.688427E1	4.515421E1	6.285666E0
3.691759E1	4.515465E1	6.290276E0
3.695091E1	4.514158E1	6.283999E0
3.698423E1	4.514954E1	6.294175E0
3.701755E1	4.517409E1	6.343666E0
3.705087E1	4.524053E1	6.449278E0
3.708419E1	4.529622E1	6.682854E0
3.711751E1	4.532955E1	6.707671E0
3.715083E1	4.530107E1	6.615819E0
3.718415E1	4.526629E1	6.593216E0
3.721747E1	4.524629E1	6.604977E0
3.725078E1	4.524425E1	6.572805E0
3.728410E1	4.525832E1	6.579603E0
3.731742E1	4.526787E1	6.613083E0
3.735074E1	4.530250E1	6.628557E0
3.738406E1	4.542007E1	6.673420E0
3.741738E1	4.558581E1	6.746018E0
3.745070E1	4.560953E1	6.788092E0
3.748402E1	4.562252E1	6.789725E0
3.751734E1	4.569551E1	6.821612E0
3.755066E1	4.579747E1	6.876436E0
3.758398E1	4.592804E1	6.937182E0
3.761730E1	4.602861E1	6.972339E0
3.765061E1	4.613504E1	7.027601E0
3.768393E1	4.622792E1	7.093133E0
3.771725E1	4.626681E1	7.108602E0
3.775057E1	4.631121E1	7.110677E0
3.778389E1	4.635252E1	7.122326E0
3.781721E1	4.640988E1	7.150352E0
3.785053E1	4.646421E1	7.176357E0
3.788385E1	4.648247E1	7.183223E0
3.791717E1	4.649538E1	7.183420E0
3.795049E1	4.647457E1	7.168467E0
3.798381E1	4.642379E1	7.150734E0
3.801712E1	4.633868E1	7.124335E0
3.805044E1	4.631528E1	7.105157E0
3.808376E1	4.635606E1	7.031235E0
3.811708E1	4.641418E1	7.022502E0
3.815040E1	4.643284E1	7.105967E0
3.818372E1	4.645841E1	7.126327E0
3.821704E1	4.641976E1	7.094633E0
3.825036E1	4.637993E1	7.056059E0
3.828368E1	4.633778E1	7.047154E0
