	mass A		
t	x	y	
0.000000E0	9.363486E-3	-2.507336E-2
3.331913E-2	3.003870E-3	-9.995960E-3
6.663826E-2	-1.462848E-2	-6.805566E-3
9.995739E-2	-6.541595E-2	-7.863074E-3
1.332765E-1	-9.631022E-2	1.030059E-2
1.665957E-1	-9.002008E-2	2.063764E-2
1.999148E-1	-6.255548E-2	6.738462E-2
2.332339E-1	-5.945345E-2	8.099133E-2
2.665530E-1	-1.208935E-2	9.527420E-2
2.998722E-1	1.500089E-2	8.761158E-2
3.331913E-1	1.153099E-1	8.440560E-2
3.665104E-1	2.679025E-1	9.020989E-2
3.998296E-1	4.402844E-1	9.701976E-2
4.331487E-1	6.013488E-1	1.022212E-1
4.664678E-1	7.144234E-1	1.035235E-1
4.997870E-1	8.083289E-1	1.115501E-1
5.331061E-1	9.198922E-1	1.132168E-1
5.664252E-1	1.029878E0	1.112714E-1
5.997444E-1	1.133548E0	1.039643E-1
6.330635E-1	1.247486E0	9.484876E-2
6.663826E-1	1.370484E0	8.320631E-2
6.997017E-1	1.499379E0	5.515736E-2
7.330209E-1	1.582634E0	2.626548E-2
7.663400E-1	1.670959E0	1.356987E-2
7.996591E-1	1.717001E0	2.398807E-3
8.329783E-1	1.721093E0	7.146085E-3
8.662974E-1	1.723637E0	1.000337E-2
8.996165E-1	1.723810E0	1.235461E-2
9.329357E-1	1.724777E0	1.412469E-2
9.662548E-1	1.730374E0	1.435681E-2
9.995739E-1	1.729169E0	3.012514E-2
1.032893E0	1.740400E0	1.349173E-1
1.066212E0	1.787277E0	2.354472E-1
1.099531E0	1.757061E0	2.109282E-1
1.132850E0	1.725644E0	1.772954E-1
1.166170E0	1.774719E0	1.736921E-1
1.199489E0	1.845515E0	1.482777E-1
1.232808E0	1.884003E0	1.350382E-1
1.266127E0	1.866273E0	1.592190E-1
1.299446E0	1.918869E0	1.563151E-1
1.332765E0	2.043836E0	1.417793E-1
1.366084E0	2.173443E0	1.243832E-1
1.399403E0	2.264542E0	9.918462E-2
1.432723E0	2.343066E0	5.603947E-2
1.466042E0	2.380562E0	4.291957E-2
1.499361E0	2.380177E0	4.843371E-2
1.532680E0	2.383143E0	5.139663E-2
1.565999E0	2.410955E0	4.368822E-2
1.599318E0	2.411648E0	4.425019E-2
1.632637E0	2.415824E0	5.198626E-2
1.665957E0	2.414221E0	5.070626E-2
1.699276E0	2.410573E0	4.814623E-2
1.732595E0	2.412757E0	4.306562E-2
1.765914E0	2.408008E0	4.222354E-2
1.799233E0	2.403356E0	4.387476E-2
1.832552E0	2.402058E0	4.352376E-2
1.865871E0	2.401742E0	4.247472E-2
1.899190E0	2.399468E0	4.230766E-2
1.932510E0	2.375423E0	3.964322E-2
1.965829E0	2.392053E0	1.722193E-2
1.999148E0	2.448903E0	-2.844567E-2
2.032467E0	2.610263E0	-1.154050E-1
2.065786E0	2.727833E0	-1.860409E-1
2.099105E0	2.668121E0	-1.646889E-1
2.132424E0	2.629774E0	-1.767527E-1
2.165744E0	2.638761E0	-1.792609E-1
2.199063E0	2.675989E0	-1.888445E-1
2.232382E0	2.655593E0	-2.086525E-1
2.265701E0	2.686784E0	-2.108336E-1
2.299020E0	2.738486E0	-2.095608E-1
2.332339E0	2.810384E0	-2.119222E-1
2.365658E0	2.892830E0	-1.968017E-1
2.398977E0	2.967937E0	-1.839156E-1
2.432297E0	3.051196E0	-1.684112E-1
2.465616E0	3.126044E0	-1.572412E-1
2.498935E0	3.223909E0	-1.460682E-1
2.532254E0	3.347412E0	-1.476156E-1
2.565573E0	3.452438E0	-1.475635E-1
2.598892E0	3.554571E0	-1.432984E-1
2.632211E0	3.654308E0	-1.517787E-1
2.665530E0	3.747297E0	-1.510377E-1
2.698850E0	3.833285E0	-1.453767E-1
2.732169E0	3.918243E0	-1.547553E-1
2.765488E0	4.004620E0	-1.527715E-1
2.798807E0	4.085229E0	-1.566539E-1
2.832126E0	4.139029E0	-1.510360E-1
2.865445E0	4.151132E0	-1.501081E-1
2.898764E0	4.142190E0	-1.528080E-1
2.932084E0	4.115232E0	-1.415265E-1
2.965403E0	4.152986E0	-1.365868E-1
2.998722E0	4.167987E0	-8.642785E-2
3.032041E0	4.231126E0	3.072402E-2
3.065360E0	4.245278E0	1.392584E-1
3.098679E0	4.275366E0	8.194554E-2
3.131998E0	4.233159E0	3.528505E-2
3.165317E0	4.221387E0	5.833686E-2
3.198637E0	4.299118E0	2.893250E-2
3.231956E0	4.335889E0	-3.333566E-3
3.265275E0	4.353010E0	1.444228E-2
3.298594E0	4.404355E0	3.155631E-2
3.331913E0	4.514889E0	4.157119E-2
3.365232E0	4.679886E0	3.272989E-2
3.398551E0	4.749592E0	1.704488E-3
3.431870E0	4.784721E0	-8.588456E-3
3.465190E0	4.789858E0	-6.014431E-3
3.498509E0	4.787979E0	1.438458E-3
3.531828E0	4.783858E0	8.410447E-3
3.565147E0	4.787920E0	7.031696E-3
3.598466E0	4.789623E0	5.748950E-3
3.631785E0	4.792054E0	6.661635E-3
3.665104E0	4.792365E0	4.969357E-3
3.698424E0	4.806467E0	-6.027650E-3
3.731743E0	4.807996E0	-9.405766E-3
3.765062E0	4.816620E0	-7.530284E-3
3.798381E0	4.816093E0	-6.885395E-3
3.831700E0	4.810799E0	-6.631568E-3
3.865019E0	4.808865E0	-7.325840E-3
3.898338E0	4.804993E0	-7.062261E-3
3.931657E0	4.778550E0	-6.803015E-3
3.964977E0	4.794199E0	-2.964027E-2
3.998296E0	4.827292E0	-6.166811E-2
4.031615E0	4.957350E0	-1.374359E-1
4.064934E0	5.085478E0	-2.226138E-1
4.098253E0	5.018364E0	-2.015825E-1
4.131572E0	4.985470E0	-2.100273E-1
4.164891E0	4.994902E0	-2.244177E-1
4.198210E0	5.021043E0	-2.218916E-1
4.231530E0	4.999505E0	-2.326950E-1
4.264849E0	5.023095E0	-2.330736E-1
4.298168E0	5.093049E0	-2.205472E-1
4.331487E0	5.197729E0	-1.876211E-1
4.364806E0	5.299713E0	-1.620988E-1
4.398125E0	5.410403E0	-1.493465E-1
4.431444E0	5.522152E0	-1.400251E-1
4.464764E0	5.645704E0	-1.324223E-1
4.498083E0	5.750853E0	-1.288553E-1
4.531402E0	5.811934E0	-1.246401E-1
4.564721E0	5.873868E0	-1.291038E-1
4.598040E0	5.965150E0	-1.225008E-1
4.631359E0	6.086471E0	-1.221106E-1
4.664678E0	6.185513E0	-1.179154E-1
4.697997E0	6.248884E0	-1.227485E-1
4.731317E0	6.281814E0	-1.250020E-1
4.764636E0	6.302070E0	-1.429532E-1
4.797955E0	6.311693E0	-1.381944E-1
4.831274E0	6.316372E0	-1.358998E-1
4.864593E0	6.315140E0	-1.342458E-1
4.897912E0	6.312826E0	-1.327521E-1
4.931231E0	6.294928E0	-1.287665E-1
4.964550E0	6.302103E0	-1.290299E-1
4.997870E0	6.333457E0	-8.383524E-2
5.031189E0	6.372344E0	2.539178E-2
5.064508E0	6.345089E0	1.891670E-1
5.097827E0	6.404311E0	1.260414E-1
5.131146E0	6.358870E0	8.431419E-2
5.164465E0	6.358320E0	9.577509E-2
5.197784E0	6.413259E0	8.531612E-2
5.231104E0	6.430520E0	6.544362E-2
5.264423E0	6.432672E0	6.880376E-2
5.297742E0	6.420546E0	1.000484E-1
5.331061E0	6.530840E0	9.676685E-2
5.364380E0	6.693567E0	7.683767E-2
5.397699E0	6.807822E0	5.359947E-2
5.431018E0	6.853998E0	3.329977E-2
5.464337E0	6.876862E0	1.710344E-2
5.497657E0	6.880397E0	1.205181E-2
5.530976E0	6.882213E0	2.648808E-2
5.564295E0	6.873602E0	4.379300E-2
5.597614E0	6.878706E0	3.712949E-2
5.630933E0	6.871609E0	4.838740E-2
5.664252E0	6.868162E0	5.038061E-2
5.697571E0	6.877612E0	4.657119E-2
5.730890E0	6.887366E0	4.533221E-2
5.764210E0	6.914878E0	4.806553E-2
5.797529E0	6.913772E0	4.974390E-2
5.830848E0	6.915255E0	5.010374E-2
5.864167E0	6.921503E0	4.748716E-2
5.897486E0	6.921086E0	4.790803E-2
5.930805E0	6.890746E0	4.960371E-2
5.964124E0	6.904023E0	1.341165E-2
5.997444E0	6.937084E0	-2.395968E-2
6.030763E0	7.039768E0	-1.118915E-1
6.064082E0	7.191012E0	-2.033000E-1
6.097401E0	7.152839E0	-1.943511E-1
6.130720E0	7.138119E0	-1.913717E-1
6.164039E0	7.155622E0	-2.115074E-1
6.197358E0	7.186834E0	-2.236400E-1
6.230677E0	7.161046E0	-2.434917E-1
6.263997E0	7.199618E0	-2.229629E-1
6.297316E0	7.266430E0	-2.114807E-1
6.330635E0	7.373645E0	-1.857269E-1
6.363954E0	7.469524E0	-1.549616E-1
6.397273E0	7.582064E0	-1.471293E-1
6.430592E0	7.703345E0	-1.316222E-1
6.463911E0	7.796368E0	-1.193505E-1
6.497231E0	7.849316E0	-1.245375E-1
6.530550E0	7.912693E0	-1.191299E-1
6.563869E0	8.002820E0	-1.238321E-1
6.597188E0	8.097257E0	-1.251591E-1
6.630507E0	8.195905E0	-1.236257E-1
6.663826E0	8.279792E0	-1.357159E-1
6.697145E0	8.352790E0	-1.300925E-1
6.730464E0	8.395787E0	-1.502781E-1
6.763784E0	8.374694E0	-1.707010E-1
6.797103E0	8.372586E0	-1.756214E-1
6.830422E0	8.368789E0	-1.782081E-1
6.863741E0	8.369053E0	-1.795351E-1
6.897060E0	8.367686E0	-1.807562E-1
6.930379E0	8.329726E0	-1.858308E-1
6.963698E0	8.337497E0	-1.857533E-1
6.997017E0	8.372387E0	-1.473843E-1
7.030337E0	8.404530E0	-5.812783E-2
7.063656E0	8.376513E0	9.576144E-2
7.096975E0	8.423046E0	4.488355E-2
7.130294E0	8.376315E0	9.347743E-4
7.163613E0	8.372865E0	4.912947E-3
7.196932E0	8.440921E0	-2.399498E-2
7.230251E0	8.474398E0	-4.474927E-2
7.263571E0	8.497474E0	-3.412753E-2
7.296890E0	8.541271E0	-2.661174E-2
7.330209E0	8.649801E0	-1.941686E-2
7.363528E0	8.810370E0	-4.112439E-2
7.396847E0	8.893745E0	-7.004677E-2
7.430166E0	8.949163E0	-7.978605E-2
7.463485E0	9.001324E0	-9.089101E-2
7.496804E0	9.091548E0	-1.107823E-1
7.530124E0	9.151386E0	-1.092195E-1
7.563443E0	9.220596E0	-1.095693E-1
7.596762E0	9.284639E0	-1.148702E-1
7.630081E0	9.344067E0	-1.175057E-1
7.663400E0	9.430908E0	-1.144037E-1
7.696719E0	9.499700E0	-1.303967E-1
7.730038E0	9.560632E0	-1.412883E-1
7.763357E0	9.565778E0	-1.476595E-1
7.796677E0	9.606226E0	-1.576111E-1
7.829996E0	9.616378E0	-1.612808E-1
7.863315E0	9.617340E0	-1.624382E-1
7.896634E0	9.615118E0	-1.606680E-1
7.929953E0	9.563862E0	-1.605335E-1
7.963272E0	9.564003E0	-1.679877E-1
7.996591E0	9.576818E0	-2.065247E-1
8.029911E0	9.676635E0	-2.970805E-1
8.063230E0	9.848320E0	-3.947569E-1
8.096549E0	9.789776E0	-3.643782E-1
8.129868E0	9.759970E0	-3.318113E-1
8.163187E0	9.786390E0	-3.531905E-1
8.196506E0	9.796328E0	-3.713651E-1
8.229825E0	9.772567E0	-3.749146E-1
8.263144E0	9.794961E0	-3.703840E-1
8.296464E0	9.856626E0	-3.565729E-1
8.329783E0	9.966166E0	-3.479263E-1
8.363102E0	1.010455E1	-3.448222E-1
8.396421E0	1.019964E1	-3.476872E-1
8.429740E0	1.027119E1	-3.476831E-1
8.463059E0	1.033276E1	-3.496572E-1
8.496378E0	1.042216E1	-3.398715E-1
8.529697E0	1.053642E1	-3.254892E-1
8.563017E0	1.066402E1	-3.307197E-1
8.596336E0	1.076351E1	-3.331649E-1
8.629655E0	1.085722E1	-3.321118E-1
8.662974E0	1.096678E1	-3.417532E-1
8.696293E0	1.105147E1	-3.350721E-1
8.729612E0	1.113696E1	-3.285958E-1
8.762931E0	1.123860E1	-3.383949E-1
8.796251E0	1.131264E1	-3.294556E-1
8.829570E0	1.135062E1	-3.362727E-1
8.862889E0	1.134461E1	-3.324685E-1
8.896208E0	1.134020E1	-3.305341E-1
8.929527E0	1.133572E1	-3.292184E-1
8.962846E0	1.131258E1	-3.230274E-1
8.996165E0	1.133108E1	-3.211520E-1
9.029484E0	1.137400E1	-2.523719E-1
9.062804E0	1.137405E1	-8.291151E-2
9.096123E0	1.142724E1	-1.145680E-1
9.129442E0	1.143157E1	-1.830863E-1
9.162761E0	1.142028E1	-1.577290E-1
9.196080E0	1.145637E1	-1.659349E-1
9.229399E0	1.148580E1	-1.853820E-1
9.262718E0	1.149151E1	-1.658709E-1
9.296037E0	1.149841E1	-1.472509E-1
9.329357E0	1.157109E1	-1.430143E-1
9.362676E0	1.173238E1	-1.473695E-1
9.395995E0	1.185625E1	-1.496388E-1
9.429314E0	1.192532E1	-1.519962E-1
9.462633E0	1.198644E1	-1.549811E-1
9.495952E0	1.202597E1	-1.407675E-1
9.529271E0	1.206030E1	-1.265023E-1
9.562591E0	1.211279E1	-1.286932E-1
9.595910E0	1.215826E1	-1.062138E-1
9.629229E0	1.218283E1	-8.064201E-2
9.662548E0	1.220015E1	-6.843275E-2
9.695867E0	1.223639E1	-8.121215E-2
9.729186E0	1.224988E1	-7.905824E-2
9.762505E0	1.227061E1	-8.498766E-2
9.795824E0	1.227105E1	-8.577254E-2
9.829144E0	1.227091E1	-8.208122E-2
9.862463E0	1.227175E1	-8.029942E-2
9.895782E0	1.227198E1	-7.946987E-2
9.929101E0	1.223668E1	-8.203718E-2
9.962420E0	1.224341E1	-1.186996E-1
9.995739E0	1.225972E1	-1.558233E-1
1.002906E1	1.233106E1	-2.331556E-1
1.006238E1	1.249674E1	-3.167729E-1
1.009570E1	1.248830E1	-2.819094E-1
1.012902E1	1.248491E1	-2.582922E-1
1.016233E1	1.251777E1	-2.862222E-1
1.019565E1	1.253138E1	-2.986750E-1
1.022897E1	1.250716E1	-3.057330E-1
1.026229E1	1.252595E1	-3.018118E-1
1.029561E1	1.256820E1	-2.976595E-1
1.032893E1	1.266913E1	-2.925615E-1
1.036225E1	1.277895E1	-2.778875E-1
1.039557E1	1.288919E1	-2.747928E-1
1.042889E1	1.299518E1	-2.715853E-1
1.046221E1	1.310271E1	-2.695938E-1
1.049553E1	1.320327E1	-2.673583E-1
1.052885E1	1.329172E1	-2.708581E-1
1.056216E1	1.338777E1	-2.732492E-1
1.059548E1	1.349249E1	-2.710331E-1
1.062880E1	1.359807E1	-2.676409E-1
1.066212E1	1.367686E1	-2.708983E-1
1.069544E1	1.372271E1	-2.779859E-1
1.072876E1	1.372834E1	-2.892127E-1
1.076208E1	1.372510E1	-2.908182E-1
1.079540E1	1.372587E1	-2.801436E-1
1.082872E1	1.372426E1	-2.740000E-1
1.086204E1	1.372441E1	-2.707548E-1
1.089536E1	1.372448E1	-2.686428E-1
1.092867E1	1.369132E1	-2.729051E-1
1.096199E1	1.369136E1	-2.705473E-1
1.099531E1	1.371682E1	-2.322339E-1
1.102863E1	1.376932E1	-1.553479E-1
1.106195E1	1.375701E1	2.296900E-2
1.109527E1	1.377529E1	-8.016462E-3
1.112859E1	1.376322E1	-4.980042E-2
1.116191E1	1.378879E1	-3.932167E-2
1.119523E1	1.383364E1	-6.107080E-2
1.122855E1	1.385552E1	-7.552246E-2
1.126187E1	1.383836E1	-6.184291E-2
1.129519E1	1.385875E1	-5.114249E-2
1.132850E1	1.399014E1	-5.478983E-2
1.136182E1	1.418129E1	-4.015102E-2
1.139514E1	1.425910E1	-4.545012E-2
1.142846E1	1.429712E1	-4.951657E-2
1.146178E1	1.434215E1	-3.698752E-2
1.149510E1	1.439645E1	-1.651543E-2
1.152842E1	1.446210E1	-1.096315E-2
1.156174E1	1.454909E1	-2.232295E-2
1.159506E1	1.463027E1	-2.893932E-2
1.162838E1	1.471222E1	-2.348617E-2
1.166170E1	1.478233E1	-1.687511E-2
1.169501E1	1.484834E1	-2.088579E-2
1.172833E1	1.490167E1	-1.917852E-2
1.176165E1	1.494442E1	-1.411467E-2
1.179497E1	1.496586E1	-1.718172E-2
1.182829E1	1.496300E1	-1.561938E-2
1.186161E1	1.496323E1	-1.575288E-2
1.189493E1	1.496116E1	-1.495650E-2
1.192825E1	1.491368E1	-1.854652E-2
1.196157E1	1.491373E1	-4.499708E-2
1.199489E1	1.488369E1	-6.878435E-2
1.202821E1	1.496444E1	-1.264398E-1
1.206153E1	1.509671E1	-2.131093E-1
1.209484E1	1.510853E1	-2.055579E-1
1.212816E1	1.509574E1	-1.714431E-1
1.216148E1	1.513077E1	-1.844757E-1
1.219480E1	1.516498E1	-1.929479E-1
1.222812E1	1.515649E1	-1.881354E-1
1.226144E1	1.516037E1	-1.868022E-1
1.229476E1	1.521375E1	-1.905999E-1
1.232808E1	1.531311E1	-1.701652E-1
1.236140E1	1.540704E1	-1.630028E-1
1.239472E1	1.549224E1	-1.631921E-1
1.242804E1	1.559409E1	-1.583558E-1
1.246135E1	1.571523E1	-1.580333E-1
1.249467E1	1.583529E1	-1.609195E-1
1.252799E1	1.594631E1	-1.546801E-1
1.256131E1	1.606185E1	-1.556711E-1
1.259463E1	1.616975E1	-1.519857E-1
1.262795E1	1.624769E1	-1.615476E-1
1.266127E1	1.632579E1	-1.608076E-1
1.269459E1	1.637573E1	-1.672762E-1
1.272791E1	1.642136E1	-1.972529E-1
1.276123E1	1.647346E1	-2.058071E-1
1.279455E1	1.653661E1	-2.034891E-1
1.282787E1	1.657725E1	-1.975063E-1
1.286118E1	1.658357E1	-1.981292E-1
1.289450E1	1.657859E1	-1.964584E-1
1.292782E1	1.655389E1	-1.924752E-1
1.296114E1	1.657121E1	-1.923969E-1
1.299446E1	1.661859E1	-1.588907E-1
1.302778E1	1.669828E1	-7.765344E-2
1.306110E1	1.669430E1	1.445446E-1
1.309442E1	1.671726E1	1.064263E-1
1.312774E1	1.670745E1	4.295321E-2
1.316106E1	1.671459E1	3.894255E-2
1.319438E1	1.673495E1	2.783606E-2
1.322769E1	1.674412E1	2.114102E-2
1.326101E1	1.675900E1	2.588484E-2
1.329433E1	1.680896E1	2.983608E-2
1.332765E1	1.690164E1	4.083639E-2
1.336097E1	1.705980E1	4.540012E-2
1.339429E1	1.715039E1	4.664513E-2
1.342761E1	1.717485E1	4.437892E-2
1.346093E1	1.721672E1	4.431552E-2
1.349425E1	1.728886E1	4.423653E-2
1.352757E1	1.738194E1	4.755516E-2
1.356089E1	1.748302E1	5.865007E-2
1.359421E1	1.757244E1	5.602225E-2
1.362752E1	1.765011E1	5.757329E-2
1.366084E1	1.772693E1	7.030194E-2
1.369416E1	1.778291E1	6.482034E-2
1.372748E1	1.782599E1	5.699739E-2
1.376080E1	1.785766E1	5.978559E-2
1.379412E1	1.787990E1	6.641332E-2
1.382744E1	1.790356E1	6.538307E-2
1.386076E1	1.791694E1	6.272209E-2
1.389408E1	1.791291E1	6.283009E-2
1.392740E1	1.787395E1	6.389172E-2
1.396072E1	1.789144E1	3.299591E-2
1.399403E1	1.789871E1	7.294527E-3
1.402735E1	1.797543E1	-4.715546E-2
1.406067E1	1.811376E1	-1.325653E-1
1.409399E1	1.811145E1	-1.009715E-1
1.412731E1	1.808834E1	-5.246063E-2
1.416063E1	1.811685E1	-6.349063E-2
1.419395E1	1.815256E1	-8.901135E-2
1.422727E1	1.812838E1	-9.706383E-2
1.426059E1	1.813015E1	-9.887259E-2
1.429391E1	1.818615E1	-9.577915E-2
1.432723E1	1.831236E1	-8.879964E-2
1.436055E1	1.841788E1	-7.470643E-2
1.439386E1	1.847090E1	-7.280905E-2
1.442718E1	1.851182E1	-7.301323E-2
1.446050E1	1.857941E1	-6.398793E-2
1.449382E1	1.868628E1	-5.336440E-2
1.452714E1	1.883032E1	-4.898229E-2
1.456046E1	1.897924E1	-5.367762E-2
1.459378E1	1.908491E1	-5.058661E-2
1.462710E1	1.917685E1	-4.872006E-2
1.466042E1	1.928088E1	-5.027048E-2
1.469374E1	1.938363E1	-5.825622E-2
1.472706E1	1.948488E1	-6.974081E-2
1.476037E1	1.953787E1	-8.245851E-2
1.479369E1	1.957931E1	-9.599441E-2
1.482701E1	1.958069E1	-1.011296E-1
1.486033E1	1.958055E1	-1.025590E-1
1.489365E1	1.957937E1	-1.027987E-1
1.492697E1	1.957009E1	-1.028159E-1
1.496029E1	1.957515E1	-1.030911E-1
1.499361E1	1.957744E1	-8.197846E-2
1.502693E1	1.967879E1	7.314896E-3
1.506025E1	1.972795E1	2.285748E-1
1.509357E1	1.973481E1	1.977976E-1
1.512689E1	1.968428E1	1.197611E-1
1.516020E1	1.970156E1	1.070462E-1
1.519352E1	1.973312E1	1.067745E-1
1.522684E1	1.972891E1	1.078591E-1
1.526016E1	1.973050E1	1.118404E-1
1.529348E1	1.978202E1	1.158759E-1
1.532680E1	1.993437E1	1.248375E-1
1.536012E1	2.011937E1	1.177988E-1
1.539344E1	2.017003E1	1.043024E-1
1.542676E1	2.017588E1	9.795864E-2
1.546008E1	2.022147E1	9.345298E-2
1.549340E1	2.029332E1	9.394892E-2
1.552671E1	2.036100E1	1.033900E-1
1.556003E1	2.042853E1	1.030110E-1
1.559335E1	2.048005E1	1.014225E-1
1.562667E1	2.050851E1	1.147741E-1
1.565999E1	2.052976E1	1.311862E-1
1.569331E1	2.056416E1	1.295872E-1
1.572663E1	2.059882E1	1.316810E-1
1.575995E1	2.061586E1	1.382678E-1
1.579327E1	2.061746E1	1.409739E-1
1.582659E1	2.061912E1	1.461801E-1
1.585991E1	2.063156E1	1.456700E-1
1.589323E1	2.062726E1	1.448313E-1
1.592654E1	2.059456E1	1.426543E-1
1.595986E1	2.060931E1	1.110951E-1
1.599318E1	2.060460E1	8.271212E-2
1.602650E1	2.068320E1	1.009652E-2
1.605982E1	2.084410E1	-7.804085E-2
1.609314E1	2.088076E1	-7.285424E-2
1.612646E1	2.085420E1	-5.858892E-2
1.615978E1	2.089916E1	-6.670278E-2
1.619310E1	2.091763E1	-5.946862E-2
1.622642E1	2.091156E1	-6.616807E-2
1.625974E1	2.092644E1	-7.084742E-2
1.629305E1	2.099533E1	-6.641263E-2
1.632637E1	2.107192E1	-4.304302E-2
1.635969E1	2.116284E1	-2.529647E-2
1.639301E1	2.126581E1	-1.679676E-3
1.642633E1	2.136906E1	1.100498E-2
1.645965E1	2.145484E1	2.190612E-2
1.649297E1	2.153600E1	2.314721E-2
1.652629E1	2.164300E1	3.305621E-2
1.655961E1	2.177027E1	3.021408E-2
1.659293E1	2.188114E1	3.808537E-2
1.662625E1	2.196917E1	3.695540E-2
1.665957E1	2.206738E1	3.811421E-2
1.669288E1	2.216767E1	3.754845E-2
1.672620E1	2.226048E1	3.355001E-2
1.675952E1	2.235030E1	3.531021E-2
1.679284E1	2.241145E1	2.737343E-2
1.682616E1	2.242359E1	2.056692E-2
1.685948E1	2.242150E1	2.389646E-2
1.689280E1	2.242028E1	2.583215E-2
1.692612E1	2.241868E1	2.745612E-2
1.695944E1	2.241941E1	2.883465E-2
1.699276E1	2.244649E1	4.132421E-2
1.702608E1	2.251764E1	1.124256E-1
1.705939E1	2.257192E1	3.148742E-1
1.709271E1	2.264786E1	2.869495E-1
1.712603E1	2.263679E1	2.109455E-1
1.715935E1	2.260863E1	1.948539E-1
1.719267E1	2.262664E1	2.141339E-1
1.722599E1	2.265914E1	1.927733E-1
1.725931E1	2.263753E1	2.012739E-1
1.729263E1	2.265104E1	2.092390E-1
1.732595E1	2.276169E1	2.106803E-1
1.735927E1	2.294978E1	2.116051E-1
1.739259E1	2.308149E1	2.183465E-1
1.742591E1	2.308179E1	2.170607E-1
1.745922E1	2.307985E1	2.203596E-1
1.749254E1	2.308974E1	2.483334E-1
1.752586E1	2.312498E1	2.689103E-1
1.755918E1	2.316817E1	2.803650E-1
1.759250E1	2.321567E1	2.869534E-1
1.762582E1	2.323770E1	3.084207E-1
1.765914E1	2.330197E1	3.241902E-1
1.769246E1	2.335427E1	3.207755E-1
1.772578E1	2.337735E1	3.330431E-1
1.775910E1	2.337117E1	3.474936E-1
1.779242E1	2.337166E1	3.344928E-1
1.782573E1	2.336634E1	3.360614E-1
1.785905E1	2.336799E1	3.485752E-1
1.789237E1	2.336954E1	3.412181E-1
1.792569E1	2.334259E1	3.323782E-1
1.795901E1	2.336142E1	3.257717E-1
1.799233E1	2.337062E1	2.773859E-1
1.802565E1	2.343179E1	2.136041E-1
1.805897E1	2.358133E1	1.112435E-1
1.809229E1	2.362428E1	1.325493E-1
1.812561E1	2.361532E1	1.510052E-1
1.815893E1	2.364845E1	1.452367E-1
1.819225E1	2.364180E1	1.272132E-1
1.822556E1	2.360246E1	1.139567E-1
1.825888E1	2.359979E1	1.155512E-1
1.829220E1	2.366189E1	1.288616E-1
1.832552E1	2.380213E1	1.635516E-1
1.835884E1	2.391297E1	1.859147E-1
1.839216E1	2.397193E1	1.889341E-1
1.842548E1	2.405511E1	2.053169E-1
1.845880E1	2.417204E1	2.138331E-1
1.849212E1	2.430003E1	2.336488E-1
1.852544E1	2.440891E1	2.553213E-1
1.855876E1	2.451252E1	2.820274E-1
1.859207E1	2.459717E1	3.103079E-1
1.862539E1	2.467510E1	3.307853E-1
1.865871E1	2.477396E1	3.421433E-1
1.869203E1	2.487221E1	3.444551E-1
1.872535E1	2.496899E1	3.598168E-1
1.875867E1	2.504047E1	3.682366E-1
1.879199E1	2.506368E1	3.689412E-1
1.882531E1	2.505614E1	3.639502E-1
1.885863E1	2.505294E1	3.688133E-1
1.889195E1	2.504898E1	3.715786E-1
1.892527E1	2.503390E1	3.750558E-1
1.895859E1	2.504635E1	3.773148E-1
1.899190E1	2.509298E1	4.116689E-1
1.902522E1	2.517186E1	5.298881E-1
1.905854E1	2.523418E1	7.611127E-1
1.909186E1	2.529431E1	7.491162E-1
1.912518E1	2.526644E1	6.665358E-1
1.915850E1	2.525361E1	6.573140E-1
1.919182E1	2.527934E1	6.733585E-1
1.922514E1	2.529528E1	6.511521E-1
1.925846E1	2.529672E1	6.565938E-1
1.929178E1	2.529721E1	6.784677E-1
1.932510E1	2.537653E1	6.746707E-1
1.935841E1	2.552665E1	6.809622E-1
1.939173E1	2.569022E1	7.232561E-1
1.942505E1	2.574817E1	7.278124E-1
1.945837E1	2.576270E1	7.212020E-1
1.949169E1	2.577554E1	7.318904E-1
1.952501E1	2.580118E1	7.537575E-1
1.955833E1	2.583668E1	7.870882E-1
1.959165E1	2.590632E1	8.080483E-1
1.962497E1	2.597874E1	8.322720E-1
1.965829E1	2.604650E1	8.425096E-1
1.969161E1	2.608920E1	8.409714E-1
1.972493E1	2.610327E1	8.457506E-1
1.975824E1	2.609847E1	8.521876E-1
1.979156E1	2.609442E1	8.536025E-1
1.982488E1	2.609457E1	8.552978E-1
1.985820E1	2.609989E1	8.557869E-1
1.989152E1	2.609323E1	8.551314E-1
1.992484E1	2.607485E1	8.528742E-1
1.995816E1	2.608287E1	8.299147E-1
1.999148E1	2.609190E1	8.010047E-1
2.002480E1	2.615079E1	7.341224E-1
2.005812E1	2.630083E1	6.240416E-1
2.009144E1	2.634383E1	6.379893E-1
2.012475E1	2.632087E1	6.763382E-1
2.015807E1	2.633744E1	6.510717E-1
2.019139E1	2.632792E1	6.232580E-1
2.022471E1	2.629894E1	5.947644E-1
2.025803E1	2.630583E1	5.917553E-1
2.029135E1	2.634226E1	5.964440E-1
2.032467E1	2.643077E1	6.310793E-1
2.035799E1	2.653520E1	6.563476E-1
2.039131E1	2.660603E1	6.823242E-1
2.042463E1	2.665999E1	7.010721E-1
2.045795E1	2.674841E1	7.112573E-1
2.049127E1	2.687091E1	7.523953E-1
2.052458E1	2.701426E1	7.892583E-1
2.055790E1	2.713209E1	8.243148E-1
2.059122E1	2.721618E1	8.593227E-1
2.062454E1	2.735212E1	9.570101E-1
2.065786E1	2.744924E1	9.721797E-1
2.069118E1	2.754341E1	9.658062E-1
2.072450E1	2.760955E1	9.622912E-1
2.075782E1	2.767847E1	9.515229E-1
2.079114E1	2.770726E1	9.296407E-1
2.082446E1	2.770229E1	9.390226E-1
2.085778E1	2.770626E1	9.437583E-1
2.089110E1	2.770037E1	9.461536E-1
2.092441E1	2.768853E1	9.465911E-1
2.095773E1	2.770655E1	9.528259E-1
2.099105E1	2.773514E1	9.912177E-1
2.102437E1	2.784231E1	1.111120E0
2.105769E1	2.789898E1	1.318734E0
2.109101E1	2.793101E1	1.293852E0
2.112433E1	2.788271E1	1.218639E0
2.115765E1	2.786757E1	1.200724E0
2.119097E1	2.790198E1	1.219666E0
2.122429E1	2.791808E1	1.223045E0
2.125761E1	2.790003E1	1.228264E0
2.129092E1	2.793506E1	1.237315E0
2.132424E1	2.800911E1	1.246284E0
2.135756E1	2.812852E1	1.249093E0
2.139088E1	2.828038E1	1.266909E0
2.142420E1	2.838539E1	1.280152E0
2.145752E1	2.841305E1	1.292099E0
2.149084E1	2.840822E1	1.298350E0
2.152416E1	2.842472E1	1.313717E0
2.155748E1	2.846539E1	1.333962E0
2.159080E1	2.853191E1	1.326925E0
2.162412E1	2.858087E1	1.339437E0
2.165744E1	2.863599E1	1.361852E0
2.169075E1	2.868543E1	1.365446E0
2.172407E1	2.872161E1	1.355446E0
2.175739E1	2.874399E1	1.365234E0
2.179071E1	2.875035E1	1.367966E0
2.182403E1	2.873708E1	1.367834E0
2.185735E1	2.873840E1	1.369529E0
2.189067E1	2.873841E1	1.370190E0
2.192399E1	2.870851E1	1.364693E0
2.195731E1	2.872101E1	1.331839E0
2.199063E1	2.873546E1	1.300691E0
2.202395E1	2.879364E1	1.249014E0
2.205726E1	2.891649E1	1.176510E0
2.209058E1	2.893301E1	1.196339E0
2.212390E1	2.892853E1	1.219209E0
2.215722E1	2.897870E1	1.211403E0
2.219054E1	2.898278E1	1.203587E0
2.222386E1	2.895858E1	1.184479E0
2.225718E1	2.896414E1	1.194443E0
2.229050E1	2.902701E1	1.217853E0
2.232382E1	2.912645E1	1.257665E0
2.235714E1	2.922736E1	1.287329E0
2.239046E1	2.932405E1	1.311438E0
2.242378E1	2.941655E1	1.343480E0
2.245709E1	2.951301E1	1.382826E0
2.249041E1	2.960063E1	1.417008E0
2.252373E1	2.966612E1	1.426697E0
2.255705E1	2.977533E1	1.459103E0
2.259037E1	2.991046E1	1.480569E0
2.262369E1	3.002117E1	1.501524E0
2.265701E1	3.012111E1	1.516130E0
2.269033E1	3.019094E1	1.527279E0
2.272365E1	3.025739E1	1.529855E0
2.275697E1	3.028678E1	1.515368E0
2.279029E1	3.025372E1	1.484609E0
2.282360E1	3.024986E1	1.477227E0
2.285692E1	3.026090E1	1.474786E0
2.289024E1	3.024930E1	1.472070E0
2.292356E1	3.023796E1	1.470222E0
2.295688E1	3.025847E1	1.476357E0
2.299020E1	3.027545E1	1.517087E0
2.302352E1	3.035460E1	1.625397E0
2.305684E1	3.043246E1	1.815298E0
2.309016E1	3.048782E1	1.797565E0
2.312348E1	3.042637E1	1.740901E0
2.315680E1	3.038940E1	1.704258E0
2.319012E1	3.041469E1	1.726472E0
2.322343E1	3.042159E1	1.723803E0
2.325675E1	3.040207E1	1.709787E0
2.329007E1	3.041511E1	1.714394E0
2.332339E1	3.048969E1	1.709397E0
2.335671E1	3.061408E1	1.720949E0
2.339003E1	3.075236E1	1.756377E0
2.342335E1	3.087259E1	1.789083E0
2.345667E1	3.090335E1	1.775603E0
2.348999E1	3.092080E1	1.778350E0
2.352331E1	3.097231E1	1.804623E0
2.355663E1	3.105467E1	1.827609E0
2.358994E1	3.114009E1	1.842170E0
2.362326E1	3.119271E1	1.868965E0
2.365658E1	3.124566E1	1.900062E0
2.368990E1	3.128878E1	1.926067E0
2.372322E1	3.132539E1	1.922201E0
2.375654E1	3.134893E1	1.932264E0
2.378986E1	3.134861E1	1.937955E0
2.382318E1	3.134815E1	1.941206E0
2.385650E1	3.135119E1	1.943761E0
2.388982E1	3.134996E1	1.943580E0
2.392314E1	3.132908E1	1.937599E0
2.395646E1	3.133665E1	1.917436E0
2.398977E1	3.133380E1	1.901402E0
2.402309E1	3.138086E1	1.839912E0
2.405641E1	3.151161E1	1.740028E0
2.408973E1	3.153726E1	1.745331E0
2.412305E1	3.153442E1	1.781172E0
2.415637E1	3.159332E1	1.772413E0
2.418969E1	3.157529E1	1.770779E0
2.422301E1	3.153192E1	1.738145E0
2.425633E1	3.152519E1	1.729341E0
2.428965E1	3.156982E1	1.740546E0
2.432297E1	3.165498E1	1.783416E0
2.435628E1	3.174571E1	1.823386E0
2.438960E1	3.184180E1	1.852549E0
2.442292E1	3.194495E1	1.894081E0
2.445624E1	3.207050E1	1.956348E0
2.448956E1	3.219067E1	2.008255E0
2.452288E1	3.228428E1	2.043671E0
2.455620E1	3.235802E1	2.070472E0
2.458952E1	3.244291E1	2.093551E0
2.462284E1	3.254130E1	2.125826E0
2.465616E1	3.263738E1	2.155472E0
2.468948E1	3.272424E1	2.169125E0
2.472280E1	3.282946E1	2.178671E0
2.475611E1	3.290406E1	2.179232E0
2.478943E1	3.290967E1	2.153633E0
2.482275E1	3.290289E1	2.152317E0
2.485607E1	3.290791E1	2.153592E0
2.488939E1	3.290306E1	2.153132E0
2.492271E1	3.289638E1	2.153272E0
2.495603E1	3.290750E1	2.158923E0
2.498935E1	3.292290E1	2.187356E0
2.502267E1	3.300205E1	2.309449E0
2.505599E1	3.308637E1	2.516914E0
2.508931E1	3.312821E1	2.494445E0
2.512262E1	3.310367E1	2.436099E0
2.515594E1	3.312213E1	2.428954E0
2.518926E1	3.315675E1	2.448096E0
2.522258E1	3.313739E1	2.435558E0
2.525590E1	3.311926E1	2.436959E0
2.528922E1	3.316950E1	2.454928E0
2.532254E1	3.328834E1	2.482226E0
2.535586E1	3.345185E1	2.528282E0
2.538918E1	3.355981E1	2.525657E0
2.542250E1	3.357802E1	2.507410E0
2.545582E1	3.360375E1	2.511878E0
2.548914E1	3.366702E1	2.544922E0
2.552245E1	3.374007E1	2.572007E0
2.555577E1	3.381172E1	2.578068E0
2.558909E1	3.389638E1	2.594204E0
2.562241E1	3.393885E1	2.616785E0
2.565573E1	3.399833E1	2.636632E0
2.568905E1	3.404142E1	2.633512E0
2.572237E1	3.407843E1	2.634326E0
2.575569E1	3.410399E1	2.641180E0
2.578901E1	3.410451E1	2.638050E0
2.582233E1	3.409686E1	2.634716E0
2.585565E1	3.410882E1	2.636794E0
2.588896E1	3.411106E1	2.636126E0
2.592228E1	3.408294E1	2.632766E0
2.595560E1	3.408178E1	2.611062E0
2.598892E1	3.406777E1	2.593361E0
2.602224E1	3.409601E1	2.557071E0
2.605556E1	3.417388E1	2.490452E0
2.608888E1	3.419354E1	2.483024E0
2.612220E1	3.418727E1	2.517157E0
2.615552E1	3.423709E1	2.516912E0
2.618884E1	3.425053E1	2.503666E0
2.622216E1	3.421868E1	2.475737E0
2.625548E1	3.419264E1	2.462463E0
2.628879E1	3.422191E1	2.473870E0
2.632211E1	3.429782E1	2.521478E0
2.635543E1	3.438590E1	2.572890E0
2.638875E1	3.448354E1	2.610597E0
2.642207E1	3.460551E1	2.645530E0
2.645539E1	3.470867E1	2.683842E0
2.648871E1	3.477447E1	2.720954E0
2.652203E1	3.483756E1	2.745296E0
2.655535E1	3.492505E1	2.777805E0
2.658867E1	3.504217E1	2.817737E0
2.662199E1	3.515335E1	2.849524E0
2.665530E1	3.527264E1	2.874176E0
2.668862E1	3.538998E1	2.906251E0
2.672194E1	3.549701E1	2.930266E0
2.675526E1	3.560127E1	2.954727E0
2.678858E1	3.570595E1	2.981586E0
2.682190E1	3.578443E1	3.007316E0
2.685522E1	3.583435E1	3.023848E0
2.688854E1	3.583556E1	3.022507E0
2.692186E1	3.582218E1	3.018376E0
2.695518E1	3.579819E1	3.016067E0
2.698850E1	3.582803E1	3.026360E0
2.702182E1	3.590675E1	3.135544E0
2.705513E1	3.596879E1	3.360911E0
2.708845E1	3.602086E1	3.420663E0
2.712177E1	3.598661E1	3.347231E0
2.715509E1	3.594595E1	3.304297E0
2.718841E1	3.595905E1	3.335327E0
2.722173E1	3.594851E1	3.312732E0
2.725505E1	3.595122E1	3.315594E0
2.728837E1	3.596229E1	3.318684E0
2.732169E1	3.598963E1	3.330229E0
2.735501E1	3.607910E1	3.342938E0
2.738833E1	3.624239E1	3.384437E0
2.742164E1	3.636989E1	3.439810E0
2.745496E1	3.640338E1	3.448668E0
2.748828E1	3.641512E1	3.442226E0
2.752160E1	3.644123E1	3.450941E0
2.755492E1	3.650107E1	3.473238E0
2.758824E1	3.658539E1	3.504884E0
2.762156E1	3.664600E1	3.540127E0
2.765488E1	3.671068E1	3.566682E0
2.768820E1	3.677834E1	3.582460E0
2.772152E1	3.681049E1	3.589150E0
2.775484E1	3.684075E1	3.595268E0
2.778816E1	3.685678E1	3.617978E0
2.782147E1	3.685609E1	3.620174E0
2.785479E1	3.685597E1	3.622549E0
2.788811E1	3.685390E1	3.623421E0
2.792143E1	3.681333E1	3.617041E0
2.795475E1	3.679930E1	3.591800E0
2.798807E1	3.679618E1	3.558146E0
2.802139E1	3.682817E1	3.513165E0
2.805471E1	3.690159E1	3.442671E0
2.808803E1	3.693486E1	3.461017E0
2.812135E1	3.695205E1	3.497574E0
2.815467E1	3.700245E1	3.500341E0
2.818798E1	3.696380E1	3.464795E0
2.822130E1	3.692359E1	3.428732E0
2.825462E1	3.691385E1	3.444477E0
2.828794E1	3.693982E1	3.469108E0
2.832126E1	3.701202E1	3.509737E0
2.835458E1	3.710189E1	3.562784E0
2.838790E1	3.722204E1	3.616580E0
2.842122E1	3.731241E1	3.668512E0
2.845454E1	3.738491E1	3.718061E0
2.848786E1	3.746565E1	3.753515E0
2.852118E1	3.756158E1	3.801677E0
2.855450E1	3.767276E1	3.852704E0
2.858781E1	3.777596E1	3.901582E0
2.862113E1	3.785265E1	3.935333E0
2.865445E1	3.793991E1	3.941304E0
2.868777E1	3.804844E1	3.961492E0
2.872109E1	3.815331E1	3.996722E0
2.875441E1	3.824318E1	4.015580E0
2.878773E1	3.829442E1	4.020130E0
2.882105E1	3.832401E1	4.028203E0
2.885437E1	3.833114E1	4.028409E0
2.888769E1	3.833473E1	4.036667E0
2.892101E1	3.833599E1	4.050271E0
2.895432E1	3.833847E1	4.049615E0
2.898764E1	3.834562E1	4.052351E0
2.902096E1	3.841195E1	4.147181E0
2.905428E1	3.849629E1	4.394619E0
2.908760E1	3.857414E1	4.433392E0
2.912092E1	3.851075E1	4.343840E0
2.915424E1	3.848464E1	4.293778E0
2.918756E1	3.848369E1	4.320142E0
2.922088E1	3.847615E1	4.302819E0
2.925420E1	3.849745E1	4.291511E0
2.928752E1	3.850895E1	4.301411E0
2.932084E1	3.854494E1	4.312602E0
2.935415E1	3.863000E1	4.340703E0
2.938747E1	3.877279E1	4.394124E0
2.942079E1	3.891908E1	4.466592E0
2.945411E1	3.900179E1	4.501385E0
2.948743E1	3.900201E1	4.502562E0
2.952075E1	3.901741E1	4.519654E0
2.955407E1	3.906597E1	4.558299E0
2.958739E1	3.912583E1	4.601718E0
2.962071E1	3.917039E1	4.625999E0
2.965403E1	3.923794E1	4.641203E0
2.968735E1	3.929341E1	4.645894E0
2.972066E1	3.933026E1	4.651518E0
2.975398E1	3.934168E1	4.661360E0
2.978730E1	3.934775E1	4.661274E0
2.982062E1	3.933848E1	4.662964E0
2.985394E1	3.934295E1	4.653725E0
2.988726E1	3.933788E1	4.652032E0
2.992058E1	3.932056E1	4.647968E0
2.995390E1	3.931912E1	4.615387E0
2.998722E1	3.929277E1	4.569426E0
3.002054E1	3.934019E1	4.545325E0
3.005386E1	3.946198E1	4.487093E0
3.008718E1	3.951208E1	4.510701E0
3.012049E1	3.949437E1	4.546680E0
3.015381E1	3.952353E1	4.543864E0
3.018713E1	3.949503E1	4.521933E0
3.022045E1	3.945391E1	4.491130E0
3.025377E1	3.943963E1	4.485692E0
3.028709E1	3.946097E1	4.494866E0
3.032041E1	3.951909E1	4.526175E0
3.035373E1	3.960791E1	4.595049E0
3.038705E1	3.971804E1	4.646483E0
3.042037E1	3.980239E1	4.702700E0
3.045369E1	3.990053E1	4.760753E0
3.048700E1	3.996169E1	4.809945E0
3.052032E1	4.000810E1	4.835747E0
3.055364E1	4.010595E1	4.877603E0
3.058696E1	4.021336E1	4.939826E0
3.062028E1	4.031215E1	4.976177E0
3.065360E1	4.042084E1	5.013368E0
3.068692E1	4.053434E1	5.060519E0
3.072024E1	4.063654E1	5.089438E0
3.075356E1	4.072289E1	5.116095E0
3.078688E1	4.081430E1	5.154281E0
3.082020E1	4.088207E1	5.192047E0
3.085352E1	4.092257E1	5.207930E0
3.088683E1	4.092984E1	5.198561E0
3.092015E1	4.092975E1	5.193642E0
3.095347E1	4.089870E1	5.187001E0
3.098679E1	4.091972E1	5.196862E0
3.102011E1	4.099005E1	5.314041E0
3.105343E1	4.107988E1	5.592622E0
3.108675E1	4.108722E1	5.588679E0
3.112007E1	4.105355E1	5.510160E0
3.115339E1	4.097862E1	5.489970E0
3.118671E1	4.092773E1	5.517139E0
3.122003E1	4.091408E1	5.488494E0
3.125334E1	4.095896E1	5.523825E0
3.128666E1	4.097207E1	5.528608E0
3.131998E1	4.103375E1	5.534732E0
3.135330E1	4.118070E1	5.592917E0
3.138662E1	4.131396E1	5.653918E0
3.141994E1	4.135690E1	5.671281E0
3.145326E1	4.136693E1	5.662937E0
3.148658E1	4.142549E1	5.691853E0
3.151990E1	4.152373E1	5.747998E0
3.155322E1	4.159570E1	5.776636E0
3.158654E1	4.166126E1	5.795250E0
3.161986E1	4.169530E1	5.778656E0
3.165317E1	4.169402E1	5.785181E0
3.168649E1	4.174517E1	5.823611E0
3.171981E1	4.177664E1	5.840778E0
3.175313E1	4.178508E1	5.837940E0
3.178645E1	4.179435E1	5.838845E0
3.181977E1	4.178061E1	5.844439E0
3.185309E1	4.178882E1	5.840731E0
3.188641E1	4.179260E1	5.838901E0
3.191973E1	4.177119E1	5.837858E0
3.195305E1	4.174069E1	5.792725E0
3.198637E1	4.174199E1	5.763165E0
3.201968E1	4.172737E1	5.733906E0
3.205300E1	4.173923E1	5.659066E0
3.208632E1	4.175008E1	5.657432E0
3.211964E1	4.174103E1	5.720775E0
3.215296E1	4.175450E1	5.728001E0
3.218628E1	4.169041E1	5.687685E0
3.221960E1	4.168188E1	5.667355E0
3.225292E1	4.167488E1	5.671120E0
3.228624E1	4.168145E1	5.684985E0
3.231956E1	4.173886E1	5.728194E0
3.235288E1	4.180600E1	5.783858E0
3.238620E1	4.190025E1	5.848395E0
3.241951E1	4.198122E1	5.882501E0
3.245283E1	4.201158E1	5.914418E0
3.248615E1	4.209962E1	5.950193E0
3.251947E1	4.219864E1	6.012945E0
3.255279E1	4.229814E1	6.078594E0
3.258611E1	4.239341E1	6.135419E0
3.261943E1	4.244584E1	6.156125E0
3.265275E1	4.255473E1	6.192620E0
3.268607E1	4.262444E1	6.209472E0
3.271939E1	4.271651E1	6.247358E0
3.275271E1	4.277888E1	6.261463E0
3.278602E1	4.281159E1	6.250764E0
3.281934E1	4.280078E1	6.251440E0
3.285266E1	4.279551E1	6.252208E0
3.288598E1	4.279268E1	6.252149E0
3.291930E1	4.278805E1	6.251683E0
3.295262E1	4.278862E1	6.252558E0
3.298594E1	4.278677E1	6.255079E0
3.301926E1	4.285429E1	6.358643E0
3.305258E1	4.397055E1	6.286047E0
3.308590E1	4.400781E1	6.342277E0
3.311922E1	4.394801E1	6.262410E0
3.315254E1	4.389963E1	6.205601E0
3.318585E1	4.388004E1	6.238329E0
3.321917E1	4.389320E1	6.236781E0
3.325249E1	4.390823E1	6.242288E0
3.328581E1	4.391521E1	6.256197E0
3.331913E1	4.395581E1	6.297234E0
3.335245E1	4.406683E1	6.344346E0
3.338577E1	4.420812E1	6.411355E0
3.341909E1	4.428312E1	6.466348E0
3.345241E1	4.433126E1	6.501375E0
3.348573E1	4.439509E1	6.554787E0
3.351905E1	4.446680E1	6.612599E0
3.355236E1	4.456250E1	6.661740E0
3.358568E1	4.463099E1	6.700856E0
3.361900E1	4.469599E1	6.751403E0
3.365232E1	4.474528E1	6.777575E0
3.368564E1	4.474616E1	6.787420E0
3.371896E1	4.478385E1	6.812163E0
3.375228E1	4.481227E1	6.844021E0
3.378560E1	4.483412E1	6.864458E0
3.381892E1	4.483219E1	6.866487E0
3.385224E1	4.483452E1	6.869292E0
3.388556E1	4.483923E1	6.872050E0
3.391888E1	4.480767E1	6.865810E0
3.395219E1	4.473900E1	6.808202E0
3.398551E1	4.471221E1	6.760498E0
3.401883E1	4.468948E1	6.746719E0
3.405215E1	4.468390E1	6.687545E0
3.408547E1	4.473264E1	6.667233E0
3.411879E1	4.467577E1	6.680816E0
3.415211E1	4.469668E1	6.713636E0
3.418543E1	4.467773E1	6.710290E0
3.421875E1	4.463299E1	6.685331E0
3.425207E1	4.461177E1	6.651737E0
3.428539E1	4.461741E1	6.660161E0
3.431870E1	4.470065E1	6.720304E0
3.435202E1	4.478401E1	6.794159E0
3.438534E1	4.487082E1	6.847839E0
3.441866E1	4.494709E1	6.895049E0
3.445198E1	4.502160E1	6.945210E0
3.448530E1	4.509405E1	6.995935E0
3.451862E1	4.520411E1	7.063221E0
3.455194E1	4.529459E1	7.145262E0
3.458526E1	4.538285E1	7.208577E0
3.461858E1	4.544155E1	7.252758E0
3.465190E1	4.553674E1	7.288901E0
3.468522E1	4.562537E1	7.342516E0
3.471853E1	4.569574E1	7.373093E0
3.475185E1	4.573061E1	7.391492E0
3.478517E1	4.576225E1	7.396501E0
3.481849E1	4.576886E1	7.397315E0
3.485181E1	4.577203E1	7.398697E0
3.488513E1	4.577296E1	7.399236E0
3.491845E1	4.577206E1	7.398281E0
3.495177E1	4.578375E1	7.408285E0
3.498509E1	4.578403E1	7.445399E0
3.501841E1	4.586118E1	7.545196E0
3.505173E1	4.595354E1	7.793334E0
3.508504E1	4.593654E1	7.837420E0
3.511836E1	4.589950E1	7.749343E0
3.515168E1	4.586628E1	7.729181E0
3.518500E1	4.586416E1	7.746176E0
3.521832E1	4.585408E1	7.727213E0
3.525164E1	4.587590E1	7.738048E0
3.528496E1	4.591526E1	7.768140E0
3.531828E1	4.602148E1	7.804605E0
3.535160E1	4.616348E1	7.858664E0
3.538492E1	4.630103E1	7.940449E0
3.541824E1	4.638371E1	7.982307E0
3.545156E1	4.638052E1	7.977552E0
3.548487E1	4.641841E1	8.000848E0
3.551819E1	4.654140E1	8.092884E0
3.555151E1	4.665402E1	8.168686E0
3.558483E1	4.671234E1	8.197738E0
3.561815E1	4.680350E1	8.223029E0
3.565147E1	4.689715E1	8.273780E0
3.568479E1	4.692782E1	8.308911E0
3.571811E1	4.696886E1	8.322412E0
3.575143E1	4.701497E1	8.365403E0
3.578475E1	4.707318E1	8.390684E0
3.581807E1	4.708570E1	8.395318E0
3.585138E1	4.708313E1	8.390892E0
3.588470E1	4.708371E1	8.389060E0
3.591802E1	4.706600E1	8.375423E0
3.595134E1	4.702305E1	8.322291E0
3.598466E1	4.698708E1	8.266047E0
3.601798E1	4.697710E1	8.218035E0
3.605130E1	4.694140E1	8.157189E0
3.608462E1	4.693113E1	8.149530E0
3.611794E1	4.691101E1	8.169788E0
3.615126E1	4.691972E1	8.199934E0
3.618458E1	4.688651E1	8.175108E0
3.621790E1	4.681804E1	8.126584E0
3.625121E1	4.680819E1	8.126826E0
3.628453E1	4.684573E1	8.160408E0
3.631785E1	4.692625E1	8.225095E0
3.635117E1	4.696609E1	8.273115E0
3.638449E1	4.702956E1	8.319671E0
3.641781E1	4.709828E1	8.374176E0
3.645113E1	4.718583E1	8.430488E0
3.648445E1	4.728870E1	8.491506E0
3.651777E1	4.736656E1	8.554672E0
3.655109E1	4.743666E1	8.615372E0
3.658441E1	4.749478E1	8.640751E0
3.661772E1	4.757864E1	8.682361E0
3.665104E1	4.761477E1	8.700574E0
3.668436E1	4.768319E1	8.732397E0
3.671768E1	4.774021E1	8.745543E0
3.675100E1	4.777704E1	8.741244E0
3.678432E1	4.779312E1	8.743879E0
3.681764E1	4.779935E1	8.742893E0
3.685096E1	4.780398E1	8.743618E0
3.688428E1	4.780434E1	8.742853E0
