	mass A		
t	x	y	
0.000000E0	-2.762608E-2	-3.107754E-2
3.331913E-2	-2.793931E-2	-3.134105E-2
6.663826E-2	-1.683433E-2	-3.276955E-2
9.995739E-2	-3.291101E-2	-4.164439E-2
1.332765E-1	-7.456125E-2	-5.643878E-2
1.665957E-1	-1.310164E-1	-4.852640E-2
1.999148E-1	-1.013487E-1	-9.239917E-3
2.332339E-1	3.373271E-2	6.385162E-3
2.665530E-1	3.142119E-1	8.250078E-4
2.998722E-1	6.311186E-1	-8.061512E-3
3.331913E-1	8.540440E-1	-3.851689E-2
3.665104E-1	1.012494E0	-3.938374E-2
3.998296E-1	1.192919E0	-4.127836E-2
4.331487E-1	1.431704E0	-4.690657E-2
4.664678E-1	1.591418E0	-6.079526E-2
4.997870E-1	1.591764E0	-6.813953E-2
5.331061E-1	1.598362E0	-5.133405E-2
5.664252E-1	1.585154E0	-1.682856E-2
5.997444E-1	1.489156E0	5.986067E-2
6.330635E-1	1.410269E0	2.012157E-1
6.663826E-1	1.338859E0	2.392772E-1
6.997018E-1	1.413093E0	1.938862E-1
7.330209E-1	1.617152E0	1.395198E-1
7.663400E-1	1.870853E0	1.111031E-1
7.996591E-1	2.080724E0	9.409794E-2
8.329783E-1	2.274267E0	9.381356E-2
8.662974E-1	2.412587E0	1.020924E-1
8.996165E-1	2.516709E0	1.184531E-1
9.329357E-1	2.599348E0	1.296403E-1
9.662548E-1	2.633686E0	1.164928E-1
9.995739E-1	2.592036E0	1.113406E-1
1.032893E0	2.597142E0	1.107555E-1
1.066212E0	2.587989E0	6.200337E-2
1.099531E0	2.642113E0	-1.030567E-2
1.132850E0	2.656723E0	-5.215836E-2
1.166170E0	2.704400E0	-8.623943E-2
1.199489E0	2.819835E0	-1.002310E-1
1.232808E0	2.817982E0	-9.883305E-2
1.266127E0	2.818393E0	-7.639192E-2
1.299446E0	2.819545E0	-8.818835E-2
1.332765E0	2.851172E0	-8.002284E-2
1.366084E0	3.025867E0	-3.596405E-2
1.399404E0	3.289132E0	1.299137E-2
1.432723E0	3.486292E0	2.187595E-3
1.466042E0	3.585810E0	-1.467824E-2
1.499361E0	3.606489E0	-9.241263E-3
1.532680E0	3.626180E0	2.116844E-2
1.565999E0	3.652880E0	4.712608E-2
1.599318E0	3.601984E0	9.732297E-2
1.632637E0	3.558989E0	2.176638E-1
1.665957E0	3.619362E0	1.648370E-1
1.699276E0	3.848107E0	1.035758E-1
1.732595E0	4.072151E0	1.547003E-1
1.765914E0	4.157967E0	1.558800E-1
1.799233E0	4.221674E0	1.182185E-1
1.832552E0	4.324929E0	1.109377E-1
1.865871E0	4.372020E0	1.235096E-1
1.899190E0	4.367134E0	1.203299E-1
1.932510E0	4.387998E0	8.107848E-2
1.965829E0	4.385941E0	8.328223E-2
1.999148E0	4.383439E0	1.027202E-1
2.032467E0	4.394633E0	9.369887E-2
2.065786E0	4.383920E0	8.532409E-2
2.099105E0	4.382421E0	1.040431E-1
2.132424E0	4.398848E0	1.055012E-1
2.165744E0	4.447035E0	8.082326E-2
2.199063E0	4.510616E0	5.641503E-2
2.232382E0	4.568286E0	6.509419E-2
2.265701E0	4.612740E0	7.504484E-2
2.299020E0	4.764933E0	9.015138E-2
2.332339E0	4.995512E0	1.320244E-1
2.365658E0	5.157786E0	1.460141E-1
2.398977E0	5.236358E0	1.381214E-1
2.432297E0	5.283909E0	1.338452E-1
2.465616E0	5.286034E0	1.079026E-1
2.498935E0	5.274934E0	9.869805E-2
2.532254E0	5.264008E0	9.428217E-2
2.565573E0	5.125446E0	1.240199E-1
2.598892E0	4.923951E0	1.418091E-1
2.632211E0	4.596278E0	1.872363E-1
2.665530E0	4.337258E0	2.476980E-1
2.698850E0	4.363027E0	2.326802E-1
2.732169E0	4.512894E0	1.361675E-1
2.765488E0	4.814784E0	6.253122E-2
2.798807E0	5.093833E0	-1.791471E-2
2.832126E0	5.278359E0	-5.886365E-2
2.865445E0	5.394259E0	-6.133347E-2
2.898764E0	5.459360E0	-5.963961E-2
2.932084E0	5.470628E0	-6.487485E-2
2.965403E0	5.457109E0	-6.160776E-2
2.998722E0	5.427374E0	-5.949463E-2
3.032041E0	5.402399E0	-6.646685E-2
3.065360E0	5.376383E0	-7.410291E-2
3.098679E0	5.410846E0	-1.299781E-1
3.131998E0	5.528958E0	-2.299823E-1
3.165317E0	5.541174E0	-2.234623E-1
3.198637E0	5.664296E0	-1.655334E-1
3.231956E0	5.773268E0	-1.499726E-1
3.265275E0	5.804250E0	-1.534928E-1
3.298594E0	5.830356E0	-1.454368E-1
3.331913E0	5.948894E0	-1.183977E-1
3.365232E0	6.072163E0	-1.076760E-1
3.398551E0	6.167724E0	-1.069201E-1
3.431871E0	6.214630E0	-1.021502E-1
3.465190E0	6.213615E0	-9.936097E-2
3.498509E0	6.204460E0	-9.326120E-2
3.531828E0	6.218438E0	-9.208534E-2
3.565147E0	6.234570E0	-8.318333E-2
3.598466E0	6.174937E0	-3.585585E-2
3.631785E0	6.131204E0	6.150351E-2
3.665104E0	6.143817E0	7.845764E-2
3.698424E0	6.257158E0	3.997599E-2
3.731743E0	6.447353E0	-9.088743E-3
3.765062E0	6.629131E0	-3.711543E-2
3.798381E0	6.747822E0	-6.013075E-2
3.831700E0	6.910560E0	-8.401857E-2
3.865019E0	6.994709E0	-9.131308E-2
3.898338E0	7.057192E0	-9.730698E-2
3.931657E0	7.102823E0	-1.034217E-1
3.964977E0	7.120766E0	-1.108254E-1
3.998296E0	7.124327E0	-1.259909E-1
4.031615E0	7.097085E0	-1.284897E-1
4.064934E0	7.058741E0	-1.258823E-1
4.098253E0	7.077484E0	-1.794420E-1
4.131572E0	7.102956E0	-2.504626E-1
4.164891E0	7.124239E0	-2.592428E-1
4.198211E0	7.215969E0	-2.382273E-1
4.231530E0	7.318363E0	-2.296344E-1
4.264849E0	7.510428E0	-2.069680E-1
4.298168E0	7.714839E0	-2.108919E-1
4.331487E0	7.926880E0	-2.251989E-1
4.364806E0	8.095715E0	-2.333707E-1
4.398125E0	8.249018E0	-2.434501E-1
4.431444E0	8.365199E0	-2.541067E-1
4.464764E0	8.415615E0	-2.525026E-1
4.498083E0	8.386350E0	-2.571184E-1
4.531402E0	8.379733E0	-2.509620E-1
4.564721E0	8.392478E0	-2.289541E-1
4.598040E0	8.339420E0	-1.800997E-1
4.631359E0	8.278328E0	-9.481127E-2
4.664678E0	8.292957E0	-9.258381E-2
4.697997E0	8.427022E0	-1.161362E-1
4.731317E0	8.577433E0	-1.278482E-1
4.764636E0	8.697718E0	-1.753884E-1
4.797955E0	8.876674E0	-2.373749E-1
4.831274E0	8.970194E0	-2.331782E-1
4.864593E0	8.964543E0	-2.319696E-1
4.897912E0	8.968345E0	-2.305478E-1
4.931231E0	9.029599E0	-2.597526E-1
4.964551E0	9.042323E0	-2.258257E-1
4.997870E0	9.044509E0	-2.055037E-1
5.031189E0	9.015547E0	-2.320831E-1
5.064508E0	8.955308E0	-2.729243E-1
5.097827E0	8.926923E0	-3.131196E-1
5.131146E0	8.937791E0	-3.915074E-1
5.164465E0	8.933841E0	-4.005730E-1
5.197784E0	9.077905E0	-3.472773E-1
5.231104E0	9.146082E0	-3.339972E-1
5.264423E0	9.308973E0	-3.693349E-1
5.297742E0	9.517776E0	-3.831165E-1
5.331061E0	9.751179E0	-4.213875E-1
5.364380E0	9.956394E0	-4.571738E-1
5.397699E0	1.014915E1	-4.652345E-1
5.431018E0	1.032733E1	-4.930616E-1
5.464337E0	1.048858E1	-5.008447E-1
5.497657E0	1.048928E1	-5.011728E-1
5.530976E0	1.047041E1	-4.962700E-1
5.564295E0	1.048396E1	-4.964190E-1
5.597614E0	1.042950E1	-4.598880E-1
5.630933E0	1.035323E1	-3.625786E-1
5.664252E0	1.035178E1	-3.019270E-1
5.697571E0	1.042015E1	-3.270521E-1
5.730891E0	1.055444E1	-3.690967E-1
5.764210E0	1.079003E1	-4.179936E-1
5.797529E0	1.099274E1	-4.452806E-1
5.830848E0	1.115086E1	-4.362555E-1
5.864167E0	1.128714E1	-4.425470E-1
5.897486E0	1.140380E1	-4.658787E-1
5.930805E0	1.148021E1	-4.745637E-1
5.964124E0	1.149951E1	-4.676546E-1
5.997444E0	1.146465E1	-4.726026E-1
6.030763E0	1.143792E1	-4.806884E-1
6.064082E0	1.137849E1	-4.838188E-1
6.097401E0	1.137610E1	-5.185572E-1
6.130720E0	1.143236E1	-5.958545E-1
6.164039E0	1.145153E1	-6.349600E-1
6.197358E0	1.154764E1	-6.446312E-1
6.230678E0	1.161359E1	-6.485073E-1
6.263997E0	1.177375E1	-6.234660E-1
6.297316E0	1.199015E1	-5.811130E-1
6.330635E0	1.221874E1	-5.664934E-1
6.363954E0	1.241139E1	-5.774372E-1
6.397273E0	1.254945E1	-5.916605E-1
6.430592E0	1.266994E1	-6.025719E-1
6.463911E0	1.272985E1	-6.042612E-1
6.497231E0	1.272709E1	-6.013411E-1
6.530550E0	1.268193E1	-6.042919E-1
6.563869E0	1.272135E1	-6.011157E-1
6.597188E0	1.267177E1	-5.934204E-1
6.630507E0	1.256151E1	-5.261150E-1
6.663826E0	1.254714E1	-5.073389E-1
6.697145E0	1.257696E1	-5.425004E-1
6.730464E0	1.267513E1	-5.519896E-1
6.763784E0	1.288648E1	-5.457383E-1
6.797103E0	1.310875E1	-5.734317E-1
6.830422E0	1.329003E1	-5.973945E-1
6.863741E0	1.339333E1	-5.894750E-1
6.897060E0	1.345373E1	-5.898206E-1
6.930379E0	1.349321E1	-5.841882E-1
6.963698E0	1.349803E1	-5.753452E-1
6.997018E0	1.349755E1	-5.789569E-1
7.030337E0	1.348234E1	-6.128029E-1
7.063656E0	1.340359E1	-5.954875E-1
7.096975E0	1.334030E1	-6.105652E-1
7.130294E0	1.332000E1	-6.407273E-1
7.163613E0	1.332182E1	-6.542530E-1
7.196932E0	1.339324E1	-6.800437E-1
7.230251E0	1.340230E1	-7.035913E-1
7.263571E0	1.341831E1	-6.912922E-1
7.296890E0	1.345700E1	-6.911507E-1
7.330209E0	1.362796E1	-6.831495E-1
7.363528E0	1.385248E1	-6.227750E-1
7.396847E0	1.404636E1	-6.149273E-1
7.430166E0	1.411344E1	-6.429534E-1
7.463485E0	1.410711E1	-6.448527E-1
7.496804E0	1.410862E1	-6.489036E-1
7.530124E0	1.412082E1	-6.580789E-1
7.563443E0	1.408673E1	-6.714741E-1
7.596762E0	1.402283E1	-6.568365E-1
7.630081E0	1.397383E1	-5.383171E-1
7.663400E0	1.404270E1	-5.084518E-1
7.696719E0	1.415164E1	-5.475060E-1
7.730038E0	1.430929E1	-6.044642E-1
7.763358E0	1.449217E1	-6.245959E-1
7.796677E0	1.468267E1	-6.335970E-1
7.829996E0	1.485474E1	-6.486515E-1
7.863315E0	1.497565E1	-6.370877E-1
7.896634E0	1.511324E1	-6.188760E-1
7.929953E0	1.517344E1	-6.214357E-1
7.963272E0	1.519018E1	-6.302040E-1
7.996591E0	1.517313E1	-6.201538E-1
8.029911E0	1.517572E1	-6.459193E-1
8.063230E0	1.506484E1	-6.355331E-1
8.096549E0	1.498170E1	-6.385365E-1
8.129868E0	1.496159E1	-6.954796E-1
8.163187E0	1.495978E1	-7.095320E-1
8.196506E0	1.502677E1	-6.952931E-1
8.229825E0	1.511570E1	-6.937756E-1
8.263145E0	1.529624E1	-7.022343E-1
8.296464E0	1.546298E1	-6.856561E-1
8.329783E0	1.569543E1	-7.108534E-1
8.363102E0	1.589852E1	-7.187935E-1
8.396421E0	1.605630E1	-7.536321E-1
8.429740E0	1.616307E1	-7.685794E-1
8.463059E0	1.620319E1	-7.676544E-1
8.496378E0	1.619927E1	-7.643984E-1
8.529698E0	1.619465E1	-7.593787E-1
8.563017E0	1.624445E1	-7.487363E-1
8.596336E0	1.620588E1	-7.004084E-1
8.629655E0	1.618128E1	-5.744554E-1
8.662974E0	1.624637E1	-5.568738E-1
8.696293E0	1.636115E1	-6.013339E-1
8.729612E0	1.652369E1	-6.597496E-1
8.762931E0	1.669348E1	-6.479844E-1
8.796251E0	1.685912E1	-6.236156E-1
8.829570E0	1.702999E1	-6.061863E-1
8.862889E0	1.714680E1	-5.969614E-1
8.896208E0	1.726384E1	-6.109333E-1
8.929527E0	1.731792E1	-6.191603E-1
8.962846E0	1.731848E1	-6.516218E-1
8.996165E0	1.729368E1	-6.265044E-1
9.029485E0	1.728498E1	-6.540882E-1
9.062804E0	1.724822E1	-6.761337E-1
9.096123E0	1.720621E1	-7.016854E-1
9.129442E0	1.719900E1	-7.299823E-1
9.162761E0	1.714995E1	-7.703770E-1
9.196080E0	1.711781E1	-7.967550E-1
9.229399E0	1.714397E1	-7.910805E-1
9.262718E0	1.732929E1	-7.870660E-1
9.296038E0	1.757824E1	-7.701623E-1
9.329357E0	1.776292E1	-7.668632E-1
9.362676E0	1.789600E1	-7.804103E-1
9.395995E0	1.799295E1	-8.089120E-1
9.429314E0	1.801689E1	-8.161781E-1
9.462633E0	1.798766E1	-8.148220E-1
9.495952E0	1.798880E1	-8.126660E-1
9.529271E0	1.798896E1	-8.103451E-1
9.562591E0	1.799473E1	-8.027712E-1
9.595910E0	1.789735E1	-7.595074E-1
9.629229E0	1.782731E1	-6.043163E-1
9.662548E0	1.786435E1	-5.462352E-1
9.695867E0	1.795587E1	-5.962235E-1
9.729186E0	1.810218E1	-6.461468E-1
9.762505E0	1.828023E1	-6.408287E-1
9.795825E0	1.845448E1	-5.965230E-1
9.829144E0	1.864239E1	-5.796056E-1
9.862463E0	1.876604E1	-5.693287E-1
9.895782E0	1.885488E1	-5.595137E-1
9.929101E0	1.892357E1	-5.787750E-1
9.962420E0	1.895267E1	-6.077408E-1
9.995739E0	1.893393E1	-6.065002E-1
1.002906E1	1.890772E1	-6.171480E-1
1.006238E1	1.892862E1	-6.711787E-1
1.009570E1	1.895816E1	-6.827635E-1
1.012902E1	1.893713E1	-6.613848E-1
1.016233E1	1.893621E1	-6.593367E-1
1.019565E1	1.889599E1	-6.381227E-1
1.022897E1	1.882853E1	-6.401447E-1
1.026229E1	1.877178E1	-6.605822E-1
1.029561E1	1.873511E1	-7.112705E-1
1.032893E1	1.881515E1	-7.645827E-1
1.036225E1	1.895121E1	-7.635317E-1
1.039557E1	1.904420E1	-7.569541E-1
1.042889E1	1.909464E1	-7.799359E-1
1.046221E1	1.905166E1	-8.228119E-1
1.049553E1	1.905642E1	-8.279897E-1
1.052885E1	1.904991E1	-8.102706E-1
1.056216E1	1.898734E1	-7.716523E-1
1.059548E1	1.880360E1	-7.106887E-1
1.062880E1	1.850966E1	-5.233001E-1
1.066212E1	1.828828E1	-3.974395E-1
1.069544E1	1.828574E1	-5.131237E-1
1.072876E1	1.839295E1	-6.265556E-1
1.076208E1	1.861686E1	-6.306048E-1
1.079540E1	1.897346E1	-5.497017E-1
1.082872E1	1.925343E1	-5.189135E-1
1.086204E1	1.929993E1	-5.405609E-1
1.089536E1	1.929218E1	-5.453467E-1
1.092867E1	1.929765E1	-5.461344E-1
1.096199E1	1.935472E1	-5.775014E-1
1.099531E1	1.933003E1	-5.695008E-1
1.102863E1	1.928184E1	-5.613580E-1
1.106195E1	1.919774E1	-6.021432E-1
1.109527E1	1.914791E1	-6.452062E-1
1.112859E1	1.913462E1	-6.921322E-1
1.116191E1	1.908373E1	-7.077511E-1
1.119523E1	1.905096E1	-7.170935E-1
1.122855E1	1.911630E1	-7.382738E-1
1.126187E1	1.936983E1	-7.216661E-1
1.129519E1	1.962041E1	-6.802302E-1
1.132850E1	1.982041E1	-6.740545E-1
1.136182E1	1.998476E1	-6.874663E-1
1.139514E1	2.013018E1	-7.326881E-1
1.142846E1	2.026069E1	-7.436307E-1
1.146178E1	2.032854E1	-7.566142E-1
1.149510E1	2.033445E1	-7.666907E-1
1.152842E1	2.029608E1	-7.775621E-1
1.156174E1	2.024586E1	-7.901539E-1
1.159506E1	2.017454E1	-7.823069E-1
1.162838E1	2.013366E1	-6.642458E-1
1.166170E1	2.021678E1	-5.672528E-1
1.169502E1	2.032427E1	-5.588605E-1
1.172833E1	2.050351E1	-6.233184E-1
1.176165E1	2.063534E1	-6.567153E-1
1.179497E1	2.070599E1	-6.592749E-1
1.182829E1	2.081571E1	-6.479192E-1
1.186161E1	2.091233E1	-6.235349E-1
1.189493E1	2.102764E1	-6.247130E-1
1.192825E1	2.109541E1	-6.367631E-1
1.196157E1	2.112810E1	-6.402507E-1
1.199489E1	2.111530E1	-6.379622E-1
1.202821E1	2.107620E1	-6.475150E-1
1.206153E1	2.099575E1	-6.531697E-1
1.209484E1	2.091177E1	-6.620118E-1
1.212816E1	2.084588E1	-7.119719E-1
1.216148E1	2.077374E1	-7.595120E-1
1.219480E1	2.075547E1	-7.866212E-1
1.222812E1	2.087304E1	-8.014752E-1
1.226144E1	2.110384E1	-7.671193E-1
1.229476E1	2.134323E1	-7.091347E-1
1.232808E1	2.153701E1	-6.754187E-1
1.236140E1	2.167441E1	-6.758781E-1
1.239472E1	2.171910E1	-6.770830E-1
1.242804E1	2.172195E1	-6.765918E-1
1.246136E1	2.172337E1	-6.772653E-1
1.249467E1	2.172336E1	-6.773601E-1
1.252799E1	2.170765E1	-6.851736E-1
1.256131E1	2.168512E1	-7.056135E-1
1.259463E1	2.161157E1	-6.808747E-1
1.262795E1	2.159437E1	-6.093298E-1
1.266127E1	2.165298E1	-5.718100E-1
1.269459E1	2.173673E1	-5.665783E-1
1.272791E1	2.186147E1	-5.997067E-1
1.276123E1	2.202945E1	-6.021237E-1
1.279455E1	2.221786E1	-6.199071E-1
1.282787E1	2.236333E1	-6.187296E-1
1.286118E1	2.245667E1	-6.151693E-1
1.289450E1	2.252777E1	-6.350876E-1
1.292782E1	2.255423E1	-6.510894E-1
1.296114E1	2.253764E1	-6.545428E-1
1.299446E1	2.252859E1	-6.520889E-1
1.302778E1	2.249314E1	-6.608414E-1
1.306110E1	2.244053E1	-6.716814E-1
1.309442E1	2.236229E1	-6.764124E-1
1.312774E1	2.232102E1	-7.276933E-1
1.316106E1	2.229970E1	-7.841455E-1
1.319438E1	2.229558E1	-7.765246E-1
1.322770E1	2.235234E1	-7.796524E-1
1.326101E1	2.246208E1	-7.711002E-1
1.329433E1	2.256305E1	-7.331094E-1
1.332765E1	2.271503E1	-6.942454E-1
1.336097E1	2.280927E1	-6.899196E-1
1.339429E1	2.288192E1	-7.348035E-1
1.342761E1	2.293352E1	-7.500337E-1
1.346093E1	2.294337E1	-7.481910E-1
1.349425E1	2.293127E1	-7.529563E-1
1.352757E1	2.289188E1	-7.451848E-1
1.356089E1	2.291659E1	-7.476622E-1
1.359421E1	2.287419E1	-6.751694E-1
1.362752E1	2.286787E1	-5.200065E-1
1.366084E1	2.291829E1	-4.366798E-1
1.369416E1	2.298186E1	-4.610874E-1
1.372748E1	2.310757E1	-5.212686E-1
1.376080E1	2.327868E1	-5.174374E-1
1.379412E1	2.346607E1	-4.958036E-1
1.382744E1	2.362311E1	-4.999121E-1
1.386076E1	2.374088E1	-5.468168E-1
1.389408E1	2.378200E1	-5.489994E-1
1.392740E1	2.383444E1	-5.516646E-1
1.396072E1	2.384140E1	-5.589581E-1
1.399404E1	2.382834E1	-5.506687E-1
1.402735E1	2.380924E1	-5.701687E-1
1.406067E1	2.373906E1	-5.857009E-1
1.409399E1	2.367450E1	-5.997155E-1
1.412731E1	2.366072E1	-6.455846E-1
1.416063E1	2.366500E1	-6.446654E-1
1.419395E1	2.368609E1	-6.144351E-1
1.422727E1	2.371784E1	-6.173864E-1
1.426059E1	2.387701E1	-6.169655E-1
1.429391E1	2.411944E1	-5.850741E-1
1.432723E1	2.432586E1	-5.757089E-1
1.436055E1	2.453049E1	-6.075081E-1
1.439386E1	2.469881E1	-6.336412E-1
1.442718E1	2.479027E1	-6.260144E-1
1.446050E1	2.481727E1	-6.380356E-1
1.449382E1	2.482782E1	-6.347873E-1
1.452714E1	2.480842E1	-6.301744E-1
1.456046E1	2.483474E1	-6.217563E-1
1.459378E1	2.480239E1	-5.538533E-1
1.462710E1	2.480793E1	-4.244968E-1
1.466042E1	2.484535E1	-3.516816E-1
1.469374E1	2.484806E1	-3.576218E-1
1.472706E1	2.481933E1	-3.923730E-1
1.476038E1	2.482069E1	-3.944630E-1
1.479369E1	2.492836E1	-3.915483E-1
1.482701E1	2.515723E1	-4.304232E-1
1.486033E1	2.531392E1	-4.302564E-1
1.489365E1	2.541927E1	-4.333276E-1
1.492697E1	2.544662E1	-4.248273E-1
1.496029E1	2.545787E1	-4.433311E-1
1.499361E1	2.545320E1	-4.393728E-1
1.502693E1	2.542316E1	-4.479271E-1
1.506025E1	2.536615E1	-4.442854E-1
1.509357E1	2.528405E1	-4.504355E-1
1.512689E1	2.523814E1	-4.965577E-1
1.516020E1	2.520106E1	-5.105892E-1
1.519352E1	2.515866E1	-4.910010E-1
1.522684E1	2.520802E1	-4.906496E-1
1.526016E1	2.536116E1	-4.876899E-1
1.529348E1	2.557410E1	-5.052788E-1
1.532680E1	2.578744E1	-5.317230E-1
1.536012E1	2.595070E1	-5.349737E-1
1.539344E1	2.605380E1	-5.666256E-1
1.542676E1	2.608805E1	-5.770535E-1
1.546008E1	2.608655E1	-5.788285E-1
1.549340E1	2.608652E1	-5.792988E-1
1.552672E1	2.606911E1	-5.710998E-1
1.556003E1	2.611908E1	-5.569352E-1
1.559335E1	2.618369E1	-4.692921E-1
1.562667E1	2.628398E1	-2.916238E-1
1.565999E1	2.635957E1	-1.798074E-1
1.569331E1	2.629408E1	-2.682474E-1
1.572663E1	2.625048E1	-4.106683E-1
1.575995E1	2.619254E1	-3.962956E-1
1.579327E1	2.627496E1	-3.483733E-1
1.582659E1	2.645434E1	-2.697829E-1
1.585991E1	2.668959E1	-2.462772E-1
1.589323E1	2.684364E1	-2.305343E-1
1.592654E1	2.696356E1	-2.178405E-1
1.595986E1	2.701185E1	-2.127037E-1
1.599318E1	2.701186E1	-2.135451E-1
1.602650E1	2.697600E1	-2.268556E-1
1.605982E1	2.693479E1	-2.199037E-1
1.609314E1	2.682629E1	-2.346273E-1
1.612646E1	2.674495E1	-3.086636E-1
1.615978E1	2.666870E1	-3.378448E-1
1.619310E1	2.657878E1	-3.321427E-1
1.622642E1	2.659257E1	-3.518170E-1
1.625974E1	2.677881E1	-3.442985E-1
1.629306E1	2.701002E1	-2.795704E-1
1.632637E1	2.712181E1	-2.502202E-1
1.635969E1	2.710813E1	-2.461820E-1
1.639301E1	2.709719E1	-2.645676E-1
1.642633E1	2.713715E1	-2.346050E-1
1.645965E1	2.716611E1	-2.204117E-1
1.649297E1	2.714875E1	-2.900644E-1
1.652629E1	2.708934E1	-3.285235E-1
1.655961E1	2.714253E1	-2.952546E-1
1.659293E1	2.714166E1	-2.084510E-1
1.662625E1	2.715083E1	-5.198038E-2
1.665957E1	2.724054E1	7.044411E-2
1.669288E1	2.732747E1	1.072704E-1
1.672620E1	2.741985E1	1.208619E-1
1.675952E1	2.755279E1	8.983921E-2
1.679284E1	2.773364E1	8.627483E-2
1.682616E1	2.791866E1	7.622094E-2
1.685948E1	2.798538E1	5.945900E-2
1.689280E1	2.799506E1	7.084689E-2
1.692612E1	2.807195E1	6.059366E-2
1.695944E1	2.809802E1	5.981474E-2
1.699276E1	2.809553E1	5.301821E-2
1.702608E1	2.804238E1	4.519712E-2
1.705940E1	2.799958E1	4.461888E-2
1.709271E1	2.794543E1	3.913110E-2
1.712603E1	2.786379E1	-2.222398E-2
1.715935E1	2.785074E1	-2.804061E-2
1.719267E1	2.787357E1	1.955197E-2
1.722599E1	2.789055E1	-7.922192E-4
1.725931E1	2.802480E1	-7.620918E-3
1.729263E1	2.817241E1	7.140273E-3
1.732595E1	2.829317E1	-4.455753E-3
1.735927E1	2.843452E1	-5.727223E-2
1.739259E1	2.867888E1	-1.488944E-1
1.742591E1	2.892248E1	-2.071369E-1
1.745922E1	2.910173E1	-2.465715E-1
1.749254E1	2.921468E1	-2.561562E-1
1.752586E1	2.920188E1	-2.515213E-1
1.755918E1	2.918843E1	-2.412976E-1
1.759250E1	2.915807E1	-1.979431E-1
1.762582E1	2.915474E1	-1.005641E-1
1.765914E1	2.924469E1	-2.470690E-2
1.769246E1	2.933005E1	-4.506907E-2
1.772578E1	2.943982E1	-1.325232E-1
1.775910E1	2.964006E1	-1.784415E-1
1.779242E1	2.984629E1	-1.567005E-1
1.782574E1	3.001017E1	-1.255807E-1
1.785905E1	3.014726E1	-1.428013E-1
1.789237E1	3.025471E1	-1.660262E-1
1.792569E1	3.033734E1	-1.826000E-1
1.795901E1	3.036690E1	-1.829030E-1
1.799233E1	3.036363E1	-1.954424E-1
1.802565E1	3.033811E1	-2.130343E-1
1.805897E1	3.032026E1	-2.473162E-1
1.809229E1	3.027797E1	-2.751561E-1
1.812561E1	3.025134E1	-3.429525E-1
1.815893E1	3.017700E1	-3.889145E-1
1.819225E1	3.009838E1	-4.477579E-1
1.822556E1	3.011142E1	-4.725652E-1
1.825888E1	3.027887E1	-4.721455E-1
1.829220E1	3.051453E1	-4.550836E-1
1.832552E1	3.070993E1	-4.258214E-1
1.835884E1	3.087921E1	-4.095610E-1
1.839216E1	3.102415E1	-4.208940E-1
1.842548E1	3.111514E1	-4.342398E-1
1.845880E1	3.111316E1	-4.249949E-1
1.849212E1	3.110706E1	-4.165581E-1
1.852544E1	3.110251E1	-4.055501E-1
1.855876E1	3.113847E1	-3.555934E-1
1.859208E1	3.121172E1	-2.795790E-1
1.862539E1	3.126619E1	-1.336758E-1
1.865871E1	3.122528E1	-1.372311E-1
1.869203E1	3.116172E1	-2.993024E-1
1.872535E1	3.119520E1	-4.459103E-1
1.875867E1	3.127778E1	-4.879221E-1
1.879199E1	3.138774E1	-4.554703E-1
1.882531E1	3.154045E1	-3.869073E-1
1.885863E1	3.170265E1	-3.561344E-1
1.889195E1	3.183381E1	-3.703187E-1
1.892527E1	3.191791E1	-3.759559E-1
1.895859E1	3.195188E1	-3.751955E-1
1.899190E1	3.194511E1	-3.849183E-1
1.902522E1	3.191697E1	-3.956514E-1
1.905854E1	3.186950E1	-3.895352E-1
1.909186E1	3.175272E1	-4.066600E-1
1.912518E1	3.166768E1	-4.909116E-1
1.915850E1	3.161795E1	-5.590762E-1
1.919182E1	3.156015E1	-5.603438E-1
1.922514E1	3.163137E1	-5.609673E-1
1.925846E1	3.179179E1	-5.261988E-1
1.929178E1	3.199397E1	-4.962108E-1
1.932510E1	3.215658E1	-4.968120E-1
1.935842E1	3.227851E1	-4.919355E-1
1.939173E1	3.238495E1	-5.148511E-1
1.942505E1	3.245226E1	-5.515174E-1
1.945837E1	3.248676E1	-5.417218E-1
1.949169E1	3.248755E1	-5.372494E-1
1.952501E1	3.249396E1	-5.356858E-1
1.955833E1	3.246937E1	-5.381177E-1
1.959165E1	3.240854E1	-5.162119E-1
1.962497E1	3.228079E1	-4.812127E-1
1.965829E1	3.214095E1	-3.995652E-1
1.969161E1	3.205805E1	-3.162676E-1
1.972493E1	3.214641E1	-3.149316E-1
1.975824E1	3.238783E1	-3.641097E-1
1.979156E1	3.267282E1	-3.531411E-1
1.982488E1	3.290892E1	-3.197033E-1
1.985820E1	3.311656E1	-3.360468E-1
1.989152E1	3.327377E1	-3.694677E-1
1.992484E1	3.337831E1	-3.995894E-1
1.995816E1	3.342096E1	-3.992379E-1
1.999148E1	3.339774E1	-4.064178E-1
2.002480E1	3.336990E1	-4.039599E-1
2.005812E1	3.329453E1	-3.970229E-1
2.009144E1	3.313004E1	-4.116429E-1
2.012476E1	3.299625E1	-4.855598E-1
2.015807E1	3.293706E1	-5.657966E-1
2.019139E1	3.284769E1	-5.701144E-1
2.022471E1	3.283908E1	-5.589343E-1
2.025803E1	3.288186E1	-5.569187E-1
2.029135E1	3.286130E1	-5.586267E-1
2.032467E1	3.290137E1	-5.493693E-1
2.035799E1	3.308926E1	-5.393853E-1
2.039131E1	3.339751E1	-5.601097E-1
2.042463E1	3.363394E1	-6.395756E-1
2.045795E1	3.380415E1	-6.915889E-1
2.049127E1	3.384403E1	-6.904700E-1
2.052458E1	3.382489E1	-6.837405E-1
2.055790E1	3.380844E1	-6.524536E-1
2.059122E1	3.382938E1	-5.847264E-1
2.062454E1	3.389838E1	-4.389677E-1
2.065786E1	3.401717E1	-3.166511E-1
2.069118E1	3.407429E1	-3.087971E-1
2.072450E1	3.411923E1	-3.794634E-1
2.075782E1	3.428105E1	-4.450881E-1
2.079114E1	3.450475E1	-4.209122E-1
2.082446E1	3.468415E1	-3.671441E-1
2.085778E1	3.488025E1	-3.616342E-1
2.089110E1	3.505067E1	-3.952543E-1
2.092441E1	3.518303E1	-4.076234E-1
2.095773E1	3.529718E1	-3.929120E-1
2.099105E1	3.535157E1	-3.877707E-1
2.102437E1	3.535989E1	-4.218615E-1
2.105769E1	3.537145E1	-4.442768E-1
2.109101E1	3.536619E1	-4.374850E-1
2.112433E1	3.535658E1	-4.416938E-1
2.115765E1	3.534177E1	-4.694836E-1
2.119097E1	3.526721E1	-4.485119E-1
2.122429E1	3.517511E1	-4.462689E-1
2.125761E1	3.511634E1	-4.717898E-1
2.129092E1	3.511539E1	-5.024046E-1
2.132424E1	3.524472E1	-5.509715E-1
2.135756E1	3.546539E1	-5.862986E-1
2.139088E1	3.565400E1	-6.334894E-1
2.142420E1	3.574681E1	-6.526988E-1
2.145752E1	3.580326E1	-6.826071E-1
2.149084E1	3.582332E1	-7.016028E-1
2.152416E1	3.579445E1	-6.979102E-1
2.155748E1	3.581431E1	-6.840591E-1
2.159080E1	3.566963E1	-5.504623E-1
2.162412E1	3.531465E1	-4.155043E-1
2.165744E1	3.504316E1	-2.960174E-1
2.169075E1	3.487951E1	-3.136930E-1
2.172407E1	3.495748E1	-5.149743E-1
2.175739E1	3.519152E1	-6.447309E-1
2.179071E1	3.557829E1	-6.972620E-1
2.182403E1	3.589402E1	-6.220059E-1
2.185735E1	3.607395E1	-5.873701E-1
2.189067E1	3.611736E1	-6.152417E-1
2.192399E1	3.614186E1	-6.218992E-1
2.195731E1	3.614156E1	-6.233474E-1
2.199063E1	3.614780E1	-6.265665E-1
2.202395E1	3.612872E1	-6.195283E-1
2.205726E1	3.605595E1	-6.279278E-1
2.209058E1	3.592657E1	-6.390036E-1
2.212390E1	3.577534E1	-7.015897E-1
2.215722E1	3.570922E1	-7.603942E-1
2.219054E1	3.562780E1	-7.656967E-1
2.222386E1	3.571376E1	-7.723400E-1
2.225718E1	3.592839E1	-7.457256E-1
2.229050E1	3.616631E1	-7.287947E-1
2.232382E1	3.639240E1	-7.304753E-1
2.235714E1	3.655723E1	-7.368876E-1
2.239046E1	3.668244E1	-7.599612E-1
2.242378E1	3.679810E1	-8.031927E-1
2.245709E1	3.682651E1	-8.216228E-1
2.249041E1	3.682051E1	-8.226396E-1
2.252373E1	3.681316E1	-8.218985E-1
2.255705E1	3.683832E1	-8.220647E-1
2.259037E1	3.684009E1	-7.813680E-1
2.262369E1	3.683245E1	-6.721541E-1
2.265701E1	3.680586E1	-6.617811E-1
2.269033E1	3.672027E1	-7.329869E-1
2.272365E1	3.669957E1	-7.864618E-1
2.275697E1	3.683462E1	-7.687126E-1
2.279029E1	3.707848E1	-7.424656E-1
2.282360E1	3.732772E1	-7.215661E-1
2.285692E1	3.750007E1	-7.273718E-1
2.289024E1	3.762966E1	-7.493037E-1
2.292356E1	3.775305E1	-7.747991E-1
2.295688E1	3.786708E1	-7.810312E-1
2.299020E1	3.791513E1	-7.783228E-1
2.302352E1	3.788621E1	-7.907658E-1
2.305684E1	3.782956E1	-7.896935E-1
2.309016E1	3.770020E1	-8.144602E-1
2.312348E1	3.755611E1	-8.840745E-1
2.315680E1	3.751086E1	-9.490066E-1
2.319012E1	3.744507E1	-9.612017E-1
2.322343E1	3.750774E1	-9.602180E-1
2.325675E1	3.770190E1	-9.518027E-1
2.329007E1	3.790374E1	-9.382885E-1
2.332339E1	3.806248E1	-9.326685E-1
2.335671E1	3.817616E1	-9.354992E-1
2.339003E1	3.828092E1	-9.540889E-1
2.342335E1	3.839005E1	-9.810687E-1
2.345667E1	3.842575E1	-9.963838E-1
2.348999E1	3.844521E1	-9.952954E-1
2.352331E1	3.844678E1	-9.943133E-1
2.355663E1	3.844668E1	-9.937334E-1
2.358994E1	3.845095E1	-9.928474E-1
2.362326E1	3.846940E1	-9.830658E-1
2.365658E1	3.850652E1	-9.506740E-1
2.368990E1	3.852728E1	-9.418808E-1
2.372322E1	3.854359E1	-9.346544E-1
2.375654E1	3.867218E1	-9.306410E-1
2.378986E1	3.894173E1	-9.125550E-1
2.382318E1	3.921320E1	-8.540430E-1
2.385650E1	3.936710E1	-8.689174E-1
2.388982E1	3.945226E1	-8.951759E-1
2.392314E1	3.951947E1	-9.255253E-1
2.395646E1	3.953259E1	-9.131215E-1
2.398977E1	3.952689E1	-9.011518E-1
2.402309E1	3.949068E1	-9.006377E-1
2.405641E1	3.943671E1	-9.025644E-1
2.408973E1	3.927138E1	-8.981976E-1
2.412305E1	3.893795E1	-9.465467E-1
2.415637E1	3.856733E1	-1.015964E0
2.418969E1	3.829593E1	-1.007106E0
2.422301E1	3.821001E1	-8.837723E-1
2.425633E1	3.838156E1	-7.199657E-1
2.428965E1	3.874939E1	-6.377079E-1
2.432297E1	3.905026E1	-6.497001E-1
2.435628E1	3.921498E1	-7.393990E-1
2.438960E1	3.935489E1	-7.886215E-1
2.442292E1	3.944337E1	-7.916597E-1
2.445624E1	3.950205E1	-8.005773E-1
2.448956E1	3.950422E1	-7.975305E-1
2.452288E1	3.948948E1	-7.945701E-1
2.455620E1	3.950885E1	-7.888209E-1
2.458952E1	3.955098E1	-7.332788E-1
2.462284E1	3.961036E1	-6.121301E-1
2.465616E1	3.971200E1	-4.904436E-1
2.468948E1	3.971447E1	-4.946623E-1
2.472280E1	3.978424E1	-6.051856E-1
2.475611E1	3.999853E1	-6.309196E-1
2.478943E1	4.026228E1	-5.413997E-1
2.482275E1	4.049041E1	-5.323202E-1
2.485607E1	4.067033E1	-5.774684E-1
2.488939E1	4.076892E1	-6.027762E-1
2.492271E1	4.082341E1	-6.184498E-1
2.495603E1	4.088196E1	-6.313986E-1
2.498935E1	4.087417E1	-6.346566E-1
2.502267E1	4.083616E1	-6.402810E-1
2.505599E1	4.076068E1	-6.595302E-1
2.508931E1	4.062482E1	-6.953143E-1
2.512262E1	4.048623E1	-7.807448E-1
2.515594E1	4.053086E1	-8.632888E-1
2.518926E1	4.051093E1	-8.884093E-1
2.522258E1	4.051682E1	-8.805299E-1
2.525590E1	4.068588E1	-8.769190E-1
2.528922E1	4.089039E1	-8.465219E-1
2.532254E1	4.108748E1	-8.479195E-1
2.535586E1	4.125449E1	-8.669365E-1
2.538918E1	4.137278E1	-8.979779E-1
2.542250E1	4.147157E1	-9.053520E-1
2.545582E1	4.151709E1	-9.060211E-1
2.548914E1	4.152013E1	-8.988904E-1
2.552245E1	4.151626E1	-8.933303E-1
2.555577E1	4.153794E1	-8.961729E-1
2.558909E1	4.153416E1	-8.793993E-1
2.562241E1	4.152000E1	-8.131115E-1
2.565573E1	4.150676E1	-7.721362E-1
2.568905E1	4.146942E1	-7.987057E-1
2.572237E1	4.148218E1	-8.460761E-1
2.575569E1	4.166916E1	-8.429930E-1
2.578901E1	4.198019E1	-8.024497E-1
2.582233E1	4.220812E1	-7.724575E-1
2.585565E1	4.236731E1	-7.965332E-1
2.588896E1	4.245173E1	-8.039919E-1
2.592228E1	4.244535E1	-8.105779E-1
2.595560E1	4.245788E1	-8.058059E-1
2.598892E1	4.246853E1	-8.055072E-1
2.602224E1	4.243447E1	-8.003269E-1
2.605556E1	4.235417E1	-7.979015E-1
2.608888E1	4.225527E1	-8.444289E-1
2.612220E1	4.214829E1	-9.332175E-1
2.615552E1	4.212845E1	-9.711153E-1
2.618884E1	4.206398E1	-9.845818E-1
2.622216E1	4.213570E1	-9.865691E-1
2.625548E1	4.231506E1	-9.752899E-1
2.628879E1	4.251844E1	-9.136404E-1
2.632211E1	4.278041E1	-8.931267E-1
2.635543E1	4.297561E1	-8.969545E-1
2.638875E1	4.313374E1	-9.186496E-1
2.642207E1	4.325757E1	-9.407445E-1
2.645539E1	4.330664E1	-9.687866E-1
2.648871E1	4.331349E1	-9.774376E-1
2.652203E1	4.332757E1	-9.806166E-1
2.655535E1	4.334912E1	-9.802527E-1
2.658867E1	4.336925E1	-9.018099E-1
2.662199E1	4.337916E1	-7.741749E-1
2.665530E1	4.345577E1	-6.930337E-1
2.668862E1	4.351245E1	-7.214988E-1
2.672194E1	4.345786E1	-7.706970E-1
2.675526E1	4.344258E1	-8.290992E-1
2.678858E1	4.349952E1	-8.156521E-1
2.682190E1	4.352137E1	-8.077494E-1
2.685522E1	4.365011E1	-8.347621E-1
2.688854E1	4.384684E1	-7.881896E-1
2.692186E1	4.405408E1	-7.592752E-1
2.695518E1	4.418950E1	-7.607976E-1
2.698850E1	4.423850E1	-7.503663E-1
2.702182E1	4.423859E1	-7.811927E-1
2.705513E1	4.414342E1	-8.014372E-1
2.708845E1	4.396143E1	-8.323452E-1
2.712177E1	4.380297E1	-9.344777E-1
2.715509E1	4.383625E1	-1.014871E0
2.718841E1	4.376894E1	-9.991942E-1
2.722173E1	4.377299E1	-9.917927E-1
2.725505E1	4.391884E1	-1.001960E0
2.728837E1	4.410202E1	-9.877109E-1
2.732169E1	4.431005E1	-9.827127E-1
2.735501E1	4.449559E1	-9.784418E-1
2.738833E1	4.466903E1	-9.790283E-1
2.742164E1	4.486768E1	-9.918885E-1
2.745496E1	4.499727E1	-9.887085E-1
2.748828E1	4.502322E1	-9.875454E-1
2.752160E1	4.502844E1	-9.880409E-1
2.755492E1	4.503329E1	-9.882830E-1
2.758824E1	4.503690E1	-9.880015E-1
2.762156E1	4.504689E1	-9.799140E-1
2.765488E1	4.503811E1	-9.639743E-1
2.768820E1	4.498728E1	-9.544199E-1
2.772152E1	4.494870E1	-9.495837E-1
2.775484E1	4.502675E1	-9.347881E-1
2.778816E1	4.528016E1	-9.050120E-1
2.782147E1	4.556242E1	-8.378666E-1
2.785479E1	4.575034E1	-8.383929E-1
2.788811E1	4.584799E1	-8.413134E-1
2.792143E1	4.595738E1	-8.485078E-1
2.795475E1	4.602107E1	-8.324500E-1
2.798807E1	4.604434E1	-7.945169E-1
2.802139E1	4.603388E1	-8.036583E-1
2.805471E1	4.596263E1	-8.268816E-1
2.808803E1	4.583572E1	-8.481719E-1
2.812135E1	4.557049E1	-9.376405E-1
2.815467E1	4.525322E1	-1.035772E0
2.818798E1	4.495057E1	-1.049050E0
2.822130E1	4.483711E1	-9.755660E-1
2.825462E1	4.503116E1	-8.828286E-1
2.828794E1	4.530911E1	-8.077388E-1
2.832126E1	4.558877E1	-7.660276E-1
2.835458E1	4.566702E1	-7.463637E-1
2.838790E1	4.564059E1	-7.410969E-1
2.842122E1	4.567142E1	-7.680997E-1
2.845454E1	4.565046E1	-8.345171E-1
2.848786E1	4.563396E1	-8.606796E-1
2.852118E1	4.566375E1	-8.496884E-1
2.855450E1	4.565956E1	-8.419156E-1
2.858781E1	4.563663E1	-7.803701E-1
2.862113E1	4.562500E1	-6.822862E-1
2.865445E1	4.570393E1	-5.769363E-1
2.868777E1	4.580401E1	-5.907344E-1
2.872109E1	4.584690E1	-6.407561E-1
2.875441E1	4.596642E1	-6.625655E-1
2.878773E1	4.615844E1	-6.326044E-1
2.882105E1	4.634343E1	-6.043224E-1
2.885437E1	4.649816E1	-6.514828E-1
2.888769E1	4.661063E1	-6.634467E-1
2.892101E1	4.673960E1	-6.694850E-1
2.895432E1	4.680978E1	-6.562169E-1
2.898764E1	4.681094E1	-6.559782E-1
2.902096E1	4.679285E1	-6.591931E-1
2.905428E1	4.670613E1	-6.877134E-1
2.908760E1	4.653936E1	-7.117610E-1
2.912092E1	4.633835E1	-7.730239E-1
2.915424E1	4.637216E1	-8.405117E-1
2.918756E1	4.638396E1	-8.506554E-1
2.922088E1	4.639315E1	-8.339024E-1
2.925420E1	4.656737E1	-8.340950E-1
2.928752E1	4.675253E1	-8.042015E-1
2.932084E1	4.698626E1	-8.179689E-1
2.935415E1	4.716051E1	-8.249158E-1
2.938747E1	4.727971E1	-8.340813E-1
2.942079E1	4.741590E1	-8.467860E-1
2.945411E1	4.750771E1	-8.921966E-1
2.948743E1	4.751833E1	-9.115084E-1
2.952075E1	4.751781E1	-9.006687E-1
2.955407E1	4.752225E1	-8.891789E-1
2.958739E1	4.754805E1	-8.160482E-1
2.962071E1	4.761557E1	-6.961235E-1
2.965403E1	4.770972E1	-6.331558E-1
2.968735E1	4.771923E1	-6.834171E-1
2.972066E1	4.776957E1	-7.620150E-1
2.975398E1	4.794636E1	-7.634770E-1
2.978730E1	4.817698E1	-7.312078E-1
2.982062E1	4.834359E1	-7.505593E-1
2.985394E1	4.852249E1	-7.647592E-1
2.988726E1	4.873069E1	-7.403929E-1
2.992058E1	4.887511E1	-7.085500E-1
2.995390E1	4.893233E1	-7.028902E-1
2.998722E1	4.892913E1	-6.979881E-1
3.002054E1	4.892049E1	-7.068593E-1
3.005386E1	4.889259E1	-7.266479E-1
3.008718E1	4.889866E1	-7.429147E-1
3.012049E1	4.889663E1	-7.421785E-1
3.015381E1	4.886374E1	-7.472789E-1
3.018713E1	4.881555E1	-7.451879E-1
3.022045E1	4.876191E1	-7.323602E-1
3.025377E1	4.872911E1	-7.557124E-1
3.028709E1	4.870476E1	-7.834000E-1
3.032041E1	4.879412E1	-7.996818E-1
3.035373E1	4.889469E1	-7.923966E-1
3.038705E1	4.898720E1	-8.047649E-1
3.042037E1	4.904724E1	-8.447194E-1
3.045369E1	4.900215E1	-8.722258E-1
3.048700E1	4.901920E1	-8.603022E-1
3.052032E1	4.899680E1	-8.558979E-1
3.055364E1	4.901000E1	-8.164233E-1
3.058696E1	4.899777E1	-7.714687E-1
3.062028E1	4.877226E1	-6.905978E-1
3.065360E1	4.848621E1	-6.360602E-1
3.068692E1	4.832542E1	-6.929952E-1
3.072024E1	4.831725E1	-7.459472E-1
3.075356E1	4.845777E1	-7.824779E-1
3.078688E1	4.883312E1	-8.161527E-1
3.082020E1	4.918493E1	-7.727987E-1
3.085352E1	4.939884E1	-6.870400E-1
3.088683E1	4.946426E1	-6.892460E-1
3.092015E1	4.947070E1	-7.131246E-1
3.095347E1	4.952687E1	-7.097385E-1
3.098679E1	4.952146E1	-7.136617E-1
3.102011E1	4.950914E1	-7.258904E-1
3.105343E1	4.945705E1	-7.347191E-1
3.108675E1	4.933983E1	-7.402368E-1
3.112007E1	4.916764E1	-7.894319E-1
3.115339E1	4.919505E1	-8.647259E-1
3.118671E1	4.913848E1	-8.739712E-1
3.122003E1	4.915765E1	-8.754075E-1
3.125334E1	4.932976E1	-8.571225E-1
3.128666E1	4.956359E1	-7.913212E-1
3.131998E1	4.978798E1	-7.686229E-1
3.135330E1	4.992646E1	-7.627027E-1
3.138662E1	5.002285E1	-7.741489E-1
3.141994E1	5.008401E1	-8.068738E-1
3.145326E1	5.010653E1	-8.107110E-1
3.148658E1	5.010751E1	-8.114538E-1
3.151990E1	5.011221E1	-8.122581E-1
3.155322E1	5.015283E1	-8.104691E-1
3.158654E1	5.013880E1	-8.137983E-1
3.161986E1	5.013428E1	-8.139311E-1
3.165317E1	5.016430E1	-8.193735E-1
3.168649E1	5.014668E1	-8.660233E-1
3.171981E1	5.012484E1	-9.017998E-1
3.175313E1	5.011395E1	-9.211078E-1
3.178645E1	5.013614E1	-9.137740E-1
3.181977E1	5.029348E1	-8.872574E-1
3.185309E1	5.050732E1	-8.607418E-1
3.188641E1	5.065589E1	-8.494874E-1
3.191973E1	5.070475E1	-8.463463E-1
3.195305E1	5.069462E1	-8.548335E-1
3.198637E1	5.069072E1	-8.535985E-1
3.201968E1	5.066781E1	-8.555548E-1
3.205300E1	5.061376E1	-8.713762E-1
3.208632E1	5.046218E1	-9.351566E-1
3.211964E1	5.021259E1	-1.040234E0
3.215296E1	4.999083E1	-1.160676E0
3.218628E1	4.984832E1	-1.152485E0
3.221960E1	4.981232E1	-1.108541E0
3.225292E1	5.000302E1	-1.032034E0
3.228624E1	5.023721E1	-9.406697E-1
3.231956E1	5.046425E1	-8.951698E-1
3.235288E1	5.062142E1	-8.788453E-1
3.238620E1	5.073153E1	-8.968273E-1
3.241951E1	5.080486E1	-9.236500E-1
3.245283E1	5.082794E1	-9.209731E-1
3.248615E1	5.082633E1	-9.189327E-1
3.251947E1	5.083912E1	-9.141671E-1
3.255279E1	5.083013E1	-9.033515E-1
3.258611E1	5.080448E1	-8.880236E-1
3.261943E1	5.077661E1	-8.208005E-1
3.265275E1	5.080035E1	-7.560785E-1
3.268607E1	5.081461E1	-7.955417E-1
3.271939E1	5.083569E1	-8.733816E-1
3.275271E1	5.104467E1	-9.033216E-1
3.278602E1	5.135863E1	-8.513311E-1
3.281934E1	5.158505E1	-7.984097E-1
3.285266E1	5.170266E1	-8.136226E-1
3.288598E1	5.181120E1	-8.197766E-1
3.291930E1	5.187404E1	-7.941439E-1
3.295262E1	5.190971E1	-7.998049E-1
3.298594E1	5.190533E1	-8.003977E-1
3.301926E1	5.188870E1	-8.149637E-1
3.305258E1	5.188896E1	-8.190144E-1
3.308590E1	5.184407E1	-8.231533E-1
3.311922E1	5.174041E1	-8.560248E-1
3.315254E1	5.169036E1	-9.246461E-1
3.318585E1	5.160950E1	-1.001870E0
3.321917E1	5.155405E1	-1.044440E0
3.325249E1	5.168186E1	-1.034718E0
3.328581E1	5.191037E1	-1.001320E0
3.331913E1	5.208127E1	-9.537604E-1
3.335245E1	5.220773E1	-9.133299E-1
3.338577E1	5.233866E1	-9.058617E-1
3.341909E1	5.243046E1	-9.045233E-1
3.345241E1	5.246512E1	-9.184981E-1
3.348573E1	5.245150E1	-9.337283E-1
3.351905E1	5.245602E1	-9.413866E-1
3.355236E1	5.247194E1	-8.921589E-1
3.358568E1	5.238801E1	-8.601103E-1
3.361900E1	5.207762E1	-8.256258E-1
3.365232E1	5.179132E1	-7.651484E-1
3.368564E1	5.147965E1	-8.259841E-1
3.371896E1	5.141624E1	-9.498734E-1
3.375228E1	5.166581E1	-1.028156E0
3.378560E1	5.206577E1	-1.034416E0
3.381892E1	5.241758E1	-9.479361E-1
3.385224E1	5.265386E1	-8.921947E-1
3.388556E1	5.276237E1	-8.956436E-1
3.391888E1	5.280347E1	-8.923521E-1
3.395219E1	5.280112E1	-8.943023E-1
3.398551E1	5.280208E1	-8.929861E-1
3.401883E1	5.280029E1	-8.921567E-1
3.405215E1	5.275042E1	-8.877181E-1
3.408547E1	5.255987E1	-8.807526E-1
3.411879E1	5.226434E1	-8.990053E-1
3.415211E1	5.215383E1	-1.001184E0
3.418543E1	5.204742E1	-1.077090E0
3.421875E1	5.207590E1	-1.077669E0
3.425207E1	5.227696E1	-1.058762E0
3.428539E1	5.249642E1	-1.022266E0
3.431871E1	5.267242E1	-1.001457E0
3.435202E1	5.279045E1	-9.917502E-1
3.438534E1	5.285036E1	-1.015290E0
3.441866E1	5.292047E1	-1.038347E0
3.445198E1	5.294856E1	-1.039834E0
3.448530E1	5.295697E1	-1.035574E0
3.451862E1	5.295371E1	-1.040425E0
3.455194E1	5.296289E1	-1.039356E0
3.458526E1	5.292716E1	-9.994489E-1
3.461858E1	5.293508E1	-9.241179E-1
3.465190E1	5.301849E1	-8.802271E-1
3.468522E1	5.297569E1	-8.877285E-1
3.471853E1	5.293825E1	-9.363360E-1
3.475185E1	5.295506E1	-9.455316E-1
3.478517E1	5.302589E1	-9.367608E-1
3.481849E1	5.319579E1	-9.560419E-1
3.485181E1	5.346420E1	-9.255854E-1
