	mass A		
t	x	y	
0.000000E0	-2.889441E-2	-1.535470E-2
3.331912E-2	-2.563448E-2	-1.599821E-2
6.663825E-2	-1.963875E-2	-1.686531E-2
9.995737E-2	-2.913409E-3	-1.547304E-2
1.332765E-1	-2.267118E-2	4.599501E-3
1.665956E-1	-8.210378E-2	-9.706329E-3
1.999147E-1	-1.197627E-1	-2.450974E-2
2.332339E-1	-7.782369E-2	-1.845296E-2
2.665530E-1	4.520807E-2	-9.503652E-3
2.998721E-1	2.600951E-1	2.544136E-2
3.331912E-1	5.031127E-1	4.877531E-2
3.665104E-1	7.619563E-1	5.454199E-2
3.998295E-1	9.765051E-1	5.535867E-2
4.331486E-1	1.141098E0	3.537031E-2
4.664677E-1	1.300347E0	2.811329E-2
4.997869E-1	1.386540E0	2.219451E-2
5.331060E-1	1.342152E0	1.984158E-2
5.664251E-1	1.337548E0	2.195304E-2
5.997442E-1	1.334025E0	3.448942E-2
6.330634E-1	1.203990E0	1.032406E-1
6.663825E-1	1.135688E0	2.189093E-1
6.997016E-1	1.063215E0	2.421273E-1
7.330207E-1	1.095628E0	1.971024E-1
7.663399E-1	1.259530E0	1.412285E-1
7.996590E-1	1.493456E0	9.963668E-2
8.329781E-1	1.672139E0	1.037557E-1
8.662972E-1	1.823873E0	1.215595E-1
8.996164E-1	1.996365E0	1.068870E-1
9.329355E-1	2.096547E0	6.627129E-2
9.662546E-1	2.186593E0	4.525273E-2
9.995737E-1	2.245291E0	5.183577E-2
1.032893E0	2.248658E0	4.310105E-2
1.066212E0	2.210328E0	4.631974E-2
1.099531E0	2.140581E0	5.314452E-2
1.132850E0	2.124803E0	-1.839539E-2
1.166169E0	2.111124E0	-1.500683E-1
1.199488E0	2.046883E0	-2.004176E-1
1.232808E0	2.182207E0	-1.868841E-1
1.266127E0	2.260695E0	-1.713701E-1
1.299446E0	2.485927E0	-1.544081E-1
1.332765E0	2.692628E0	-1.350846E-1
1.366084E0	2.899226E0	-1.259104E-1
1.399403E0	3.101939E0	-1.213601E-1
1.432722E0	3.264448E0	-1.241367E-1
1.466041E0	3.362855E0	-1.530930E-1
1.499361E0	3.357978E0	-1.447973E-1
1.532680E0	3.352473E0	-1.388896E-1
1.565999E0	3.348411E0	-1.367499E-1
1.599318E0	3.305068E0	-1.390771E-1
1.632637E0	3.170411E0	-1.285479E-1
1.665956E0	3.038805E0	-3.869900E-2
1.699275E0	2.944957E0	1.523599E-2
1.732594E0	2.993783E0	-2.159640E-2
1.765914E0	3.217536E0	-1.017857E-1
1.799233E0	3.442319E0	-1.366635E-1
1.832552E0	3.558729E0	-1.294041E-1
1.865871E0	3.643176E0	-8.479546E-2
1.899190E0	3.826284E0	-6.194360E-2
1.932509E0	3.969792E0	-6.332208E-2
1.965828E0	4.050257E0	-5.341648E-2
1.999147E0	4.079594E0	-5.536879E-2
2.032467E0	4.055212E0	-5.817732E-2
2.065786E0	4.034277E0	-6.517960E-2
2.099105E0	3.973970E0	-9.345213E-2
2.132424E0	3.998869E0	-1.500033E-1
2.165743E0	4.056443E0	-2.373158E-1
2.199062E0	4.007719E0	-2.583446E-1
2.232381E0	4.113622E0	-2.476383E-1
2.265700E0	4.176346E0	-2.629305E-1
2.299020E0	4.310952E0	-2.665710E-1
2.332339E0	4.345992E0	-2.631046E-1
2.365658E0	4.343397E0	-2.574838E-1
2.398977E0	4.340455E0	-2.544616E-1
2.432296E0	4.338300E0	-2.563813E-1
2.465615E0	4.341178E0	-2.572884E-1
2.498934E0	4.340347E0	-2.566939E-1
2.532253E0	4.341070E0	-2.573018E-1
2.565573E0	4.354826E0	-2.722420E-1
2.598892E0	4.370175E0	-2.611310E-1
2.632211E0	4.333549E0	-1.910964E-1
2.665530E0	4.293900E0	-1.511414E-1
2.698849E0	4.350461E0	-2.005852E-1
2.732168E0	4.480707E0	-2.953984E-1
2.765487E0	4.656343E0	-3.356991E-1
2.798806E0	4.771821E0	-2.515997E-1
2.832126E0	4.913311E0	-1.590318E-1
2.865445E0	5.058551E0	-1.785576E-1
2.898764E0	5.137274E0	-2.294953E-1
2.932083E0	5.162200E0	-2.298870E-1
2.965402E0	5.222214E0	-2.265169E-1
2.998721E0	5.230554E0	-2.306111E-1
3.032040E0	5.221984E0	-2.353985E-1
3.065359E0	5.234409E0	-2.532308E-1
3.098679E0	5.135862E0	-2.757450E-1
3.131998E0	5.142129E0	-3.374646E-1
3.165317E0	5.149543E0	-4.486541E-1
3.198636E0	5.079090E0	-4.929054E-1
3.231955E0	5.140197E0	-4.937805E-1
3.265274E0	5.111282E0	-5.022003E-1
3.298593E0	5.191180E0	-4.698247E-1
3.331912E0	5.356906E0	-4.276278E-1
3.365232E0	5.677504E0	-3.931386E-1
3.398551E0	5.904848E0	-3.821581E-1
3.431870E0	6.065065E0	-4.310181E-1
3.465189E0	6.141363E0	-4.481546E-1
3.498508E0	6.104837E0	-4.557912E-1
3.531827E0	6.087815E0	-4.447910E-1
3.565146E0	6.099538E0	-4.426416E-1
3.598465E0	6.089015E0	-4.312927E-1
3.631785E0	6.026393E0	-3.881613E-1
3.665104E0	5.943363E0	-2.987935E-1
3.698423E0	5.948815E0	-2.547535E-1
3.731742E0	6.049446E0	-3.047393E-1
3.765061E0	6.303511E0	-3.175612E-1
3.798380E0	6.523156E0	-3.446218E-1
3.831699E0	6.594890E0	-3.754562E-1
3.865018E0	6.669372E0	-4.037845E-1
3.898338E0	6.801532E0	-4.203355E-1
3.931657E0	6.853157E0	-4.157314E-1
3.964976E0	6.897183E0	-4.186380E-1
3.998295E0	6.911869E0	-4.154794E-1
4.031614E0	6.900583E0	-4.101135E-1
4.064933E0	6.908209E0	-4.212145E-1
4.098252E0	6.841779E0	-4.377546E-1
4.131571E0	6.846899E0	-5.009780E-1
4.164891E0	6.904410E0	-6.107579E-1
4.198210E0	6.819450E0	-6.313980E-1
4.231529E0	6.829227E0	-6.294384E-1
4.264848E0	6.917014E0	-6.253768E-1
4.298167E0	7.018574E0	-6.136782E-1
4.331486E0	7.028556E0	-5.988060E-1
4.364805E0	7.101620E0	-5.708521E-1
4.398124E0	7.211136E0	-5.444138E-1
4.431444E0	7.303050E0	-5.474870E-1
4.464763E0	7.299345E0	-5.598828E-1
4.498082E0	7.284683E0	-5.654519E-1
4.531401E0	7.263999E0	-5.609938E-1
4.564720E0	7.256952E0	-5.572617E-1
4.598039E0	7.249882E0	-5.483623E-1
4.631358E0	7.230086E0	-5.286651E-1
4.664677E0	7.169057E0	-4.902429E-1
4.697997E0	7.194271E0	-5.048449E-1
4.731316E0	7.357440E0	-5.457973E-1
4.764635E0	7.490989E0	-5.341267E-1
4.797954E0	7.542684E0	-5.095983E-1
4.831273E0	7.646959E0	-5.168016E-1
4.864592E0	7.758622E0	-5.232157E-1
4.897911E0	7.858298E0	-5.403836E-1
4.931230E0	7.868831E0	-5.355788E-1
4.964550E0	7.868494E0	-5.386446E-1
4.997869E0	7.869543E0	-5.386508E-1
5.031188E0	7.870347E0	-5.382634E-1
5.064507E0	7.870894E0	-5.380852E-1
5.097826E0	7.870752E0	-5.379795E-1
5.131145E0	7.868403E0	-5.393839E-1
5.164464E0	7.871842E0	-5.968752E-1
5.197783E0	7.911036E0	-6.536472E-1
5.231103E0	7.977888E0	-7.004180E-1
5.264422E0	8.092727E0	-7.078811E-1
5.297741E0	8.233900E0	-7.016552E-1
5.331060E0	8.408836E0	-6.448685E-1
5.364379E0	8.576959E0	-5.992909E-1
5.397698E0	8.715597E0	-5.818831E-1
5.431017E0	8.746384E0	-5.971603E-1
5.464336E0	8.741687E0	-6.405662E-1
5.497656E0	8.667708E0	-6.715732E-1
5.530975E0	8.675393E0	-6.954776E-1
5.564294E0	8.655569E0	-6.921240E-1
5.597613E0	8.511533E0	-6.745933E-1
5.630932E0	8.377021E0	-6.474396E-1
5.664251E0	8.067938E0	-5.481013E-1
5.697570E0	7.716267E0	-4.156103E-1
5.730889E0	7.723598E0	-3.968660E-1
5.764208E0	7.959425E0	-5.943172E-1
5.797528E0	8.122835E0	-7.161628E-1
5.830847E0	8.351232E0	-7.658507E-1
5.864166E0	8.531728E0	-6.775630E-1
5.897485E0	8.690497E0	-6.213787E-1
5.930804E0	8.782674E0	-6.632177E-1
5.964123E0	8.788736E0	-6.835387E-1
5.997442E0	8.761322E0	-6.527402E-1
6.030761E0	8.765598E0	-6.466847E-1
6.064081E0	8.692652E0	-6.179560E-1
6.097400E0	8.691936E0	-6.071149E-1
6.130719E0	8.745429E0	-6.684281E-1
6.164038E0	8.718941E0	-7.717933E-1
6.197357E0	8.682130E0	-7.833083E-1
6.230676E0	8.714139E0	-7.891891E-1
6.263995E0	8.827371E0	-8.056444E-1
6.297314E0	9.004159E0	-7.860952E-1
6.330634E0	9.206664E0	-7.295881E-1
6.363953E0	9.408152E0	-7.223818E-1
6.397272E0	9.555250E0	-7.351088E-1
6.430591E0	9.710298E0	-7.651401E-1
6.463910E0	9.753956E0	-7.923492E-1
6.497229E0	9.728276E0	-8.111465E-1
6.530548E0	9.726768E0	-8.106884E-1
6.563867E0	9.725336E0	-8.096514E-1
6.597187E0	9.717419E0	-7.929204E-1
6.630506E0	9.646926E0	-7.461444E-1
6.663825E0	9.566240E0	-6.999514E-1
6.697144E0	9.538830E0	-6.797641E-1
6.730463E0	9.652662E0	-7.286628E-1
6.763782E0	9.844009E0	-8.121071E-1
6.797101E0	9.931550E0	-8.228335E-1
6.830420E0	9.946025E0	-8.107119E-1
6.863740E0	1.003902E1	-8.183112E-1
6.897059E0	1.009801E1	-7.923827E-1
6.930378E0	1.009547E1	-7.727076E-1
6.963697E0	1.015406E1	-7.816104E-1
6.997016E0	1.017500E1	-8.081895E-1
7.030335E0	1.016569E1	-8.025631E-1
7.063654E0	1.016303E1	-8.107945E-1
7.096973E0	1.006516E1	-8.048191E-1
7.130293E0	1.000327E1	-8.515265E-1
7.163612E0	1.000785E1	-9.917083E-1
7.196931E0	9.920727E0	-1.086818E0
7.230250E0	1.000687E1	-1.071675E0
7.263569E0	1.011780E1	-1.061188E0
7.296888E0	1.029860E1	-1.045882E0
7.330207E0	1.052216E1	-1.011064E0
7.363526E0	1.073964E1	-1.010437E0
7.396846E0	1.093075E1	-1.023163E0
7.430165E0	1.106920E1	-1.034666E0
7.463484E0	1.117642E1	-1.072946E0
7.496803E0	1.122002E1	-1.089622E0
7.530122E0	1.120209E1	-1.096835E0
7.563441E0	1.119691E1	-1.096019E0
7.596760E0	1.119720E1	-1.090092E0
7.630079E0	1.119989E1	-1.042038E0
7.663399E0	1.115648E1	-9.883628E-1
7.696718E0	1.115057E1	-1.049403E0
7.730037E0	1.112133E1	-1.094555E0
7.763356E0	1.111924E1	-1.085934E0
7.796675E0	1.112013E1	-1.087073E0
7.829994E0	1.113453E1	-1.089644E0
7.863313E0	1.131210E1	-1.100355E0
7.896632E0	1.146548E1	-1.117454E0
7.929952E0	1.169461E1	-1.142285E0
7.963271E0	1.182586E1	-1.138858E0
7.996590E0	1.181673E1	-1.138497E0
8.029909E0	1.180503E1	-1.135369E0
8.063228E0	1.178431E1	-1.141632E0
8.096547E0	1.169484E1	-1.152497E0
8.129866E0	1.154677E1	-1.196518E0
8.163185E0	1.141428E1	-1.256521E0
8.196505E0	1.130694E1	-1.307695E0
8.229824E0	1.134812E1	-1.312266E0
8.263143E0	1.142472E1	-1.317701E0
8.296462E0	1.163913E1	-1.302787E0
8.329781E0	1.186827E1	-1.249812E0
8.363100E0	1.209990E1	-1.241922E0
8.396419E0	1.230243E1	-1.237547E0
8.429738E0	1.246941E1	-1.265452E0
8.463058E0	1.257329E1	-1.308032E0
8.496377E0	1.265303E1	-1.339086E0
8.529696E0	1.265340E1	-1.337649E0
8.563015E0	1.265232E1	-1.334858E0
8.596334E0	1.267627E1	-1.322572E0
8.629653E0	1.263127E1	-1.276713E0
8.662972E0	1.262037E1	-1.164073E0
8.696291E0	1.260564E1	-1.106847E0
8.729611E0	1.263507E1	-1.155470E0
8.762930E0	1.282617E1	-1.228151E0
8.796249E0	1.301639E1	-1.192482E0
8.829568E0	1.306252E1	-1.193909E0
8.862887E0	1.313284E1	-1.211484E0
8.896206E0	1.314260E1	-1.179342E0
8.929525E0	1.322050E1	-1.189028E0
8.962844E0	1.324262E1	-1.186923E0
8.996164E0	1.324891E1	-1.189833E0
9.029483E0	1.324779E1	-1.190206E0
9.062802E0	1.324223E1	-1.198735E0
9.096121E0	1.317901E1	-1.209219E0
9.129440E0	1.311729E1	-1.265877E0
9.162759E0	1.314556E1	-1.378889E0
9.196078E0	1.303818E1	-1.473839E0
9.229397E0	1.304733E1	-1.488897E0
9.262717E0	1.312951E1	-1.484485E0
9.296036E0	1.332880E1	-1.466115E0
9.329355E0	1.356417E1	-1.407718E0
9.362674E0	1.375050E1	-1.385329E0
9.395993E0	1.386949E1	-1.399186E0
9.429312E0	1.398927E1	-1.423717E0
9.462631E0	1.402629E1	-1.458322E0
9.495950E0	1.403143E1	-1.456981E0
9.529270E0	1.401699E1	-1.458203E0
9.562589E0	1.400190E1	-1.457330E0
9.595908E0	1.401105E1	-1.451089E0
9.629227E0	1.404349E1	-1.388347E0
9.662546E0	1.409327E1	-1.290818E0
9.695865E0	1.412648E1	-1.270419E0
9.729184E0	1.419584E1	-1.322416E0
9.762503E0	1.421822E1	-1.386230E0
9.795823E0	1.422791E1	-1.410644E0
9.829142E0	1.426947E1	-1.391496E0
9.862461E0	1.437250E1	-1.378847E0
9.895780E0	1.450972E1	-1.383641E0
9.929099E0	1.461209E1	-1.369756E0
9.962418E0	1.467991E1	-1.376417E0
9.995737E0	1.466527E1	-1.360422E0
1.002906E1	1.466058E1	-1.367090E0
1.006238E1	1.466505E1	-1.383782E0
1.009569E1	1.455399E1	-1.384399E0
1.012901E1	1.433048E1	-1.432304E0
1.016233E1	1.414972E1	-1.493371E0
1.019565E1	1.399753E1	-1.575639E0
1.022897E1	1.401405E1	-1.577900E0
1.026229E1	1.407969E1	-1.594709E0
1.029561E1	1.423800E1	-1.604499E0
1.032893E1	1.436562E1	-1.582141E0
1.036225E1	1.454554E1	-1.596230E0
1.039557E1	1.467861E1	-1.605780E0
1.042889E1	1.471246E1	-1.604846E0
1.046221E1	1.471480E1	-1.602051E0
1.049552E1	1.471613E1	-1.600050E0
1.052884E1	1.471774E1	-1.599048E0
1.056216E1	1.471867E1	-1.598300E0
1.059548E1	1.471926E1	-1.597708E0
1.062880E1	1.472031E1	-1.597139E0
1.066212E1	1.474566E1	-1.605673E0
1.069544E1	1.481565E1	-1.630223E0
1.072876E1	1.489916E1	-1.677865E0
1.076208E1	1.499679E1	-1.716332E0
1.079540E1	1.500179E1	-1.746638E0
1.082872E1	1.507566E1	-1.758782E0
1.086203E1	1.523523E1	-1.706375E0
1.089535E1	1.540621E1	-1.638572E0
1.092867E1	1.554657E1	-1.669853E0
1.096199E1	1.560967E1	-1.726796E0
1.099531E1	1.560458E1	-1.718094E0
1.102863E1	1.560685E1	-1.692050E0
1.106195E1	1.557145E1	-1.714253E0
1.109527E1	1.553521E1	-1.717454E0
1.112859E1	1.549603E1	-1.732155E0
1.116191E1	1.520319E1	-1.827384E0
1.119523E1	1.482929E1	-1.920183E0
1.122854E1	1.465809E1	-1.876800E0
1.126186E1	1.471960E1	-1.810931E0
1.129518E1	1.491123E1	-1.775108E0
1.132850E1	1.514522E1	-1.753043E0
1.136182E1	1.535049E1	-1.796866E0
1.139514E1	1.556228E1	-1.848614E0
1.142846E1	1.572431E1	-1.882809E0
1.146178E1	1.584368E1	-1.887558E0
1.149510E1	1.590638E1	-1.898269E0
1.152842E1	1.592578E1	-1.900761E0
1.156174E1	1.590985E1	-1.895832E0
1.159506E1	1.590989E1	-1.893524E0
1.162837E1	1.595763E1	-1.887601E0
1.166169E1	1.598864E1	-1.870901E0
1.169501E1	1.600936E1	-1.879930E0
1.172833E1	1.598532E1	-1.883874E0
1.176165E1	1.598291E1	-1.884892E0
1.179497E1	1.612120E1	-1.880189E0
1.182829E1	1.635218E1	-1.876751E0
1.186161E1	1.658061E1	-1.818892E0
1.189493E1	1.675587E1	-1.804646E0
1.192825E1	1.682048E1	-1.815441E0
1.196157E1	1.678686E1	-1.809617E0
1.199488E1	1.672139E1	-1.793270E0
1.202820E1	1.670481E1	-1.761794E0
1.206152E1	1.669971E1	-1.761330E0
1.209484E1	1.670053E1	-1.780573E0
1.212816E1	1.669055E1	-1.763832E0
1.216148E1	1.648874E1	-1.815951E0
1.219480E1	1.617378E1	-1.969143E0
1.222812E1	1.585325E1	-2.060880E0
1.226144E1	1.573877E1	-1.955179E0
1.229476E1	1.581080E1	-1.840849E0
1.232808E1	1.609381E1	-1.719218E0
1.236140E1	1.645912E1	-1.653190E0
1.239471E1	1.672680E1	-1.679816E0
1.242803E1	1.684943E1	-1.715497E0
1.246135E1	1.688450E1	-1.723886E0
1.249467E1	1.691281E1	-1.745014E0
1.252799E1	1.691233E1	-1.755139E0
1.256131E1	1.688914E1	-1.745865E0
1.259463E1	1.688643E1	-1.736687E0
1.262795E1	1.684921E1	-1.722745E0
1.266127E1	1.681942E1	-1.668441E0
1.269459E1	1.682860E1	-1.637389E0
1.272791E1	1.685685E1	-1.690745E0
1.276122E1	1.696368E1	-1.751072E0
1.279454E1	1.716293E1	-1.701279E0
1.282786E1	1.736423E1	-1.623622E0
1.286118E1	1.755649E1	-1.601178E0
1.289450E1	1.773085E1	-1.662626E0
1.292782E1	1.784353E1	-1.706466E0
1.296114E1	1.791053E1	-1.725139E0
1.299446E1	1.793297E1	-1.731607E0
1.302778E1	1.794656E1	-1.723643E0
1.306110E1	1.795159E1	-1.742608E0
1.309442E1	1.795525E1	-1.750183E0
1.312773E1	1.795756E1	-1.753851E0
1.316105E1	1.795965E1	-1.756128E0
1.319437E1	1.796013E1	-1.757658E0
1.322769E1	1.796060E1	-1.759073E0
1.326101E1	1.796114E1	-1.760091E0
1.329433E1	1.796211E1	-1.761420E0
1.332765E1	1.796245E1	-1.762836E0
1.336097E1	1.796280E1	-1.763085E0
1.339429E1	1.806450E1	-1.769383E0
1.342761E1	1.813678E1	-1.787798E0
1.346093E1	1.818477E1	-1.860619E0
1.349425E1	1.827476E1	-1.977536E0
1.352756E1	1.830446E1	-2.075180E0
1.356088E1	1.829203E1	-2.141779E0
1.359420E1	1.824801E1	-2.161586E0
1.362752E1	1.811224E1	-2.150791E0
1.366084E1	1.780139E1	-2.089590E0
1.369416E1	1.735127E1	-1.969245E0
1.372748E1	1.706895E1	-1.852572E0
1.376080E1	1.719314E1	-1.854931E0
1.379412E1	1.741233E1	-2.027054E0
1.382744E1	1.758515E1	-2.175139E0
1.386076E1	1.780269E1	-2.211244E0
1.389407E1	1.799186E1	-2.187442E0
1.392739E1	1.808669E1	-2.189576E0
1.396071E1	1.815873E1	-2.173414E0
1.399403E1	1.820083E1	-2.159214E0
1.402735E1	1.820660E1	-2.171255E0
1.406067E1	1.815996E1	-2.165137E0
1.409399E1	1.808497E1	-2.164227E0
1.412731E1	1.796103E1	-2.206318E0
1.416063E1	1.791987E1	-2.287733E0
1.419395E1	1.787495E1	-2.366625E0
1.422727E1	1.787533E1	-2.348878E0
1.426059E1	1.797230E1	-2.354249E0
1.429390E1	1.814888E1	-2.328258E0
1.432722E1	1.833989E1	-2.307458E0
1.436054E1	1.858060E1	-2.303502E0
1.439386E1	1.882115E1	-2.307967E0
1.442718E1	1.902851E1	-2.330207E0
1.446050E1	1.919875E1	-2.374973E0
1.449382E1	1.926575E1	-2.403538E0
1.452714E1	1.926120E1	-2.399949E0
1.456046E1	1.926227E1	-2.397857E0
1.459378E1	1.924403E1	-2.400787E0
1.462710E1	1.918623E1	-2.399296E0
1.466041E1	1.910141E1	-2.347781E0
1.469373E1	1.904349E1	-2.344327E0
1.472705E1	1.907638E1	-2.401688E0
1.476037E1	1.915841E1	-2.444675E0
1.479369E1	1.938983E1	-2.469932E0
1.482701E1	1.961946E1	-2.461155E0
1.486033E1	1.974885E1	-2.423836E0
1.489365E1	1.987727E1	-2.406827E0
1.492697E1	1.994659E1	-2.410637E0
1.496029E1	1.999225E1	-2.412239E0
1.499361E1	2.000449E1	-2.421326E0
1.502693E1	2.000117E1	-2.422120E0
1.506024E1	1.997171E1	-2.424417E0
1.509356E1	1.991741E1	-2.425726E0
1.512688E1	1.981834E1	-2.441621E0
1.516020E1	1.978432E1	-2.518986E0
1.519352E1	1.972573E1	-2.580266E0
1.522684E1	1.972398E1	-2.586233E0
1.526016E1	1.982260E1	-2.580391E0
1.529348E1	1.999728E1	-2.555136E0
1.532680E1	2.013632E1	-2.538067E0
1.536012E1	2.031108E1	-2.526532E0
1.539344E1	2.049057E1	-2.513373E0
1.542675E1	2.066847E1	-2.533038E0
1.546007E1	2.078371E1	-2.554602E0
1.549339E1	2.087996E1	-2.561837E0
1.552671E1	2.088468E1	-2.562018E0
1.556003E1	2.084820E1	-2.567630E0
1.559335E1	2.088692E1	-2.567378E0
1.562667E1	2.083282E1	-2.562099E0
1.565999E1	2.076360E1	-2.462625E0
1.569331E1	2.075324E1	-2.396538E0
1.572663E1	2.080980E1	-2.413177E0
1.575995E1	2.095513E1	-2.488734E0
1.579326E1	2.116796E1	-2.511153E0
1.582658E1	2.137454E1	-2.501261E0
1.585990E1	2.157558E1	-2.486544E0
1.589322E1	2.179875E1	-2.489897E0
1.592654E1	2.195685E1	-2.517953E0
1.595986E1	2.208326E1	-2.527336E0
1.599318E1	2.217334E1	-2.524156E0
1.602650E1	2.219260E1	-2.537454E0
1.605982E1	2.213768E1	-2.534528E0
1.609314E1	2.202901E1	-2.520769E0
1.612646E1	2.188644E1	-2.529107E0
1.615978E1	2.182483E1	-2.601357E0
1.619309E1	2.178015E1	-2.685127E0
1.622641E1	2.179693E1	-2.671677E0
1.625973E1	2.188078E1	-2.673923E0
1.629305E1	2.208189E1	-2.672047E0
1.632637E1	2.230305E1	-2.640440E0
1.635969E1	2.252721E1	-2.626953E0
1.639301E1	2.271947E1	-2.615913E0
1.642633E1	2.288965E1	-2.627747E0
1.645965E1	2.299255E1	-2.651878E0
1.649297E1	2.300089E1	-2.670673E0
1.652629E1	2.300830E1	-2.668168E0
1.655960E1	2.300885E1	-2.665581E0
1.659292E1	2.301505E1	-2.664804E0
1.662624E1	2.300525E1	-2.628124E0
1.665956E1	2.300577E1	-2.548986E0
1.669288E1	2.306534E1	-2.494189E0
1.672620E1	2.312746E1	-2.507285E0
1.675952E1	2.330748E1	-2.530050E0
1.679284E1	2.354013E1	-2.503283E0
1.682616E1	2.366623E1	-2.512823E0
1.685948E1	2.380942E1	-2.531977E0
1.689280E1	2.396295E1	-2.552059E0
1.692612E1	2.408284E1	-2.602566E0
1.695943E1	2.419592E1	-2.628845E0
1.699275E1	2.425052E1	-2.622175E0
1.702607E1	2.425057E1	-2.625376E0
1.705939E1	2.423460E1	-2.632533E0
1.709271E1	2.413083E1	-2.626276E0
1.712603E1	2.401505E1	-2.621598E0
1.715935E1	2.400342E1	-2.685845E0
1.719267E1	2.397592E1	-2.745955E0
1.722599E1	2.395551E1	-2.741548E0
1.725931E1	2.402404E1	-2.744340E0
1.729263E1	2.419859E1	-2.734724E0
1.732594E1	2.441817E1	-2.712197E0
1.735926E1	2.465954E1	-2.706503E0
1.739258E1	2.487984E1	-2.714621E0
1.742590E1	2.506083E1	-2.735765E0
1.745922E1	2.520463E1	-2.763998E0
1.749254E1	2.521273E1	-2.784507E0
1.752586E1	2.520722E1	-2.773017E0
1.755918E1	2.522309E1	-2.768616E0
1.759250E1	2.520645E1	-2.757851E0
1.762582E1	2.520184E1	-2.726862E0
1.765914E1	2.518641E1	-2.631028E0
1.769245E1	2.523490E1	-2.613429E0
1.772577E1	2.524044E1	-2.622670E0
1.775909E1	2.525735E1	-2.640985E0
1.779241E1	2.537773E1	-2.641731E0
1.782573E1	2.547665E1	-2.641127E0
1.785905E1	2.548284E1	-2.639774E0
1.789237E1	2.543338E1	-2.620380E0
1.792569E1	2.542453E1	-2.602240E0
1.795901E1	2.540670E1	-2.592640E0
1.799233E1	2.535317E1	-2.580572E0
1.802565E1	2.535624E1	-2.583604E0
1.805897E1	2.529560E1	-2.586365E0
1.809228E1	2.513772E1	-2.547431E0
1.812560E1	2.489031E1	-2.540979E0
1.815892E1	2.467207E1	-2.588941E0
1.819224E1	2.451566E1	-2.684386E0
1.822556E1	2.439967E1	-2.720609E0
1.825888E1	2.443338E1	-2.725335E0
1.829220E1	2.463222E1	-2.711920E0
1.832552E1	2.486220E1	-2.697818E0
1.835884E1	2.510642E1	-2.684716E0
1.839216E1	2.530769E1	-2.659675E0
1.842548E1	2.548126E1	-2.659262E0
1.845879E1	2.557853E1	-2.676183E0
1.849211E1	2.556244E1	-2.698577E0
1.852543E1	2.557687E1	-2.695821E0
1.855875E1	2.559946E1	-2.698477E0
1.859207E1	2.557909E1	-2.696257E0
1.862539E1	2.552982E1	-2.674873E0
1.865871E1	2.551180E1	-2.615242E0
1.869203E1	2.553887E1	-2.591794E0
1.872535E1	2.556191E1	-2.633946E0
1.875867E1	2.562826E1	-2.661848E0
1.879199E1	2.580611E1	-2.643638E0
1.882531E1	2.608407E1	-2.596775E0
1.885862E1	2.630995E1	-2.563789E0
1.889194E1	2.645821E1	-2.593306E0
1.892526E1	2.658880E1	-2.621557E0
1.895858E1	2.668882E1	-2.632611E0
1.899190E1	2.675132E1	-2.641884E0
1.902522E1	2.676507E1	-2.647856E0
1.905854E1	2.675721E1	-2.664999E0
1.909186E1	2.668781E1	-2.659843E0
1.912518E1	2.657736E1	-2.655810E0
1.915850E1	2.652270E1	-2.700556E0
1.919182E1	2.650131E1	-2.795233E0
1.922513E1	2.647255E1	-2.779461E0
1.925845E1	2.653509E1	-2.775731E0
1.929177E1	2.668908E1	-2.758791E0
1.932509E1	2.686672E1	-2.742882E0
1.935841E1	2.709098E1	-2.763635E0
1.939173E1	2.730059E1	-2.769032E0
1.942505E1	2.747718E1	-2.775808E0
1.945837E1	2.760884E1	-2.789523E0
1.949169E1	2.767772E1	-2.799662E0
1.952501E1	2.769507E1	-2.790577E0
1.955833E1	2.767194E1	-2.792637E0
1.959165E1	2.769577E1	-2.781502E0
1.962496E1	2.768706E1	-2.724745E0
1.965828E1	2.767417E1	-2.626900E0
1.969160E1	2.768922E1	-2.595448E0
1.972492E1	2.771377E1	-2.627163E0
1.975824E1	2.776772E1	-2.631836E0
1.979156E1	2.797607E1	-2.613981E0
1.982488E1	2.826688E1	-2.595625E0
1.985820E1	2.848251E1	-2.554071E0
1.989152E1	2.861564E1	-2.567657E0
1.992484E1	2.873166E1	-2.595652E0
1.995816E1	2.882204E1	-2.587907E0
1.999147E1	2.888531E1	-2.585543E0
2.002479E1	2.888784E1	-2.586999E0
2.005811E1	2.887249E1	-2.595531E0
2.009143E1	2.879558E1	-2.599240E0
2.012475E1	2.867082E1	-2.600368E0
2.015807E1	2.859718E1	-2.641858E0
2.019139E1	2.862924E1	-2.698770E0
2.022471E1	2.862266E1	-2.652452E0
2.025803E1	2.867365E1	-2.646415E0
2.029135E1	2.882724E1	-2.644158E0
2.032467E1	2.904040E1	-2.626908E0
2.035798E1	2.930176E1	-2.618749E0
2.039130E1	2.954449E1	-2.619997E0
2.042462E1	2.972061E1	-2.612872E0
2.045794E1	2.987532E1	-2.611482E0
2.049126E1	2.994695E1	-2.622923E0
2.052458E1	2.994405E1	-2.616526E0
2.055790E1	2.993935E1	-2.611243E0
2.059122E1	2.990678E1	-2.616263E0
2.062454E1	2.988266E1	-2.598582E0
2.065786E1	2.988094E1	-2.523032E0
2.069118E1	2.991923E1	-2.532184E0
2.072450E1	2.995394E1	-2.533952E0
2.075781E1	3.006210E1	-2.514064E0
2.079113E1	3.025054E1	-2.491861E0
2.082445E1	3.046411E1	-2.511168E0
2.085777E1	3.064897E1	-2.535108E0
2.089109E1	3.079691E1	-2.546161E0
2.092441E1	3.090593E1	-2.562476E0
2.095773E1	3.098218E1	-2.544048E0
2.099105E1	3.100712E1	-2.553075E0
2.102437E1	3.101711E1	-2.558594E0
2.105769E1	3.099359E1	-2.564709E0
2.109101E1	3.090176E1	-2.562668E0
2.112432E1	3.078132E1	-2.565540E0
2.115764E1	3.070403E1	-2.605440E0
2.119096E1	3.071742E1	-2.708024E0
2.122428E1	3.073718E1	-2.691694E0
2.125760E1	3.078458E1	-2.643339E0
2.129092E1	3.091271E1	-2.655874E0
2.132424E1	3.111313E1	-2.637501E0
2.135756E1	3.138397E1	-2.617121E0
2.139088E1	3.161268E1	-2.616118E0
2.142420E1	3.177976E1	-2.623737E0
2.145752E1	3.193527E1	-2.641530E0
2.149084E1	3.200858E1	-2.654451E0
2.152415E1	3.198677E1	-2.647779E0
2.155747E1	3.200225E1	-2.648756E0
2.159079E1	3.200028E1	-2.648662E0
2.162411E1	3.199720E1	-2.631084E0
2.165743E1	3.201711E1	-2.538935E0
2.169075E1	3.209663E1	-2.537734E0
2.172407E1	3.219688E1	-2.530865E0
2.175739E1	3.227090E1	-2.485479E0
2.179071E1	3.236909E1	-2.499207E0
2.182403E1	3.256675E1	-2.543103E0
2.185735E1	3.278180E1	-2.550088E0
2.189066E1	3.298200E1	-2.554416E0
2.192398E1	3.316028E1	-2.553706E0
2.195730E1	3.331642E1	-2.548920E0
2.199062E1	3.336225E1	-2.532916E0
2.202394E1	3.336976E1	-2.537751E0
2.205726E1	3.334717E1	-2.562181E0
2.209058E1	3.330209E1	-2.556816E0
2.212390E1	3.321849E1	-2.561762E0
2.215722E1	3.317942E1	-2.616846E0
2.219054E1	3.320787E1	-2.681787E0
2.222386E1	3.320163E1	-2.665124E0
2.225717E1	3.324337E1	-2.663372E0
2.229049E1	3.336550E1	-2.664224E0
2.232381E1	3.353521E1	-2.651924E0
2.235713E1	3.371940E1	-2.647893E0
2.239045E1	3.389577E1	-2.669089E0
2.242377E1	3.401634E1	-2.686860E0
2.245709E1	3.411250E1	-2.702180E0
2.249041E1	3.416157E1	-2.705102E0
2.252373E1	3.417270E1	-2.697964E0
2.255705E1	3.417400E1	-2.692830E0
2.259037E1	3.419971E1	-2.690455E0
2.262369E1	3.423801E1	-2.632176E0
2.265700E1	3.431158E1	-2.524720E0
2.269032E1	3.441782E1	-2.484981E0
2.272364E1	3.446597E1	-2.541233E0
2.275696E1	3.454623E1	-2.575071E0
2.279028E1	3.470787E1	-2.578460E0
2.282360E1	3.491263E1	-2.571164E0
2.285692E1	3.512189E1	-2.562140E0
2.289024E1	3.533149E1	-2.586758E0
2.292356E1	3.553756E1	-2.629978E0
2.295688E1	3.568884E1	-2.651480E0
2.299020E1	3.577336E1	-2.667926E0
2.302351E1	3.576437E1	-2.677728E0
2.305683E1	3.574295E1	-2.696251E0
2.309015E1	3.569132E1	-2.690003E0
2.312347E1	3.559869E1	-2.692828E0
2.315679E1	3.553768E1	-2.762947E0
2.319011E1	3.557910E1	-2.847526E0
2.322343E1	3.556631E1	-2.826704E0
2.325675E1	3.558417E1	-2.810552E0
2.329007E1	3.572850E1	-2.826849E0
2.332339E1	3.591774E1	-2.801901E0
2.335671E1	3.608220E1	-2.798509E0
2.339003E1	3.619883E1	-2.807669E0
2.342334E1	3.626048E1	-2.829603E0
2.345666E1	3.631618E1	-2.874105E0
2.348998E1	3.631904E1	-2.891177E0
2.352330E1	3.631601E1	-2.891945E0
2.355662E1	3.631166E1	-2.890908E0
2.358994E1	3.631884E1	-2.887476E0
2.362326E1	3.637938E1	-2.846017E0
2.365658E1	3.647967E1	-2.730296E0
2.368990E1	3.661728E1	-2.678454E0
2.372322E1	3.666632E1	-2.702133E0
2.375654E1	3.671555E1	-2.752977E0
2.378985E1	3.686884E1	-2.777037E0
2.382317E1	3.705883E1	-2.765058E0
2.385649E1	3.726712E1	-2.765484E0
2.388981E1	3.745233E1	-2.782657E0
2.392313E1	3.761534E1	-2.845253E0
2.395645E1	3.776082E1	-2.895484E0
2.398977E1	3.786156E1	-2.937268E0
2.402309E1	3.788372E1	-2.941959E0
2.405641E1	3.785271E1	-2.957846E0
2.408973E1	3.777992E1	-2.947684E0
2.412305E1	3.766683E1	-2.946718E0
2.415637E1	3.758675E1	-3.011325E0
2.418968E1	3.755850E1	-3.064902E0
2.422300E1	3.748438E1	-3.080015E0
2.425632E1	3.750594E1	-3.090540E0
2.428964E1	3.765080E1	-3.081026E0
2.432296E1	3.783192E1	-3.060340E0
2.435628E1	3.802564E1	-3.059523E0
2.438960E1	3.818614E1	-3.061383E0
2.442292E1	3.825639E1	-3.114326E0
2.445624E1	3.831193E1	-3.156338E0
2.448956E1	3.833551E1	-3.171170E0
2.452288E1	3.832779E1	-3.167061E0
2.455619E1	3.832961E1	-3.165299E0
2.458951E1	3.835705E1	-3.163850E0
2.462283E1	3.835156E1	-3.097158E0
2.465615E1	3.840758E1	-2.977877E0
2.468947E1	3.856024E1	-2.922561E0
2.472279E1	3.866546E1	-2.952275E0
2.475611E1	3.873473E1	-3.009053E0
2.478943E1	3.886606E1	-3.034743E0
2.482275E1	3.905150E1	-3.009335E0
2.485607E1	3.921603E1	-2.987270E0
2.488939E1	3.938856E1	-3.005086E0
2.492270E1	3.955950E1	-3.060787E0
2.495602E1	3.969789E1	-3.091669E0
2.498934E1	3.977533E1	-3.111390E0
2.502266E1	3.978056E1	-3.115841E0
2.505598E1	3.975078E1	-3.132380E0
2.508930E1	3.969695E1	-3.131874E0
2.512262E1	3.959969E1	-3.131545E0
2.515594E1	3.947035E1	-3.185968E0
2.518926E1	3.940933E1	-3.245889E0
2.522258E1	3.932561E1	-3.256659E0
2.525590E1	3.932332E1	-3.254578E0
2.528922E1	3.948952E1	-3.253463E0
2.532253E1	3.970173E1	-3.242164E0
2.535585E1	3.987693E1	-3.219857E0
2.538917E1	4.000961E1	-3.215194E0
2.542249E1	4.005119E1	-3.245918E0
2.545581E1	4.009173E1	-3.280196E0
2.548913E1	4.007555E1	-3.289352E0
2.552245E1	4.007384E1	-3.284571E0
2.555577E1	4.006854E1	-3.281855E0
2.558909E1	4.008826E1	-3.282490E0
2.562241E1	4.011730E1	-3.231601E0
2.565573E1	4.016523E1	-3.140516E0
2.568904E1	4.021390E1	-3.106906E0
2.572236E1	4.024638E1	-3.155902E0
2.575568E1	4.026655E1	-3.170879E0
2.578900E1	4.040598E1	-3.199825E0
2.582232E1	4.067174E1	-3.217509E0
2.585564E1	4.095126E1	-3.234047E0
2.588896E1	4.117652E1	-3.264368E0
2.592228E1	4.133966E1	-3.279165E0
2.595560E1	4.145239E1	-3.308747E0
2.598892E1	4.154826E1	-3.321925E0
2.602224E1	4.156835E1	-3.328153E0
2.605556E1	4.150886E1	-3.329482E0
2.608887E1	4.144380E1	-3.333444E0
2.612219E1	4.134613E1	-3.341773E0
2.615551E1	4.123921E1	-3.391787E0
2.618883E1	4.119259E1	-3.440612E0
2.622215E1	4.112737E1	-3.450980E0
2.625547E1	4.112442E1	-3.456377E0
2.628879E1	4.125348E1	-3.471427E0
2.632211E1	4.145059E1	-3.454836E0
2.635543E1	4.163299E1	-3.429418E0
2.638875E1	4.174107E1	-3.436870E0
2.642207E1	4.180732E1	-3.481372E0
2.645538E1	4.185277E1	-3.500204E0
2.648870E1	4.182373E1	-3.503544E0
2.652202E1	4.180745E1	-3.498679E0
2.655534E1	4.180636E1	-3.495397E0
2.658866E1	4.181777E1	-3.490526E0
2.662198E1	4.183172E1	-3.436372E0
2.665530E1	4.189502E1	-3.333777E0
2.668862E1	4.204387E1	-3.271485E0
2.672194E1	4.209597E1	-3.315098E0
2.675526E1	4.212020E1	-3.370931E0
2.678858E1	4.224828E1	-3.403125E0
2.682190E1	4.244054E1	-3.378873E0
2.685521E1	4.264144E1	-3.358791E0
2.688853E1	4.283399E1	-3.380595E0
2.692185E1	4.297118E1	-3.419420E0
2.695517E1	4.313033E1	-3.469229E0
2.698849E1	4.325288E1	-3.492163E0
2.702181E1	4.329511E1	-3.506173E0
2.705513E1	4.326138E1	-3.514425E0
2.708845E1	4.319208E1	-3.501110E0
2.712177E1	4.304218E1	-3.507412E0
2.715509E1	4.288142E1	-3.583169E0
2.718841E1	4.279790E1	-3.678666E0
2.722172E1	4.268918E1	-3.686151E0
2.725504E1	4.268361E1	-3.677447E0
2.728836E1	4.284918E1	-3.675085E0
2.732168E1	4.309436E1	-3.665101E0
2.735500E1	4.331252E1	-3.665551E0
2.738832E1	4.344500E1	-3.677161E0
2.742164E1	4.347753E1	-3.712199E0
2.745496E1	4.349889E1	-3.719127E0
2.748828E1	4.349037E1	-3.717745E0
2.752160E1	4.346688E1	-3.717046E0
2.755492E1	4.348604E1	-3.718818E0
2.758823E1	4.350156E1	-3.719629E0
2.762155E1	4.349539E1	-3.675537E0
2.765487E1	4.353261E1	-3.569306E0
2.768819E1	4.363751E1	-3.477177E0
2.772151E1	4.366585E1	-3.505810E0
2.775483E1	4.365073E1	-3.548958E0
2.778815E1	4.377578E1	-3.576992E0
2.782147E1	4.404496E1	-3.574379E0
2.785479E1	4.427037E1	-3.588641E0
2.788811E1	4.445115E1	-3.638444E0
2.792143E1	4.460002E1	-3.686172E0
2.795475E1	4.474133E1	-3.726535E0
2.798806E1	4.484802E1	-3.764820E0
2.802138E1	4.489255E1	-3.779187E0
2.805470E1	4.486046E1	-3.796677E0
2.808802E1	4.479040E1	-3.763144E0
2.812134E1	4.460064E1	-3.748747E0
2.815466E1	4.440936E1	-3.791738E0
2.818798E1	4.433554E1	-3.877313E0
2.822130E1	4.426412E1	-3.876286E0
2.825462E1	4.424251E1	-3.883265E0
2.828794E1	4.437464E1	-3.889189E0
2.832126E1	4.459716E1	-3.869943E0
2.835457E1	4.483484E1	-3.851427E0
2.838789E1	4.504829E1	-3.856493E0
2.842121E1	4.522808E1	-3.882079E0
2.845453E1	4.536799E1	-3.920244E0
2.848785E1	4.544160E1	-3.929412E0
2.852117E1	4.543908E1	-3.930788E0
2.855449E1	4.544560E1	-3.931541E0
2.858781E1	4.545446E1	-3.931491E0
2.862113E1	4.546433E1	-3.934839E0
2.865445E1	4.553255E1	-3.857130E0
2.868777E1	4.561403E1	-3.804398E0
2.872109E1	4.565043E1	-3.825255E0
2.875440E1	4.566576E1	-3.850289E0
2.878772E1	4.578095E1	-3.878739E0
2.882104E1	4.600947E1	-3.896872E0
2.885436E1	4.621897E1	-3.904962E0
2.888768E1	4.639495E1	-3.955321E0
2.892100E1	4.652587E1	-3.997656E0
2.895432E1	4.663337E1	-4.000039E0
2.898764E1	4.670542E1	-3.989103E0
2.902096E1	4.669379E1	-3.994925E0
2.905428E1	4.666403E1	-4.000661E0
2.908760E1	4.657409E1	-3.997556E0
2.912091E1	4.643731E1	-4.010346E0
2.915423E1	4.629503E1	-4.059108E0
2.918755E1	4.623902E1	-4.118992E0
2.922087E1	4.616401E1	-4.110422E0
2.925419E1	4.613471E1	-4.114826E0
2.928751E1	4.625009E1	-4.126875E0
2.932083E1	4.646817E1	-4.123687E0
2.935415E1	4.669958E1	-4.117420E0
2.938747E1	4.691454E1	-4.126804E0
2.942079E1	4.711028E1	-4.137085E0
2.945411E1	4.726067E1	-4.157195E0
2.948742E1	4.731788E1	-4.176126E0
2.952074E1	4.729349E1	-4.164910E0
2.955406E1	4.729791E1	-4.159256E0
2.958738E1	4.730628E1	-4.153211E0
2.962070E1	4.732162E1	-4.120845E0
2.965402E1	4.741717E1	-4.003496E0
2.968734E1	4.751633E1	-3.925296E0
2.972066E1	4.753752E1	-3.935928E0
2.975398E1	4.751819E1	-3.955531E0
2.978730E1	4.762126E1	-3.986872E0
2.982062E1	4.781020E1	-3.990625E0
2.985394E1	4.790900E1	-3.958705E0
2.988725E1	4.800694E1	-3.986570E0
2.992057E1	4.807128E1	-4.003804E0
2.995389E1	4.813395E1	-4.009806E0
2.998721E1	4.814948E1	-4.006453E0
3.002053E1	4.813018E1	-4.001185E0
3.005385E1	4.809904E1	-4.024395E0
3.008717E1	4.803877E1	-4.018446E0
3.012049E1	4.797853E1	-4.009855E0
3.015381E1	4.786124E1	-4.040421E0
3.018713E1	4.784445E1	-4.092736E0
3.022045E1	4.777116E1	-4.087773E0
3.025376E1	4.772106E1	-4.077325E0
3.028708E1	4.785392E1	-4.097496E0
3.032040E1	4.804833E1	-4.087718E0
3.035372E1	4.825725E1	-4.084546E0
3.038704E1	4.842889E1	-4.086151E0
3.042036E1	4.856151E1	-4.106333E0
3.045368E1	4.867295E1	-4.117061E0
3.048700E1	4.869846E1	-4.116021E0
3.052032E1	4.868797E1	-4.112433E0
3.055364E1	4.870170E1	-4.111784E0
3.058696E1	4.870585E1	-4.109371E0
3.062028E1	4.872385E1	-4.091101E0
3.065359E1	4.881849E1	-3.997627E0
3.068691E1	4.896199E1	-3.956658E0
3.072023E1	4.902370E1	-3.972064E0
3.075355E1	4.904009E1	-4.002858E0
3.078687E1	4.916010E1	-4.020988E0
3.082019E1	4.936690E1	-4.032979E0
3.085351E1	4.947621E1	-4.033928E0
3.088683E1	4.952649E1	-4.065080E0
3.092015E1	4.957827E1	-4.059013E0
3.095347E1	4.962832E1	-4.051372E0
3.098679E1	4.963670E1	-4.055586E0
3.102010E1	4.961205E1	-4.051574E0
3.105342E1	4.959075E1	-4.075726E0
3.108674E1	4.953538E1	-4.083589E0
3.112006E1	4.941381E1	-4.076936E0
3.115338E1	4.926760E1	-4.103418E0
3.118670E1	4.921778E1	-4.151462E0
3.122002E1	4.915914E1	-4.151346E0
3.125334E1	4.914218E1	-4.151066E0
3.128666E1	4.927528E1	-4.153965E0
3.131998E1	4.948666E1	-4.125040E0
3.135330E1	4.971406E1	-4.099757E0
3.138662E1	4.991542E1	-4.077486E0
3.141993E1	5.006973E1	-4.099670E0
3.145325E1	5.021204E1	-4.134799E0
3.148657E1	5.027946E1	-4.158902E0
3.151989E1	5.030104E1	-4.167029E0
3.155321E1	5.031039E1	-4.159535E0
3.158653E1	5.030197E1	-4.161089E0
3.161985E1	5.030497E1	-4.124699E0
3.165317E1	5.039106E1	-4.050855E0
3.168649E1	5.051360E1	-4.000296E0
3.171981E1	5.060114E1	-4.050960E0
3.175313E1	5.064639E1	-4.062457E0
3.178644E1	5.076918E1	-4.060888E0
3.181976E1	5.097489E1	-4.080011E0
3.185308E1	5.114249E1	-4.089019E0
3.188640E1	5.126284E1	-4.094353E0
3.191972E1	5.134814E1	-4.080700E0
3.195304E1	5.141009E1	-4.074341E0
3.198636E1	5.142234E1	-4.068026E0
3.201968E1	5.142242E1	-4.067139E0
3.205300E1	5.138742E1	-4.072287E0
3.208632E1	5.133877E1	-4.074296E0
3.211964E1	5.123422E1	-4.076507E0
3.215295E1	5.108921E1	-4.090468E0
3.218627E1	5.105218E1	-4.140538E0
3.221959E1	5.099275E1	-4.140417E0
3.225291E1	5.098815E1	-4.142923E0
3.228623E1	5.109822E1	-4.139890E0
3.231955E1	5.128021E1	-4.121810E0
3.235287E1	5.147067E1	-4.107996E0
3.238619E1	5.160101E1	-4.118077E0
3.241951E1	5.167362E1	-4.150182E0
3.245283E1	5.174418E1	-4.170710E0
3.248615E1	5.178509E1	-4.174350E0
3.251947E1	5.179600E1	-4.167875E0
3.255278E1	5.180060E1	-4.169094E0
3.258610E1	5.181263E1	-4.169466E0
3.261942E1	5.185620E1	-4.129324E0
3.265274E1	5.195477E1	-4.009720E0
3.268606E1	5.209956E1	-3.925160E0
3.271938E1	5.213463E1	-3.950200E0
3.275270E1	5.210207E1	-3.990846E0
3.278602E1	5.220843E1	-4.007142E0
3.281934E1	5.245483E1	-3.991868E0
3.285266E1	5.263480E1	-4.020465E0
3.288598E1	5.271890E1	-4.022072E0
3.291929E1	5.275255E1	-3.998147E0
3.295261E1	5.276157E1	-3.989254E0
3.298593E1	5.275190E1	-3.979459E0
3.301925E1	5.275889E1	-3.973954E0
3.305257E1	5.273089E1	-3.976148E0
3.308589E1	5.267522E1	-3.987012E0
3.311921E1	5.261923E1	-3.993866E0
3.315253E1	5.252077E1	-4.028606E0
3.318585E1	5.262108E1	-4.100622E0
3.321917E1	5.263636E1	-4.066535E0
3.325249E1	5.254383E1	-4.030561E0
3.328581E1	5.264775E1	-4.049539E0
3.331912E1	5.279341E1	-4.075640E0
3.335244E1	5.293304E1	-4.112282E0
3.338576E1	5.306094E1	-4.102768E0
3.341908E1	5.317816E1	-4.129067E0
3.345240E1	5.327460E1	-4.160875E0
3.348572E1	5.333584E1	-4.144420E0
3.351904E1	5.334683E1	-4.122285E0
3.355236E1	5.331260E1	-4.125297E0
3.358568E1	5.332648E1	-4.123974E0
3.361900E1	5.337799E1	-4.079010E0
3.365232E1	5.345883E1	-3.979758E0
3.368563E1	5.356483E1	-3.902571E0
3.371895E1	5.356995E1	-3.926604E0
3.375227E1	5.349140E1	-3.955186E0
3.378559E1	5.356608E1	-3.966322E0
3.381891E1	5.382023E1	-3.938258E0
