	mass A		
t	x	y	
3.331912E-2	3.820928E-2	-1.134839E-2
6.663825E-2	3.340772E-2	2.649974E-3
9.995737E-2	4.053218E-2	-1.088954E-2
1.332765E-1	3.957913E-2	-1.496911E-2
1.665956E-1	3.865571E-2	-5.051074E-3
1.999147E-1	3.908387E-2	-8.219029E-3
2.332339E-1	4.155273E-2	-1.563625E-2
2.665530E-1	4.031370E-2	-1.096392E-2
2.998721E-1	5.368591E-2	-1.068367E-2
3.331912E-1	6.294681E-2	-2.727835E-2
3.665104E-1	-6.211553E-3	-7.092341E-2
3.998295E-1	-2.291572E-2	-1.227398E-1
4.331486E-1	8.459258E-2	-1.398727E-1
4.664677E-1	3.051062E-1	-1.313626E-1
4.997869E-1	5.366905E-1	-1.726870E-1
5.331060E-1	6.069280E-1	-2.413721E-1
5.664251E-1	6.634133E-1	-2.416071E-1
5.997442E-1	6.903259E-1	-2.220548E-1
6.330634E-1	6.329383E-1	-1.721701E-1
6.663825E-1	7.186143E-1	-2.284758E-1
6.997016E-1	8.236892E-1	-2.449423E-1
7.330207E-1	9.481048E-1	-2.439634E-1
7.663399E-1	1.058531E0	-2.105134E-1
7.996590E-1	9.951025E-1	-2.329702E-1
8.329781E-1	8.862398E-1	-3.005402E-1
8.662972E-1	9.067247E-1	-3.967265E-1
8.996164E-1	9.859339E-1	-4.921963E-1
9.329355E-1	1.046477E0	-5.171857E-1
9.662546E-1	1.177614E0	-5.091395E-1
9.995737E-1	1.332628E0	-5.533191E-1
1.032893E0	1.371147E0	-6.184799E-1
1.066212E0	1.428307E0	-6.047905E-1
1.099531E0	1.393427E0	-5.890366E-1
1.132850E0	1.206523E0	-5.286158E-1
1.166169E0	1.149922E0	-4.083881E-1
1.199488E0	1.261745E0	-4.036822E-1
1.232808E0	1.649136E0	-4.279301E-1
1.266127E0	1.776657E0	-4.281135E-1
1.299446E0	1.838362E0	-4.257696E-1
1.332765E0	1.877433E0	-4.630135E-1
1.366084E0	1.953731E0	-4.991405E-1
1.399403E0	1.955900E0	-4.668363E-1
1.432722E0	1.955319E0	-4.547819E-1
1.466041E0	2.058562E0	-4.424354E-1
1.499361E0	2.151702E0	-4.888254E-1
1.532680E0	2.111340E0	-5.747925E-1
1.565999E0	2.148748E0	-5.871362E-1
1.599318E0	2.105600E0	-5.918539E-1
1.632637E0	1.994181E0	-5.702501E-1
1.665956E0	2.029201E0	-5.064476E-1
1.699275E0	2.092219E0	-4.598709E-1
1.732594E0	2.241636E0	-4.620972E-1
1.765914E0	2.340351E0	-4.560893E-1
1.799233E0	2.285598E0	-4.587354E-1
1.832552E0	2.194573E0	-4.872685E-1
1.865871E0	2.168407E0	-5.313819E-1
1.899190E0	2.258311E0	-5.884815E-1
1.932509E0	2.326217E0	-6.627693E-1
1.965828E0	2.445431E0	-7.017531E-1
1.999147E0	2.566883E0	-7.370534E-1
2.032467E0	2.620199E0	-8.031615E-1
2.065786E0	2.673369E0	-8.076184E-1
2.099105E0	2.697334E0	-7.712656E-1
2.132424E0	2.616536E0	-7.153934E-1
2.165743E0	2.648643E0	-6.194611E-1
2.199062E0	2.707327E0	-5.380489E-1
2.232381E0	3.059319E0	-5.777144E-1
2.265700E0	3.049695E0	-5.961484E-1
2.299020E0	3.002160E0	-6.143059E-1
2.332339E0	2.974025E0	-6.325203E-1
2.365658E0	3.017267E0	-6.932495E-1
2.398977E0	3.056834E0	-7.842498E-1
2.432296E0	3.078278E0	-8.309742E-1
2.465615E0	3.206612E0	-8.406850E-1
2.498934E0	3.376035E0	-8.602045E-1
2.532253E0	3.411376E0	-9.053184E-1
2.565573E0	3.442851E0	-8.994073E-1
2.598892E0	3.453446E0	-8.970157E-1
2.632211E0	3.533674E0	-8.782970E-1
2.665530E0	3.645446E0	-7.924131E-1
2.698849E0	3.652516E0	-7.747793E-1
2.732168E0	3.659626E0	-8.065756E-1
2.765487E0	3.636204E0	-8.023917E-1
2.798806E0	3.618921E0	-7.811948E-1
2.832126E0	3.575525E0	-7.916390E-1
2.865445E0	3.386277E0	-8.438918E-1
2.898764E0	3.150419E0	-8.442412E-1
2.932083E0	3.207852E0	-8.364030E-1
2.965402E0	3.410586E0	-8.660032E-1
2.998721E0	3.545806E0	-8.868055E-1
3.032040E0	3.565590E0	-9.492522E-1
3.065359E0	3.600615E0	-9.466814E-1
3.098679E0	3.617181E0	-9.487300E-1
3.131998E0	3.516540E0	-9.084233E-1
3.165317E0	3.547313E0	-7.920225E-1
3.198636E0	3.601150E0	-6.772310E-1
3.231955E0	3.904064E0	-6.627121E-1
3.265274E0	4.006980E0	-6.785337E-1
3.298593E0	3.943748E0	-6.909271E-1
3.331912E0	3.907940E0	-6.967196E-1
3.365232E0	3.866577E0	-7.298948E-1
3.398551E0	3.851896E0	-8.336490E-1
3.431870E0	3.882682E0	-8.971024E-1
3.465189E0	3.969695E0	-9.403992E-1
3.498508E0	4.067078E0	-9.631832E-1
3.531827E0	4.064104E0	-9.601804E-1
3.565146E0	4.027153E0	-9.593759E-1
3.598465E0	3.881717E0	-9.395261E-1
3.631785E0	3.836353E0	-9.114249E-1
3.665104E0	3.904573E0	-8.801185E-1
3.698423E0	4.175402E0	-8.004902E-1
3.731742E0	4.332729E0	-7.332040E-1
3.765061E0	4.299484E0	-6.979512E-1
3.798380E0	4.238413E0	-6.844879E-1
3.831699E0	4.207193E0	-7.325476E-1
3.865018E0	4.170254E0	-7.910476E-1
3.898338E0	4.223165E0	-8.655012E-1
3.931657E0	4.198594E0	-8.965259E-1
3.964976E0	4.304017E0	-9.359435E-1
3.998295E0	4.352999E0	-9.536417E-1
4.031614E0	4.335590E0	-9.451799E-1
4.064933E0	4.187465E0	-9.622959E-1
4.098252E0	4.055582E0	-1.017877E0
4.131571E0	4.007663E0	-9.784659E-1
4.164891E0	3.979161E0	-8.428016E-1
4.198210E0	4.144594E0	-7.411493E-1
4.231529E0	4.408072E0	-6.526776E-1
4.264848E0	4.449108E0	-6.708804E-1
4.298167E0	4.387916E0	-6.695590E-1
4.331486E0	4.377354E0	-7.052246E-1
4.364805E0	4.352738E0	-7.506987E-1
4.398124E0	4.403590E0	-8.070161E-1
4.431444E0	4.436203E0	-8.331184E-1
4.464763E0	4.549371E0	-8.433230E-1
4.498082E0	4.615966E0	-8.851894E-1
4.531401E0	4.607808E0	-9.590294E-1
4.564720E0	4.588160E0	-9.509373E-1
4.598039E0	4.512575E0	-9.669832E-1
4.631358E0	4.399869E0	-9.534144E-1
4.664677E0	4.384529E0	-8.473485E-1
4.697997E0	4.463722E0	-7.955335E-1
4.731316E0	4.724666E0	-7.376793E-1
4.764635E0	4.851325E0	-7.399710E-1
4.797954E0	4.809551E0	-7.531151E-1
4.831273E0	4.712661E0	-7.331231E-1
4.864592E0	4.682513E0	-7.527407E-1
4.897911E0	4.699832E0	-8.404971E-1
4.931230E0	4.766067E0	-8.897681E-1
4.964550E0	4.906609E0	-9.094036E-1
4.997869E0	5.074984E0	-9.511582E-1
5.031188E0	5.131112E0	-1.012568E0
5.064507E0	5.159725E0	-1.007352E0
5.097826E0	5.172533E0	-1.006090E0
5.131145E0	5.117193E0	-9.556642E-1
5.164464E0	5.111523E0	-8.505189E-1
5.197783E0	5.182657E0	-7.799053E-1
5.231103E0	5.397566E0	-7.216447E-1
5.264422E0	5.503282E0	-7.358705E-1
5.297741E0	5.464039E0	-7.776126E-1
5.331060E0	5.442271E0	-7.923356E-1
5.364379E0	5.418546E0	-8.261621E-1
5.397698E0	5.437177E0	-8.989727E-1
5.431017E0	5.450670E0	-9.573133E-1
5.464336E0	5.484783E0	-9.600511E-1
5.497656E0	5.611592E0	-9.431125E-1
5.530975E0	5.732767E0	-9.551396E-1
5.564294E0	5.771250E0	-1.019259E0
5.597613E0	5.740692E0	-1.069503E0
5.630932E0	5.737329E0	-1.081432E0
5.664251E0	5.752269E0	-1.119476E0
5.697570E0	5.792764E0	-1.162584E0
5.730889E0	5.899760E0	-1.209959E0
5.764209E0	6.024189E0	-1.220639E0
5.797528E0	5.997656E0	-1.219091E0
5.830847E0	5.845078E0	-1.268088E0
5.864166E0	5.627503E0	-1.311451E0
5.897485E0	5.535959E0	-1.325585E0
5.930804E0	5.524016E0	-1.329958E0
5.964123E0	5.659558E0	-1.329308E0
5.997442E0	5.772684E0	-1.371578E0
6.030762E0	5.759477E0	-1.459047E0
6.064081E0	5.791330E0	-1.463426E0
6.097400E0	5.729524E0	-1.492906E0
6.130719E0	5.642254E0	-1.519886E0
6.164038E0	5.568482E0	-1.450044E0
6.197357E0	5.636911E0	-1.415483E0
6.230676E0	5.909790E0	-1.405424E0
6.263995E0	6.085947E0	-1.403543E0
6.297315E0	6.019978E0	-1.407876E0
6.330634E0	5.929056E0	-1.414425E0
6.363953E0	5.904568E0	-1.497730E0
6.397272E0	5.964602E0	-1.565010E0
6.430591E0	5.949402E0	-1.516614E0
6.463910E0	6.073712E0	-1.505340E0
6.497229E0	6.182206E0	-1.523812E0
6.530548E0	6.161126E0	-1.595820E0
6.563867E0	6.157735E0	-1.601649E0
6.597187E0	6.047842E0	-1.608040E0
6.630506E0	5.897893E0	-1.633116E0
6.663825E0	5.803459E0	-1.565071E0
6.697144E0	5.890347E0	-1.521781E0
6.730463E0	6.178125E0	-1.510039E0
6.763782E0	6.385066E0	-1.515874E0
6.797101E0	6.369868E0	-1.525227E0
6.830420E0	6.338758E0	-1.545784E0
6.863740E0	6.324121E0	-1.547380E0
6.897059E0	6.299857E0	-1.540213E0
6.930378E0	6.275427E0	-1.557322E0
6.963697E0	6.316561E0	-1.618208E0
6.997016E0	6.336998E0	-1.680450E0
7.030335E0	6.304708E0	-1.784628E0
7.063654E0	6.215806E0	-1.863627E0
7.096973E0	5.893494E0	-1.879280E0
7.130293E0	5.652155E0	-1.857661E0
7.163612E0	5.573506E0	-1.854410E0
7.196931E0	5.707205E0	-1.839408E0
7.230250E0	5.991567E0	-1.832466E0
7.263569E0	6.215428E0	-1.826504E0
7.296888E0	6.204811E0	-1.833301E0
7.330207E0	6.066718E0	-1.845158E0
7.363526E0	5.944655E0	-1.902780E0
7.396846E0	5.921860E0	-1.966548E0
7.430165E0	5.950244E0	-2.004050E0
7.463484E0	6.067517E0	-2.004749E0
7.496803E0	6.236155E0	-2.027482E0
7.530122E0	6.237315E0	-2.101578E0
7.563441E0	6.285502E0	-2.120987E0
7.596760E0	6.288847E0	-2.114236E0
7.630079E0	6.222008E0	-2.089967E0
7.663399E0	6.175409E0	-2.016294E0
7.696718E0	6.184750E0	-1.942321E0
7.730037E0	6.346171E0	-1.911139E0
7.763356E0	6.583175E0	-1.902834E0
7.796675E0	6.534999E0	-1.905111E0
7.829994E0	6.452876E0	-1.905061E0
7.863313E0	6.420286E0	-1.944701E0
7.896632E0	6.409369E0	-1.998777E0
7.929952E0	6.405179E0	-2.002165E0
7.963271E0	6.494817E0	-2.001611E0
7.996590E0	6.591002E0	-2.053403E0
8.029909E0	6.596794E0	-2.136034E0
8.063228E0	6.608178E0	-2.150651E0
8.096547E0	6.534545E0	-2.179740E0
8.129866E0	6.399578E0	-2.196213E0
8.163185E0	6.311580E0	-2.132908E0
8.196505E0	6.346556E0	-2.074757E0
8.229824E0	6.621208E0	-2.067338E0
8.263143E0	6.841458E0	-2.081177E0
8.296462E0	6.859293E0	-2.096266E0
8.329781E0	6.900535E0	-2.134704E0
8.363100E0	6.964205E0	-2.166623E0
8.396419E0	7.014684E0	-2.207484E0
8.429738E0	7.066494E0	-2.223625E0
8.463058E0	7.129511E0	-2.231355E0
8.496377E0	7.264558E0	-2.280096E0
8.529696E0	7.357863E0	-2.359080E0
8.563015E0	7.258617E0	-2.426403E0
8.596334E0	6.915517E0	-2.409820E0
8.629653E0	6.529720E0	-2.385535E0
8.662972E0	6.404749E0	-2.410326E0
8.696291E0	6.508457E0	-2.434032E0
8.729611E0	6.719238E0	-2.379162E0
8.762930E0	7.034489E0	-2.344299E0
8.796249E0	6.997917E0	-2.344533E0
8.829568E0	6.907116E0	-2.350877E0
8.862887E0	6.825690E0	-2.402640E0
8.896206E0	6.784065E0	-2.460042E0
8.929525E0	6.784013E0	-2.504289E0
8.962844E0	6.911521E0	-2.515078E0
8.996164E0	7.110494E0	-2.547047E0
9.029483E0	7.195554E0	-2.617980E0
9.062802E0	7.237627E0	-2.621509E0
9.096121E0	7.240709E0	-2.622212E0
9.129440E0	7.131538E0	-2.596904E0
9.162759E0	7.137081E0	-2.596555E0
9.196078E0	7.218446E0	-2.612884E0
9.229397E0	7.420196E0	-2.632713E0
9.262717E0	7.633411E0	-2.592277E0
9.296036E0	7.677345E0	-2.605083E0
9.329355E0	7.684857E0	-2.658851E0
9.362674E0	7.699249E0	-2.697127E0
9.395993E0	7.689238E0	-2.759667E0
9.429312E0	7.747328E0	-2.771977E0
9.462631E0	7.966307E0	-2.791541E0
9.495950E0	8.264017E0	-2.833239E0
9.529270E0	8.403513E0	-2.896405E0
9.562589E0	8.317341E0	-2.942363E0
9.595908E0	8.003127E0	-2.907820E0
9.629227E0	7.588090E0	-2.893426E0
9.662546E0	7.407107E0	-2.928743E0
9.695865E0	7.530971E0	-2.945909E0
9.729184E0	7.853233E0	-2.950059E0
9.762503E0	8.095971E0	-2.948442E0
9.795823E0	8.079410E0	-2.921282E0
9.829142E0	7.911020E0	-2.899441E0
9.862461E0	7.742466E0	-2.938604E0
9.895780E0	7.713407E0	-3.014789E0
9.929099E0	7.707625E0	-3.069340E0
9.962418E0	7.795169E0	-3.098386E0
9.995737E0	7.913164E0	-3.138958E0
1.002906E1	7.943940E0	-3.107202E0
1.006238E1	7.859890E0	-3.161043E0
1.009569E1	7.702617E0	-3.275238E0
1.012901E1	7.537149E0	-3.283678E0
1.016233E1	7.567972E0	-3.242471E0
1.019565E1	7.693641E0	-3.211144E0
1.022897E1	7.929590E0	-3.179771E0
1.026229E1	8.124492E0	-3.178725E0
1.029561E1	8.076867E0	-3.184148E0
1.032893E1	7.991003E0	-3.184784E0
1.036225E1	7.874625E0	-3.230973E0
1.039557E1	7.805088E0	-3.287697E0
1.042889E1	7.766743E0	-3.302769E0
1.046221E1	7.897028E0	-3.302938E0
1.049552E1	8.042972E0	-3.343455E0
1.052884E1	8.086397E0	-3.403120E0
1.056216E1	8.124464E0	-3.396148E0
1.059548E1	8.094333E0	-3.402305E0
1.062880E1	7.964291E0	-3.406059E0
1.066212E1	7.872602E0	-3.365714E0
1.069544E1	7.854114E0	-3.282321E0
1.072876E1	7.901963E0	-3.225157E0
1.076208E1	8.021260E0	-3.238417E0
1.079540E1	7.973548E0	-3.250936E0
1.082872E1	7.858208E0	-3.266603E0
1.086203E1	7.830530E0	-3.266227E0
1.089535E1	7.842616E0	-3.307852E0
1.092867E1	8.029038E0	-3.328323E0
1.096199E1	8.320505E0	-3.334499E0
1.099531E1	8.594171E0	-3.363975E0
1.102863E1	8.682017E0	-3.433812E0
1.106195E1	8.708163E0	-3.450807E0
1.109527E1	8.655823E0	-3.469921E0
1.112859E1	8.486883E0	-3.482410E0
1.116191E1	8.415672E0	-3.405198E0
1.119523E1	8.468765E0	-3.344402E0
1.122854E1	8.735191E0	-3.311348E0
1.126186E1	9.028750E0	-3.295059E0
1.129518E1	8.963663E0	-3.292155E0
1.132850E1	8.831975E0	-3.296789E0
1.136182E1	8.696986E0	-3.388549E0
1.139514E1	8.666880E0	-3.470756E0
1.142846E1	8.636148E0	-3.487764E0
1.146178E1	8.694147E0	-3.495776E0
1.149510E1	8.865243E0	-3.494294E0
1.152842E1	8.968986E0	-3.503613E0
1.156174E1	8.994145E0	-3.558320E0
1.159506E1	8.900028E0	-3.608307E0
1.162837E1	8.796597E0	-3.621531E0
1.166169E1	8.772712E0	-3.578410E0
1.169501E1	8.890580E0	-3.556211E0
1.172833E1	9.175300E0	-3.545527E0
1.176165E1	9.377522E0	-3.528551E0
1.179497E1	9.336529E0	-3.517541E0
1.182829E1	9.198735E0	-3.552173E0
1.186161E1	9.078141E0	-3.591734E0
1.189493E1	9.020949E0	-3.629115E0
1.192825E1	8.993866E0	-3.623094E0
1.196157E1	9.081267E0	-3.614140E0
1.199488E1	9.251187E0	-3.631312E0
1.202820E1	9.302916E0	-3.692728E0
1.206152E1	9.318273E0	-3.705223E0
1.209484E1	9.199220E0	-3.702077E0
1.212816E1	9.031210E0	-3.677964E0
1.216148E1	8.931476E0	-3.573939E0
1.219480E1	8.970155E0	-3.497363E0
1.222812E1	9.080386E0	-3.446423E0
1.226144E1	9.451611E0	-3.494977E0
1.229476E1	9.519276E0	-3.516979E0
1.232808E1	9.394413E0	-3.504803E0
1.236140E1	9.293614E0	-3.574716E0
1.239471E1	9.184777E0	-3.664242E0
1.242803E1	9.179690E0	-3.684946E0
1.246135E1	9.308392E0	-3.672202E0
1.249467E1	9.485001E0	-3.679882E0
1.252799E1	9.567746E0	-3.729477E0
1.256131E1	9.599537E0	-3.748144E0
1.259463E1	9.563507E0	-3.745697E0
1.262795E1	9.421931E0	-3.770563E0
1.266127E1	9.364804E0	-3.727098E0
1.269459E1	9.381627E0	-3.668186E0
1.272791E1	9.528737E0	-3.613713E0
1.276122E1	9.795717E0	-3.611382E0
1.279454E1	9.826563E0	-3.675687E0
1.282786E1	9.693149E0	-3.662530E0
1.286118E1	9.568355E0	-3.705844E0
1.289450E1	9.454284E0	-3.750086E0
1.292782E1	9.348915E0	-3.774261E0
1.296114E1	9.431108E0	-3.751810E0
1.299446E1	9.624493E0	-3.698735E0
1.302778E1	9.765887E0	-3.704184E0
1.306110E1	9.768683E0	-3.757980E0
1.309442E1	9.690386E0	-3.796443E0
1.312773E1	9.573596E0	-3.797959E0
1.316105E1	9.528945E0	-3.758095E0
1.319437E1	9.638113E0	-3.737140E0
1.322769E1	9.888443E0	-3.723566E0
1.326101E1	1.006379E1	-3.687906E0
1.329433E1	1.006413E1	-3.682646E0
1.332765E1	9.938089E0	-3.698362E0
1.336097E1	9.796772E0	-3.739925E0
1.339429E1	9.736017E0	-3.817116E0
1.342761E1	9.703149E0	-3.819732E0
1.346093E1	9.821889E0	-3.799701E0
1.349425E1	1.002161E1	-3.781655E0
1.352756E1	1.009298E1	-3.831061E0
1.356088E1	1.010397E1	-3.843628E0
1.359420E1	1.003772E1	-3.846176E0
1.362752E1	9.909465E0	-3.881791E0
1.366084E1	9.855235E0	-3.840296E0
1.369416E1	9.926724E0	-3.804891E0
1.372748E1	1.015864E1	-3.773068E0
1.376080E1	1.045734E1	-3.773928E0
1.379412E1	1.049875E1	-3.791890E0
1.382744E1	1.049584E1	-3.797829E0
1.386076E1	1.055677E1	-3.839054E0
1.389407E1	1.062493E1	-3.859154E0
1.392739E1	1.069293E1	-3.885921E0
1.396071E1	1.076545E1	-3.905214E0
1.399403E1	1.087012E1	-3.945075E0
1.402735E1	1.091879E1	-4.005269E0
1.406067E1	1.083416E1	-4.055519E0
1.409399E1	1.052400E1	-4.034997E0
1.412731E1	1.003368E1	-3.996392E0
1.416063E1	9.827148E0	-4.028398E0
1.419395E1	9.979455E0	-4.080589E0
1.422727E1	1.022629E1	-4.072253E0
1.426059E1	1.052747E1	-4.011086E0
1.429390E1	1.059646E1	-4.001428E0
1.432722E1	1.048135E1	-4.019943E0
1.436054E1	1.034393E1	-4.046452E0
1.439386E1	1.034264E1	-4.097902E0
1.442718E1	1.035187E1	-4.117443E0
1.446050E1	1.047794E1	-4.125829E0
1.449382E1	1.065272E1	-4.120715E0
1.452714E1	1.073603E1	-4.177537E0
1.456046E1	1.079644E1	-4.239412E0
1.459378E1	1.080562E1	-4.260578E0
1.462710E1	1.074975E1	-4.251010E0
1.466041E1	1.074877E1	-4.171510E0
1.469373E1	1.083254E1	-4.170897E0
1.472705E1	1.108564E1	-4.140147E0
1.476037E1	1.126733E1	-4.111748E0
1.479369E1	1.124392E1	-4.080906E0
1.482701E1	1.109748E1	-4.077843E0
1.486033E1	1.092331E1	-4.121658E0
1.489365E1	1.085813E1	-4.186249E0
1.492697E1	1.085054E1	-4.194448E0
1.496029E1	1.103153E1	-4.184417E0
1.499361E1	1.126406E1	-4.179307E0
1.502693E1	1.138420E1	-4.239921E0
1.506024E1	1.141445E1	-4.242994E0
1.509356E1	1.138429E1	-4.259832E0
1.512688E1	1.126186E1	-4.276966E0
1.516020E1	1.122084E1	-4.226494E0
1.519352E1	1.128124E1	-4.175714E0
1.522684E1	1.146866E1	-4.130707E0
1.526016E1	1.174670E1	-4.102311E0
1.529348E1	1.171316E1	-4.111629E0
1.532680E1	1.150300E1	-4.083849E0
1.536012E1	1.127392E1	-4.071908E0
1.539344E1	1.113659E1	-4.136363E0
1.542675E1	1.113778E1	-4.170287E0
1.546007E1	1.130966E1	-4.171309E0
1.549339E1	1.157277E1	-4.179705E0
1.552671E1	1.168945E1	-4.241751E0
1.556003E1	1.169593E1	-4.230821E0
1.559335E1	1.161692E1	-4.247583E0
1.562667E1	1.146499E1	-4.286566E0
1.565999E1	1.141428E1	-4.224982E0
1.569331E1	1.150324E1	-4.177255E0
1.572663E1	1.172295E1	-4.140876E0
1.575995E1	1.194850E1	-4.064650E0
1.579326E1	1.194818E1	-4.071854E0
1.582658E1	1.180644E1	-4.066988E0
1.585990E1	1.163785E1	-4.112083E0
1.589322E1	1.155036E1	-4.195611E0
1.592654E1	1.148688E1	-4.222803E0
1.595986E1	1.154073E1	-4.247410E0
1.599318E1	1.164054E1	-4.285486E0
1.602650E1	1.164321E1	-4.271368E0
1.605982E1	1.158105E1	-4.299245E0
1.609314E1	1.145022E1	-4.367086E0
1.612646E1	1.133353E1	-4.385722E0
1.615978E1	1.126654E1	-4.304600E0
1.619309E1	1.140589E1	-4.245386E0
1.622641E1	1.171201E1	-4.229599E0
1.625973E1	1.193657E1	-4.232605E0
1.629305E1	1.193019E1	-4.240395E0
1.632637E1	1.183734E1	-4.234397E0
1.635969E1	1.171096E1	-4.250861E0
1.639301E1	1.163677E1	-4.300585E0
1.642633E1	1.159431E1	-4.339082E0
1.645965E1	1.168828E1	-4.338204E0
1.649297E1	1.187989E1	-4.335754E0
1.652629E1	1.197051E1	-4.390340E0
1.655960E1	1.199563E1	-4.406846E0
1.659292E1	1.198058E1	-4.392334E0
1.662624E1	1.188304E1	-4.422101E0
1.665956E1	1.179869E1	-4.356342E0
1.669288E1	1.183545E1	-4.314175E0
1.672620E1	1.185743E1	-4.267320E0
1.675952E1	1.199641E1	-4.294374E0
1.679284E1	1.199370E1	-4.340723E0
1.682616E1	1.186327E1	-4.336122E0
1.685948E1	1.178149E1	-4.331102E0
1.689280E1	1.170790E1	-4.381382E0
1.692612E1	1.180959E1	-4.348615E0
1.695943E1	1.209239E1	-4.284607E0
1.699275E1	1.238183E1	-4.250124E0
1.702607E1	1.255183E1	-4.274933E0
1.705939E1	1.254690E1	-4.277930E0
1.709271E1	1.242184E1	-4.307026E0
1.712603E1	1.226992E1	-4.401502E0
1.715935E1	1.219790E1	-4.374867E0
1.719267E1	1.230009E1	-4.314810E0
1.722599E1	1.252984E1	-4.248877E0
1.725931E1	1.271915E1	-4.213288E0
1.729263E1	1.270685E1	-4.233618E0
1.732594E1	1.255264E1	-4.231937E0
1.735926E1	1.233148E1	-4.250160E0
1.739258E1	1.221433E1	-4.326952E0
1.742590E1	1.221770E1	-4.403631E0
1.745922E1	1.241967E1	-4.408307E0
1.749254E1	1.274643E1	-4.399150E0
1.752586E1	1.294210E1	-4.441551E0
1.755918E1	1.302237E1	-4.459922E0
1.759250E1	1.302840E1	-4.456662E0
1.762582E1	1.294030E1	-4.449060E0
1.765914E1	1.286644E1	-4.399888E0
1.769246E1	1.287079E1	-4.395792E0
1.772577E1	1.309472E1	-4.434712E0
1.775909E1	1.342636E1	-4.495553E0
1.779241E1	1.353447E1	-4.482585E0
1.782573E1	1.347559E1	-4.456808E0
1.785905E1	1.339343E1	-4.479173E0
1.789237E1	1.337700E1	-4.537594E0
1.792569E1	1.336554E1	-4.588408E0
1.795901E1	1.346549E1	-4.572222E0
1.799233E1	1.365313E1	-4.570156E0
1.802565E1	1.375282E1	-4.618682E0
1.805897E1	1.377583E1	-4.624608E0
1.809228E1	1.378899E1	-4.621704E0
1.812560E1	1.370662E1	-4.654822E0
1.815892E1	1.362180E1	-4.601169E0
1.819224E1	1.369009E1	-4.560173E0
1.822556E1	1.393167E1	-4.536526E0
1.825888E1	1.421449E1	-4.514795E0
1.829220E1	1.420891E1	-4.519295E0
1.832552E1	1.406674E1	-4.521748E0
1.835884E1	1.387032E1	-4.550384E0
1.839216E1	1.377609E1	-4.622974E0
1.842548E1	1.371899E1	-4.662194E0
1.845879E1	1.390752E1	-4.625844E0
1.849211E1	1.414972E1	-4.577664E0
1.852543E1	1.429219E1	-4.604498E0
1.855875E1	1.432807E1	-4.684520E0
1.859207E1	1.438087E1	-4.704281E0
1.862539E1	1.444314E1	-4.676720E0
1.865871E1	1.458609E1	-4.607548E0
1.869203E1	1.472609E1	-4.615580E0
1.872535E1	1.499616E1	-4.668423E0
1.875867E1	1.515986E1	-4.687830E0
1.879199E1	1.515287E1	-4.703784E0
1.882531E1	1.509278E1	-4.717206E0
1.885862E1	1.501692E1	-4.733256E0
1.889194E1	1.496975E1	-4.782074E0
1.892526E1	1.494414E1	-4.798781E0
1.895858E1	1.506038E1	-4.752732E0
1.899190E1	1.527280E1	-4.735379E0
1.902522E1	1.540439E1	-4.787965E0
1.905854E1	1.545149E1	-4.786414E0
1.909186E1	1.544782E1	-4.754061E0
1.912518E1	1.540173E1	-4.784193E0
1.915850E1	1.536877E1	-4.756959E0
1.919182E1	1.532668E1	-4.734348E0
1.922513E1	1.549674E1	-4.722463E0
1.925845E1	1.578395E1	-4.739944E0
1.929177E1	1.590409E1	-4.744462E0
1.932509E1	1.581460E1	-4.699614E0
1.935841E1	1.567623E1	-4.774704E0
1.939173E1	1.554930E1	-4.846336E0
1.942505E1	1.552294E1	-4.894421E0
1.945837E1	1.566320E1	-4.890444E0
1.949169E1	1.589308E1	-4.884374E0
1.952501E1	1.599649E1	-4.937176E0
1.955833E1	1.605109E1	-4.946818E0
1.959165E1	1.609582E1	-4.944382E0
1.962496E1	1.605316E1	-4.961907E0
1.965828E1	1.603025E1	-4.903519E0
1.969160E1	1.606136E1	-4.908787E0
1.972492E1	1.624303E1	-4.908158E0
1.975824E1	1.644650E1	-4.870709E0
1.979156E1	1.649290E1	-4.848446E0
1.982488E1	1.633815E1	-4.895029E0
1.985820E1	1.612282E1	-4.911513E0
1.989152E1	1.597716E1	-4.947760E0
1.992484E1	1.587661E1	-5.007891E0
1.995816E1	1.597390E1	-4.997850E0
1.999147E1	1.617503E1	-4.983032E0
2.002479E1	1.630926E1	-5.014216E0
2.005811E1	1.635811E1	-5.077106E0
2.009143E1	1.643133E1	-5.060127E0
2.012475E1	1.646184E1	-5.043410E0
2.015807E1	1.649021E1	-4.951273E0
2.019139E1	1.657047E1	-4.997745E0
2.022471E1	1.682641E1	-4.998962E0
2.025803E1	1.700747E1	-4.991886E0
2.029135E1	1.700679E1	-5.000638E0
2.032467E1	1.679364E1	-4.995340E0
2.035798E1	1.658235E1	-5.043874E0
2.039130E1	1.645373E1	-5.106486E0
2.042462E1	1.639729E1	-5.151571E0
2.045794E1	1.655360E1	-5.133342E0
2.049126E1	1.669169E1	-5.132578E0
2.052458E1	1.678339E1	-5.159186E0
2.055790E1	1.678926E1	-5.171197E0
2.059122E1	1.676126E1	-5.165586E0
2.062454E1	1.667622E1	-5.250310E0
2.065786E1	1.656441E1	-5.217951E0
2.069118E1	1.661341E1	-5.170796E0
2.072450E1	1.672098E1	-5.117781E0
2.075781E1	1.682751E1	-5.120205E0
2.079113E1	1.683433E1	-5.161677E0
2.082445E1	1.675931E1	-5.128834E0
2.085777E1	1.662398E1	-5.099997E0
2.089109E1	1.653871E1	-5.144550E0
2.092441E1	1.662324E1	-5.158499E0
2.095773E1	1.682253E1	-5.117662E0
2.099105E1	1.699775E1	-5.073383E0
2.102437E1	1.706105E1	-5.114234E0
2.105769E1	1.706223E1	-5.123929E0
2.109101E1	1.703311E1	-5.121827E0
2.112432E1	1.696003E1	-5.216355E0
2.115764E1	1.689045E1	-5.208436E0
2.119096E1	1.695751E1	-5.144458E0
2.122428E1	1.717764E1	-5.077100E0
2.125760E1	1.739908E1	-5.045375E0
2.129092E1	1.740575E1	-5.068076E0
2.132424E1	1.724068E1	-5.060967E0
2.135756E1	1.707193E1	-5.073670E0
2.139088E1	1.699861E1	-5.116304E0
2.142420E1	1.694511E1	-5.161861E0
2.145752E1	1.704470E1	-5.168055E0
2.149084E1	1.720765E1	-5.143605E0
2.152415E1	1.733549E1	-5.184246E0
2.155747E1	1.743840E1	-5.184095E0
2.159079E1	1.750923E1	-5.163264E0
2.162411E1	1.757844E1	-5.165037E0
2.165743E1	1.764239E1	-5.180740E0
2.169075E1	1.768880E1	-5.183155E0
2.172407E1	1.784576E1	-5.173490E0
2.175739E1	1.808173E1	-5.123898E0
2.179071E1	1.812728E1	-5.065756E0
2.182403E1	1.798887E1	-5.054471E0
2.185735E1	1.760429E1	-5.107075E0
2.189066E1	1.712831E1	-5.256752E0
2.192398E1	1.694183E1	-5.264926E0
2.195730E1	1.704011E1	-5.175707E0
2.199062E1	1.733871E1	-5.163185E0
2.202394E1	1.756032E1	-5.161620E0
2.205726E1	1.761070E1	-5.168861E0
2.209058E1	1.755801E1	-5.212905E0
2.212390E1	1.749484E1	-5.288733E0
2.215722E1	1.737147E1	-5.264323E0
2.219054E1	1.745458E1	-5.175491E0
2.222386E1	1.767599E1	-5.100784E0
2.225718E1	1.798866E1	-5.056117E0
2.229049E1	1.803482E1	-5.075129E0
2.232381E1	1.787154E1	-5.066632E0
2.235713E1	1.766554E1	-5.113911E0
2.239045E1	1.752254E1	-5.193735E0
2.242377E1	1.744742E1	-5.233412E0
2.245709E1	1.752507E1	-5.228822E0
2.249041E1	1.772480E1	-5.178180E0
2.252373E1	1.786371E1	-5.161566E0
2.255705E1	1.786840E1	-5.225236E0
2.259037E1	1.790752E1	-5.237700E0
2.262369E1	1.792348E1	-5.267740E0
2.265700E1	1.793826E1	-5.167715E0
2.269032E1	1.808651E1	-5.157167E0
2.272364E1	1.836302E1	-5.124920E0
2.275696E1	1.857840E1	-5.122995E0
2.279028E1	1.856029E1	-5.126489E0
2.282360E1	1.835208E1	-5.113818E0
2.285692E1	1.812948E1	-5.148504E0
2.289024E1	1.801438E1	-5.195652E0
2.292356E1	1.797369E1	-5.214500E0
2.295688E1	1.808319E1	-5.227611E0
2.299020E1	1.824064E1	-5.225143E0
2.302351E1	1.831118E1	-5.228892E0
2.305683E1	1.829282E1	-5.218923E0
2.309015E1	1.827346E1	-5.219262E0
2.312347E1	1.832450E1	-5.217674E0
2.315679E1	1.841561E1	-5.225099E0
2.319011E1	1.847402E1	-5.272947E0
2.322343E1	1.866705E1	-5.322009E0
2.325675E1	1.878860E1	-5.331271E0
2.329007E1	1.879898E1	-5.291055E0
2.332339E1	1.863734E1	-5.266886E0
2.335671E1	1.824997E1	-5.295752E0
2.339003E1	1.781549E1	-5.328540E0
2.342334E1	1.773131E1	-5.307251E0
2.345666E1	1.789571E1	-5.296361E0
2.348998E1	1.811300E1	-5.283748E0
2.352330E1	1.823369E1	-5.305637E0
2.355662E1	1.824518E1	-5.328501E0
2.358994E1	1.824241E1	-5.346413E0
2.362326E1	1.816887E1	-5.377727E0
2.365658E1	1.806615E1	-5.381148E0
2.368990E1	1.811983E1	-5.349630E0
2.372322E1	1.835047E1	-5.290807E0
2.375654E1	1.859123E1	-5.221446E0
2.378985E1	1.860748E1	-5.200351E0
2.382317E1	1.844021E1	-5.204395E0
2.385649E1	1.823374E1	-5.237597E0
2.388981E1	1.804801E1	-5.305626E0
2.392313E1	1.793827E1	-5.395152E0
2.395645E1	1.800860E1	-5.381184E0
2.398977E1	1.826152E1	-5.347011E0
2.402309E1	1.847990E1	-5.327456E0
2.405641E1	1.855432E1	-5.342633E0
2.408973E1	1.859466E1	-5.335466E0
2.412305E1	1.864550E1	-5.344040E0
2.415637E1	1.861014E1	-5.282287E0
2.418968E1	1.862874E1	-5.317337E0
2.422300E1	1.885912E1	-5.326767E0
2.425632E1	1.904590E1	-5.275329E0
2.428964E1	1.904078E1	-5.253097E0
2.432296E1	1.891208E1	-5.277108E0
2.435628E1	1.872485E1	-5.304927E0
2.438960E1	1.862171E1	-5.337465E0
2.442292E1	1.861298E1	-5.393380E0
2.445624E1	1.874560E1	-5.397256E0
2.448956E1	1.900126E1	-5.358972E0
2.452288E1	1.912663E1	-5.390077E0
2.455619E1	1.916199E1	-5.384013E0
2.458951E1	1.919993E1	-5.379820E0
2.462283E1	1.919611E1	-5.390387E0
2.465615E1	1.913197E1	-5.356754E0
2.468947E1	1.917760E1	-5.338052E0
2.472279E1	1.939392E1	-5.328251E0
2.475611E1	1.961333E1	-5.280531E0
2.478943E1	1.967328E1	-5.219350E0
2.482275E1	1.951860E1	-5.214084E0
2.485607E1	1.935467E1	-5.267498E0
2.488939E1	1.928367E1	-5.339534E0
2.492271E1	1.928134E1	-5.429759E0
2.495602E1	1.936931E1	-5.470274E0
2.498934E1	1.956734E1	-5.449195E0
2.502266E1	1.968486E1	-5.455856E0
2.505598E1	1.969779E1	-5.469128E0
2.508930E1	1.967846E1	-5.486350E0
2.512262E1	1.956813E1	-5.514080E0
2.515594E1	1.946053E1	-5.513886E0
2.518926E1	1.950089E1	-5.498448E0
2.522258E1	1.969003E1	-5.482076E0
2.525590E1	1.990561E1	-5.438444E0
2.528922E1	1.994375E1	-5.386646E0
2.532253E1	1.979030E1	-5.389493E0
2.535585E1	1.958825E1	-5.448454E0
2.538917E1	1.947924E1	-5.511743E0
2.542249E1	1.944184E1	-5.556058E0
2.545581E1	1.955672E1	-5.532744E0
2.548913E1	1.970002E1	-5.497757E0
2.552245E1	1.975037E1	-5.544148E0
2.555577E1	1.978689E1	-5.560066E0
2.558909E1	1.977301E1	-5.547509E0
2.562241E1	1.968400E1	-5.554073E0
2.565573E1	1.965826E1	-5.500488E0
2.568904E1	1.979895E1	-5.503205E0
2.572236E1	2.001170E1	-5.458053E0
2.575568E1	2.026488E1	-5.433653E0
2.578900E1	2.031889E1	-5.403639E0
2.582232E1	2.020147E1	-5.390649E0
2.585564E1	2.009287E1	-5.432597E0
2.588896E1	2.005842E1	-5.491987E0
2.592228E1	2.001610E1	-5.518827E0
2.595560E1	2.009628E1	-5.488550E0
2.598892E1	2.022830E1	-5.463940E0
2.602224E1	2.030135E1	-5.505287E0
2.605556E1	2.030546E1	-5.506474E0
2.608887E1	2.033936E1	-5.490190E0
2.612219E1	2.035481E1	-5.499721E0
2.615551E1	2.033691E1	-5.424573E0
2.618883E1	2.039582E1	-5.425588E0
2.622215E1	2.063149E1	-5.444182E0
2.625547E1	2.084983E1	-5.420573E0
2.628879E1	2.085845E1	-5.392309E0
2.632211E1	2.075381E1	-5.424705E0
2.635543E1	2.076204E1	-5.487720E0
2.638875E1	2.075251E1	-5.489287E0
2.642207E1	2.079096E1	-5.451430E0
2.645538E1	2.086428E1	-5.475066E0
2.648870E1	2.081146E1	-5.545576E0
2.652202E1	2.076832E1	-5.613234E0
2.655534E1	2.075243E1	-5.622089E0
2.658866E1	2.073398E1	-5.591457E0
2.662198E1	2.070445E1	-5.635313E0
2.665530E1	2.063354E1	-5.616867E0
2.668862E1	2.064479E1	-5.615556E0
2.672194E1	2.082928E1	-5.605088E0
2.675526E1	2.109109E1	-5.591323E0
2.678858E1	2.112429E1	-5.561358E0
2.682190E1	2.090792E1	-5.569647E0
2.685521E1	2.067727E1	-5.603331E0
2.688853E1	2.055164E1	-5.631606E0
2.692185E1	2.049507E1	-5.666140E0
2.695517E1	2.058479E1	-5.661168E0
2.698849E1	2.073628E1	-5.636580E0
2.702181E1	2.076937E1	-5.675680E0
2.705513E1	2.078831E1	-5.681723E0
2.708845E1	2.074024E1	-5.651179E0
2.712177E1	2.059208E1	-5.629316E0
2.715509E1	2.054306E1	-5.572356E0
2.718841E1	2.059405E1	-5.505388E0
2.722172E1	2.074214E1	-5.443840E0
2.725504E1	2.100628E1	-5.444846E0
2.728836E1	2.104605E1	-5.460882E0
2.732168E1	2.096175E1	-5.456101E0
2.735500E1	2.081114E1	-5.484171E0
2.738832E1	2.071294E1	-5.567887E0
2.742164E1	2.065080E1	-5.618250E0
2.745496E1	2.074603E1	-5.602645E0
2.748828E1	2.092658E1	-5.591263E0
2.752160E1	2.105746E1	-5.617464E0
2.755492E1	2.108431E1	-5.630635E0
2.758823E1	2.116187E1	-5.601170E0
2.762155E1	2.121248E1	-5.606950E0
2.765487E1	2.119013E1	-5.549583E0
2.768819E1	2.128240E1	-5.556872E0
2.772151E1	2.146640E1	-5.576444E0
2.775483E1	2.170904E1	-5.565621E0
2.778815E1	2.173023E1	-5.549033E0
2.782147E1	2.157368E1	-5.568063E0
2.785479E1	2.135085E1	-5.584452E0
2.788811E1	2.119569E1	-5.591342E0
2.792143E1	2.114789E1	-5.660554E0
2.795475E1	2.120486E1	-5.673746E0
2.798806E1	2.134252E1	-5.674297E0
2.802138E1	2.137838E1	-5.736295E0
2.805470E1	2.136480E1	-5.777068E0
2.808802E1	2.145424E1	-5.756196E0
2.812134E1	2.152280E1	-5.739098E0
2.815466E1	2.152744E1	-5.667552E0
2.818798E1	2.162713E1	-5.616711E0
2.822130E1	2.179938E1	-5.598808E0
2.825462E1	2.202465E1	-5.612968E0
2.828794E1	2.204011E1	-5.640326E0
2.832126E1	2.192127E1	-5.635990E0
2.835457E1	2.172146E1	-5.649020E0
2.838789E1	2.158512E1	-5.713875E0
2.842121E1	2.151441E1	-5.758679E0
2.845453E1	2.160353E1	-5.766198E0
2.848785E1	2.173253E1	-5.725793E0
2.852117E1	2.181271E1	-5.786689E0
2.855449E1	2.183195E1	-5.817055E0
2.858781E1	2.183219E1	-5.784942E0
2.862113E1	2.175610E1	-5.823455E0
2.865445E1	2.170086E1	-5.835156E0
2.868777E1	2.169831E1	-5.761859E0
2.872109E1	2.189816E1	-5.715481E0
2.875440E1	2.208370E1	-5.673937E0
2.878772E1	2.206198E1	-5.678493E0
2.882104E1	2.185143E1	-5.670198E0
2.885436E1	2.161507E1	-5.631762E0
2.888768E1	2.150141E1	-5.700016E0
2.892100E1	2.151761E1	-5.719115E0
2.895432E1	2.170294E1	-5.708499E0
2.898764E1	2.185586E1	-5.692440E0
2.902096E1	2.192687E1	-5.755302E0
2.905428E1	2.190879E1	-5.752846E0
2.908760E1	2.192301E1	-5.739340E0
2.912091E1	2.190901E1	-5.763441E0
2.915423E1	2.186503E1	-5.731982E0
2.918755E1	2.190128E1	-5.646990E0
2.922087E1	2.213139E1	-5.585814E0
2.925419E1	2.242769E1	-5.550189E0
2.928751E1	2.246291E1	-5.535574E0
2.932083E1	2.236058E1	-5.510398E0
2.935415E1	2.218477E1	-5.518445E0
2.938747E1	2.203170E1	-5.568947E0
2.942079E1	2.200001E1	-5.645455E0
2.945411E1	2.208890E1	-5.665377E0
2.948743E1	2.230960E1	-5.676188E0
2.952074E1	2.252058E1	-5.708547E0
2.955406E1	2.255631E1	-5.717969E0
2.958738E1	2.259272E1	-5.698851E0
2.962070E1	2.257917E1	-5.699813E0
2.965402E1	2.251202E1	-5.703785E0
2.968734E1	2.244001E1	-5.708920E0
2.972066E1	2.241795E1	-5.674321E0
2.975398E1	2.251224E1	-5.622582E0
2.978730E1	2.259989E1	-5.513750E0
2.982062E1	2.258989E1	-5.451724E0
2.985394E1	2.240144E1	-5.471988E0
2.988725E1	2.214623E1	-5.497716E0
2.992057E1	2.204850E1	-5.546946E0
2.995389E1	2.209349E1	-5.559127E0
2.998721E1	2.228477E1	-5.546691E0
3.002053E1	2.247015E1	-5.603812E0
3.005385E1	2.251172E1	-5.614604E0
3.008717E1	2.259335E1	-5.606673E0
3.012049E1	2.261086E1	-5.558256E0
3.015381E1	2.262905E1	-5.492571E0
3.018713E1	2.270721E1	-5.511087E0
3.022045E1	2.290520E1	-5.531984E0
3.025376E1	2.321051E1	-5.502010E0
3.028708E1	2.338955E1	-5.390104E0
3.032040E1	2.335117E1	-5.367688E0
3.035372E1	2.318418E1	-5.405369E0
3.038704E1	2.301519E1	-5.438696E0
3.042036E1	2.291685E1	-5.501152E0
3.045368E1	2.293257E1	-5.498678E0
3.048700E1	2.303219E1	-5.442185E0
3.052032E1	2.324927E1	-5.445837E0
3.055364E1	2.331678E1	-5.440064E0
3.058696E1	2.338972E1	-5.492764E0
3.062028E1	2.338247E1	-5.489370E0
3.065359E1	2.337892E1	-5.450460E0
3.068691E1	2.351743E1	-5.493959E0
3.072023E1	2.376932E1	-5.495179E0
3.075355E1	2.398435E1	-5.470421E0
3.078687E1	2.403496E1	-5.474591E0
3.082019E1	2.386125E1	-5.489187E0
3.085351E1	2.362415E1	-5.534462E0
3.088683E1	2.346738E1	-5.580122E0
3.092015E1	2.340734E1	-5.611334E0
3.095347E1	2.347573E1	-5.616206E0
3.098679E1	2.364231E1	-5.621285E0
3.102010E1	2.370449E1	-5.684463E0
3.105342E1	2.370675E1	-5.685073E0
3.108674E1	2.370388E1	-5.660750E0
3.112006E1	2.370251E1	-5.678676E0
3.115338E1	2.368788E1	-5.669642E0
3.118670E1	2.370135E1	-5.684352E0
3.122002E1	2.387297E1	-5.692723E0
3.125334E1	2.413374E1	-5.677246E0
3.128666E1	2.424956E1	-5.613536E0
3.131998E1	2.411356E1	-5.607450E0
3.135330E1	2.392967E1	-5.649424E0
3.138662E1	2.386699E1	-5.683643E0
3.141993E1	2.385156E1	-5.681118E0
3.145325E1	2.391083E1	-5.676281E0
3.148657E1	2.399874E1	-5.704678E0
3.151989E1	2.404553E1	-5.787506E0
3.155321E1	2.404230E1	-5.785479E0
3.158653E1	2.401180E1	-5.762855E0
3.161985E1	2.398272E1	-5.803280E0
3.165317E1	2.398061E1	-5.783708E0
3.168649E1	2.403256E1	-5.759090E0
3.171981E1	2.423161E1	-5.753878E0
3.175313E1	2.452931E1	-5.756722E0
3.178644E1	2.461319E1	-5.715215E0
3.181976E1	2.441486E1	-5.714457E0
3.185308E1	2.416421E1	-5.729351E0
3.188640E1	2.396419E1	-5.737183E0
3.191972E1	2.390535E1	-5.766663E0
3.195304E1	2.394284E1	-5.807890E0
3.198636E1	2.407362E1	-5.840083E0
3.201968E1	2.411943E1	-5.915053E0
3.205300E1	2.414438E1	-5.932521E0
3.208632E1	2.421797E1	-5.929441E0
3.211964E1	2.428995E1	-5.936066E0
3.215296E1	2.439189E1	-5.959531E0
3.218627E1	2.442715E1	-5.948585E0
3.221959E1	2.447123E1	-5.985023E0
3.225291E1	2.453407E1	-5.990007E0
3.228623E1	2.455334E1	-5.926002E0
3.231955E1	2.447069E1	-5.883303E0
3.235287E1	2.410495E1	-5.877476E0
3.238619E1	2.368670E1	-5.853770E0
3.241951E1	2.353204E1	-5.867584E0
3.245283E1	2.369533E1	-5.839832E0
3.248615E1	2.400401E1	-5.766495E0
3.251947E1	2.419287E1	-5.796293E0
3.255278E1	2.424353E1	-5.874067E0
3.258610E1	2.419453E1	-5.854077E0
3.261942E1	2.416516E1	-5.836047E0
3.265274E1	2.425057E1	-5.814120E0
3.268606E1	2.425888E1	-5.821731E0
3.271938E1	2.448837E1	-5.748175E0
3.275270E1	2.472642E1	-5.730554E0
3.278602E1	2.480232E1	-5.763068E0
3.281934E1	2.482561E1	-5.746704E0
3.285266E1	2.481544E1	-5.742963E0
3.288598E1	2.485208E1	-5.803829E0
3.291929E1	2.488616E1	-5.856247E0
3.295261E1	2.498658E1	-5.905068E0
3.298593E1	2.521927E1	-5.945828E0
3.301925E1	2.539357E1	-6.038228E0
3.305257E1	2.539623E1	-6.049886E0
3.308589E1	2.515912E1	-5.999474E0
3.311921E1	2.473553E1	-5.978159E0
3.315253E1	2.434783E1	-6.001718E0
3.318585E1	2.442250E1	-6.024278E0
3.321917E1	2.470019E1	-6.005758E0
3.325249E1	2.504170E1	-5.932896E0
3.328581E1	2.521320E1	-5.888398E0
3.331912E1	2.509263E1	-5.896721E0
3.335244E1	2.490287E1	-5.933240E0
3.338576E1	2.479222E1	-5.994169E0
3.341908E1	2.475354E1	-6.029290E0
3.345240E1	2.480815E1	-6.031641E0
3.348572E1	2.502032E1	-5.975463E0
3.351904E1	2.514980E1	-6.034183E0
3.355236E1	2.520187E1	-6.081218E0
3.358568E1	2.523287E1	-6.036391E0
3.361900E1	2.523141E1	-6.040901E0
3.365232E1	2.525488E1	-6.078661E0
3.368563E1	2.534799E1	-6.076178E0
3.371895E1	2.543055E1	-6.096874E0
3.375227E1	2.553541E1	-6.121422E0
3.378559E1	2.557277E1	-6.111966E0
3.381891E1	2.549914E1	-6.085387E0
3.385223E1	2.525745E1	-6.086507E0
3.388555E1	2.503203E1	-6.114152E0
3.391887E1	2.499024E1	-6.129203E0
3.395219E1	2.509203E1	-6.096547E0
3.398551E1	2.531632E1	-6.079957E0
3.401883E1	2.552608E1	-6.106947E0
3.405215E1	2.559210E1	-6.111433E0
3.408546E1	2.557785E1	-6.107427E0
3.411878E1	2.556783E1	-6.157904E0
3.415210E1	2.555724E1	-6.133432E0
3.418542E1	2.563221E1	-6.014838E0
3.421874E1	2.580419E1	-5.960000E0
3.425206E1	2.607877E1	-5.944031E0
3.428538E1	2.614294E1	-5.942211E0
3.431870E1	2.605914E1	-5.952026E0
3.435202E1	2.581879E1	-5.940213E0
3.438534E1	2.562850E1	-5.977580E0
3.441866E1	2.557376E1	-6.096819E0
3.445197E1	2.566657E1	-6.100441E0
3.448529E1	2.583092E1	-6.102204E0
3.451861E1	2.591354E1	-6.155190E0
3.455193E1	2.589037E1	-6.208722E0
3.458525E1	2.590291E1	-6.192056E0
3.461857E1	2.593471E1	-6.165635E0
3.465189E1	2.593873E1	-6.067538E0
3.468521E1	2.600239E1	-6.053881E0
3.471853E1	2.621356E1	-6.076925E0
3.475185E1	2.646700E1	-6.092179E0
3.478517E1	2.653038E1	-6.092344E0
3.481848E1	2.638849E1	-6.092751E0
3.485180E1	2.617142E1	-6.114193E0
3.488512E1	2.598446E1	-6.149188E0
3.491844E1	2.592964E1	-6.206975E0
3.495176E1	2.599983E1	-6.247304E0
3.498508E1	2.616538E1	-6.285127E0
3.501840E1	2.623120E1	-6.340093E0
3.505172E1	2.619560E1	-6.340642E0
3.508504E1	2.623443E1	-6.332284E0
3.511836E1	2.628180E1	-6.285127E0
3.515168E1	2.626224E1	-6.204885E0
3.518500E1	2.622078E1	-6.208480E0
3.521831E1	2.621663E1	-6.216333E0
3.525163E1	2.636326E1	-6.259334E0
3.528495E1	2.643835E1	-6.273087E0
3.531827E1	2.646730E1	-6.237030E0
3.535159E1	2.632701E1	-6.236971E0
3.538491E1	2.625369E1	-6.308055E0
3.541823E1	2.628192E1	-6.298326E0
3.545155E1	2.641009E1	-6.285520E0
3.548487E1	2.658931E1	-6.258359E0
3.551819E1	2.664903E1	-6.299371E0
3.555151E1	2.659844E1	-6.319938E0
3.558482E1	2.661978E1	-6.315585E0
3.561814E1	2.665975E1	-6.314173E0
3.565146E1	2.670364E1	-6.241530E0
3.568478E1	2.676065E1	-6.256318E0
3.571810E1	2.693105E1	-6.257350E0
3.575142E1	2.712197E1	-6.224542E0
3.578474E1	2.715157E1	-6.148253E0
3.581806E1	2.700718E1	-6.122370E0
3.585138E1	2.676412E1	-6.142784E0
3.588470E1	2.657313E1	-6.164897E0
3.591802E1	2.654046E1	-6.208684E0
3.595134E1	2.653627E1	-6.242141E0
3.598465E1	2.656365E1	-6.266384E0
3.601797E1	2.659852E1	-6.244613E0
3.605129E1	2.662240E1	-6.283113E0
3.608461E1	2.661702E1	-6.354278E0
3.611793E1	2.659077E1	-6.370802E0
3.615125E1	2.658720E1	-6.372878E0
3.618457E1	2.674148E1	-6.385840E0
3.621789E1	2.700264E1	-6.400014E0
3.625121E1	2.715810E1	-6.329988E0
3.628453E1	2.714669E1	-6.313762E0
3.631785E1	2.701411E1	-6.345097E0
3.635116E1	2.676299E1	-6.359227E0
3.638448E1	2.658976E1	-6.372010E0
3.641780E1	2.654882E1	-6.394046E0
3.645112E1	2.659648E1	-6.424605E0
3.648444E1	2.672929E1	-6.455769E0
3.651776E1	2.672822E1	-6.535586E0
3.655108E1	2.668078E1	-6.552518E0
3.658440E1	2.671148E1	-6.513967E0
3.661772E1	2.676419E1	-6.491177E0
3.665104E1	2.679923E1	-6.438790E0
3.668436E1	2.677418E1	-6.432441E0
3.671768E1	2.677178E1	-6.434216E0
3.675099E1	2.677477E1	-6.459307E0
3.678431E1	2.677217E1	-6.451401E0
3.681763E1	2.675410E1	-6.431214E0
3.685095E1	2.669011E1	-6.437219E0
3.688427E1	2.670619E1	-6.482821E0
3.691759E1	2.678352E1	-6.462674E0
3.695091E1	2.690471E1	-6.418003E0
3.698423E1	2.704210E1	-6.385800E0
3.701755E1	2.705845E1	-6.437215E0
3.705087E1	2.703867E1	-6.447829E0
3.708419E1	2.707971E1	-6.435633E0
3.711750E1	2.711908E1	-6.438666E0
3.715082E1	2.710956E1	-6.369384E0
3.718414E1	2.720246E1	-6.331543E0
3.721746E1	2.738945E1	-6.328943E0
3.725078E1	2.763809E1	-6.309895E0
3.728410E1	2.767314E1	-6.310047E0
3.731742E1	2.750005E1	-6.296717E0
3.735074E1	2.722659E1	-6.293129E0
3.738406E1	2.699920E1	-6.330570E0
3.741738E1	2.686833E1	-6.413703E0
3.745070E1	2.687292E1	-6.424063E0
3.748401E1	2.710404E1	-6.409814E0
3.751733E1	2.727282E1	-6.365506E0
3.755065E1	2.732296E1	-6.394804E0
3.758397E1	2.728916E1	-6.431950E0
3.761729E1	2.726056E1	-6.426975E0
3.765061E1	2.729808E1	-6.356607E0
3.768393E1	2.744020E1	-6.304199E0
3.771725E1	2.765789E1	-6.252637E0
3.775057E1	2.790775E1	-6.262347E0
3.778389E1	2.789583E1	-6.282304E0
3.781721E1	2.782188E1	-6.277710E0
3.785053E1	2.763172E1	-6.264431E0
3.788384E1	2.748125E1	-6.322027E0
3.791716E1	2.743693E1	-6.381223E0
3.795048E1	2.749065E1	-6.387032E0
3.798380E1	2.760375E1	-6.381654E0
3.801712E1	2.757157E1	-6.442974E0
3.805044E1	2.751329E1	-6.473686E0
3.808376E1	2.751658E1	-6.479485E0
3.811708E1	2.753858E1	-6.491209E0
3.815040E1	2.755505E1	-6.436488E0
3.818372E1	2.758659E1	-6.360421E0
3.821704E1	2.766306E1	-6.364290E0
3.825035E1	2.790208E1	-6.399093E0
3.828367E1	2.805582E1	-6.424210E0
3.831699E1	2.793274E1	-6.399909E0
3.835031E1	2.771489E1	-6.379878E0
3.838363E1	2.759202E1	-6.403403E0
3.841695E1	2.759757E1	-6.435460E0
3.845027E1	2.762615E1	-6.437606E0
3.848359E1	2.771025E1	-6.435738E0
3.851691E1	2.773328E1	-6.496322E0
3.855023E1	2.771550E1	-6.502340E0
3.858355E1	2.770240E1	-6.499467E0
3.861687E1	2.768047E1	-6.542206E0
3.865018E1	2.768381E1	-6.486879E0
3.868350E1	2.771685E1	-6.386047E0
3.871682E1	2.786872E1	-6.368267E0
3.875014E1	2.814695E1	-6.357463E0
3.878346E1	2.821340E1	-6.367823E0
3.881678E1	2.809700E1	-6.369760E0
3.885010E1	2.781865E1	-6.362356E0
3.888342E1	2.758484E1	-6.437378E0
3.891674E1	2.751242E1	-6.499512E0
3.895006E1	2.750069E1	-6.505335E0
3.898338E1	2.760441E1	-6.499855E0
3.901669E1	2.767670E1	-6.464961E0
3.905001E1	2.767582E1	-6.505443E0
3.908333E1	2.761116E1	-6.535825E0
3.911665E1	2.756003E1	-6.553970E0
3.914997E1	2.759701E1	-6.536280E0
3.918329E1	2.765051E1	-6.482338E0
3.921661E1	2.788596E1	-6.460675E0
3.924993E1	2.816799E1	-6.417855E0
3.928325E1	2.826792E1	-6.422720E0
3.931657E1	2.817383E1	-6.427448E0
3.934989E1	2.794371E1	-6.445437E0
3.938320E1	2.777823E1	-6.485790E0
3.941652E1	2.770745E1	-6.533910E0
3.944984E1	2.778479E1	-6.554052E0
3.948316E1	2.786570E1	-6.556642E0
3.951648E1	2.785910E1	-6.611526E0
3.954980E1	2.783261E1	-6.637229E0
3.958312E1	2.782108E1	-6.633406E0
3.961644E1	2.779754E1	-6.666302E0
3.964976E1	2.781135E1	-6.658489E0
3.968308E1	2.784166E1	-6.635184E0
3.971640E1	2.800858E1	-6.613134E0
3.974972E1	2.824767E1	-6.574703E0
3.978303E1	2.833681E1	-6.572664E0
3.981635E1	2.832618E1	-6.594072E0
3.984967E1	2.831395E1	-6.594448E0
3.988299E1	2.825303E1	-6.598804E0
3.991631E1	2.815333E1	-6.596937E0
3.994963E1	2.814148E1	-6.625828E0
3.998295E1	2.824661E1	-6.645371E0
4.001627E1	2.837583E1	-6.703904E0
4.004959E1	2.836090E1	-6.754661E0
4.008291E1	2.821652E1	-6.754755E0
4.011623E1	2.785660E1	-6.688001E0
4.014954E1	2.752069E1	-6.689753E0
4.018286E1	2.754685E1	-6.782822E0
4.021618E1	2.779907E1	-6.813453E0
4.024950E1	2.811172E1	-6.773513E0
4.028282E1	2.827914E1	-6.722508E0
4.031614E1	2.820700E1	-6.721993E0
4.034946E1	2.797824E1	-6.738138E0
4.038278E1	2.776071E1	-6.748371E0
4.041610E1	2.775675E1	-6.822205E0
4.044942E1	2.781628E1	-6.823280E0
4.048274E1	2.797263E1	-6.807482E0
4.051606E1	2.807831E1	-6.822848E0
4.054937E1	2.809270E1	-6.871034E0
4.058269E1	2.814466E1	-6.869520E0
4.061601E1	2.820947E1	-6.872860E0
4.064933E1	2.826889E1	-6.779558E0
4.068265E1	2.838857E1	-6.775302E0
4.071597E1	2.856340E1	-6.755297E0
4.074929E1	2.879545E1	-6.759644E0
4.078261E1	2.881136E1	-6.759829E0
4.081593E1	2.872863E1	-6.765849E0
4.084925E1	2.854598E1	-6.763918E0
4.088257E1	2.839824E1	-6.784313E0
4.091588E1	2.836875E1	-6.852169E0
4.094920E1	2.839086E1	-6.870657E0
4.098252E1	2.848088E1	-6.871300E0
4.101584E1	2.848901E1	-6.931012E0
4.104916E1	2.844889E1	-6.950947E0
4.108248E1	2.850965E1	-6.933363E0
4.111580E1	2.859556E1	-6.938354E0
4.114912E1	2.869584E1	-6.893073E0
4.118244E1	2.876890E1	-6.879774E0
4.121576E1	2.889205E1	-6.841543E0
4.124908E1	2.900950E1	-6.783584E0
4.128240E1	2.894456E1	-6.776336E0
4.131571E1	2.877309E1	-6.761602E0
4.134903E1	2.851178E1	-6.738576E0
4.138235E1	2.838901E1	-6.807200E0
4.141567E1	2.840384E1	-6.810091E0
4.144899E1	2.856107E1	-6.801412E0
4.148231E1	2.871741E1	-6.760911E0
4.151563E1	2.872756E1	-6.799263E0
4.154895E1	2.867298E1	-6.813053E0
4.158227E1	2.864447E1	-6.776363E0
4.161559E1	2.864257E1	-6.781532E0
4.164891E1	2.860360E1	-6.739521E0
4.168222E1	2.872803E1	-6.687345E0
4.171554E1	2.887086E1	-6.654538E0
4.174886E1	2.911252E1	-6.650095E0
4.178218E1	2.916296E1	-6.658711E0
4.181550E1	2.910866E1	-6.673776E0
4.184882E1	2.893540E1	-6.659430E0
4.188214E1	2.875814E1	-6.679883E0
4.191546E1	2.864722E1	-6.720762E0
4.194878E1	2.860552E1	-6.756395E0
4.198210E1	2.865708E1	-6.754967E0
4.201542E1	2.866161E1	-6.759755E0
4.204873E1	2.868196E1	-6.781890E0
4.208205E1	2.866914E1	-6.819292E0
4.211537E1	2.865550E1	-6.831922E0
4.214869E1	2.869658E1	-6.827255E0
4.218201E1	2.883060E1	-6.820580E0
4.221533E1	2.909799E1	-6.827347E0
4.224865E1	2.926714E1	-6.803283E0
4.228197E1	2.928950E1	-6.793940E0
4.231529E1	2.915667E1	-6.803298E0
4.234861E1	2.892936E1	-6.811805E0
4.238193E1	2.876196E1	-6.816661E0
4.241525E1	2.869836E1	-6.862821E0
4.244856E1	2.877092E1	-6.912543E0
4.248188E1	2.887333E1	-6.916652E0
4.251520E1	2.888990E1	-6.957637E0
4.254852E1	2.882744E1	-6.959142E0
4.258184E1	2.888536E1	-6.940997E0
4.261516E1	2.898666E1	-6.920221E0
4.264848E1	2.904694E1	-6.852501E0
4.268180E1	2.919198E1	-6.885048E0
4.271512E1	2.938923E1	-6.898004E0
4.274844E1	2.965899E1	-6.879057E0
4.278176E1	2.976672E1	-6.885041E0
4.281507E1	2.975574E1	-6.884557E0
4.284839E1	2.978899E1	-6.920920E0
4.288171E1	2.987283E1	-6.933089E0
4.291503E1	2.998685E1	-6.944512E0
4.294835E1	3.000787E1	-6.959317E0
4.298167E1	3.006893E1	-6.981136E0
4.301499E1	3.013677E1	-7.030407E0
4.304831E1	3.011493E1	-7.068304E0
4.308163E1	2.994688E1	-7.061626E0
4.311495E1	2.955253E1	-7.024460E0
4.314827E1	2.918289E1	-7.041029E0
4.318159E1	2.918284E1	-7.098189E0
4.321490E1	2.944296E1	-7.111636E0
4.324822E1	2.979071E1	-7.080288E0
4.328154E1	2.995160E1	-7.050439E0
4.331486E1	2.983565E1	-7.048645E0
4.334818E1	2.959496E1	-7.042709E0
4.338150E1	2.943155E1	-7.064229E0
4.341482E1	2.937609E1	-7.093742E0
4.344814E1	2.948279E1	-7.114923E0
4.348146E1	2.965891E1	-7.086666E0
4.351478E1	2.972770E1	-7.119155E0
4.354810E1	2.970650E1	-7.140824E0
4.358141E1	2.965559E1	-7.107541E0
4.361473E1	2.956798E1	-7.145177E0
4.364805E1	2.949723E1	-7.113730E0
4.368137E1	2.956076E1	-7.048420E0
4.371469E1	2.976991E1	-7.059846E0
4.374801E1	3.006115E1	-7.032992E0
4.378133E1	3.016657E1	-7.028284E0
4.381465E1	3.016809E1	-7.041497E0
4.384797E1	3.016425E1	-7.049868E0
4.388129E1	3.011131E1	-7.103178E0
4.391461E1	3.010135E1	-7.148771E0
4.394793E1	3.025994E1	-7.197784E0
4.398124E1	3.055719E1	-7.223209E0
4.401456E1	3.073753E1	-7.233049E0
4.404788E1	3.072458E1	-7.262005E0
4.408120E1	3.055357E1	-7.258820E0
4.411452E1	3.011773E1	-7.185580E0
4.414784E1	2.961557E1	-7.150443E0
4.418116E1	2.956381E1	-7.240706E0
4.421448E1	2.984405E1	-7.351606E0
4.424780E1	3.010853E1	-7.323641E0
4.428112E1	3.032954E1	-7.250384E0
4.431444E1	3.026870E1	-7.254820E0
4.434775E1	3.002584E1	-7.265937E0
4.438107E1	2.987616E1	-7.300253E0
4.441439E1	2.983906E1	-7.318595E0
4.444771E1	2.990071E1	-7.324669E0
4.448103E1	3.001552E1	-7.309878E0
4.451435E1	3.013687E1	-7.312579E0
4.454767E1	3.010369E1	-7.305591E0
4.458099E1	2.995341E1	-7.313689E0
4.461431E1	2.982824E1	-7.356019E0
4.464763E1	2.977562E1	-7.383251E0
4.468095E1	2.988182E1	-7.403093E0
4.471426E1	3.012251E1	-7.434880E0
4.474758E1	3.039428E1	-7.417658E0
4.478090E1	3.045174E1	-7.391659E0
4.481422E1	3.029748E1	-7.426432E0
4.484754E1	3.005015E1	-7.424744E0
4.488086E1	2.988551E1	-7.426211E0
4.491418E1	2.984276E1	-7.472388E0
4.494750E1	2.987944E1	-7.497245E0
4.498082E1	2.999335E1	-7.503176E0
4.501414E1	3.004289E1	-7.535450E0
4.504746E1	2.999972E1	-7.552297E0
4.508078E1	3.004078E1	-7.531655E0
4.511409E1	3.014572E1	-7.497782E0
4.514741E1	3.018274E1	-7.428027E0
4.518073E1	3.028418E1	-7.356389E0
4.521405E1	3.040201E1	-7.342444E0
4.524737E1	3.063510E1	-7.333285E0
4.528069E1	3.074163E1	-7.329618E0
4.531401E1	3.068014E1	-7.363489E0
4.534733E1	3.049489E1	-7.370525E0
4.538065E1	3.028537E1	-7.386197E0
4.541397E1	3.017714E1	-7.430682E0
4.544729E1	3.021074E1	-7.434021E0
4.548060E1	3.029140E1	-7.453043E0
4.551392E1	3.032392E1	-7.478085E0
4.554724E1	3.034584E1	-7.491469E0
4.558056E1	3.029339E1	-7.482224E0
4.561388E1	3.023386E1	-7.501183E0
4.564720E1	3.021637E1	-7.456070E0
4.568052E1	3.032557E1	-7.416483E0
4.571384E1	3.055104E1	-7.429434E0
4.574716E1	3.081710E1	-7.394897E0
4.578048E1	3.090529E1	-7.408493E0
4.581380E1	3.086337E1	-7.415447E0
4.584712E1	3.070181E1	-7.430588E0
4.588043E1	3.054951E1	-7.474096E0
4.591375E1	3.046539E1	-7.513241E0
4.594707E1	3.050403E1	-7.506358E0
4.598039E1	3.062840E1	-7.491334E0
4.601371E1	3.068064E1	-7.541309E0
4.604703E1	3.062083E1	-7.565612E0
4.608035E1	3.057563E1	-7.543550E0
4.611367E1	3.056013E1	-7.538846E0
4.614699E1	3.058923E1	-7.496649E0
4.618031E1	3.061936E1	-7.467303E0
4.621363E1	3.077963E1	-7.500373E0
4.624694E1	3.102648E1	-7.496701E0
4.628026E1	3.116393E1	-7.448933E0
4.631358E1	3.099650E1	-7.428352E0
4.634690E1	3.068225E1	-7.396521E0
4.638022E1	3.042895E1	-7.387489E0
4.641354E1	3.037922E1	-7.426152E0
4.644686E1	3.049233E1	-7.432564E0
4.648018E1	3.069104E1	-7.422203E0
4.651350E1	3.079696E1	-7.480608E0
4.654682E1	3.078407E1	-7.507291E0
4.658014E1	3.077574E1	-7.483620E0
4.661345E1	3.077296E1	-7.483545E0
4.664677E1	3.077076E1	-7.436578E0
4.668009E1	3.087298E1	-7.387181E0
4.671341E1	3.104785E1	-7.412369E0
4.674673E1	3.134604E1	-7.415878E0
4.678005E1	3.145769E1	-7.422816E0
4.681337E1	3.140002E1	-7.434777E0
4.684669E1	3.123218E1	-7.437657E0
4.688001E1	3.106847E1	-7.474187E0
4.691333E1	3.096690E1	-7.493240E0
4.694665E1	3.098720E1	-7.499374E0
4.697997E1	3.112394E1	-7.504649E0
4.701328E1	3.117676E1	-7.543963E0
4.704660E1	3.112803E1	-7.593973E0
4.707992E1	3.115746E1	-7.583561E0
4.711324E1	3.118591E1	-7.544064E0
4.714656E1	3.131232E1	-7.456573E0
4.717988E1	3.154921E1	-7.403996E0
4.721320E1	3.169918E1	-7.373152E0
4.724652E1	3.181930E1	-7.395370E0
4.727984E1	3.189376E1	-7.384041E0
4.731316E1	3.180296E1	-7.376277E0
4.734648E1	3.162637E1	-7.358950E0
4.737979E1	3.155274E1	-7.368382E0
4.741311E1	3.158031E1	-7.374982E0
4.744643E1	3.166176E1	-7.377105E0
4.747975E1	3.182539E1	-7.374608E0
4.751307E1	3.194609E1	-7.424703E0
4.754639E1	3.194806E1	-7.472007E0
4.757971E1	3.185087E1	-7.475247E0
4.761303E1	3.173607E1	-7.491298E0
4.764635E1	3.167821E1	-7.471151E0
4.767967E1	3.173538E1	-7.435066E0
4.771299E1	3.194006E1	-7.437458E0
4.774631E1	3.225262E1	-7.415412E0
4.777962E1	3.240128E1	-7.398127E0
4.781294E1	3.229754E1	-7.382004E0
4.784626E1	3.201231E1	-7.359878E0
4.787958E1	3.175173E1	-7.361083E0
4.791290E1	3.162555E1	-7.414145E0
4.794622E1	3.165159E1	-7.431114E0
4.797954E1	3.176873E1	-7.385886E0
4.801286E1	3.183170E1	-7.413873E0
4.804618E1	3.178919E1	-7.493660E0
4.807950E1	3.174426E1	-7.525457E0
4.811282E1	3.174041E1	-7.520113E0
4.814613E1	3.183034E1	-7.468223E0
4.817945E1	3.196465E1	-7.496837E0
4.821277E1	3.211847E1	-7.496611E0
4.824609E1	3.234036E1	-7.490488E0
4.827941E1	3.238830E1	-7.438388E0
4.831273E1	3.229534E1	-7.448251E0
4.834605E1	3.212708E1	-7.455679E0
4.837937E1	3.200612E1	-7.483668E0
4.841269E1	3.199733E1	-7.539412E0
4.844601E1	3.204850E1	-7.562565E0
4.847933E1	3.219154E1	-7.546286E0
4.851265E1	3.230958E1	-7.585650E0
4.854596E1	3.229682E1	-7.612556E0
4.857928E1	3.232366E1	-7.587965E0
4.861260E1	3.241910E1	-7.538446E0
4.864592E1	3.242025E1	-7.459025E0
4.867924E1	3.249811E1	-7.432273E0
4.871256E1	3.265543E1	-7.472403E0
4.874588E1	3.286955E1	-7.507272E0
4.877920E1	3.294259E1	-7.528338E0
4.881252E1	3.286418E1	-7.484081E0
4.884584E1	3.256227E1	-7.387678E0
4.887916E1	3.219674E1	-7.292214E0
4.891247E1	3.211011E1	-7.363595E0
4.894579E1	3.224056E1	-7.416809E0
4.897911E1	3.240420E1	-7.482405E0
4.901243E1	3.251901E1	-7.567822E0
4.904575E1	3.251794E1	-7.602552E0
4.907907E1	3.253222E1	-7.575166E0
4.911239E1	3.256578E1	-7.541234E0
4.914571E1	3.257804E1	-7.478887E0
4.917903E1	3.270948E1	-7.391911E0
4.921235E1	3.290395E1	-7.360045E0
4.924567E1	3.317125E1	-7.372471E0
4.927898E1	3.333639E1	-7.368780E0
4.931230E1	3.330905E1	-7.413563E0
4.934562E1	3.313652E1	-7.404308E0
4.937894E1	3.291137E1	-7.389174E0
4.941226E1	3.277947E1	-7.408945E0
4.944558E1	3.278993E1	-7.438317E0
4.947890E1	3.286945E1	-7.471648E0
4.951222E1	3.289978E1	-7.474374E0
4.954554E1	3.288425E1	-7.483573E0
4.957886E1	3.285265E1	-7.493470E0
4.961218E1	3.286368E1	-7.497611E0
4.964550E1	3.292732E1	-7.501224E0
4.967881E1	3.305150E1	-7.543501E0
4.971213E1	3.337403E1	-7.632689E0
4.974545E1	3.364571E1	-7.709400E0
4.977877E1	3.374001E1	-7.695737E0
4.981209E1	3.368641E1	-7.706299E0
4.984541E1	3.345284E1	-7.707214E0
4.987873E1	3.310319E1	-7.702720E0
4.991205E1	3.294125E1	-7.692141E0
4.994537E1	3.298154E1	-7.703982E0
4.997869E1	3.313463E1	-7.692017E0
5.001201E1	3.325438E1	-7.718429E0
5.004532E1	3.323448E1	-7.765984E0
5.007864E1	3.325752E1	-7.753734E0
5.011196E1	3.337715E1	-7.720059E0
5.014528E1	3.343321E1	-7.651950E0
5.017860E1	3.352049E1	-7.662859E0
5.021192E1	3.366574E1	-7.698653E0
5.024524E1	3.389565E1	-7.708036E0
5.027856E1	3.400706E1	-7.679084E0
5.031188E1	3.390559E1	-7.697087E0
