	mass A		
t	x	y	
0.000000E0	1.290152E-2	-3.364663E-2
3.331912E-2	7.017181E-3	-2.720685E-2
6.663825E-2	8.238400E-2	-4.679797E-2
9.995737E-2	8.221753E-2	-7.720675E-2
1.332765E-1	7.344379E-2	-5.343301E-2
1.665956E-1	2.023658E-1	-4.539725E-2
1.999147E-1	4.413325E-1	-8.194532E-2
2.332339E-1	7.764996E-1	-1.346875E-1
2.665530E-1	1.057889E0	-2.030879E-1
2.998721E-1	1.210203E0	-2.044296E-1
3.331912E-1	1.243879E0	-1.636645E-1
3.665104E-1	1.167441E0	-6.735458E-2
3.998295E-1	1.185246E0	3.622129E-3
4.331486E-1	1.251159E0	7.507887E-3
4.664677E-1	1.448206E0	-2.756851E-2
4.997869E-1	1.664325E0	-8.088201E-2
5.331060E-1	1.714067E0	-9.375203E-2
5.664251E-1	1.647037E0	-9.447779E-2
5.997442E-1	1.549204E0	-7.895591E-2
6.330634E-1	1.511175E0	-8.923854E-2
6.663825E-1	1.568283E0	-1.176793E-1
6.997016E-1	1.730876E0	-1.387032E-1
7.330207E-1	1.965397E0	-1.950758E-1
7.663399E-1	2.177046E0	-2.632581E-1
7.996590E-1	2.248706E0	-3.009409E-1
8.329781E-1	2.256449E0	-2.730058E-1
8.662972E-1	2.299857E0	-2.012054E-1
8.996164E-1	2.396698E0	-8.635058E-2
9.329355E-1	2.400827E0	-7.675550E-2
9.662546E-1	2.542546E0	-1.254796E-1
9.995737E-1	2.695872E0	-1.600031E-1
1.032893E0	2.739973E0	-1.542116E-1
1.066212E0	2.648474E0	-1.370346E-1
1.099531E0	2.571992E0	-1.331995E-1
1.132850E0	2.509635E0	-1.760256E-1
1.166169E0	2.516278E0	-1.869174E-1
1.199488E0	2.673345E0	-1.935217E-1
1.232808E0	2.906318E0	-1.953732E-1
1.266127E0	3.061306E0	-2.450452E-1
1.299446E0	3.132643E0	-2.562903E-1
1.332765E0	3.180492E0	-2.272850E-1
1.366084E0	3.145916E0	-1.897841E-1
1.399403E0	3.187796E0	-1.408921E-1
1.432722E0	3.182372E0	-1.261150E-1
1.466041E0	3.247499E0	-1.013107E-1
1.499361E0	3.415351E0	-1.763909E-1
1.532680E0	3.476751E0	-1.995654E-1
1.565999E0	3.456779E0	-1.460591E-1
1.599318E0	3.398536E0	-1.267539E-1
1.632637E0	3.426266E0	-1.537582E-1
1.665956E0	3.421035E0	-1.477932E-1
1.699275E0	3.514838E0	-1.400382E-1
1.732594E0	3.683413E0	-1.466479E-1
1.765914E0	3.764178E0	-2.070155E-1
1.799233E0	3.800511E0	-2.051251E-1
1.832552E0	3.789385E0	-1.705498E-1
1.865871E0	3.697575E0	-1.507881E-1
1.899190E0	3.687780E0	-7.568744E-2
1.932509E0	3.723897E0	-2.920134E-3
1.965828E0	3.963183E0	-2.675332E-2
1.999147E0	4.227725E0	-8.910924E-2
2.032467E0	4.268655E0	-9.966223E-2
2.065786E0	4.151872E0	-5.662613E-2
2.099105E0	4.053512E0	-5.031447E-2
2.132424E0	4.021188E0	-1.044308E-1
2.165743E0	4.012461E0	-1.297793E-1
2.199062E0	4.165146E0	-1.470484E-1
2.232381E0	4.411632E0	-1.653383E-1
2.265700E0	4.541868E0	-2.390584E-1
2.299020E0	4.575863E0	-2.407616E-1
2.332339E0	4.556907E0	-2.044527E-1
2.365658E0	4.458009E0	-1.755668E-1
2.398977E0	4.448246E0	-1.236061E-1
2.432296E0	4.511645E0	-9.423769E-2
2.465615E0	4.641568E0	-1.061379E-1
2.498934E0	4.788372E0	-1.176337E-1
2.532253E0	4.805368E0	-1.122721E-1
2.565573E0	4.733699E0	-1.375980E-1
2.598892E0	4.618526E0	-1.286440E-1
2.632211E0	4.605271E0	-1.552810E-1
2.665530E0	4.590652E0	-1.730579E-1
2.698849E0	4.734800E0	-2.106436E-1
2.732168E0	4.927998E0	-2.466508E-1
2.765487E0	5.029026E0	-3.086939E-1
2.798806E0	5.045913E0	-3.152422E-1
2.832126E0	5.020287E0	-2.759460E-1
2.865445E0	4.885088E0	-2.511736E-1
2.898764E0	4.803630E0	-1.644447E-1
2.932083E0	4.800530E0	-5.442248E-2
2.965402E0	4.942757E0	-7.189861E-2
2.998721E0	5.294212E0	-1.666835E-1
3.032040E0	5.406742E0	-2.025565E-1
3.065359E0	5.365966E0	-2.435838E-1
3.098679E0	5.290564E0	-2.502231E-1
3.131998E0	5.256991E0	-3.197033E-1
3.165317E0	5.189143E0	-3.483260E-1
3.198636E0	5.270284E0	-3.623334E-1
3.231955E0	5.481972E0	-3.671702E-1
3.265274E0	5.622558E0	-4.199394E-1
3.298593E0	5.670612E0	-4.740140E-1
3.331912E0	5.745549E0	-4.757365E-1
3.365232E0	5.689642E0	-4.575566E-1
3.398551E0	5.687994E0	-4.111789E-1
3.431870E0	5.688427E0	-4.023953E-1
3.465189E0	5.854525E0	-4.229044E-1
3.498508E0	6.079710E0	-4.387407E-1
3.531827E0	6.143656E0	-4.007906E-1
3.565146E0	6.084534E0	-4.215930E-1
3.598465E0	5.966346E0	-4.273419E-1
3.631785E0	5.921057E0	-4.709333E-1
3.665104E0	5.911704E0	-5.164826E-1
3.698423E0	6.032819E0	-5.562870E-1
3.731742E0	6.279624E0	-6.098374E-1
3.765061E0	6.422246E0	-6.636235E-1
3.798380E0	6.462990E0	-6.782250E-1
3.831699E0	6.479323E0	-6.512195E-1
3.865018E0	6.404454E0	-5.905166E-1
3.898338E0	6.322604E0	-4.906207E-1
3.931657E0	6.353562E0	-4.143296E-1
3.964976E0	6.479353E0	-4.222798E-1
3.998295E0	6.763972E0	-4.949635E-1
4.031614E0	6.756746E0	-4.706594E-1
4.064933E0	6.639419E0	-4.539530E-1
4.098252E0	6.506669E0	-4.583213E-1
4.131571E0	6.417623E0	-5.112435E-1
4.164891E0	6.381836E0	-5.445985E-1
4.198210E0	6.513217E0	-5.703523E-1
4.231529E0	6.756653E0	-6.174283E-1
4.264848E0	6.886257E0	-6.954443E-1
4.298167E0	6.950831E0	-7.127212E-1
4.331486E0	6.910671E0	-6.883335E-1
4.364805E0	6.799812E0	-6.711735E-1
4.398124E0	6.746233E0	-5.900528E-1
4.431444E0	6.798765E0	-5.287733E-1
4.464763E0	6.999771E0	-5.631429E-1
4.498082E0	7.234020E0	-5.691904E-1
4.531401E0	7.261315E0	-5.414913E-1
4.564720E0	7.191804E0	-5.297554E-1
4.598039E0	7.066024E0	-5.212532E-1
4.631358E0	7.015765E0	-5.316671E-1
4.664677E0	6.993634E0	-5.785078E-1
4.697997E0	7.084137E0	-6.667368E-1
4.731316E0	7.313424E0	-7.431031E-1
4.764635E0	7.532463E0	-8.136535E-1
4.797954E0	7.591602E0	-8.196113E-1
4.831273E0	7.613425E0	-8.062003E-1
4.864592E0	7.575925E0	-7.581054E-1
4.897911E0	7.520601E0	-6.790830E-1
4.931230E0	7.578313E0	-6.622771E-1
4.964550E0	7.691873E0	-6.131195E-1
4.997869E0	7.866552E0	-5.555749E-1
5.031188E0	7.871999E0	-5.065315E-1
5.064507E0	7.780356E0	-5.281787E-1
5.097826E0	7.634761E0	-5.375720E-1
5.131145E0	7.611802E0	-5.717234E-1
5.164464E0	7.605356E0	-5.758626E-1
5.197783E0	7.708416E0	-5.759104E-1
5.231103E0	7.861265E0	-6.033639E-1
5.264422E0	7.888645E0	-6.727524E-1
5.297741E0	7.886942E0	-6.821987E-1
5.331060E0	7.839088E0	-6.439879E-1
5.364379E0	7.689767E0	-6.337349E-1
5.397698E0	7.581426E0	-5.841138E-1
5.431017E0	7.644637E0	-5.649952E-1
5.464336E0	7.818015E0	-5.728401E-1
5.497656E0	8.028493E0	-5.308657E-1
5.530975E0	8.065474E0	-4.746183E-1
5.564294E0	7.969810E0	-4.847040E-1
5.597613E0	7.828352E0	-5.002256E-1
5.630932E0	7.828010E0	-5.284848E-1
5.664251E0	7.823568E0	-5.638697E-1
5.697570E0	7.939960E0	-5.998840E-1
5.730889E0	8.112695E0	-6.459608E-1
5.764209E0	8.208103E0	-7.060593E-1
5.797528E0	8.223465E0	-7.164401E-1
5.830847E0	8.156011E0	-6.747793E-1
5.864166E0	8.001438E0	-6.552604E-1
5.897485E0	7.864814E0	-5.629444E-1
5.930804E0	7.926950E0	-5.086438E-1
5.964123E0	8.132504E0	-5.172289E-1
5.997442E0	8.389868E0	-5.424107E-1
6.030762E0	8.390398E0	-5.242108E-1
6.064081E0	8.318470E0	-5.117984E-1
6.097400E0	8.192236E0	-5.130784E-1
6.130719E0	8.111614E0	-5.681436E-1
6.164038E0	8.051845E0	-5.789272E-1
6.197357E0	8.175439E0	-5.943402E-1
6.230676E0	8.384391E0	-6.287346E-1
6.263995E0	8.510874E0	-7.030456E-1
6.297315E0	8.537342E0	-7.027319E-1
6.330634E0	8.460120E0	-6.646616E-1
6.363953E0	8.292134E0	-6.674019E-1
6.397272E0	8.139846E0	-5.851997E-1
6.430591E0	8.193397E0	-5.487467E-1
6.463910E0	8.431232E0	-5.796535E-1
6.497229E0	8.724738E0	-5.389871E-1
6.530548E0	8.858059E0	-4.794781E-1
6.563868E0	8.843992E0	-5.121749E-1
6.597187E0	8.720102E0	-5.095164E-1
6.630506E0	8.590454E0	-4.926302E-1
6.663825E0	8.535777E0	-5.059776E-1
6.697144E0	8.662513E0	-5.765001E-1
6.730463E0	8.950668E0	-6.593226E-1
6.763782E0	9.225764E0	-7.487183E-1
6.797101E0	9.382354E0	-8.005169E-1
6.830421E0	9.264472E0	-6.756060E-1
6.863740E0	8.945739E0	-5.307247E-1
6.897059E0	8.642053E0	-5.042597E-1
6.930378E0	8.648102E0	-5.663200E-1
6.963697E0	8.828628E0	-6.250904E-1
6.997016E0	9.165014E0	-6.024866E-1
7.030335E0	9.401736E0	-5.383054E-1
7.063654E0	9.383412E0	-5.216419E-1
7.096974E0	9.236505E0	-5.276321E-1
7.130293E0	9.186555E0	-5.521461E-1
7.163612E0	9.163580E0	-6.240522E-1
7.196931E0	9.240809E0	-6.460516E-1
7.230250E0	9.481470E0	-6.918293E-1
7.263569E0	9.709352E0	-8.116337E-1
7.296888E0	9.792745E0	-8.555836E-1
7.330207E0	9.757924E0	-8.283625E-1
7.363527E0	9.639093E0	-7.912609E-1
7.396846E0	9.480805E0	-6.655224E-1
7.430165E0	9.480102E0	-6.488643E-1
7.463484E0	9.631479E0	-6.286623E-1
7.496803E0	9.825845E0	-5.731678E-1
7.530122E0	9.847763E0	-4.884008E-1
7.563441E0	9.747136E0	-4.778219E-1
7.596760E0	9.600309E0	-4.893582E-1
7.630080E0	9.556491E0	-5.249865E-1
7.663399E0	9.547977E0	-5.655180E-1
7.696718E0	9.612459E0	-5.994577E-1
7.730037E0	9.755445E0	-6.273472E-1
7.763356E0	9.836185E0	-6.903892E-1
7.796675E0	9.838125E0	-6.986508E-1
7.829994E0	9.777160E0	-6.561377E-1
7.863313E0	9.603828E0	-6.288064E-1
7.896633E0	9.502201E0	-5.413811E-1
7.929952E0	9.551722E0	-4.812826E-1
7.963271E0	9.755106E0	-5.131307E-1
7.996590E0	1.000973E1	-5.229821E-1
8.029909E0	1.006348E1	-4.729857E-1
8.063228E0	9.967599E0	-4.499451E-1
8.096547E0	9.814610E0	-4.319711E-1
8.129866E0	9.715751E0	-4.575263E-1
8.163186E0	9.675503E0	-5.142622E-1
8.196505E0	9.766526E0	-5.679383E-1
8.229824E0	9.957488E0	-6.024017E-1
8.263143E0	1.005995E1	-6.638996E-1
8.296462E0	1.010492E1	-6.930475E-1
8.329781E0	1.011183E1	-6.778751E-1
8.363100E0	1.005211E1	-6.418252E-1
8.396419E0	9.979422E0	-5.508383E-1
8.429739E0	1.000143E1	-5.338820E-1
8.463058E0	1.014354E1	-5.488636E-1
8.496377E0	1.034841E1	-5.433714E-1
8.529696E0	1.035759E1	-4.693752E-1
8.563015E0	1.026034E1	-4.645858E-1
8.596334E0	1.009404E1	-4.661268E-1
8.629653E0	1.004381E1	-5.029720E-1
8.662972E0	1.002412E1	-5.201446E-1
8.696292E0	1.012163E1	-5.413900E-1
8.729611E0	1.033558E1	-5.852886E-1
8.762930E0	1.047626E1	-6.430036E-1
8.796249E0	1.051111E1	-6.730615E-1
8.829568E0	1.047425E1	-6.376871E-1
8.862887E0	1.033156E1	-6.322131E-1
8.896206E0	1.020554E1	-5.666426E-1
8.929525E0	1.020913E1	-5.159516E-1
8.962845E0	1.035740E1	-5.142238E-1
8.996164E0	1.054308E1	-5.100279E-1
9.029483E0	1.055183E1	-4.643470E-1
9.062802E0	1.050365E1	-4.827399E-1
9.096121E0	1.037113E1	-4.687825E-1
9.129440E0	1.031614E1	-4.965116E-1
9.162759E0	1.028563E1	-5.557969E-1
9.196078E0	1.037503E1	-5.824823E-1
9.229398E0	1.054843E1	-6.234174E-1
9.262717E0	1.061635E1	-6.788320E-1
9.296036E0	1.061492E1	-6.824053E-1
9.329355E0	1.057994E1	-6.387494E-1
9.362674E0	1.047436E1	-5.552272E-1
9.395993E0	1.036124E1	-4.563441E-1
9.429312E0	1.042785E1	-4.027899E-1
9.462631E0	1.058727E1	-4.171714E-1
9.495951E0	1.087832E1	-5.189359E-1
9.529270E0	1.088763E1	-5.125827E-1
9.562589E0	1.082383E1	-5.106154E-1
9.595908E0	1.063914E1	-4.696810E-1
9.629227E0	1.048154E1	-5.081603E-1
9.662546E0	1.037413E1	-5.444024E-1
9.695865E0	1.043368E1	-5.715594E-1
9.729184E0	1.063122E1	-6.227433E-1
9.762504E0	1.077281E1	-6.686403E-1
9.795823E0	1.083110E1	-6.838264E-1
9.829142E0	1.077678E1	-6.658274E-1
9.862461E0	1.065798E1	-6.491595E-1
9.895780E0	1.051544E1	-5.686024E-1
9.929099E0	1.054887E1	-4.834839E-1
9.962418E0	1.069878E1	-4.481280E-1
9.995737E0	1.097081E1	-5.197577E-1
1.002906E1	1.097826E1	-4.983307E-1
1.006238E1	1.093719E1	-5.128883E-1
1.009569E1	1.076325E1	-4.860894E-1
1.012901E1	1.060206E1	-5.038661E-1
1.016233E1	1.051841E1	-5.648070E-1
1.019565E1	1.058012E1	-5.808432E-1
1.022897E1	1.072605E1	-6.269675E-1
1.026229E1	1.079263E1	-6.781594E-1
1.029561E1	1.078906E1	-6.818976E-1
1.032893E1	1.079611E1	-6.464580E-1
1.036225E1	1.071637E1	-6.269489E-1
1.039557E1	1.063914E1	-5.381423E-1
1.042889E1	1.065065E1	-5.106134E-1
1.046221E1	1.078800E1	-5.326038E-1
1.049552E1	1.096475E1	-5.310175E-1
1.052884E1	1.098704E1	-4.594767E-1
1.056216E1	1.088976E1	-4.645277E-1
1.059548E1	1.070021E1	-4.374810E-1
1.062880E1	1.060505E1	-4.601523E-1
1.066212E1	1.056440E1	-4.790906E-1
1.069544E1	1.058857E1	-5.046453E-1
1.072876E1	1.073823E1	-5.683892E-1
1.076208E1	1.081623E1	-6.193993E-1
1.079540E1	1.082121E1	-6.222776E-1
1.082872E1	1.077155E1	-5.822052E-1
1.086203E1	1.062966E1	-5.809157E-1
1.089535E1	1.052144E1	-5.172752E-1
1.092867E1	1.054378E1	-4.632285E-1
1.096199E1	1.071465E1	-4.728623E-1
1.099531E1	1.092762E1	-5.043983E-1
1.102863E1	1.095362E1	-4.667499E-1
1.106195E1	1.089558E1	-4.768112E-1
1.109527E1	1.074264E1	-4.534930E-1
1.112859E1	1.063199E1	-4.786446E-1
1.116191E1	1.056322E1	-5.246424E-1
1.119523E1	1.061577E1	-5.675177E-1
1.122855E1	1.077527E1	-6.224893E-1
1.126186E1	1.087720E1	-6.865080E-1
1.129518E1	1.092676E1	-6.975500E-1
1.132850E1	1.093860E1	-6.862394E-1
1.136182E1	1.098962E1	-6.778068E-1
1.139514E1	1.106044E1	-6.447423E-1
1.142846E1	1.105638E1	-6.296461E-1
1.146178E1	1.112487E1	-6.390383E-1
1.149510E1	1.132276E1	-6.289411E-1
1.152842E1	1.144916E1	-5.629385E-1
1.156174E1	1.141467E1	-5.084687E-1
1.159506E1	1.121419E1	-4.775513E-1
1.162837E1	1.076892E1	-4.559182E-1
1.166169E1	1.058128E1	-4.086663E-1
1.169501E1	1.067246E1	-4.045712E-1
1.172833E1	1.094029E1	-4.793732E-1
1.176165E1	1.111056E1	-5.265545E-1
1.179497E1	1.113021E1	-5.577649E-1
1.182829E1	1.108626E1	-5.495719E-1
1.186161E1	1.100026E1	-5.623057E-1
1.189493E1	1.093335E1	-4.630307E-1
1.192825E1	1.095228E1	-3.827073E-1
1.196157E1	1.107685E1	-4.028789E-1
1.199488E1	1.136267E1	-4.919637E-1
1.202820E1	1.144093E1	-4.868706E-1
1.206152E1	1.135378E1	-4.255024E-1
1.209484E1	1.115593E1	-3.335945E-1
1.212816E1	1.093232E1	-3.363998E-1
1.216148E1	1.077584E1	-3.658112E-1
1.219480E1	1.084434E1	-4.579281E-1
1.222812E1	1.104159E1	-5.171328E-1
1.226144E1	1.120367E1	-5.802580E-1
1.229476E1	1.121206E1	-6.024954E-1
1.232808E1	1.122452E1	-6.016639E-1
1.236140E1	1.118040E1	-5.709908E-1
1.239471E1	1.106955E1	-4.833181E-1
1.242803E1	1.109349E1	-4.010936E-1
1.246135E1	1.119628E1	-3.541663E-1
1.249467E1	1.147598E1	-4.194081E-1
1.252799E1	1.157393E1	-4.547538E-1
1.256131E1	1.151900E1	-4.651960E-1
1.259463E1	1.133890E1	-4.385425E-1
1.262795E1	1.116196E1	-4.546700E-1
1.266127E1	1.104169E1	-4.639644E-1
1.269459E1	1.110793E1	-4.936774E-1
1.272791E1	1.127270E1	-5.382039E-1
1.276122E1	1.129528E1	-5.853375E-1
1.279454E1	1.130415E1	-5.832456E-1
1.282786E1	1.124589E1	-5.313686E-1
1.286118E1	1.106897E1	-5.197758E-1
1.289450E1	1.092239E1	-4.472779E-1
1.292782E1	1.094558E1	-4.128000E-1
1.296114E1	1.114424E1	-4.448221E-1
1.299446E1	1.140927E1	-4.795618E-1
1.302778E1	1.145282E1	-4.072025E-1
1.306110E1	1.133708E1	-3.589472E-1
1.309442E1	1.113589E1	-3.380733E-1
1.312774E1	1.101576E1	-3.612368E-1
1.316105E1	1.094804E1	-4.048322E-1
1.319437E1	1.100629E1	-4.637594E-1
1.322769E1	1.115286E1	-5.131605E-1
1.326101E1	1.117286E1	-5.735186E-1
1.329433E1	1.117133E1	-5.739727E-1
1.332765E1	1.117470E1	-5.436816E-1
1.336097E1	1.108107E1	-5.029312E-1
1.339429E1	1.101196E1	-4.184659E-1
1.342761E1	1.100617E1	-3.528926E-1
1.346093E1	1.116041E1	-3.725341E-1
1.349425E1	1.140238E1	-4.549098E-1
1.352756E1	1.148813E1	-4.422143E-1
1.356088E1	1.138275E1	-3.907770E-1
1.359420E1	1.123300E1	-3.851168E-1
1.362752E1	1.110815E1	-4.198798E-1
1.366084E1	1.101803E1	-4.791435E-1
1.369416E1	1.106081E1	-5.253250E-1
1.372748E1	1.129044E1	-5.910045E-1
1.376080E1	1.148240E1	-6.557838E-1
1.379412E1	1.151415E1	-7.114967E-1
1.382744E1	1.150137E1	-7.081799E-1
1.386076E1	1.137161E1	-6.385992E-1
1.389407E1	1.120278E1	-5.612794E-1
1.392739E1	1.116928E1	-5.535556E-1
1.396071E1	1.131402E1	-5.614929E-1
1.399403E1	1.151081E1	-5.248532E-1
1.402735E1	1.158761E1	-4.519222E-1
1.406067E1	1.151503E1	-4.323290E-1
1.409399E1	1.129032E1	-3.858643E-1
1.412731E1	1.108911E1	-3.782114E-1
1.416063E1	1.098579E1	-4.027962E-1
1.419395E1	1.102146E1	-4.518140E-1
1.422727E1	1.111293E1	-5.111917E-1
1.426059E1	1.112319E1	-5.598216E-1
1.429390E1	1.111692E1	-5.709499E-1
1.432722E1	1.106794E1	-5.694054E-1
1.436054E1	1.094914E1	-5.675578E-1
1.439386E1	1.081730E1	-5.133286E-1
1.442718E1	1.083090E1	-4.745591E-1
1.446050E1	1.099193E1	-4.772310E-1
1.449382E1	1.118470E1	-5.029236E-1
1.452714E1	1.126554E1	-4.415803E-1
1.456046E1	1.116538E1	-4.090644E-1
1.459378E1	1.095066E1	-3.893667E-1
1.462710E1	1.084205E1	-4.363435E-1
1.466041E1	1.079438E1	-4.510960E-1
1.469373E1	1.081793E1	-4.628870E-1
1.472705E1	1.096039E1	-5.354364E-1
1.476037E1	1.103957E1	-5.815043E-1
1.479369E1	1.102727E1	-6.066577E-1
1.482701E1	1.098932E1	-5.719052E-1
1.486033E1	1.089823E1	-5.651173E-1
1.489365E1	1.084121E1	-5.045713E-1
1.492697E1	1.082182E1	-4.934770E-1
1.496029E1	1.094454E1	-5.421705E-1
1.499361E1	1.112496E1	-5.440905E-1
1.502693E1	1.117963E1	-4.562807E-1
1.506024E1	1.109191E1	-4.044277E-1
1.509356E1	1.088495E1	-3.934806E-1
1.512688E1	1.079194E1	-4.301278E-1
1.516020E1	1.072590E1	-4.611227E-1
1.519352E1	1.077174E1	-4.996615E-1
1.522684E1	1.094928E1	-5.710324E-1
1.526016E1	1.100886E1	-6.372385E-1
1.529348E1	1.101593E1	-6.533487E-1
1.532680E1	1.103185E1	-6.307780E-1
1.536012E1	1.100784E1	-6.209785E-1
1.539344E1	1.097990E1	-5.747802E-1
1.542675E1	1.101704E1	-4.726629E-1
1.546007E1	1.107518E1	-4.731144E-1
1.549339E1	1.129407E1	-5.445444E-1
1.552671E1	1.135478E1	-5.156567E-1
1.556003E1	1.123301E1	-4.222407E-1
1.559335E1	1.100242E1	-3.581141E-1
1.562667E1	1.084711E1	-4.184053E-1
1.565999E1	1.075404E1	-4.541990E-1
1.569331E1	1.078966E1	-4.785090E-1
1.572663E1	1.095826E1	-5.298753E-1
1.575995E1	1.105148E1	-6.024704E-1
1.579327E1	1.107403E1	-6.340161E-1
1.582658E1	1.106574E1	-5.940290E-1
1.585990E1	1.094935E1	-5.767099E-1
1.589322E1	1.085519E1	-4.825324E-1
1.592654E1	1.085457E1	-4.196622E-1
1.595986E1	1.099566E1	-4.472792E-1
1.599318E1	1.126750E1	-5.147053E-1
1.602650E1	1.133191E1	-5.015919E-1
1.605982E1	1.122730E1	-4.464948E-1
1.609314E1	1.102476E1	-3.887043E-1
1.612646E1	1.088471E1	-4.253439E-1
1.615978E1	1.078713E1	-4.748652E-1
1.619309E1	1.081566E1	-4.956361E-1
1.622641E1	1.098656E1	-5.612195E-1
1.625973E1	1.106691E1	-6.406996E-1
1.629305E1	1.110633E1	-6.547484E-1
1.632637E1	1.110842E1	-6.275744E-1
1.635969E1	1.105162E1	-5.846216E-1
1.639301E1	1.098980E1	-5.004524E-1
1.642633E1	1.099965E1	-4.814375E-1
1.645965E1	1.111779E1	-5.247375E-1
1.649297E1	1.129904E1	-5.289678E-1
1.652629E1	1.137044E1	-4.129334E-1
1.655960E1	1.127156E1	-3.649680E-1
1.659292E1	1.098616E1	-3.307814E-1
1.662624E1	1.080574E1	-3.229240E-1
1.665956E1	1.070226E1	-3.994389E-1
1.669288E1	1.077802E1	-4.615343E-1
1.672620E1	1.094982E1	-5.280401E-1
1.675952E1	1.104876E1	-5.932403E-1
1.679284E1	1.105669E1	-6.334615E-1
1.682616E1	1.106986E1	-6.275641E-1
1.685948E1	1.105054E1	-5.905233E-1
1.689280E1	1.091623E1	-4.905721E-1
1.692612E1	1.094957E1	-4.670470E-1
1.695943E1	1.111594E1	-4.802702E-1
1.699275E1	1.132497E1	-4.987376E-1
1.702607E1	1.137853E1	-4.491338E-1
1.705939E1	1.130858E1	-4.512827E-1
1.709271E1	1.109801E1	-3.945819E-1
1.712603E1	1.094019E1	-3.952914E-1
1.715935E1	1.085408E1	-4.461450E-1
1.719267E1	1.093566E1	-5.145900E-1
1.722599E1	1.112630E1	-6.134859E-1
1.725931E1	1.128205E1	-6.983339E-1
1.729263E1	1.129448E1	-7.263490E-1
1.732594E1	1.133380E1	-7.102964E-1
1.735926E1	1.130519E1	-6.851969E-1
1.739258E1	1.121890E1	-5.784357E-1
1.742590E1	1.124084E1	-5.217084E-1
1.745922E1	1.134282E1	-5.183189E-1
1.749254E1	1.157456E1	-5.775709E-1
1.752586E1	1.167907E1	-5.139806E-1
1.755918E1	1.163449E1	-4.806805E-1
1.759250E1	1.143899E1	-4.064905E-1
1.762582E1	1.127769E1	-4.433317E-1
1.765914E1	1.116164E1	-5.049540E-1
1.769246E1	1.120422E1	-5.202775E-1
1.772577E1	1.134882E1	-5.754875E-1
1.775909E1	1.142131E1	-6.346471E-1
1.779241E1	1.145778E1	-6.537017E-1
1.782573E1	1.142928E1	-6.124770E-1
1.785905E1	1.133204E1	-5.949398E-1
1.789237E1	1.122622E1	-5.365416E-1
1.792569E1	1.116837E1	-4.449896E-1
1.795901E1	1.128497E1	-4.634948E-1
1.799233E1	1.152884E1	-5.063987E-1
1.802565E1	1.163308E1	-4.733198E-1
1.805897E1	1.152385E1	-4.124492E-1
1.809228E1	1.134256E1	-3.637116E-1
1.812560E1	1.117270E1	-4.067481E-1
1.815892E1	1.106669E1	-4.777930E-1
1.819224E1	1.109378E1	-5.111017E-1
1.822556E1	1.128752E1	-6.022879E-1
1.825888E1	1.147590E1	-6.818449E-1
1.829220E1	1.151349E1	-7.314840E-1
1.832552E1	1.151532E1	-7.223460E-1
1.835884E1	1.147260E1	-6.822846E-1
1.839216E1	1.138286E1	-6.330903E-1
1.842548E1	1.137097E1	-6.237444E-1
1.845880E1	1.148272E1	-6.239317E-1
1.849211E1	1.172597E1	-6.737687E-1
1.852543E1	1.182389E1	-6.838731E-1
1.855875E1	1.179186E1	-7.031634E-1
1.859207E1	1.164333E1	-6.731550E-1
1.862539E1	1.153947E1	-6.295973E-1
1.865871E1	1.144286E1	-6.638174E-1
1.869203E1	1.150373E1	-7.110485E-1
1.872535E1	1.164885E1	-7.455958E-1
1.875867E1	1.169515E1	-8.001580E-1
1.879199E1	1.170568E1	-7.980217E-1
1.882531E1	1.168322E1	-7.382627E-1
1.885862E1	1.160836E1	-6.961677E-1
1.889194E1	1.152891E1	-6.251845E-1
1.892526E1	1.156448E1	-6.413998E-1
1.895858E1	1.172035E1	-6.246370E-1
1.899190E1	1.194658E1	-5.710217E-1
1.902522E1	1.203331E1	-5.260999E-1
1.905854E1	1.199208E1	-5.414504E-1
1.909186E1	1.178973E1	-5.061985E-1
1.912518E1	1.164039E1	-5.187250E-1
1.915850E1	1.153631E1	-5.651880E-1
1.919182E1	1.158522E1	-5.880650E-1
1.922513E1	1.177990E1	-6.462894E-1
1.925845E1	1.187902E1	-7.208621E-1
1.929177E1	1.190052E1	-7.476159E-1
1.932509E1	1.190103E1	-6.964410E-1
1.935841E1	1.188323E1	-6.476012E-1
1.939173E1	1.185839E1	-5.986166E-1
1.942505E1	1.182011E1	-5.291930E-1
1.945837E1	1.191136E1	-5.772788E-1
1.949169E1	1.212150E1	-5.838958E-1
1.952501E1	1.228550E1	-6.105471E-1
1.955833E1	1.224876E1	-5.818627E-1
1.959165E1	1.213148E1	-5.609787E-1
1.962496E1	1.204402E1	-5.156142E-1
1.965828E1	1.196178E1	-5.341980E-1
1.969160E1	1.198713E1	-5.825566E-1
1.972492E1	1.211451E1	-6.465639E-1
1.975824E1	1.212262E1	-7.042500E-1
1.979156E1	1.206684E1	-7.192506E-1
1.982488E1	1.209180E1	-6.711483E-1
1.985820E1	1.204360E1	-6.362878E-1
1.989152E1	1.194527E1	-5.592462E-1
1.992484E1	1.196243E1	-5.055287E-1
1.995816E1	1.212066E1	-5.338135E-1
1.999147E1	1.243127E1	-6.789793E-1
2.002479E1	1.255349E1	-7.184911E-1
2.005811E1	1.254052E1	-7.313657E-1
2.009143E1	1.239724E1	-6.754863E-1
2.012475E1	1.235266E1	-6.440595E-1
2.015807E1	1.224752E1	-6.760561E-1
2.019139E1	1.225023E1	-7.309784E-1
2.022471E1	1.239562E1	-7.771537E-1
2.025803E1	1.251806E1	-8.203895E-1
2.029135E1	1.248553E1	-8.224350E-1
2.032467E1	1.246335E1	-7.882585E-1
2.035799E1	1.235094E1	-6.759667E-1
2.039130E1	1.224097E1	-5.308532E-1
2.042462E1	1.225463E1	-5.541553E-1
2.045794E1	1.243830E1	-6.045951E-1
2.049126E1	1.267538E1	-6.240419E-1
2.052458E1	1.279964E1	-6.472170E-1
2.055790E1	1.271572E1	-6.238582E-1
2.059122E1	1.252667E1	-5.694857E-1
2.062454E1	1.238290E1	-5.160245E-1
2.065786E1	1.227405E1	-5.052629E-1
2.069118E1	1.233728E1	-5.392604E-1
2.072450E1	1.250853E1	-6.228130E-1
2.075781E1	1.257931E1	-6.846412E-1
2.079113E1	1.257920E1	-6.875778E-1
2.082445E1	1.256668E1	-6.311255E-1
2.085777E1	1.246023E1	-5.967151E-1
2.089109E1	1.234515E1	-5.312605E-1
2.092441E1	1.236686E1	-5.268490E-1
2.095773E1	1.251730E1	-5.771028E-1
2.099105E1	1.273286E1	-5.235993E-1
2.102437E1	1.285675E1	-4.600437E-1
2.105769E1	1.282822E1	-4.524136E-1
2.109101E1	1.265888E1	-4.251205E-1
2.112433E1	1.255458E1	-4.509851E-1
2.115764E1	1.250112E1	-4.453387E-1
2.119096E1	1.256314E1	-4.664858E-1
2.122428E1	1.273291E1	-5.199546E-1
2.125760E1	1.283948E1	-6.101159E-1
2.129092E1	1.289150E1	-6.410364E-1
2.132424E1	1.285402E1	-5.829555E-1
2.135756E1	1.268911E1	-4.806134E-1
2.139088E1	1.256092E1	-3.922931E-1
2.142420E1	1.257034E1	-3.713691E-1
2.145752E1	1.271927E1	-4.535619E-1
2.149084E1	1.299300E1	-5.297282E-1
2.152415E1	1.310351E1	-4.645458E-1
2.155747E1	1.305072E1	-4.178320E-1
2.159079E1	1.286056E1	-4.064869E-1
2.162411E1	1.270514E1	-4.504074E-1
2.165743E1	1.261415E1	-4.490922E-1
2.169075E1	1.269953E1	-4.996030E-1
2.172407E1	1.290361E1	-5.396219E-1
2.175739E1	1.301893E1	-6.208062E-1
2.179071E1	1.307109E1	-6.468780E-1
2.182403E1	1.307436E1	-6.199002E-1
2.185735E1	1.302185E1	-5.917676E-1
2.189066E1	1.292193E1	-4.898198E-1
2.192398E1	1.297419E1	-4.498575E-1
2.195730E1	1.312660E1	-4.707503E-1
2.199062E1	1.335865E1	-5.900364E-1
2.202394E1	1.340786E1	-5.828460E-1
2.205726E1	1.339310E1	-5.837851E-1
2.209058E1	1.325086E1	-5.603741E-1
2.212390E1	1.311788E1	-5.574071E-1
2.215722E1	1.302259E1	-5.839138E-1
2.219054E1	1.306468E1	-6.242371E-1
2.222386E1	1.323174E1	-6.707792E-1
2.225718E1	1.332314E1	-7.221595E-1
2.229049E1	1.333511E1	-7.395322E-1
2.232381E1	1.324079E1	-6.871588E-1
2.235713E1	1.311173E1	-6.274854E-1
2.239045E1	1.300881E1	-5.137407E-1
2.242377E1	1.304643E1	-5.001992E-1
2.245709E1	1.322333E1	-5.749800E-1
2.249041E1	1.346226E1	-6.293906E-1
2.252373E1	1.359536E1	-6.362166E-1
2.255705E1	1.351374E1	-5.967981E-1
2.259037E1	1.334777E1	-5.262576E-1
2.262369E1	1.318181E1	-4.836765E-1
2.265700E1	1.304071E1	-4.628253E-1
2.269032E1	1.310492E1	-5.146790E-1
2.272364E1	1.329398E1	-5.797721E-1
2.275696E1	1.341117E1	-6.756776E-1
2.279028E1	1.343025E1	-6.805906E-1
2.282360E1	1.343381E1	-6.355867E-1
2.285692E1	1.334026E1	-6.211059E-1
2.289024E1	1.322716E1	-5.427419E-1
2.292356E1	1.324382E1	-4.561244E-1
2.295688E1	1.335707E1	-4.182766E-1
2.299020E1	1.361540E1	-5.527578E-1
2.302352E1	1.371868E1	-5.819560E-1
2.305683E1	1.363934E1	-5.549115E-1
2.309015E1	1.347107E1	-4.521206E-1
2.312347E1	1.327737E1	-4.156809E-1
2.315679E1	1.316364E1	-4.480881E-1
2.319011E1	1.321557E1	-4.940891E-1
2.322343E1	1.338869E1	-5.693631E-1
2.325675E1	1.352152E1	-6.784108E-1
2.329007E1	1.351652E1	-6.808089E-1
2.332339E1	1.343838E1	-6.373208E-1
2.335671E1	1.326862E1	-5.814524E-1
2.339003E1	1.315653E1	-4.647597E-1
2.342334E1	1.320538E1	-4.175889E-1
2.345666E1	1.346573E1	-5.341173E-1
2.348998E1	1.376427E1	-6.399132E-1
2.352330E1	1.386985E1	-6.675754E-1
2.355662E1	1.387652E1	-6.810397E-1
2.358994E1	1.377296E1	-6.506712E-1
2.362326E1	1.372396E1	-6.293506E-1
2.365658E1	1.362227E1	-6.451226E-1
2.368990E1	1.361979E1	-6.778481E-1
2.372322E1	1.379244E1	-7.234060E-1
2.375654E1	1.389551E1	-7.465881E-1
2.378986E1	1.387340E1	-7.446983E-1
2.382317E1	1.390439E1	-7.053818E-1
2.385649E1	1.386176E1	-6.450295E-1
2.388981E1	1.384679E1	-5.379697E-1
2.392313E1	1.385485E1	-5.724648E-1
2.395645E1	1.396686E1	-5.664729E-1
2.398977E1	1.412646E1	-5.202638E-1
2.402309E1	1.421896E1	-4.724110E-1
2.405641E1	1.416069E1	-4.470316E-1
2.408973E1	1.395641E1	-3.833977E-1
2.412305E1	1.380066E1	-3.691433E-1
2.415637E1	1.372228E1	-3.655534E-1
2.418968E1	1.378918E1	-4.162898E-1
2.422300E1	1.398482E1	-5.062666E-1
2.425632E1	1.415690E1	-6.086726E-1
2.428964E1	1.421955E1	-6.618880E-1
2.432296E1	1.423654E1	-6.261308E-1
2.435628E1	1.418036E1	-5.874344E-1
2.438960E1	1.407298E1	-5.243279E-1
2.442292E1	1.407861E1	-5.048321E-1
2.445624E1	1.422160E1	-5.101495E-1
2.448956E1	1.440382E1	-4.699562E-1
2.452288E1	1.448520E1	-4.104296E-1
2.455619E1	1.444953E1	-4.049279E-1
2.458951E1	1.428922E1	-3.575898E-1
2.462283E1	1.413515E1	-3.565845E-1
2.465615E1	1.403164E1	-3.541144E-1
2.468947E1	1.407329E1	-4.120724E-1
2.472279E1	1.424014E1	-5.081187E-1
2.475611E1	1.441222E1	-6.141731E-1
2.478943E1	1.446387E1	-6.705158E-1
2.482275E1	1.451257E1	-6.385114E-1
2.485607E1	1.448633E1	-5.972953E-1
2.488939E1	1.448857E1	-5.261374E-1
2.492271E1	1.451337E1	-5.119526E-1
2.495602E1	1.458982E1	-5.310582E-1
2.498934E1	1.487102E1	-7.312623E-1
2.502266E1	1.506853E1	-8.053353E-1
2.505598E1	1.508040E1	-7.883391E-1
2.508930E1	1.497268E1	-7.324933E-1
2.512262E1	1.491610E1	-7.204178E-1
2.515594E1	1.484573E1	-6.752046E-1
2.518926E1	1.485069E1	-6.777801E-1
2.522258E1	1.496990E1	-7.491790E-1
2.525590E1	1.500802E1	-7.883011E-1
2.528922E1	1.497345E1	-7.880874E-1
2.532253E1	1.490052E1	-6.813010E-1
2.535585E1	1.474120E1	-6.140083E-1
2.538917E1	1.462884E1	-5.365174E-1
2.542249E1	1.466380E1	-5.073753E-1
2.545581E1	1.478218E1	-5.685977E-1
2.548913E1	1.501404E1	-6.373410E-1
2.552245E1	1.513496E1	-6.772194E-1
2.555577E1	1.507276E1	-6.417370E-1
2.558909E1	1.489675E1	-5.622187E-1
2.562241E1	1.474308E1	-4.915753E-1
2.565573E1	1.461622E1	-4.857730E-1
2.568905E1	1.465268E1	-5.549176E-1
2.572236E1	1.485109E1	-6.695144E-1
2.575568E1	1.500276E1	-7.588490E-1
2.578900E1	1.500474E1	-7.797909E-1
2.582232E1	1.500870E1	-7.275929E-1
2.585564E1	1.496381E1	-6.802383E-1
2.588896E1	1.491325E1	-5.897346E-1
2.592228E1	1.494575E1	-5.837499E-1
2.595560E1	1.502052E1	-5.646144E-1
2.598892E1	1.523055E1	-5.377637E-1
2.602224E1	1.533731E1	-5.366744E-1
2.605556E1	1.529728E1	-5.335256E-1
2.608887E1	1.508851E1	-4.392877E-1
2.612219E1	1.490005E1	-4.140412E-1
2.615551E1	1.473971E1	-4.029496E-1
2.618883E1	1.474214E1	-4.720944E-1
2.622215E1	1.493879E1	-6.027601E-1
2.625547E1	1.517780E1	-7.351868E-1
2.628879E1	1.521211E1	-7.860252E-1
2.632211E1	1.518442E1	-7.563510E-1
2.635543E1	1.510107E1	-6.692093E-1
2.638875E1	1.502317E1	-5.996138E-1
2.642207E1	1.507465E1	-5.882293E-1
2.645538E1	1.520458E1	-6.118977E-1
2.648870E1	1.550757E1	-6.287136E-1
2.652202E1	1.564098E1	-6.333589E-1
2.655534E1	1.559794E1	-6.204701E-1
2.658866E1	1.542841E1	-5.354681E-1
2.662198E1	1.529185E1	-4.630687E-1
2.665530E1	1.515623E1	-4.492419E-1
2.668862E1	1.520046E1	-5.613039E-1
2.672194E1	1.535962E1	-6.754704E-1
2.675526E1	1.549481E1	-7.780603E-1
2.678858E1	1.551213E1	-8.330601E-1
2.682190E1	1.552454E1	-7.981584E-1
2.685521E1	1.545890E1	-7.182457E-1
2.688853E1	1.538793E1	-5.878626E-1
2.692185E1	1.540719E1	-6.084418E-1
2.695517E1	1.555824E1	-6.283031E-1
2.698849E1	1.578969E1	-6.067581E-1
2.702181E1	1.592032E1	-5.798768E-1
2.705513E1	1.588115E1	-5.561768E-1
2.708845E1	1.570020E1	-4.736099E-1
2.712177E1	1.551328E1	-4.179249E-1
2.715509E1	1.544795E1	-4.072243E-1
2.718841E1	1.545010E1	-4.561945E-1
2.722172E1	1.557897E1	-5.717197E-1
2.725504E1	1.563604E1	-6.318262E-1
2.728836E1	1.562871E1	-6.668945E-1
2.732168E1	1.562600E1	-6.264463E-1
2.735500E1	1.553421E1	-5.893442E-1
2.738832E1	1.545199E1	-5.260378E-1
2.742164E1	1.550668E1	-5.093615E-1
2.745496E1	1.564224E1	-5.657114E-1
2.748828E1	1.588185E1	-5.705504E-1
2.752160E1	1.599612E1	-5.444383E-1
2.755492E1	1.599913E1	-5.478375E-1
2.758824E1	1.599040E1	-5.625590E-1
2.762155E1	1.598141E1	-5.569574E-1
2.765487E1	1.595746E1	-5.159069E-1
2.768819E1	1.601108E1	-5.172120E-1
2.772151E1	1.607050E1	-5.639824E-1
2.775483E1	1.613819E1	-6.271231E-1
2.778815E1	1.611652E1	-6.400627E-1
2.782147E1	1.600025E1	-5.077265E-1
2.785479E1	1.562240E1	-2.775807E-1
2.788811E1	1.527617E1	-1.112309E-1
2.792143E1	1.522597E1	-1.708699E-1
2.795475E1	1.540612E1	-3.511102E-1
2.798806E1	1.574644E1	-4.907229E-1
2.802138E1	1.600905E1	-4.741304E-1
2.805470E1	1.600391E1	-4.308309E-1
2.808802E1	1.581186E1	-3.497539E-1
2.812134E1	1.561789E1	-3.237500E-1
2.815466E1	1.556613E1	-3.229977E-1
2.818798E1	1.556855E1	-3.706940E-1
2.822130E1	1.572971E1	-5.165049E-1
2.825462E1	1.588892E1	-6.263811E-1
2.828794E1	1.591410E1	-6.980988E-1
2.832126E1	1.589768E1	-6.709120E-1
2.835458E1	1.584971E1	-6.359349E-1
2.838789E1	1.578761E1	-5.530587E-1
2.842121E1	1.587235E1	-5.714097E-1
2.845453E1	1.597185E1	-6.003092E-1
2.848785E1	1.616866E1	-6.236365E-1
2.852117E1	1.623887E1	-6.089218E-1
2.855449E1	1.622026E1	-6.107862E-1
2.858781E1	1.610701E1	-5.816584E-1
2.862113E1	1.598111E1	-5.506604E-1
2.865445E1	1.586340E1	-5.293224E-1
2.868777E1	1.589625E1	-5.557940E-1
2.872109E1	1.601481E1	-6.477022E-1
2.875440E1	1.612617E1	-7.365016E-1
2.878772E1	1.612698E1	-7.491587E-1
2.882104E1	1.611753E1	-6.847546E-1
2.885436E1	1.605347E1	-6.386497E-1
2.888768E1	1.600591E1	-5.726625E-1
2.892100E1	1.606707E1	-5.695919E-1
2.895432E1	1.617657E1	-5.842100E-1
2.898764E1	1.632994E1	-5.496597E-1
2.902096E1	1.643347E1	-5.260213E-1
2.905428E1	1.640982E1	-5.076345E-1
2.908760E1	1.623273E1	-4.126479E-1
2.912091E1	1.601083E1	-3.749533E-1
2.915423E1	1.588764E1	-3.735549E-1
2.918755E1	1.598499E1	-4.638124E-1
2.922087E1	1.617448E1	-5.974176E-1
2.925419E1	1.636350E1	-7.179277E-1
2.928751E1	1.641471E1	-7.835402E-1
2.932083E1	1.644703E1	-7.420293E-1
2.935415E1	1.648560E1	-6.791869E-1
2.938747E1	1.646757E1	-5.508635E-1
2.942079E1	1.653425E1	-5.649679E-1
2.945411E1	1.665940E1	-6.227238E-1
2.948743E1	1.686940E1	-6.449903E-1
2.952074E1	1.701675E1	-6.909561E-1
2.955406E1	1.696696E1	-6.764327E-1
2.958738E1	1.679125E1	-6.252279E-1
2.962070E1	1.661318E1	-5.579673E-1
2.965402E1	1.646391E1	-5.910791E-1
2.968734E1	1.647068E1	-6.625189E-1
2.972066E1	1.667740E1	-7.049727E-1
2.975398E1	1.686063E1	-7.602289E-1
2.978730E1	1.689688E1	-7.853921E-1
2.982062E1	1.687056E1	-7.690789E-1
2.985394E1	1.684816E1	-7.231272E-1
2.988725E1	1.679479E1	-6.572045E-1
2.992057E1	1.678387E1	-6.625709E-1
2.995389E1	1.685309E1	-7.189056E-1
2.998721E1	1.699248E1	-6.625595E-1
3.002053E1	1.712502E1	-5.571716E-1
3.005385E1	1.718128E1	-5.005124E-1
3.008717E1	1.691945E1	-3.844288E-1
3.012049E1	1.654024E1	-3.217778E-1
3.015381E1	1.630068E1	-2.949546E-1
3.018713E1	1.630618E1	-3.722982E-1
3.022045E1	1.650625E1	-4.447355E-1
3.025377E1	1.669928E1	-5.418351E-1
3.028708E1	1.674815E1	-6.191515E-1
3.032040E1	1.669748E1	-6.228591E-1
3.035372E1	1.667836E1	-6.133710E-1
3.038704E1	1.663182E1	-5.246485E-1
3.042036E1	1.669184E1	-4.771015E-1
3.045368E1	1.682585E1	-5.078447E-1
3.048700E1	1.708851E1	-6.434993E-1
3.052032E1	1.722455E1	-6.701490E-1
3.055364E1	1.726065E1	-6.838261E-1
3.058696E1	1.718637E1	-6.401055E-1
3.062028E1	1.707491E1	-5.958474E-1
3.065359E1	1.695092E1	-6.322687E-1
3.068691E1	1.695875E1	-6.943239E-1
3.072023E1	1.708286E1	-7.512465E-1
3.075355E1	1.720980E1	-8.091933E-1
3.078687E1	1.718252E1	-8.124759E-1
3.082019E1	1.720313E1	-7.999987E-1
3.085351E1	1.720598E1	-7.090534E-1
3.088683E1	1.715219E1	-5.532574E-1
3.092015E1	1.723605E1	-5.716466E-1
3.095347E1	1.735747E1	-6.482061E-1
3.098679E1	1.756126E1	-7.217479E-1
3.102011E1	1.774708E1	-7.880923E-1
3.105342E1	1.771960E1	-7.801852E-1
3.108674E1	1.757830E1	-7.326611E-1
3.112006E1	1.745604E1	-7.109905E-1
3.115338E1	1.737399E1	-6.595321E-1
3.118670E1	1.740968E1	-7.187402E-1
3.122002E1	1.753758E1	-7.840277E-1
3.125334E1	1.760162E1	-7.973070E-1
3.128666E1	1.758613E1	-8.012585E-1
3.131998E1	1.757352E1	-7.505618E-1
3.135330E1	1.744829E1	-7.057547E-1
3.138662E1	1.736684E1	-6.092145E-1
3.141993E1	1.745079E1	-5.904634E-1
3.145325E1	1.761720E1	-6.981492E-1
3.148657E1	1.787147E1	-8.584393E-1
3.151989E1	1.803976E1	-9.202120E-1
3.155321E1	1.803176E1	-8.891434E-1
3.158653E1	1.793156E1	-8.389243E-1
3.161985E1	1.782240E1	-8.251035E-1
3.165317E1	1.773913E1	-8.060325E-1
3.168649E1	1.778299E1	-8.792630E-1
3.171981E1	1.795216E1	-9.935620E-1
3.175313E1	1.806510E1	-1.082133E0
3.178644E1	1.807719E1	-1.115343E0
3.181976E1	1.809605E1	-1.117421E0
3.185308E1	1.808342E1	-1.112996E0
3.188640E1	1.802208E1	-1.023570E0
3.191972E1	1.806865E1	-9.399775E-1
3.195304E1	1.812933E1	-8.997154E-1
3.198636E1	1.824440E1	-9.128307E-1
3.201968E1	1.826898E1	-1.008220E0
3.205300E1	1.821767E1	-9.432353E-1
3.208632E1	1.814900E1	-8.520619E-1
3.211964E1	1.807337E1	-8.232365E-1
3.215296E1	1.811785E1	-8.422739E-1
3.218627E1	1.830313E1	-8.604591E-1
3.221959E1	1.850492E1	-8.782373E-1
3.225291E1	1.859644E1	-9.047596E-1
3.228623E1	1.853921E1	-8.909377E-1
3.231955E1	1.845974E1	-8.204604E-1
3.235287E1	1.831031E1	-7.086817E-1
3.238619E1	1.819983E1	-5.548610E-1
3.241951E1	1.821911E1	-5.393837E-1
3.245283E1	1.839696E1	-6.439226E-1
3.248615E1	1.867621E1	-7.333514E-1
3.251947E1	1.892685E1	-7.962289E-1
3.255278E1	1.893710E1	-7.506285E-1
3.258610E1	1.876145E1	-6.789879E-1
3.261942E1	1.859068E1	-6.625133E-1
3.265274E1	1.849559E1	-6.573351E-1
3.268606E1	1.851923E1	-7.086162E-1
3.271938E1	1.865550E1	-7.765761E-1
3.275270E1	1.876172E1	-8.365709E-1
3.278602E1	1.875151E1	-8.223196E-1
3.281934E1	1.864075E1	-7.797282E-1
3.285266E1	1.847482E1	-7.195474E-1
3.288598E1	1.839630E1	-6.093112E-1
3.291930E1	1.842261E1	-5.990589E-1
3.295261E1	1.862322E1	-6.616557E-1
3.298593E1	1.890765E1	-7.849002E-1
3.301925E1	1.912390E1	-8.599429E-1
3.305257E1	1.911687E1	-8.174460E-1
3.308589E1	1.896881E1	-7.602594E-1
3.311921E1	1.881692E1	-7.421912E-1
3.315253E1	1.874100E1	-7.118414E-1
3.318585E1	1.878607E1	-7.574852E-1
3.321917E1	1.894900E1	-7.949379E-1
3.325249E1	1.904776E1	-8.325399E-1
3.328581E1	1.900554E1	-8.201080E-1
3.331912E1	1.891929E1	-7.401715E-1
3.335244E1	1.875053E1	-6.582918E-1
3.338576E1	1.864619E1	-5.742444E-1
3.341908E1	1.862732E1	-5.385221E-1
3.345240E1	1.877037E1	-6.227981E-1
3.348572E1	1.900295E1	-5.976740E-1
3.351904E1	1.921304E1	-6.027899E-1
3.355236E1	1.923809E1	-5.648401E-1
3.358568E1	1.907472E1	-4.867187E-1
3.361900E1	1.887391E1	-4.816494E-1
3.365232E1	1.874586E1	-5.044178E-1
3.368564E1	1.874061E1	-5.758773E-1
3.371895E1	1.888623E1	-6.941995E-1
3.375227E1	1.904281E1	-8.253682E-1
3.378559E1	1.907584E1	-8.493289E-1
3.381891E1	1.904722E1	-7.914970E-1
3.385223E1	1.900804E1	-6.855193E-1
3.388555E1	1.896228E1	-5.312815E-1
3.391887E1	1.896439E1	-5.320299E-1
3.395219E1	1.904874E1	-6.034189E-1
3.398551E1	1.919356E1	-5.744597E-1
3.401883E1	1.934324E1	-5.405447E-1
3.405215E1	1.937716E1	-4.941704E-1
3.408546E1	1.924787E1	-4.419026E-1
3.411878E1	1.912140E1	-4.464386E-1
3.415210E1	1.905209E1	-4.810220E-1
3.418542E1	1.906403E1	-5.163240E-1
3.421874E1	1.923940E1	-6.164093E-1
3.425206E1	1.944932E1	-7.185419E-1
3.428538E1	1.952682E1	-7.939810E-1
3.431870E1	1.953251E1	-7.661495E-1
3.435202E1	1.952620E1	-7.058382E-1
3.438534E1	1.951115E1	-5.663121E-1
3.441866E1	1.957684E1	-5.361849E-1
3.445197E1	1.969280E1	-6.074828E-1
3.448529E1	1.989352E1	-7.163367E-1
3.451861E1	2.004985E1	-7.792667E-1
3.455193E1	2.005013E1	-7.548504E-1
3.458525E1	1.991800E1	-6.984419E-1
3.461857E1	1.976401E1	-6.582488E-1
3.465189E1	1.968933E1	-6.451289E-1
3.468521E1	1.969003E1	-6.711369E-1
3.471853E1	1.979060E1	-7.346363E-1
3.475185E1	1.986700E1	-7.764961E-1
3.478517E1	1.981857E1	-7.745559E-1
3.481849E1	1.974402E1	-6.832119E-1
3.485180E1	1.959350E1	-6.097483E-1
3.488512E1	1.947102E1	-5.350279E-1
3.491844E1	1.951122E1	-4.667901E-1
3.495176E1	1.963000E1	-4.834662E-1
3.498508E1	1.987442E1	-5.761505E-1
3.501840E1	2.004155E1	-5.969127E-1
3.505172E1	2.009093E1	-5.959764E-1
3.508504E1	1.997717E1	-5.401692E-1
3.511836E1	1.982180E1	-5.268338E-1
3.515168E1	1.968957E1	-5.088861E-1
3.518500E1	1.969223E1	-5.390758E-1
3.521831E1	1.985963E1	-6.467269E-1
3.525163E1	1.998170E1	-7.319847E-1
3.528495E1	1.999971E1	-7.913149E-1
3.531827E1	2.001124E1	-7.510697E-1
3.535159E1	1.998293E1	-7.108503E-1
3.538491E1	1.994384E1	-5.986473E-1
3.541823E1	1.999091E1	-5.460173E-1
3.545155E1	2.012192E1	-5.794808E-1
3.548487E1	2.030439E1	-6.736599E-1
3.551819E1	2.041402E1	-7.282369E-1
3.555151E1	2.040441E1	-6.991864E-1
3.558483E1	2.030422E1	-6.747781E-1
3.561814E1	2.020987E1	-6.680868E-1
3.565146E1	2.013614E1	-6.308123E-1
3.568478E1	2.015307E1	-6.640311E-1
3.571810E1	2.024952E1	-7.261338E-1
3.575142E1	2.032455E1	-7.806421E-1
3.578474E1	2.025868E1	-7.387271E-1
3.581806E1	2.019229E1	-6.776225E-1
3.585138E1	2.006931E1	-6.401030E-1
3.588470E1	1.997429E1	-5.784468E-1
3.591802E1	1.996567E1	-5.421975E-1
3.595134E1	2.008123E1	-5.695862E-1
3.598465E1	2.025848E1	-5.166446E-1
3.601797E1	2.036972E1	-4.407677E-1
3.605129E1	2.036375E1	-4.286001E-1
3.608461E1	2.020790E1	-4.263287E-1
3.611793E1	2.004723E1	-4.348367E-1
3.615125E1	1.996511E1	-4.451238E-1
3.618457E1	1.997603E1	-4.577936E-1
3.621789E1	2.008443E1	-5.434120E-1
3.625121E1	2.015943E1	-6.137611E-1
3.628453E1	2.013368E1	-6.566611E-1
3.631785E1	2.012555E1	-6.218915E-1
3.635117E1	2.007926E1	-5.941508E-1
3.638448E1	2.008534E1	-5.571221E-1
3.641780E1	2.012849E1	-4.787181E-1
3.645112E1	2.019669E1	-4.968437E-1
3.648444E1	2.037843E1	-5.371372E-1
3.651776E1	2.048604E1	-4.885238E-1
3.655108E1	2.048133E1	-4.519908E-1
3.658440E1	2.031142E1	-3.894303E-1
3.661772E1	2.010919E1	-3.888116E-1
3.665104E1	1.997241E1	-3.860437E-1
3.668436E1	1.999333E1	-4.127884E-1
3.671768E1	2.010521E1	-4.882768E-1
3.675099E1	2.020840E1	-5.709148E-1
3.678431E1	2.019937E1	-6.150036E-1
3.681763E1	2.015532E1	-5.840123E-1
3.685095E1	2.009002E1	-5.594192E-1
3.688427E1	2.001734E1	-4.730253E-1
3.691759E1	2.009602E1	-4.062694E-1
3.695091E1	2.019392E1	-3.768373E-1
3.698423E1	2.038571E1	-4.902855E-1
3.701755E1	2.052064E1	-5.154481E-1
3.705087E1	2.049543E1	-4.821242E-1
3.708419E1	2.043156E1	-4.858347E-1
3.711750E1	2.030993E1	-5.380960E-1
3.715082E1	2.021176E1	-5.756288E-1
3.718414E1	2.020796E1	-5.625692E-1
3.721746E1	2.035119E1	-6.091098E-1
3.725078E1	2.049211E1	-6.488693E-1
3.728410E1	2.048869E1	-6.649180E-1
3.731742E1	2.036005E1	-5.579878E-1
3.735074E1	2.006324E1	-3.868711E-1
3.738406E1	1.978341E1	-2.827043E-1
3.741738E1	1.975157E1	-2.301264E-1
3.745070E1	1.992450E1	-2.223741E-1
3.748402E1	2.017638E1	-2.932817E-1
3.751733E1	2.036858E1	-3.884963E-1
3.755065E1	2.033079E1	-3.500950E-1
3.758397E1	2.020698E1	-2.765542E-1
3.761729E1	2.003056E1	-2.568620E-1
3.765061E1	1.991112E1	-2.729796E-1
3.768393E1	1.990666E1	-2.909130E-1
3.771725E1	2.002465E1	-3.684673E-1
3.775057E1	2.013382E1	-4.380744E-1
3.778389E1	2.014581E1	-5.026748E-1
3.781721E1	2.010742E1	-4.853696E-1
3.785053E1	2.002105E1	-4.531178E-1
3.788384E1	1.993157E1	-3.900141E-1
3.791716E1	1.996425E1	-3.279422E-1
3.795048E1	2.008561E1	-3.578859E-1
3.798380E1	2.031158E1	-4.387914E-1
3.801712E1	2.043648E1	-4.405131E-1
3.805044E1	2.042670E1	-4.120064E-1
3.808376E1	2.030863E1	-3.803976E-1
3.811708E1	2.016043E1	-3.759113E-1
3.815040E1	2.003961E1	-3.879553E-1
3.818372E1	2.003625E1	-4.051266E-1
3.821704E1	2.010788E1	-4.596530E-1
3.825036E1	2.015556E1	-5.101512E-1
3.828367E1	2.012898E1	-5.511900E-1
3.831699E1	2.009700E1	-5.158100E-1
3.835031E1	2.002535E1	-4.861003E-1
3.838363E1	1.993803E1	-3.956090E-1
3.841695E1	1.998875E1	-3.346498E-1
3.845027E1	2.009571E1	-2.943994E-1
3.848359E1	2.030983E1	-3.994521E-1
3.851691E1	2.048476E1	-4.390590E-1
3.855023E1	2.044830E1	-4.311532E-1
3.858355E1	2.036295E1	-4.005351E-1
3.861687E1	2.024341E1	-4.052108E-1
3.865018E1	2.012441E1	-4.187473E-1
3.868350E1	2.010542E1	-4.601259E-1
3.871682E1	2.024724E1	-5.395124E-1
3.875014E1	2.038311E1	-6.313610E-1
3.878346E1	2.041592E1	-6.752268E-1
3.881678E1	2.040670E1	-6.404869E-1
3.885010E1	2.041652E1	-6.183559E-1
3.888342E1	2.037191E1	-4.965933E-1
3.891674E1	2.041760E1	-4.496629E-1
3.895006E1	2.053397E1	-4.880910E-1
3.898338E1	2.072052E1	-5.707890E-1
3.901669E1	2.085524E1	-6.080267E-1
3.905001E1	2.087981E1	-5.964109E-1
3.908333E1	2.076278E1	-5.439140E-1
3.911665E1	2.063978E1	-5.064016E-1
3.914997E1	2.054351E1	-5.110293E-1
3.918329E1	2.052406E1	-5.415258E-1
3.921661E1	2.064104E1	-6.407565E-1
3.924993E1	2.075512E1	-6.610380E-1
3.928325E1	2.074178E1	-6.444269E-1
3.931657E1	2.064248E1	-5.552329E-1
3.934989E1	2.040338E1	-4.167065E-1
3.938321E1	2.015115E1	-3.289493E-1
3.941652E1	2.008415E1	-2.599684E-1
3.944984E1	2.023881E1	-2.240819E-1
3.948316E1	2.046858E1	-2.806091E-1
3.951648E1	2.064728E1	-3.507943E-1
3.954980E1	2.060324E1	-3.676891E-1
3.958312E1	2.048979E1	-3.146042E-1
3.961644E1	2.035362E1	-3.145706E-1
3.964976E1	2.027447E1	-3.474000E-1
3.968308E1	2.026016E1	-3.596677E-1
3.971640E1	2.038139E1	-4.388332E-1
3.974972E1	2.049243E1	-5.070117E-1
3.978303E1	2.051236E1	-5.927596E-1
3.981635E1	2.048138E1	-5.696252E-1
3.984967E1	2.040374E1	-5.185004E-1
3.988299E1	2.034119E1	-4.198326E-1
3.991631E1	2.036743E1	-4.116439E-1
3.994963E1	2.043073E1	-4.349786E-1
3.998295E1	2.058906E1	-4.913584E-1
4.001627E1	2.070843E1	-4.319974E-1
4.004959E1	2.071321E1	-3.601451E-1
4.008291E1	2.062609E1	-3.522690E-1
4.011623E1	2.056103E1	-3.785490E-1
4.014955E1	2.054118E1	-4.262213E-1
4.018286E1	2.057420E1	-4.493007E-1
4.021618E1	2.071240E1	-5.051019E-1
4.024950E1	2.082508E1	-5.696037E-1
4.028282E1	2.084614E1	-6.252512E-1
4.031614E1	2.081633E1	-6.069534E-1
4.034946E1	2.072289E1	-5.755314E-1
4.038278E1	2.063207E1	-4.804007E-1
4.041610E1	2.063763E1	-3.853302E-1
4.044942E1	2.068338E1	-3.318248E-1
4.048274E1	2.086750E1	-4.946078E-1
4.051606E1	2.103258E1	-5.358493E-1
4.054937E1	2.105733E1	-4.502098E-1
4.058269E1	2.098128E1	-3.874745E-1
4.061601E1	2.087550E1	-4.236790E-1
4.064933E1	2.080646E1	-4.869474E-1
4.068265E1	2.080843E1	-4.931376E-1
4.071597E1	2.093145E1	-5.524357E-1
4.074929E1	2.101216E1	-5.957050E-1
4.078261E1	2.101219E1	-6.410092E-1
4.081593E1	2.099289E1	-6.052519E-1
4.084925E1	2.090817E1	-5.541939E-1
4.088257E1	2.083677E1	-4.863211E-1
4.091589E1	2.086064E1	-4.343052E-1
4.094920E1	2.097432E1	-4.677072E-1
4.098252E1	2.114795E1	-4.950425E-1
4.101584E1	2.128381E1	-4.279686E-1
4.104916E1	2.128523E1	-3.731083E-1
4.108248E1	2.115412E1	-3.659797E-1
4.111580E1	2.102663E1	-3.836507E-1
4.114912E1	2.097444E1	-4.146805E-1
4.118244E1	2.100003E1	-4.085281E-1
4.121576E1	2.102879E1	-4.369175E-1
4.124908E1	2.114395E1	-5.134942E-1
4.128240E1	2.114896E1	-5.596047E-1
4.131571E1	2.109080E1	-5.251520E-1
4.134903E1	2.098397E1	-4.747913E-1
4.138235E1	2.092358E1	-4.286306E-1
4.141567E1	2.090162E1	-3.714648E-1
4.144899E1	2.098830E1	-4.156252E-1
4.148231E1	2.115660E1	-4.897884E-1
4.151563E1	2.130481E1	-4.352157E-1
4.154895E1	2.129618E1	-3.870304E-1
4.158227E1	2.109514E1	-3.407480E-1
4.161559E1	2.093237E1	-3.329993E-1
4.164891E1	2.087035E1	-3.754220E-1
4.168222E1	2.087969E1	-3.957456E-1
4.171554E1	2.103078E1	-4.604320E-1
4.174886E1	2.114944E1	-5.328046E-1
4.178218E1	2.120326E1	-5.976897E-1
4.181550E1	2.121675E1	-6.010033E-1
4.184882E1	2.126523E1	-6.114693E-1
4.188214E1	2.134869E1	-6.227925E-1
4.191546E1	2.141982E1	-6.464786E-1
4.194878E1	2.148173E1	-6.570451E-1
4.198210E1	2.166127E1	-6.706748E-1
4.201542E1	2.181003E1	-5.994541E-1
4.204874E1	2.183438E1	-5.217919E-1
4.208205E1	2.168975E1	-4.666000E-1
4.211537E1	2.131158E1	-3.687903E-1
4.214869E1	2.099877E1	-3.273422E-1
4.218201E1	2.099959E1	-2.616407E-1
4.221533E1	2.116255E1	-3.365737E-1
4.224865E1	2.137910E1	-4.731382E-1
4.228197E1	2.147220E1	-5.544018E-1
4.231529E1	2.146223E1	-5.420604E-1
4.234861E1	2.144200E1	-5.488561E-1
4.238193E1	2.138435E1	-4.796868E-1
4.241525E1	2.144588E1	-4.289834E-1
4.244856E1	2.154317E1	-4.444461E-1
4.248188E1	2.176249E1	-5.388737E-1
4.251520E1	2.189506E1	-5.420708E-1
4.254852E1	2.190060E1	-4.933592E-1
4.258184E1	2.190533E1	-4.989494E-1
4.261516E1	2.186967E1	-5.250869E-1
4.264848E1	2.186929E1	-5.165347E-1
4.268180E1	2.187925E1	-5.229734E-1
4.271512E1	2.189171E1	-5.885713E-1
4.274844E1	2.194772E1	-6.561983E-1
4.278176E1	2.189476E1	-7.118831E-1
4.281508E1	2.181655E1	-6.515311E-1
4.284839E1	2.159382E1	-4.496260E-1
4.288171E1	2.124890E1	-2.552850E-1
4.291503E1	2.113948E1	-2.493711E-1
4.294835E1	2.129267E1	-3.623578E-1
4.298167E1	2.155359E1	-5.237138E-1
4.301499E1	2.176031E1	-5.497920E-1
4.304831E1	2.178465E1	-5.079794E-1
4.308163E1	2.165277E1	-4.455484E-1
4.311495E1	2.148101E1	-4.251953E-1
4.314827E1	2.138970E1	-4.743960E-1
4.318159E1	2.140215E1	-4.869984E-1
4.321490E1	2.158260E1	-5.598589E-1
4.324822E1	2.176793E1	-6.434883E-1
4.328154E1	2.184323E1	-7.314135E-1
4.331486E1	2.179759E1	-7.098507E-1
4.334818E1	2.167976E1	-6.546995E-1
4.338150E1	2.157711E1	-5.933231E-1
4.341482E1	2.161877E1	-5.031857E-1
4.344814E1	2.172181E1	-5.141479E-1
4.348146E1	2.192299E1	-5.836488E-1
4.351478E1	2.204087E1	-5.784288E-1
4.354810E1	2.199228E1	-5.336069E-1
4.358142E1	2.186989E1	-4.417887E-1
4.361473E1	2.170932E1	-4.289280E-1
4.364805E1	2.160244E1	-4.660316E-1
4.368137E1	2.158600E1	-4.725418E-1
4.371469E1	2.170155E1	-5.459713E-1
4.374801E1	2.180694E1	-6.020141E-1
4.378133E1	2.180921E1	-6.562539E-1
4.381465E1	2.180421E1	-6.288799E-1
4.384797E1	2.177210E1	-6.167071E-1
4.388129E1	2.168660E1	-5.372245E-1
4.391461E1	2.174043E1	-4.689015E-1
4.394793E1	2.188822E1	-4.668915E-1
4.398124E1	2.204813E1	-5.017955E-1
4.401456E1	2.221405E1	-5.688583E-1
4.404788E1	2.220992E1	-5.300746E-1
4.408120E1	2.224652E1	-5.665058E-1
4.411452E1	2.222261E1	-5.781278E-1
4.414784E1	2.218901E1	-6.003118E-1
4.418116E1	2.219967E1	-6.259095E-1
4.421448E1	2.234299E1	-7.106875E-1
4.424780E1	2.254979E1	-7.683435E-1
4.428112E1	2.260948E1	-7.887871E-1
4.431444E1	2.249741E1	-6.735984E-1
4.434775E1	2.217286E1	-4.244479E-1
4.438107E1	2.177447E1	-2.144478E-1
4.441439E1	2.160370E1	-2.388140E-1
4.444771E1	2.170251E1	-4.132238E-1
4.448103E1	2.195189E1	-5.690613E-1
4.451435E1	2.218672E1	-5.672909E-1
4.454767E1	2.222803E1	-5.265781E-1
4.458099E1	2.204649E1	-4.312462E-1
4.461431E1	2.183678E1	-3.828238E-1
4.464763E1	2.170286E1	-4.094575E-1
4.468095E1	2.164532E1	-3.887582E-1
4.471427E1	2.173364E1	-3.860367E-1
4.474758E1	2.192578E1	-4.729269E-1
4.478090E1	2.201917E1	-5.536302E-1
4.481422E1	2.200465E1	-6.080940E-1
4.484754E1	2.197548E1	-5.928460E-1
4.488086E1	2.199013E1	-5.177372E-1
4.491418E1	2.198502E1	-5.219356E-1
4.494750E1	2.205505E1	-5.879406E-1
4.498082E1	2.223791E1	-5.984418E-1
4.501414E1	2.234249E1	-5.408215E-1
4.504746E1	2.232216E1	-5.052602E-1
4.508078E1	2.224311E1	-4.604080E-1
4.511409E1	2.214954E1	-4.628828E-1
4.514741E1	2.207398E1	-4.705069E-1
4.518073E1	2.209700E1	-4.973135E-1
4.521405E1	2.217021E1	-5.973765E-1
4.524737E1	2.224926E1	-6.667163E-1
4.528069E1	2.222870E1	-6.863088E-1
4.531401E1	2.215653E1	-6.388411E-1
4.534733E1	2.204114E1	-5.744966E-1
4.538065E1	2.190988E1	-5.114095E-1
4.541397E1	2.188462E1	-4.442529E-1
4.544729E1	2.199805E1	-4.803211E-1
4.548061E1	2.218562E1	-5.352447E-1
4.551392E1	2.233447E1	-4.634743E-1
4.554724E1	2.231586E1	-3.942278E-1
4.558056E1	2.215146E1	-3.602247E-1
4.561388E1	2.196451E1	-3.214747E-1
4.564720E1	2.185840E1	-3.334430E-1
4.568052E1	2.183960E1	-3.792618E-1
4.571384E1	2.192761E1	-4.854961E-1
4.574716E1	2.209330E1	-5.990300E-1
4.578048E1	2.216345E1	-6.790240E-1
4.581380E1	2.214284E1	-6.602009E-1
4.584712E1	2.214165E1	-6.612190E-1
4.588043E1	2.210234E1	-6.001156E-1
4.591375E1	2.214884E1	-5.955739E-1
4.594707E1	2.225972E1	-6.550940E-1
4.598039E1	2.243438E1	-6.389278E-1
4.601371E1	2.263479E1	-6.552889E-1
4.604703E1	2.267913E1	-6.715281E-1
4.608035E1	2.264328E1	-7.503347E-1
4.611367E1	2.264698E1	-8.379145E-1
4.614699E1	2.267834E1	-8.821402E-1
4.618031E1	2.265044E1	-8.857056E-1
4.621363E1	2.272958E1	-9.889324E-1
4.624695E1	2.288607E1	-1.101609E0
4.628026E1	2.294212E1	-1.214167E0
4.631358E1	2.284010E1	-1.194142E0
4.634690E1	2.254477E1	-1.004057E0
4.638022E1	2.215029E1	-7.588242E-1
4.641354E1	2.196985E1	-7.223480E-1
4.644686E1	2.209886E1	-8.325410E-1
4.648018E1	2.236286E1	-8.475612E-1
4.651350E1	2.268738E1	-9.236736E-1
4.654682E1	2.275784E1	-8.942408E-1
4.658014E1	2.262701E1	-8.534961E-1
4.661346E1	2.248656E1	-8.309811E-1
4.664677E1	2.245607E1	-8.357446E-1
4.668009E1	2.248310E1	-8.507271E-1
4.671341E1	2.255998E1	-9.068773E-1
4.674673E1	2.264906E1	-9.441512E-1
4.678005E1	2.259816E1	-9.881748E-1
4.681337E1	2.255540E1	-1.006471E0
4.684669E1	2.247847E1	-9.610955E-1
4.688001E1	2.238238E1	-8.907866E-1
4.691333E1	2.237993E1	-7.449913E-1
4.694665E1	2.259273E1	-7.774011E-1
4.697997E1	2.288731E1	-8.833906E-1
4.701328E1	2.309940E1	-9.790328E-1
4.704660E1	2.307632E1	-9.729855E-1
4.707992E1	2.300376E1	-9.459229E-1
4.711324E1	2.287884E1	-9.346057E-1
4.714656E1	2.280022E1	-9.902486E-1
4.717988E1	2.282938E1	-1.048414E0
4.721320E1	2.294725E1	-1.147923E0
4.724652E1	2.305987E1	-1.226263E0
4.727984E1	2.305006E1	-1.318492E0
4.731316E1	2.300720E1	-1.327206E0
4.734648E1	2.291315E1	-1.283804E0
4.737980E1	2.279313E1	-1.273013E0
4.741311E1	2.280795E1	-1.195540E0
4.744643E1	2.299931E1	-1.200744E0
4.747975E1	2.326744E1	-1.272494E0
4.751307E1	2.343422E1	-1.374834E0
4.754639E1	2.343497E1	-1.378118E0
4.757971E1	2.333732E1	-1.376339E0
4.761303E1	2.323312E1	-1.351685E0
4.764635E1	2.312611E1	-1.372300E0
4.767967E1	2.309627E1	-1.436322E0
4.771299E1	2.317873E1	-1.451773E0
4.774631E1	2.339193E1	-1.510532E0
4.777962E1	2.345688E1	-1.630051E0
4.781294E1	2.342302E1	-1.671545E0
4.784626E1	2.336411E1	-1.677958E0
4.787958E1	2.331381E1	-1.676810E0
4.791290E1	2.331158E1	-1.650056E0
4.794622E1	2.339631E1	-1.672842E0
4.797954E1	2.359079E1	-1.757511E0
4.801286E1	2.383423E1	-1.840616E0
4.804618E1	2.383012E1	-1.828566E0
4.807950E1	2.365949E1	-1.770075E0
4.811282E1	2.346474E1	-1.715535E0
4.814614E1	2.336566E1	-1.733749E0
4.817945E1	2.332868E1	-1.760155E0
4.821277E1	2.345443E1	-1.834879E0
4.824609E1	2.366619E1	-1.947674E0
4.827941E1	2.371639E1	-2.047478E0
4.831273E1	2.372770E1	-2.056335E0
4.834605E1	2.361354E1	-2.005564E0
4.837937E1	2.346988E1	-1.948284E0
4.841269E1	2.342604E1	-1.856695E0
4.844601E1	2.348540E1	-1.884728E0
4.847933E1	2.368274E1	-1.975796E0
4.851265E1	2.391447E1	-2.098165E0
4.854596E1	2.401157E1	-2.094775E0
4.857928E1	2.392076E1	-2.048651E0
4.861260E1	2.377988E1	-2.052292E0
4.864592E1	2.367695E1	-2.108709E0
4.867924E1	2.364654E1	-2.126021E0
4.871256E1	2.378421E1	-2.206119E0
4.874588E1	2.396384E1	-2.288218E0
4.877920E1	2.399661E1	-2.381471E0
4.881252E1	2.396173E1	-2.404096E0
4.884584E1	2.394696E1	-2.425736E0
4.887916E1	2.392009E1	-2.379797E0
4.891248E1	2.393584E1	-2.344399E0
4.894579E1	2.400920E1	-2.356090E0
4.897911E1	2.420740E1	-2.423693E0
4.901243E1	2.440399E1	-2.454206E0
4.904575E1	2.449640E1	-2.376326E0
4.907907E1	2.443997E1	-2.338815E0
4.911239E1	2.429067E1	-2.338521E0
4.914571E1	2.416622E1	-2.354807E0
4.917903E1	2.409675E1	-2.423944E0
4.921235E1	2.413710E1	-2.426737E0
4.924567E1	2.434467E1	-2.464881E0
4.927899E1	2.450083E1	-2.528054E0
4.931230E1	2.451297E1	-2.601785E0
4.934562E1	2.449199E1	-2.609010E0
4.937894E1	2.448939E1	-2.606573E0
4.941226E1	2.460300E1	-2.600700E0
4.944558E1	2.476878E1	-2.628090E0
4.947890E1	2.499498E1	-2.685124E0
4.951222E1	2.509865E1	-2.724893E0
4.954554E1	2.509211E1	-2.719659E0
4.957886E1	2.499750E1	-2.709736E0
4.961218E1	2.490870E1	-2.748108E0
4.964550E1	2.485167E1	-2.813933E0
4.967881E1	2.484478E1	-2.839452E0
4.971213E1	2.492235E1	-2.864090E0
4.974545E1	2.501195E1	-2.925856E0
4.977877E1	2.500295E1	-2.994419E0
4.981209E1	2.501591E1	-3.013655E0
4.984541E1	2.498180E1	-2.999098E0
4.987873E1	2.492754E1	-3.010618E0
4.991205E1	2.493764E1	-2.984138E0
4.994537E1	2.498310E1	-2.972896E0
4.997869E1	2.517373E1	-3.080332E0
5.001201E1	2.538135E1	-3.175130E0
5.004533E1	2.545435E1	-3.172678E0
5.007864E1	2.532133E1	-3.120705E0
5.011196E1	2.518661E1	-3.117495E0
5.014528E1	2.511763E1	-3.158671E0
5.017860E1	2.511883E1	-3.173607E0
5.021192E1	2.522120E1	-3.214554E0
5.024524E1	2.533631E1	-3.269295E0
5.027856E1	2.534527E1	-3.342382E0
5.031188E1	2.531686E1	-3.332473E0
5.034520E1	2.522300E1	-3.289073E0
5.037852E1	2.510639E1	-3.276018E0
5.041184E1	2.510398E1	-3.204975E0
5.044515E1	2.528661E1	-3.179531E0
5.047847E1	2.547431E1	-3.195221E0
5.051179E1	2.566346E1	-3.272915E0
5.054511E1	2.565958E1	-3.304656E0
5.057843E1	2.556022E1	-3.268516E0
5.061175E1	2.539277E1	-3.255687E0
5.064507E1	2.526352E1	-3.284886E0
5.067839E1	2.525399E1	-3.309090E0
5.071171E1	2.529383E1	-3.346278E0
5.074503E1	2.540594E1	-3.417573E0
5.077835E1	2.542438E1	-3.499272E0
5.081167E1	2.537867E1	-3.530572E0
5.084498E1	2.530115E1	-3.540180E0
5.087830E1	2.525864E1	-3.565246E0
5.091162E1	2.527133E1	-3.504970E0
5.094494E1	2.534026E1	-3.505652E0
5.097826E1	2.553536E1	-3.586469E0
5.101158E1	2.571861E1	-3.666877E0
5.104490E1	2.572146E1	-3.648927E0
5.107822E1	2.555765E1	-3.597535E0
5.111154E1	2.538822E1	-3.573794E0
5.114486E1	2.528210E1	-3.608115E0
5.117818E1	2.526864E1	-3.661664E0
5.121149E1	2.538320E1	-3.731690E0
5.124481E1	2.551640E1	-3.834813E0
5.127813E1	2.554064E1	-3.899366E0
5.131145E1	2.554640E1	-3.926724E0
5.134477E1	2.555341E1	-3.939058E0
5.137809E1	2.552116E1	-3.921581E0
5.141141E1	2.553950E1	-3.850636E0
5.144473E1	2.567285E1	-3.880747E0
5.147805E1	2.587221E1	-3.953151E0
5.151137E1	2.600771E1	-4.009046E0
5.154469E1	2.597888E1	-3.996857E0
5.157800E1	2.586089E1	-3.961320E0
5.161132E1	2.571065E1	-3.952654E0
5.164464E1	2.562843E1	-4.000117E0
5.167796E1	2.559714E1	-4.018113E0
5.171128E1	2.566959E1	-4.056889E0
5.174460E1	2.576296E1	-4.090336E0
5.177792E1	2.576562E1	-4.170003E0
5.181124E1	2.575381E1	-4.174300E0
5.184456E1	2.572973E1	-4.167633E0
5.187788E1	2.568722E1	-4.169810E0
5.191120E1	2.568339E1	-4.086682E0
5.194452E1	2.587238E1	-4.053480E0
5.197783E1	2.605930E1	-4.067418E0
5.201115E1	2.627944E1	-4.178336E0
5.204447E1	2.627407E1	-4.200556E0
5.207779E1	2.626391E1	-4.226196E0
5.211111E1	2.619132E1	-4.269924E0
5.214443E1	2.606684E1	-4.347397E0
5.217775E1	2.606615E1	-4.403755E0
5.221107E1	2.622415E1	-4.519752E0
5.224439E1	2.647646E1	-4.640288E0
5.227771E1	2.662904E1	-4.735577E0
5.231103E1	2.657035E1	-4.720922E0
5.234434E1	2.632626E1	-4.555417E0
5.237766E1	2.593340E1	-4.325985E0
5.241098E1	2.569634E1	-4.279459E0
5.244430E1	2.584184E1	-4.438992E0
5.247762E1	2.610967E1	-4.549385E0
5.251094E1	2.641487E1	-4.628388E0
5.254426E1	2.647615E1	-4.618131E0
5.257758E1	2.633304E1	-4.555912E0
5.261090E1	2.616072E1	-4.559141E0
5.264422E1	2.600373E1	-4.574469E0
5.267754E1	2.597241E1	-4.584648E0
5.271086E1	2.602994E1	-4.603675E0
5.274417E1	2.614031E1	-4.664062E0
5.277749E1	2.614334E1	-4.733980E0
5.281081E1	2.613801E1	-4.750512E0
5.284413E1	2.608745E1	-4.746709E0
5.287745E1	2.601577E1	-4.767357E0
5.291077E1	2.601766E1	-4.714348E0
5.294409E1	2.612040E1	-4.694708E0
5.297741E1	2.630502E1	-4.750503E0
5.301073E1	2.644797E1	-4.775529E0
5.304405E1	2.641781E1	-4.734361E0
5.307737E1	2.627210E1	-4.688485E0
5.311068E1	2.612842E1	-4.683704E0
5.314400E1	2.605962E1	-4.702214E0
5.317732E1	2.604750E1	-4.736072E0
5.321064E1	2.612501E1	-4.803171E0
5.324396E1	2.622824E1	-4.852722E0
5.327728E1	2.624020E1	-4.950030E0
5.331060E1	2.622062E1	-4.949051E0
5.334392E1	2.620151E1	-4.964100E0
5.337724E1	2.612244E1	-4.948054E0
5.341056E1	2.611219E1	-4.841833E0
5.344388E1	2.632172E1	-4.804282E0
5.347720E1	2.650756E1	-4.802967E0
5.351051E1	2.672407E1	-4.888954E0
5.354383E1	2.676127E1	-4.929529E0
