	mass A		
t	x	y	
0.000000E0	1.209214E-2	-1.053167E-2
3.331913E-2	1.490145E-2	-1.200197E-2
6.663826E-2	3.077504E-3	-8.604311E-3
9.995739E-2	-4.187869E-2	-2.333521E-2
1.332765E-1	-7.868681E-2	-6.944925E-2
1.665956E-1	-8.664089E-2	-7.300279E-2
1.999148E-1	-2.772876E-3	-6.026052E-2
2.332339E-1	1.753449E-1	-4.779118E-2
2.665530E-1	4.526884E-1	-3.608745E-2
2.998722E-1	7.394266E-1	-6.190136E-2
3.331913E-1	9.554125E-1	-9.578694E-2
3.665104E-1	1.150415E0	-1.199775E-1
3.998295E-1	1.338761E0	-1.412109E-1
4.331487E-1	1.492630E0	-1.652301E-1
4.664678E-1	1.530818E0	-1.565074E-1
4.997869E-1	1.479969E0	-1.523399E-1
5.331061E-1	1.507324E0	-1.381420E-1
5.664252E-1	1.454749E0	-1.131952E-1
5.997443E-1	1.296751E0	-3.002655E-2
6.330634E-1	1.272708E0	1.707154E-2
6.663826E-1	1.399636E0	-2.054500E-2
6.997017E-1	1.585074E0	-1.000805E-1
7.330208E-1	1.789832E0	-1.517201E-1
7.663400E-1	1.937521E0	-1.224073E-1
7.996591E-1	2.078611E0	-2.765811E-2
8.329782E-1	2.180587E0	8.332042E-3
8.662973E-1	2.242848E0	4.865700E-3
8.996165E-1	2.291987E0	2.833063E-2
9.329356E-1	2.300166E0	1.232185E-2
9.662547E-1	2.300625E0	6.889393E-3
9.995739E-1	2.267279E0	-8.937396E-4
1.032893E0	2.252517E0	-3.337462E-2
1.066212E0	2.256588E0	-5.867233E-2
1.099531E0	2.292721E0	-1.209878E-1
1.132850E0	2.271326E0	-2.282794E-1
1.166169E0	2.377905E0	-2.306514E-1
1.199489E0	2.470477E0	-2.135692E-1
1.232808E0	2.579630E0	-2.023710E-1
1.266127E0	2.667715E0	-2.069079E-1
1.299446E0	2.648575E0	-2.064414E-1
1.332765E0	2.654625E0	-1.719402E-1
1.366084E0	2.759167E0	-1.383768E-1
1.399403E0	2.938696E0	-1.539086E-1
1.432723E0	3.032032E0	-2.176295E-1
1.466042E0	3.101026E0	-2.272802E-1
1.499361E0	3.064180E0	-2.206148E-1
1.532680E0	3.099031E0	-2.073644E-1
1.565999E0	3.094796E0	-1.974958E-1
1.599318E0	2.972705E0	-1.432534E-1
1.632637E0	2.928449E0	-4.997227E-2
1.665956E0	3.047800E0	-9.792497E-2
1.699276E0	3.305126E0	-1.680012E-1
1.732595E0	3.477696E0	-2.286487E-1
1.765914E0	3.577802E0	-1.751902E-1
1.799233E0	3.644969E0	-7.940817E-2
1.832552E0	3.695388E0	-2.648110E-2
1.865871E0	3.702262E0	-4.682826E-3
1.899190E0	3.700430E0	-9.241745E-3
1.932509E0	3.701690E0	-2.178156E-2
1.965829E0	3.704396E0	-2.348741E-2
1.999148E0	3.704020E0	-2.637834E-2
2.032467E0	3.745202E0	-6.370930E-2
2.065786E0	3.729624E0	-6.184668E-2
2.099105E0	3.722544E0	-6.463607E-2
2.132424E0	3.718083E0	-6.708878E-2
2.165743E0	3.714536E0	-6.764585E-2
2.199062E0	3.711901E0	-6.893138E-2
2.232382E0	3.712274E0	-6.840903E-2
2.265701E0	3.745406E0	-7.007586E-2
2.299020E0	3.796726E0	-7.169111E-2
2.332339E0	3.812149E0	-1.191695E-1
2.365658E0	3.871137E0	-1.714149E-1
2.398977E0	3.926871E0	-2.249261E-1
2.432296E0	3.942280E0	-2.557223E-1
2.465616E0	3.921442E0	-2.542130E-1
2.498935E0	3.905041E0	-2.496841E-1
2.532254E0	3.878836E0	-2.503119E-1
2.565573E0	3.704444E0	-2.019081E-1
2.598892E0	3.432006E0	-1.159813E-1
2.632211E0	3.184199E0	-5.492678E-3
2.665530E0	3.145039E0	-6.859878E-2
2.698849E0	3.264772E0	-1.610773E-1
2.732169E0	3.443052E0	-2.515846E-1
2.765488E0	3.711959E0	-2.465505E-1
2.798807E0	3.907984E0	-1.285390E-1
2.832126E0	4.028586E0	-6.174112E-2
2.865445E0	4.113098E0	-6.342678E-2
2.898764E0	4.146301E0	-6.068864E-2
2.932083E0	4.139615E0	-6.651116E-2
2.965402E0	4.131709E0	-6.220722E-2
2.998722E0	4.109202E0	-6.717884E-2
3.032041E0	4.092732E0	-7.421509E-2
3.065360E0	4.165728E0	-1.583095E-1
3.098679E0	4.342576E0	-2.885138E-1
3.131998E0	4.422973E0	-3.370348E-1
3.165317E0	4.341806E0	-2.707479E-1
3.198636E0	4.412808E0	-1.565421E-1
3.231955E0	4.637223E0	-1.234571E-1
3.265275E0	4.733475E0	-1.166988E-1
3.298594E0	4.753981E0	-9.813770E-2
3.331913E0	4.834956E0	-1.062160E-1
3.365232E0	4.922885E0	-1.270021E-1
3.398551E0	5.018826E0	-1.518780E-1
3.431870E0	5.039219E0	-1.831551E-1
3.465189E0	5.040014E0	-1.887456E-1
3.498508E0	5.005727E0	-1.990095E-1
3.531828E0	5.018215E0	-2.025794E-1
3.565147E0	4.961274E0	-1.956341E-1
3.598466E0	4.812889E0	-1.482037E-1
3.631785E0	4.744505E0	-5.866216E-2
3.665104E0	4.809612E0	-9.692042E-2
3.698423E0	5.024260E0	-1.577576E-1
3.731742E0	5.259673E0	-2.504816E-1
3.765062E0	5.397348E0	-2.325464E-1
3.798381E0	5.479856E0	-1.376604E-1
3.831700E0	5.551163E0	-7.599864E-2
3.865019E0	5.542074E0	-4.576105E-2
3.898338E0	5.539292E0	-6.636502E-2
3.931657E0	5.544494E0	-7.123232E-2
3.964976E0	5.542157E0	-7.016957E-2
3.998295E0	5.542624E0	-7.051443E-2
4.031615E0	5.544416E0	-7.413100E-2
4.064934E0	5.507113E0	-5.827857E-2
4.098253E0	5.449633E0	-4.793123E-2
4.131572E0	5.429087E0	-8.745724E-2
4.164891E0	5.483662E0	-1.422878E-1
4.198210E0	5.663727E0	-1.737247E-1
4.231529E0	5.830437E0	-1.486203E-1
4.264848E0	5.976256E0	-1.016642E-1
4.298168E0	6.172216E0	-7.595295E-2
4.331487E0	6.297387E0	-6.639247E-2
4.364806E0	6.397859E0	-8.352848E-2
4.398125E0	6.488898E0	-1.124804E-1
4.431444E0	6.500541E0	-1.541247E-1
4.464763E0	6.491752E0	-1.736430E-1
4.498082E0	6.466727E0	-1.862292E-1
4.531401E0	6.400613E0	-1.679223E-1
4.564721E0	6.209121E0	-1.483587E-1
4.598040E0	5.943725E0	-8.503011E-2
4.631359E0	5.658503E0	3.935171E-2
4.664678E0	5.577742E0	2.042537E-2
4.697997E0	5.663456E0	-1.097721E-1
4.731316E0	5.790366E0	-1.814187E-1
4.764635E0	5.896302E0	-1.742632E-1
4.797955E0	5.935782E0	-1.071670E-1
4.831274E0	5.941498E0	-1.201425E-1
4.864593E0	6.099005E0	-1.691897E-1
4.897912E0	6.294257E0	-1.893181E-1
4.931231E0	6.335721E0	-1.502100E-1
4.964550E0	6.373434E0	-1.121986E-1
4.997869E0	6.383594E0	-1.672178E-1
5.031188E0	6.319104E0	-1.960326E-1
5.064508E0	6.283449E0	-2.293928E-1
5.097827E0	6.288596E0	-2.826708E-1
5.131146E0	6.213674E0	-3.272093E-1
5.164465E0	6.292400E0	-3.411437E-1
5.197784E0	6.419159E0	-3.287379E-1
5.231103E0	6.551443E0	-3.203224E-1
5.264422E0	6.706307E0	-3.163247E-1
5.297741E0	6.853560E0	-3.201263E-1
5.331061E0	7.015837E0	-3.554487E-1
5.364380E0	7.172115E0	-3.821328E-1
5.397699E0	7.291714E0	-4.143604E-1
5.431018E0	7.374400E0	-4.224863E-1
5.464337E0	7.397176E0	-4.220548E-1
5.497656E0	7.369542E0	-4.260042E-1
5.530975E0	7.395829E0	-4.129659E-1
5.564294E0	7.411227E0	-3.837630E-1
5.597614E0	7.292463E0	-3.034191E-1
5.630933E0	7.284274E0	-1.995810E-1
5.664252E0	7.284869E0	-1.953253E-1
5.697571E0	7.412034E0	-2.269589E-1
5.730890E0	7.504063E0	-2.791967E-1
5.764209E0	7.514491E0	-2.715553E-1
5.797528E0	7.620328E0	-2.867493E-1
5.830847E0	7.697602E0	-2.905135E-1
5.864167E0	7.721170E0	-2.836526E-1
5.897486E0	7.808438E0	-2.866549E-1
5.930805E0	7.799366E0	-3.244485E-1
5.964124E0	7.796256E0	-3.273106E-1
5.997443E0	7.780178E0	-3.150387E-1
6.030762E0	7.733867E0	-3.297208E-1
6.064081E0	7.700646E0	-3.572947E-1
6.097401E0	7.702245E0	-4.141566E-1
6.130720E0	7.645373E0	-5.156458E-1
6.164039E0	7.720997E0	-5.203414E-1
6.197358E0	7.823872E0	-5.054532E-1
6.230677E0	7.921324E0	-5.060519E-1
6.263996E0	8.071140E0	-5.032206E-1
6.297315E0	8.096120E0	-5.068072E-1
6.330634E0	8.087610E0	-5.049893E-1
6.363954E0	8.083620E0	-5.050957E-1
6.397273E0	8.097461E0	-4.971539E-1
6.430592E0	8.188955E0	-4.915583E-1
6.463911E0	8.290194E0	-5.108039E-1
6.497230E0	8.261615E0	-5.561835E-1
6.530549E0	8.293468E0	-5.435655E-1
6.563868E0	8.344475E0	-4.999334E-1
6.597187E0	8.264885E0	-4.582026E-1
6.630507E0	8.174147E0	-3.411425E-1
6.663826E0	8.129315E0	-2.776576E-1
6.697145E0	8.283363E0	-2.868695E-1
6.730464E0	8.562108E0	-3.134329E-1
6.763783E0	8.770097E0	-3.736252E-1
6.797102E0	8.906899E0	-4.344819E-1
6.830421E0	9.022810E0	-4.545380E-1
6.863740E0	9.174401E0	-4.790218E-1
6.897060E0	9.264839E0	-5.219751E-1
6.930379E0	9.366322E0	-5.375142E-1
6.963698E0	9.407054E0	-5.611813E-1
6.997017E0	9.404476E0	-5.817100E-1
7.030336E0	9.361714E0	-5.738504E-1
7.063655E0	9.290142E0	-5.750331E-1
7.096974E0	9.308602E0	-6.687231E-1
7.130294E0	9.249398E0	-7.732500E-1
7.163613E0	9.263850E0	-7.624609E-1
7.196932E0	9.335607E0	-7.426333E-1
7.230251E0	9.384230E0	-7.461015E-1
7.263570E0	9.376941E0	-7.452141E-1
7.296889E0	9.373265E0	-7.458665E-1
7.330208E0	9.403832E0	-7.327796E-1
7.363527E0	9.565122E0	-6.851474E-1
7.396847E0	9.859612E0	-6.286122E-1
7.430166E0	1.005440E1	-6.641678E-1
7.463485E0	1.018666E1	-6.742885E-1
7.496804E0	1.022207E1	-6.768332E-1
7.530123E0	1.014848E1	-6.643508E-1
7.563442E0	1.008954E1	-6.597029E-1
7.596761E0	1.001869E1	-6.054440E-1
7.630080E0	1.002722E1	-5.128512E-1
7.663400E0	1.004107E1	-5.007989E-1
7.696719E0	1.015654E1	-5.197158E-1
7.730038E0	1.038467E1	-5.334262E-1
7.763357E0	1.063016E1	-5.307149E-1
7.796676E0	1.077929E1	-5.461630E-1
7.829995E0	1.092032E1	-5.591510E-1
7.863314E0	1.103197E1	-5.918556E-1
7.896633E0	1.109794E1	-5.834826E-1
7.929953E0	1.115567E1	-5.796606E-1
7.963272E0	1.118305E1	-5.846731E-1
7.996591E0	1.115467E1	-6.156421E-1
8.029910E0	1.117508E1	-6.470088E-1
8.063229E0	1.117270E1	-6.497815E-1
8.096548E0	1.116300E1	-6.423298E-1
8.129867E0	1.114771E1	-6.426638E-1
8.163186E0	1.110920E1	-6.792973E-1
8.196506E0	1.109101E1	-7.058565E-1
8.229825E0	1.106672E1	-7.080359E-1
8.263144E0	1.107638E1	-7.010135E-1
8.296463E0	1.118012E1	-6.903987E-1
8.329782E0	1.136109E1	-6.848066E-1
8.363101E0	1.154413E1	-6.925371E-1
8.396420E0	1.166548E1	-7.193451E-1
8.429740E0	1.171951E1	-7.440857E-1
8.463059E0	1.170810E1	-7.732600E-1
8.496378E0	1.169501E1	-7.774455E-1
8.529697E0	1.164597E1	-7.504435E-1
8.563016E0	1.150190E1	-7.073273E-1
8.596335E0	1.124493E1	-5.894767E-1
8.629654E0	1.103737E1	-4.994883E-1
8.662973E0	1.096191E1	-5.376889E-1
8.696293E0	1.099697E1	-6.518902E-1
8.729612E0	1.119381E1	-7.377280E-1
8.762931E0	1.148341E1	-7.950539E-1
8.796250E0	1.169634E1	-7.626770E-1
8.829569E0	1.190359E1	-7.267906E-1
8.862888E0	1.200465E1	-7.268856E-1
8.896207E0	1.202527E1	-7.411343E-1
8.929526E0	1.204609E1	-7.755549E-1
8.962846E0	1.203109E1	-7.761858E-1
8.996165E0	1.204015E1	-7.779768E-1
9.029484E0	1.204285E1	-7.794093E-1
9.062803E0	1.205880E1	-7.921848E-1
9.096122E0	1.203278E1	-8.147848E-1
9.129441E0	1.197804E1	-8.600442E-1
9.162760E0	1.195480E1	-9.031639E-1
9.196079E0	1.198041E1	-9.234792E-1
9.229399E0	1.213977E1	-9.511137E-1
9.262718E0	1.232233E1	-9.785508E-1
9.296037E0	1.254577E1	-9.789908E-1
9.329356E0	1.270341E1	-9.604157E-1
9.362675E0	1.281322E1	-9.629932E-1
9.395994E0	1.290485E1	-9.886675E-1
9.429313E0	1.291075E1	-1.041206E0
9.462633E0	1.282938E1	-1.073175E0
9.495952E0	1.283706E1	-1.091629E0
9.529271E0	1.282980E1	-1.077390E0
9.562590E0	1.270267E1	-1.032156E0
9.595909E0	1.240242E1	-9.274199E-1
9.629228E0	1.196217E1	-8.069798E-1
9.662547E0	1.164159E1	-7.266627E-1
9.695866E0	1.166569E1	-8.022848E-1
9.729186E0	1.179399E1	-9.954582E-1
9.762505E0	1.198575E1	-1.098558E0
9.795824E0	1.222672E1	-1.099464E0
9.829143E0	1.241426E1	-1.057588E0
9.862462E0	1.248710E1	-1.027690E0
9.895781E0	1.250599E1	-1.053098E0
9.929100E0	1.250620E1	-1.056905E0
9.962419E0	1.250202E1	-1.048596E0
9.995739E0	1.248941E1	-1.039251E0
1.002906E1	1.244405E1	-1.012114E0
1.006238E1	1.230371E1	-1.012476E0
1.009570E1	1.218639E1	-1.035328E0
1.012902E1	1.205476E1	-1.109315E0
1.016233E1	1.205689E1	-1.112995E0
1.019565E1	1.214471E1	-1.121046E0
1.022897E1	1.230413E1	-1.151205E0
1.026229E1	1.248694E1	-1.118351E0
1.029561E1	1.268166E1	-1.138946E0
1.032893E1	1.289438E1	-1.157331E0
1.036225E1	1.306362E1	-1.162717E0
1.039557E1	1.322796E1	-1.198933E0
1.042889E1	1.332153E1	-1.237172E0
1.046221E1	1.332859E1	-1.240530E0
1.049553E1	1.331836E1	-1.239714E0
1.052884E1	1.334285E1	-1.242729E0
1.056216E1	1.334042E1	-1.204017E0
1.059548E1	1.326235E1	-1.134206E0
1.062880E1	1.326474E1	-1.076191E0
1.066212E1	1.328443E1	-1.114122E0
1.069544E1	1.329577E1	-1.176010E0
1.072876E1	1.340703E1	-1.199272E0
1.076208E1	1.366950E1	-1.187724E0
1.079540E1	1.397780E1	-1.176383E0
1.082872E1	1.416164E1	-1.172939E0
1.086204E1	1.429111E1	-1.230007E0
1.089536E1	1.436549E1	-1.283989E0
1.092867E1	1.441106E1	-1.313457E0
1.096199E1	1.441536E1	-1.319182E0
1.099531E1	1.439128E1	-1.321631E0
1.102863E1	1.437003E1	-1.330832E0
1.106195E1	1.425142E1	-1.302726E0
1.109527E1	1.421550E1	-1.334195E0
1.112859E1	1.414513E1	-1.448125E0
1.116191E1	1.411934E1	-1.448005E0
1.119523E1	1.414348E1	-1.427007E0
1.122855E1	1.429082E1	-1.450397E0
1.126187E1	1.453771E1	-1.449441E0
1.129518E1	1.482379E1	-1.475772E0
1.132850E1	1.508475E1	-1.525250E0
1.136182E1	1.524766E1	-1.531437E0
1.139514E1	1.538654E1	-1.566828E0
1.142846E1	1.549916E1	-1.596547E0
1.146178E1	1.552382E1	-1.614218E0
1.149510E1	1.552226E1	-1.614975E0
1.152842E1	1.552423E1	-1.618940E0
1.156174E1	1.553366E1	-1.630297E0
1.159506E1	1.549438E1	-1.589011E0
1.162838E1	1.547635E1	-1.514179E0
1.166169E1	1.547089E1	-1.506647E0
1.169501E1	1.549259E1	-1.515462E0
1.172833E1	1.558823E1	-1.508655E0
1.176165E1	1.568013E1	-1.495184E0
1.179497E1	1.572963E1	-1.505388E0
1.182829E1	1.586042E1	-1.537996E0
1.186161E1	1.593471E1	-1.550796E0
1.189493E1	1.600044E1	-1.551659E0
1.192825E1	1.607608E1	-1.559546E0
1.196157E1	1.608327E1	-1.590609E0
1.199489E1	1.607839E1	-1.591242E0
1.202821E1	1.604157E1	-1.579595E0
1.206152E1	1.594642E1	-1.573531E0
1.209484E1	1.591863E1	-1.647927E0
1.212816E1	1.591913E1	-1.786434E0
1.216148E1	1.588280E1	-1.814630E0
1.219480E1	1.589851E1	-1.802818E0
1.222812E1	1.602697E1	-1.804121E0
1.226144E1	1.628095E1	-1.795017E0
1.229476E1	1.654042E1	-1.803846E0
1.232808E1	1.677188E1	-1.824672E0
1.236140E1	1.692388E1	-1.829308E0
1.239472E1	1.701819E1	-1.863885E0
1.242803E1	1.702239E1	-1.894447E0
1.246135E1	1.702637E1	-1.903979E0
1.249467E1	1.702756E1	-1.906378E0
1.252799E1	1.706939E1	-1.916161E0
1.256131E1	1.706113E1	-1.915116E0
1.259463E1	1.705002E1	-1.914802E0
1.262795E1	1.706589E1	-1.920286E0
1.266127E1	1.703889E1	-1.915994E0
1.269459E1	1.706268E1	-1.943132E0
1.272791E1	1.697608E1	-1.915862E0
1.276123E1	1.686502E1	-1.899574E0
1.279455E1	1.682373E1	-1.863662E0
1.282786E1	1.685165E1	-1.811043E0
1.286118E1	1.705728E1	-1.847917E0
1.289450E1	1.727048E1	-1.908340E0
1.292782E1	1.737131E1	-1.939548E0
1.296114E1	1.736560E1	-1.920053E0
1.299446E1	1.734038E1	-1.914336E0
1.302778E1	1.732522E1	-1.915532E0
1.306110E1	1.726757E1	-1.925065E0
1.309442E1	1.710145E1	-1.945026E0
1.312774E1	1.679172E1	-2.044931E0
1.316106E1	1.651493E1	-2.000044E0
1.319437E1	1.644722E1	-1.919070E0
1.322769E1	1.655575E1	-1.887802E0
1.326101E1	1.675221E1	-1.859518E0
1.329433E1	1.704986E1	-1.875843E0
1.332765E1	1.728291E1	-1.904035E0
1.336097E1	1.749541E1	-1.940537E0
1.339429E1	1.764288E1	-1.958536E0
1.342761E1	1.766818E1	-1.996875E0
1.346093E1	1.765146E1	-1.997714E0
1.349425E1	1.767195E1	-2.006868E0
1.352757E1	1.767094E1	-2.008490E0
1.356089E1	1.766927E1	-2.008905E0
1.359420E1	1.767078E1	-2.009920E0
1.362752E1	1.768553E1	-2.020392E0
1.366084E1	1.773451E1	-2.052637E0
1.369416E1	1.784781E1	-2.085106E0
1.372748E1	1.783567E1	-2.107714E0
1.376080E1	1.782017E1	-2.104304E0
1.379412E1	1.786764E1	-2.109536E0
1.382744E1	1.806033E1	-2.106389E0
1.386076E1	1.833201E1	-2.060109E0
1.389408E1	1.849818E1	-2.077767E0
1.392740E1	1.854453E1	-2.097050E0
1.396071E1	1.851461E1	-2.093012E0
1.399403E1	1.849865E1	-2.057992E0
1.402735E1	1.848141E1	-2.047539E0
1.406067E1	1.841148E1	-2.056667E0
1.409399E1	1.809893E1	-2.045528E0
1.412731E1	1.766907E1	-2.113508E0
1.416063E1	1.726355E1	-2.138066E0
1.419395E1	1.709621E1	-2.048574E0
1.422727E1	1.718435E1	-1.958688E0
1.426059E1	1.739402E1	-1.908114E0
1.429391E1	1.755543E1	-1.910428E0
1.432723E1	1.750771E1	-1.941758E0
1.436054E1	1.750491E1	-1.945253E0
1.439386E1	1.758261E1	-1.911348E0
1.442718E1	1.773558E1	-1.904567E0
1.446050E1	1.779824E1	-1.959999E0
1.449382E1	1.775577E1	-1.992087E0
1.452714E1	1.780151E1	-1.980667E0
1.456046E1	1.776258E1	-1.928147E0
1.459378E1	1.776701E1	-1.883289E0
1.462710E1	1.777936E1	-1.796886E0
1.466042E1	1.781123E1	-1.800851E0
1.469374E1	1.793943E1	-1.844256E0
1.472705E1	1.812352E1	-1.871418E0
1.476037E1	1.832481E1	-1.877524E0
1.479369E1	1.850299E1	-1.887602E0
1.482701E1	1.868185E1	-1.942671E0
1.486033E1	1.883772E1	-1.982528E0
1.489365E1	1.898775E1	-2.018142E0
1.492697E1	1.911597E1	-2.032269E0
1.496029E1	1.916115E1	-2.022440E0
1.499361E1	1.915168E1	-2.026073E0
1.502693E1	1.908982E1	-2.022730E0
1.506025E1	1.895872E1	-2.012926E0
1.509357E1	1.884246E1	-2.039729E0
1.512688E1	1.876527E1	-2.139869E0
1.516020E1	1.859122E1	-2.178010E0
1.519352E1	1.845508E1	-2.152649E0
1.522684E1	1.849287E1	-2.152900E0
1.526016E1	1.855536E1	-2.142378E0
1.529348E1	1.867068E1	-2.150680E0
1.532680E1	1.886452E1	-2.200589E0
1.536012E1	1.900625E1	-2.215892E0
1.539344E1	1.911854E1	-2.294615E0
1.542676E1	1.922706E1	-2.334259E0
1.546008E1	1.924279E1	-2.348016E0
1.549339E1	1.916406E1	-2.343197E0
1.552671E1	1.913657E1	-2.328939E0
1.556003E1	1.905509E1	-2.282073E0
1.559335E1	1.892307E1	-2.201511E0
1.562667E1	1.877074E1	-2.067531E0
1.565999E1	1.861365E1	-2.038776E0
1.569331E1	1.858808E1	-2.115557E0
1.572663E1	1.872117E1	-2.168792E0
1.575995E1	1.906369E1	-2.223019E0
1.579327E1	1.938660E1	-2.227202E0
1.582659E1	1.961825E1	-2.250625E0
1.585991E1	1.965990E1	-2.275741E0
1.589322E1	1.963423E1	-2.275427E0
1.592654E1	1.963180E1	-2.282818E0
1.595986E1	1.963242E1	-2.286012E0
1.599318E1	1.962957E1	-2.284909E0
1.602650E1	1.956051E1	-2.246231E0
1.605982E1	1.945032E1	-2.227108E0
1.609314E1	1.936179E1	-2.242512E0
1.612646E1	1.928869E1	-2.320150E0
1.615978E1	1.928333E1	-2.320575E0
1.619310E1	1.929966E1	-2.308035E0
1.622642E1	1.944101E1	-2.347115E0
1.625973E1	1.961345E1	-2.354758E0
1.629305E1	1.978743E1	-2.384771E0
1.632637E1	1.995703E1	-2.432232E0
1.635969E1	2.008143E1	-2.484794E0
1.639301E1	2.020419E1	-2.540578E0
1.642633E1	2.034150E1	-2.554075E0
1.645965E1	2.037889E1	-2.563609E0
1.649297E1	2.036280E1	-2.553219E0
1.652629E1	2.037416E1	-2.550739E0
1.655961E1	2.038131E1	-2.528459E0
1.659293E1	2.035935E1	-2.436036E0
1.662625E1	2.035632E1	-2.325380E0
1.665956E1	2.032561E1	-2.313653E0
1.669288E1	2.034979E1	-2.367900E0
1.672620E1	2.048114E1	-2.435627E0
1.675952E1	2.076183E1	-2.474789E0
1.679284E1	2.104978E1	-2.453880E0
1.682616E1	2.128320E1	-2.501912E0
1.685948E1	2.141629E1	-2.561427E0
1.689280E1	2.149030E1	-2.587347E0
1.692612E1	2.149235E1	-2.598262E0
1.695944E1	2.149041E1	-2.588369E0
1.699276E1	2.147824E1	-2.576658E0
1.702607E1	2.139759E1	-2.553062E0
1.705939E1	2.135896E1	-2.541432E0
1.709271E1	2.132744E1	-2.586216E0
1.712603E1	2.130628E1	-2.694231E0
1.715935E1	2.126977E1	-2.702921E0
1.719267E1	2.127486E1	-2.695400E0
1.722599E1	2.141575E1	-2.709697E0
1.725931E1	2.165451E1	-2.695400E0
1.729263E1	2.192046E1	-2.670691E0
1.732595E1	2.209133E1	-2.684123E0
1.735927E1	2.215730E1	-2.712639E0
1.739259E1	2.222673E1	-2.740570E0
1.742590E1	2.227393E1	-2.747763E0
1.745922E1	2.227866E1	-2.764025E0
1.749254E1	2.227528E1	-2.765836E0
1.752586E1	2.228080E1	-2.769128E0
1.755918E1	2.228277E1	-2.765923E0
1.759250E1	2.225805E1	-2.717686E0
1.762582E1	2.225554E1	-2.647497E0
1.765914E1	2.227517E1	-2.677245E0
1.769246E1	2.231890E1	-2.709491E0
1.772578E1	2.245547E1	-2.729784E0
1.775910E1	2.257451E1	-2.713150E0
1.779241E1	2.257982E1	-2.709806E0
1.782573E1	2.255926E1	-2.711077E0
1.785905E1	2.258770E1	-2.716943E0
1.789237E1	2.267795E1	-2.737338E0
1.792569E1	2.284348E1	-2.754883E0
1.795901E1	2.294527E1	-2.725571E0
1.799233E1	2.298229E1	-2.735717E0
1.802565E1	2.291504E1	-2.754115E0
1.805897E1	2.282082E1	-2.801127E0
1.809229E1	2.274323E1	-2.828162E0
1.812561E1	2.273591E1	-2.887470E0
1.815893E1	2.267671E1	-2.900892E0
1.819224E1	2.264464E1	-2.917557E0
1.822556E1	2.273482E1	-2.937880E0
1.825888E1	2.291710E1	-2.933596E0
1.829220E1	2.314501E1	-2.931550E0
1.832552E1	2.334951E1	-2.957708E0
1.835884E1	2.352604E1	-2.980625E0
1.839216E1	2.368450E1	-3.026571E0
1.842548E1	2.380176E1	-3.100243E0
1.845880E1	2.386407E1	-3.126923E0
1.849212E1	2.384892E1	-3.120815E0
1.852544E1	2.384715E1	-3.119418E0
1.855875E1	2.384878E1	-3.118280E0
1.859207E1	2.384174E1	-3.084550E0
1.862539E1	2.381795E1	-3.054991E0
1.865871E1	2.382317E1	-3.051411E0
1.869203E1	2.382301E1	-3.044769E0
1.872535E1	2.389604E1	-3.050532E0
1.875867E1	2.413606E1	-3.090484E0
1.879199E1	2.443232E1	-3.096311E0
1.882531E1	2.466337E1	-3.100974E0
1.885863E1	2.473950E1	-3.136989E0
1.889195E1	2.479537E1	-3.165836E0
1.892527E1	2.480198E1	-3.165344E0
1.895858E1	2.479356E1	-3.134858E0
1.899190E1	2.479022E1	-3.125585E0
1.902522E1	2.477372E1	-3.135950E0
1.905854E1	2.473134E1	-3.141128E0
1.909186E1	2.453819E1	-3.123651E0
1.912518E1	2.418452E1	-3.159642E0
1.915850E1	2.384841E1	-3.185645E0
1.919182E1	2.368190E1	-3.078773E0
1.922514E1	2.379912E1	-2.982066E0
1.925846E1	2.406185E1	-2.896131E0
1.929178E1	2.439325E1	-2.887756E0
1.932509E1	2.469254E1	-2.934188E0
1.935841E1	2.485859E1	-2.974600E0
1.939173E1	2.489478E1	-2.975896E0
1.942505E1	2.488304E1	-2.977698E0
1.945837E1	2.489107E1	-2.977300E0
1.949169E1	2.489422E1	-2.977827E0
1.952501E1	2.483619E1	-3.013010E0
1.955833E1	2.479432E1	-3.043832E0
1.959165E1	2.469574E1	-3.030367E0
1.962497E1	2.463591E1	-2.966463E0
1.965829E1	2.466461E1	-2.935070E0
1.969160E1	2.472616E1	-2.958726E0
1.972492E1	2.489639E1	-3.016772E0
1.975824E1	2.512443E1	-3.046989E0
1.979156E1	2.533903E1	-3.068834E0
1.982488E1	2.555527E1	-3.118512E0
1.985820E1	2.574124E1	-3.170226E0
1.989152E1	2.592432E1	-3.206211E0
1.992484E1	2.611809E1	-3.211854E0
1.995816E1	2.627194E1	-3.218565E0
1.999148E1	2.623971E1	-3.218121E0
2.002480E1	2.613916E1	-3.214441E0
2.005812E1	2.606180E1	-3.233011E0
2.009143E1	2.596304E1	-3.305667E0
2.012475E1	2.591277E1	-3.432941E0
2.015807E1	2.587324E1	-3.451674E0
2.019139E1	2.584208E1	-3.434014E0
2.022471E1	2.592703E1	-3.450693E0
2.025803E1	2.613319E1	-3.483791E0
2.029135E1	2.626783E1	-3.503415E0
2.032467E1	2.625940E1	-3.495251E0
2.035799E1	2.625520E1	-3.495089E0
2.039131E1	2.625427E1	-3.494238E0
2.042463E1	2.625376E1	-3.493434E0
2.045794E1	2.625383E1	-3.493560E0
2.049126E1	2.625320E1	-3.493027E0
2.052458E1	2.624190E1	-3.501910E0
2.055790E1	2.624585E1	-3.499256E0
2.059122E1	2.624509E1	-3.432860E0
2.062454E1	2.626524E1	-3.377509E0
2.065786E1	2.625148E1	-3.377303E0
2.069118E1	2.627501E1	-3.433435E0
2.072450E1	2.642445E1	-3.486617E0
2.075782E1	2.666230E1	-3.510536E0
2.079114E1	2.686272E1	-3.524688E0
2.082446E1	2.704582E1	-3.530228E0
2.085777E1	2.720134E1	-3.525630E0
2.089109E1	2.733032E1	-3.555744E0
2.092441E1	2.738074E1	-3.572396E0
2.095773E1	2.736561E1	-3.570434E0
2.099105E1	2.734851E1	-3.571302E0
2.102437E1	2.732547E1	-3.586462E0
2.105769E1	2.722600E1	-3.590897E0
2.109101E1	2.715362E1	-3.596249E0
2.112433E1	2.717358E1	-3.677345E0
2.115765E1	2.723043E1	-3.690961E0
2.119097E1	2.729461E1	-3.673243E0
2.122428E1	2.740353E1	-3.638072E0
2.125760E1	2.760558E1	-3.677364E0
2.129092E1	2.781967E1	-3.696322E0
2.132424E1	2.804706E1	-3.747567E0
2.135756E1	2.822713E1	-3.807689E0
2.139088E1	2.834030E1	-3.834295E0
2.142420E1	2.837015E1	-3.854232E0
2.145752E1	2.839827E1	-3.872231E0
2.149084E1	2.839731E1	-3.874017E0
2.152416E1	2.840894E1	-3.873953E0
2.155748E1	2.843368E1	-3.819038E0
2.159080E1	2.846095E1	-3.717536E0
2.162411E1	2.847955E1	-3.583616E0
2.165743E1	2.849811E1	-3.608031E0
2.169075E1	2.848608E1	-3.662459E0
2.172407E1	2.855837E1	-3.729886E0
2.175739E1	2.876358E1	-3.749284E0
2.179071E1	2.905523E1	-3.734797E0
2.182403E1	2.930485E1	-3.746538E0
2.185735E1	2.944743E1	-3.775814E0
2.189067E1	2.956981E1	-3.833779E0
2.192399E1	2.962933E1	-3.848536E0
2.195731E1	2.963486E1	-3.847933E0
2.199062E1	2.960501E1	-3.843725E0
2.202394E1	2.957076E1	-3.850276E0
2.205726E1	2.950639E1	-3.849825E0
2.209058E1	2.944965E1	-3.868269E0
2.212390E1	2.946391E1	-3.934094E0
2.215722E1	2.941779E1	-3.927019E0
2.219054E1	2.933937E1	-3.920364E0
2.222386E1	2.935904E1	-3.938973E0
2.225718E1	2.948686E1	-3.948612E0
2.229050E1	2.968224E1	-3.947883E0
2.232382E1	2.987920E1	-3.960101E0
2.235714E1	3.001943E1	-3.993376E0
2.239045E1	3.010695E1	-4.027058E0
2.242377E1	3.015064E1	-4.062464E0
2.245709E1	3.017328E1	-4.058738E0
2.249041E1	3.015975E1	-4.052361E0
2.252373E1	3.018240E1	-4.052685E0
2.255705E1	3.022397E1	-4.029635E0
2.259037E1	3.023425E1	-3.945968E0
2.262369E1	3.027997E1	-3.843779E0
2.265701E1	3.028556E1	-3.835112E0
2.269033E1	3.028807E1	-3.875865E0
2.272365E1	3.031051E1	-3.922390E0
2.275696E1	3.033901E1	-3.936173E0
2.279028E1	3.034144E1	-3.935222E0
2.282360E1	3.034839E1	-3.936086E0
2.285692E1	3.046975E1	-3.966762E0
2.289024E1	3.073502E1	-3.960091E0
2.292356E1	3.094763E1	-3.924243E0
2.295688E1	3.102597E1	-3.917298E0
2.299020E1	3.097876E1	-3.927260E0
2.302352E1	3.089165E1	-3.968472E0
2.305684E1	3.079210E1	-3.964865E0
2.309016E1	3.069058E1	-3.961501E0
2.312348E1	3.067822E1	-4.033987E0
2.315679E1	3.067927E1	-4.069793E0
2.319011E1	3.067558E1	-4.060365E0
2.322343E1	3.077793E1	-4.081486E0
2.325675E1	3.099358E1	-4.099489E0
2.329007E1	3.121675E1	-4.087148E0
2.332339E1	3.143148E1	-4.118636E0
2.335671E1	3.157807E1	-4.151061E0
2.339003E1	3.166172E1	-4.221345E0
2.342335E1	3.170662E1	-4.238280E0
2.345667E1	3.171311E1	-4.237450E0
2.348999E1	3.170275E1	-4.233304E0
2.352330E1	3.171252E1	-4.233276E0
2.355662E1	3.174701E1	-4.204516E0
2.358994E1	3.177453E1	-4.125885E0
2.362326E1	3.182991E1	-4.047672E0
2.365658E1	3.184267E1	-4.053578E0
2.368990E1	3.179299E1	-4.095028E0
2.372322E1	3.175737E1	-4.154174E0
2.375654E1	3.182555E1	-4.187989E0
2.378986E1	3.204544E1	-4.200040E0
2.382318E1	3.235139E1	-4.174067E0
2.385650E1	3.265514E1	-4.120127E0
2.388982E1	3.288698E1	-4.156449E0
2.392313E1	3.291622E1	-4.203271E0
2.395645E1	3.291193E1	-4.208339E0
2.398977E1	3.288732E1	-4.204537E0
2.402309E1	3.286467E1	-4.203545E0
2.405641E1	3.279590E1	-4.207439E0
2.408973E1	3.269877E1	-4.217167E0
2.412305E1	3.268825E1	-4.283177E0
2.415637E1	3.266728E1	-4.308895E0
2.418969E1	3.262312E1	-4.308689E0
2.422301E1	3.271422E1	-4.330528E0
2.425633E1	3.289277E1	-4.334164E0
2.428964E1	3.310210E1	-4.347721E0
2.432296E1	3.328332E1	-4.357001E0
2.435628E1	3.340357E1	-4.361466E0
2.438960E1	3.343230E1	-4.388455E0
2.442292E1	3.342398E1	-4.403602E0
2.445624E1	3.338862E1	-4.406204E0
2.448956E1	3.338460E1	-4.405297E0
2.452288E1	3.339134E1	-4.406777E0
2.455620E1	3.338864E1	-4.406490E0
2.458952E1	3.343684E1	-4.402498E0
2.462284E1	3.347006E1	-4.380258E0
2.465616E1	3.350188E1	-4.389810E0
2.468947E1	3.349042E1	-4.393170E0
2.472279E1	3.346739E1	-4.410864E0
2.475611E1	3.359606E1	-4.438464E0
2.478943E1	3.383480E1	-4.487226E0
2.482275E1	3.402852E1	-4.527515E0
2.485607E1	3.416456E1	-4.555368E0
2.488939E1	3.422883E1	-4.558636E0
2.492271E1	3.426349E1	-4.560194E0
2.495603E1	3.424564E1	-4.529308E0
2.498935E1	3.422650E1	-4.501951E0
2.502267E1	3.421699E1	-4.499109E0
2.505598E1	3.420216E1	-4.522552E0
2.508930E1	3.409434E1	-4.529873E0
2.512262E1	3.389061E1	-4.595476E0
2.515594E1	3.364622E1	-4.595216E0
2.518926E1	3.352068E1	-4.491205E0
2.522258E1	3.357628E1	-4.399089E0
2.525590E1	3.381779E1	-4.391990E0
2.528922E1	3.404649E1	-4.397069E0
2.532254E1	3.427116E1	-4.429823E0
2.535586E1	3.444368E1	-4.436307E0
2.538918E1	3.454669E1	-4.451982E0
2.542250E1	3.455819E1	-4.473044E0
2.545581E1	3.454781E1	-4.474703E0
2.548913E1	3.453593E1	-4.473169E0
2.552245E1	3.454366E1	-4.473897E0
2.555577E1	3.456224E1	-4.453194E0
2.558909E1	3.462007E1	-4.410569E0
2.562241E1	3.470861E1	-4.326803E0
2.565573E1	3.472838E1	-4.358733E0
2.568905E1	3.470306E1	-4.366893E0
2.572237E1	3.474712E1	-4.372817E0
2.575569E1	3.478655E1	-4.347151E0
2.578901E1	3.486752E1	-4.359653E0
2.582232E1	3.504589E1	-4.372553E0
2.585564E1	3.525763E1	-4.360233E0
2.588896E1	3.540197E1	-4.374530E0
2.592228E1	3.548753E1	-4.449812E0
2.595560E1	3.551689E1	-4.452080E0
2.598892E1	3.549147E1	-4.461528E0
2.602224E1	3.544926E1	-4.449921E0
2.605556E1	3.537410E1	-4.451903E0
2.608888E1	3.525447E1	-4.460141E0
2.612220E1	3.518844E1	-4.506877E0
2.615552E1	3.515682E1	-4.532982E0
2.618884E1	3.507673E1	-4.510003E0
2.622215E1	3.511874E1	-4.522486E0
2.625547E1	3.529705E1	-4.545632E0
2.628879E1	3.550788E1	-4.561706E0
2.632211E1	3.567314E1	-4.577898E0
2.635543E1	3.572849E1	-4.594354E0
2.638875E1	3.576723E1	-4.647873E0
2.642207E1	3.579971E1	-4.690160E0
2.645539E1	3.579796E1	-4.688825E0
2.648871E1	3.579522E1	-4.682317E0
2.652203E1	3.579256E1	-4.678421E0
2.655535E1	3.580215E1	-4.679179E0
2.658866E1	3.581586E1	-4.659872E0
2.662198E1	3.585026E1	-4.631129E0
2.665530E1	3.585661E1	-4.607977E0
2.668862E1	3.582192E1	-4.596728E0
2.672194E1	3.584330E1	-4.608466E0
2.675526E1	3.607407E1	-4.655576E0
2.678858E1	3.637713E1	-4.665062E0
2.682190E1	3.662453E1	-4.680908E0
2.685522E1	3.672820E1	-4.725902E0
2.688854E1	3.679789E1	-4.776096E0
2.692186E1	3.684761E1	-4.805141E0
2.695517E1	3.685902E1	-4.786186E0
2.698849E1	3.686550E1	-4.760879E0
2.702181E1	3.685757E1	-4.758938E0
2.705513E1	3.678000E1	-4.740822E0
2.708845E1	3.657590E1	-4.700302E0
2.712177E1	3.627038E1	-4.733121E0
2.715509E1	3.594812E1	-4.772708E0
2.718841E1	3.574598E1	-4.672574E0
2.722173E1	3.579568E1	-4.553779E0
2.725505E1	3.604414E1	-4.480885E0
2.728837E1	3.633299E1	-4.493292E0
2.732169E1	3.659629E1	-4.567160E0
2.735500E1	3.678380E1	-4.625052E0
2.738832E1	3.681215E1	-4.624531E0
2.742164E1	3.679683E1	-4.627544E0
2.745496E1	3.678668E1	-4.639787E0
2.748828E1	3.670089E1	-4.673930E0
2.752160E1	3.672245E1	-4.684835E0
2.755492E1	3.677993E1	-4.662091E0
2.758824E1	3.679268E1	-4.589354E0
2.762156E1	3.686232E1	-4.483138E0
2.765488E1	3.692459E1	-4.404676E0
2.768820E1	3.694711E1	-4.438915E0
2.772151E1	3.701209E1	-4.483211E0
2.775483E1	3.719287E1	-4.531352E0
2.778815E1	3.737748E1	-4.515020E0
2.782147E1	3.761993E1	-4.477056E0
2.785479E1	3.781927E1	-4.482372E0
2.788811E1	3.796762E1	-4.585398E0
2.792143E1	3.805691E1	-4.649989E0
2.795475E1	3.807485E1	-4.662632E0
2.798807E1	3.805228E1	-4.671410E0
2.802139E1	3.803236E1	-4.673597E0
2.805471E1	3.791754E1	-4.663861E0
2.808803E1	3.774233E1	-4.672064E0
2.812134E1	3.763238E1	-4.748839E0
2.815466E1	3.760601E1	-4.801549E0
2.818798E1	3.750338E1	-4.751168E0
2.822130E1	3.750815E1	-4.743321E0
2.825462E1	3.753629E1	-4.738612E0
2.828794E1	3.750850E1	-4.728641E0
2.832126E1	3.755219E1	-4.728305E0
2.835458E1	3.769897E1	-4.712750E0
2.838790E1	3.792787E1	-4.774834E0
2.842122E1	3.807338E1	-4.869889E0
2.845454E1	3.812693E1	-4.907527E0
2.848785E1	3.813500E1	-4.889175E0
2.852117E1	3.812721E1	-4.863975E0
2.855449E1	3.813488E1	-4.840350E0
2.858781E1	3.818762E1	-4.805653E0
2.862113E1	3.829800E1	-4.703598E0
2.865445E1	3.840500E1	-4.630175E0
2.868777E1	3.841515E1	-4.600318E0
2.872109E1	3.845786E1	-4.643854E0
2.875441E1	3.860903E1	-4.722923E0
2.878773E1	3.883034E1	-4.779564E0
2.882105E1	3.904192E1	-4.831411E0
2.885437E1	3.926229E1	-4.886782E0
2.888768E1	3.948042E1	-4.937152E0
2.892100E1	3.966006E1	-4.960636E0
2.895432E1	3.977508E1	-4.953575E0
2.898764E1	3.975794E1	-4.956089E0
2.902096E1	3.966616E1	-4.940441E0
2.905428E1	3.956492E1	-4.943307E0
2.908760E1	3.945390E1	-4.958889E0
2.912092E1	3.937897E1	-5.053558E0
2.915424E1	3.934903E1	-5.117684E0
2.918756E1	3.926105E1	-5.091383E0
2.922088E1	3.927064E1	-5.066504E0
2.925419E1	3.943148E1	-5.072913E0
2.928751E1	3.963926E1	-5.088719E0
2.932083E1	3.977132E1	-5.099803E0
2.935415E1	3.988194E1	-5.158404E0
2.938747E1	3.994856E1	-5.182236E0
2.942079E1	3.995910E1	-5.186773E0
2.945411E1	3.992599E1	-5.176739E0
2.948743E1	3.992404E1	-5.171157E0
2.952075E1	3.993093E1	-5.167600E0
2.955407E1	3.994365E1	-5.161918E0
2.958739E1	3.997258E1	-5.111475E0
2.962071E1	4.003139E1	-5.030480E0
2.965402E1	4.008748E1	-5.020052E0
2.968734E1	4.008977E1	-5.028805E0
2.972066E1	4.013937E1	-5.026222E0
2.975398E1	4.027578E1	-5.042474E0
2.978730E1	4.036202E1	-5.074748E0
2.982062E1	4.033419E1	-5.092164E0
2.985394E1	4.037634E1	-5.111028E0
2.988726E1	4.052921E1	-5.108405E0
2.992058E1	4.069131E1	-5.121823E0
2.995390E1	4.071048E1	-5.135232E0
2.998722E1	4.068565E1	-5.157993E0
3.002053E1	4.064521E1	-5.171757E0
3.005385E1	4.049056E1	-5.161043E0
3.008717E1	4.030559E1	-5.144098E0
3.012049E1	4.020524E1	-5.175202E0
3.015381E1	4.016406E1	-5.199379E0
3.018713E1	4.006221E1	-5.203578E0
3.022045E1	4.010929E1	-5.216116E0
3.025377E1	4.029270E1	-5.222466E0
3.028709E1	4.049640E1	-5.219976E0
3.032041E1	4.065654E1	-5.226820E0
3.035373E1	4.071972E1	-5.251265E0
3.038705E1	4.073587E1	-5.299032E0
3.042036E1	4.072591E1	-5.306467E0
3.045368E1	4.069470E1	-5.299597E0
3.048700E1	4.070060E1	-5.301855E0
3.052032E1	4.071146E1	-5.301889E0
3.055364E1	4.073331E1	-5.263867E0
3.058696E1	4.074678E1	-5.182130E0
3.062028E1	4.081909E1	-5.102248E0
3.065360E1	4.087831E1	-5.136176E0
3.068692E1	4.087080E1	-5.161276E0
3.072024E1	4.083230E1	-5.191355E0
3.075356E1	4.084898E1	-5.211555E0
3.078687E1	4.086780E1	-5.197030E0
3.082019E1	4.088512E1	-5.199080E0
3.085351E1	4.102290E1	-5.230780E0
3.088683E1	4.127435E1	-5.200592E0
3.092015E1	4.150560E1	-5.190619E0
3.095347E1	4.157148E1	-5.183887E0
3.098679E1	4.155811E1	-5.214158E0
3.102011E1	4.151616E1	-5.241170E0
3.105343E1	4.138266E1	-5.227579E0
3.108675E1	4.119513E1	-5.242583E0
3.112007E1	4.105591E1	-5.271738E0
3.115339E1	4.098526E1	-5.303168E0
3.118670E1	4.092887E1	-5.305068E0
3.122002E1	4.101173E1	-5.314310E0
3.125334E1	4.119254E1	-5.322440E0
3.128666E1	4.137618E1	-5.324652E0
3.131998E1	4.154482E1	-5.334677E0
3.135330E1	4.165349E1	-5.344534E0
3.138662E1	4.173177E1	-5.380870E0
3.141994E1	4.177775E1	-5.426727E0
3.145326E1	4.178082E1	-5.438421E0
3.148658E1	4.178101E1	-5.440652E0
3.151990E1	4.178223E1	-5.441590E0
3.155321E1	4.178304E1	-5.439171E0
3.158653E1	4.177703E1	-5.392189E0
3.161985E1	4.184207E1	-5.317836E0
3.165317E1	4.195750E1	-5.311087E0
3.168649E1	4.204392E1	-5.329124E0
3.171981E1	4.207276E1	-5.312240E0
3.175313E1	4.212424E1	-5.316579E0
3.178645E1	4.226358E1	-5.351842E0
3.181977E1	4.242577E1	-5.416623E0
3.185309E1	4.252402E1	-5.448474E0
3.188641E1	4.263655E1	-5.504607E0
3.191973E1	4.270957E1	-5.530640E0
3.195304E1	4.274329E1	-5.529700E0
3.198636E1	4.272566E1	-5.529845E0
3.201968E1	4.269009E1	-5.532166E0
3.205300E1	4.254261E1	-5.503915E0
3.208632E1	4.234275E1	-5.476440E0
3.211964E1	4.221395E1	-5.538631E0
3.215296E1	4.217988E1	-5.595456E0
3.218628E1	4.207031E1	-5.558731E0
3.221960E1	4.209466E1	-5.549554E0
3.225292E1	4.221970E1	-5.555406E0
3.228624E1	4.235098E1	-5.578777E0
3.231955E1	4.234304E1	-5.586276E0
3.235287E1	4.236518E1	-5.594384E0
3.238619E1	4.246690E1	-5.586610E0
3.241951E1	4.252628E1	-5.594722E0
3.245283E1	4.251540E1	-5.624341E0
3.248615E1	4.251772E1	-5.631174E0
3.251947E1	4.252576E1	-5.619529E0
3.255279E1	4.250906E1	-5.590883E0
3.258611E1	4.251822E1	-5.535601E0
3.261943E1	4.260296E1	-5.439541E0
3.265275E1	4.270103E1	-5.402762E0
3.268607E1	4.271598E1	-5.415658E0
3.271938E1	4.279286E1	-5.431418E0
3.275270E1	4.300533E1	-5.438751E0
3.278602E1	4.323340E1	-5.443905E0
3.281934E1	4.341842E1	-5.497648E0
3.285266E1	4.356861E1	-5.565502E0
3.288598E1	4.368260E1	-5.617328E0
3.291930E1	4.375914E1	-5.645654E0
3.295262E1	4.379379E1	-5.663817E0
3.298594E1	4.378506E1	-5.666763E0
3.301926E1	4.375732E1	-5.667230E0
3.305258E1	4.362369E1	-5.628196E0
3.308589E1	4.343758E1	-5.620672E0
3.311921E1	4.327948E1	-5.678946E0
3.315253E1	4.321168E1	-5.712114E0
3.318585E1	4.314429E1	-5.695329E0
3.321917E1	4.314423E1	-5.701208E0
3.325249E1	4.315567E1	-5.694541E0
3.328581E1	4.320887E1	-5.676348E0
3.331913E1	4.341156E1	-5.668090E0
3.335245E1	4.353124E1	-5.686319E0
3.338577E1	4.362102E1	-5.770343E0
3.341909E1	4.370341E1	-5.838140E0
3.345241E1	4.369235E1	-5.831010E0
3.348572E1	4.369061E1	-5.829840E0
3.351904E1	4.369646E1	-5.829778E0
3.355236E1	4.370346E1	-5.799622E0
3.358568E1	4.368334E1	-5.754694E0
3.361900E1	4.376060E1	-5.699642E0
3.365232E1	4.386616E1	-5.693570E0
3.368564E1	4.390484E1	-5.671178E0
3.371896E1	4.393800E1	-5.679372E0
3.375228E1	4.410676E1	-5.717299E0
3.378560E1	4.434406E1	-5.764669E0
3.381892E1	4.456297E1	-5.808393E0
3.385223E1	4.476249E1	-5.847760E0
3.388555E1	4.494258E1	-5.897325E0
3.391887E1	4.508752E1	-5.926256E0
3.395219E1	4.515421E1	-5.921947E0
3.398551E1	4.512405E1	-5.924401E0
3.401883E1	4.507497E1	-5.907814E0
3.405215E1	4.497959E1	-5.908495E0
3.408547E1	4.487196E1	-5.927764E0
3.411879E1	4.480719E1	-6.004958E0
3.415211E1	4.483971E1	-6.039704E0
3.418543E1	4.476344E1	-5.993043E0
3.421875E1	4.478808E1	-5.986449E0
3.425206E1	4.496278E1	-6.016840E0
3.428538E1	4.515855E1	-6.040812E0
3.431870E1	4.527250E1	-6.079749E0
3.435202E1	4.530518E1	-6.114056E0
3.438534E1	4.532397E1	-6.136232E0
3.441866E1	4.531853E1	-6.134818E0
3.445198E1	4.529273E1	-6.136446E0
3.448530E1	4.528633E1	-6.133805E0
3.451862E1	4.527901E1	-6.128257E0
3.455194E1	4.528511E1	-6.124141E0
3.458526E1	4.530843E1	-6.076516E0
3.461857E1	4.540085E1	-6.011257E0
3.465189E1	4.550705E1	-6.002233E0
3.468521E1	4.554438E1	-6.009556E0
3.471853E1	4.560549E1	-5.994914E0
3.475185E1	4.571571E1	-6.024232E0
3.478517E1	4.584475E1	-6.072879E0
3.481849E1	4.589342E1	-6.108255E0
3.485181E1	4.589018E1	-6.109869E0
3.488513E1	4.589377E1	-6.120640E0
3.491845E1	4.589375E1	-6.113239E0
3.495177E1	4.589263E1	-6.111533E0
3.498508E1	4.589181E1	-6.116205E0
3.501840E1	4.585901E1	-6.068621E0
3.505172E1	4.575539E1	-5.994315E0
3.508504E1	4.560756E1	-6.001038E0
3.511836E1	4.551406E1	-6.081418E0
3.515168E1	4.542417E1	-6.069463E0
3.518500E1	4.534607E1	-6.058886E0
3.521832E1	4.544464E1	-6.073952E0
3.525164E1	4.562526E1	-6.081700E0
3.528496E1	4.578263E1	-6.064512E0
3.531828E1	4.592250E1	-6.072036E0
3.535160E1	4.600348E1	-6.115659E0
3.538491E1	4.605824E1	-6.156951E0
3.541823E1	4.609226E1	-6.164462E0
3.545155E1	4.604997E1	-6.164228E0
3.548487E1	4.605046E1	-6.162521E0
3.551819E1	4.606012E1	-6.162067E0
3.555151E1	4.606689E1	-6.162888E0
3.558483E1	4.606558E1	-6.126435E0
3.561815E1	4.616181E1	-6.057222E0
3.565147E1	4.631529E1	-6.056774E0
3.568479E1	4.638241E1	-6.077277E0
3.571811E1	4.643743E1	-6.052773E0
3.575142E1	4.654692E1	-6.089044E0
3.578474E1	4.671365E1	-6.131176E0
3.581806E1	4.681772E1	-6.162658E0
3.585138E1	4.680195E1	-6.196886E0
3.588470E1	4.678743E1	-6.201108E0
3.591802E1	4.681052E1	-6.193620E0
3.595134E1	4.683196E1	-6.193165E0
3.598466E1	4.682904E1	-6.195135E0
3.601798E1	4.682124E1	-6.148604E0
3.605130E1	4.673468E1	-6.127517E0
3.608462E1	4.657405E1	-6.137689E0
3.611794E1	4.651591E1	-6.180064E0
3.615125E1	4.644957E1	-6.168836E0
3.618457E1	4.639224E1	-6.152482E0
3.621789E1	4.649454E1	-6.155666E0
3.625121E1	4.668045E1	-6.151264E0
3.628453E1	4.684495E1	-6.144110E0
3.631785E1	4.697344E1	-6.148926E0
3.635117E1	4.707095E1	-6.185215E0
3.638449E1	4.714667E1	-6.217609E0
3.641781E1	4.718938E1	-6.251137E0
3.645113E1	4.713717E1	-6.248981E0
3.648445E1	4.712658E1	-6.243567E0
3.651776E1	4.712509E1	-6.242397E0
3.655108E1	4.714010E1	-6.229434E0
3.658440E1	4.714188E1	-6.183566E0
3.661772E1	4.719186E1	-6.133104E0
3.665104E1	4.726219E1	-6.125630E0
3.668436E1	4.726717E1	-6.178151E0
3.671768E1	4.735374E1	-6.169916E0
3.675100E1	4.754807E1	-6.151839E0
3.678432E1	4.777926E1	-6.206103E0
3.681764E1	4.789375E1	-6.258670E0
3.685096E1	4.791433E1	-6.303497E0
3.688428E1	4.798368E1	-6.316708E0
3.691759E1	4.806348E1	-6.295461E0
3.695091E1	4.804480E1	-6.308843E0
3.698423E1	4.804356E1	-6.312447E0
3.701755E1	4.800436E1	-6.307313E0
3.705087E1	4.787596E1	-6.290446E0
3.708419E1	4.772806E1	-6.253127E0
3.711751E1	4.758840E1	-6.288336E0
3.715083E1	4.762627E1	-6.332570E0
3.718415E1	4.756071E1	-6.298647E0
3.721747E1	4.761635E1	-6.292083E0
3.725079E1	4.777434E1	-6.310179E0
3.728410E1	4.795290E1	-6.325350E0
3.731742E1	4.811725E1	-6.373378E0
3.735074E1	4.819796E1	-6.401197E0
3.738406E1	4.825159E1	-6.426945E0
3.741738E1	4.829257E1	-6.442291E0
3.745070E1	4.826135E1	-6.436043E0
3.748402E1	4.824521E1	-6.431930E0
3.751734E1	4.824170E1	-6.425599E0
3.755066E1	4.825022E1	-6.424955E0
3.758398E1	4.829339E1	-6.365162E0
3.761730E1	4.837787E1	-6.268895E0
3.765062E1	4.849175E1	-6.237486E0
3.768393E1	4.853398E1	-6.247149E0
3.771725E1	4.856351E1	-6.271791E0
3.775057E1	4.868519E1	-6.302525E0
3.778389E1	4.875418E1	-6.334029E0
3.781721E1	4.870350E1	-6.344527E0
3.785053E1	4.869969E1	-6.351502E0
3.788385E1	4.874392E1	-6.360633E0
3.791717E1	4.884251E1	-6.407896E0
3.795049E1	4.891274E1	-6.373112E0
3.798381E1	4.891411E1	-6.352132E0
3.801713E1	4.884235E1	-6.331822E0
3.805044E1	4.867612E1	-6.355209E0
3.808376E1	4.848083E1	-6.333218E0
3.811708E1	4.828600E1	-6.327936E0
3.815040E1	4.823433E1	-6.386941E0
3.818372E1	4.815148E1	-6.368096E0
3.821704E1	4.816601E1	-6.360209E0
3.825036E1	4.832660E1	-6.369329E0
3.828368E1	4.852383E1	-6.354948E0
3.831700E1	4.872802E1	-6.375549E0
3.835032E1	4.886931E1	-6.411869E0
3.838364E1	4.897062E1	-6.442522E0
3.841696E1	4.902499E1	-6.459002E0
3.845027E1	4.898442E1	-6.456710E0
3.848359E1	4.897874E1	-6.458560E0
3.851691E1	4.897574E1	-6.459025E0
3.855023E1	4.898927E1	-6.446219E0
3.858355E1	4.900864E1	-6.384136E0
3.861687E1	4.910862E1	-6.285465E0
3.865019E1	4.925571E1	-6.248688E0
3.868351E1	4.928860E1	-6.262430E0
3.871683E1	4.929733E1	-6.320068E0
3.875015E1	4.941073E1	-6.341642E0
3.878347E1	4.948687E1	-6.328732E0
3.881678E1	4.944219E1	-6.341313E0
3.885010E1	4.943097E1	-6.347178E0
3.888342E1	4.944715E1	-6.344781E0
3.891674E1	4.946091E1	-6.345513E0
3.895006E1	4.952010E1	-6.402751E0
3.898338E1	4.961543E1	-6.391942E0
3.901670E1	4.957700E1	-6.390952E0
3.905002E1	4.944210E1	-6.387594E0
3.908334E1	4.932413E1	-6.399652E0
3.911666E1	4.925349E1	-6.438298E0
3.914998E1	4.920279E1	-6.454325E0
3.918330E1	4.911266E1	-6.454616E0
3.921661E1	4.913391E1	-6.462187E0
3.924993E1	4.927238E1	-6.464030E0
3.928325E1	4.948671E1	-6.446194E0
3.931657E1	4.970209E1	-6.434042E0
3.934989E1	4.991065E1	-6.438067E0
3.938321E1	5.011078E1	-6.462588E0
3.941653E1	5.029670E1	-6.476463E0
3.944985E1	5.036850E1	-6.470096E0
3.948317E1	5.036235E1	-6.470267E0
3.951649E1	5.034656E1	-6.469604E0
3.954981E1	5.037321E1	-6.463425E0
3.958312E1	5.047781E1	-6.407711E0
3.961644E1	5.066163E1	-6.253935E0
3.964976E1	5.068356E1	-6.232322E0
3.968308E1	5.067859E1	-6.308013E0
3.971640E1	5.080241E1	-6.327835E0
3.974972E1	5.089526E1	-6.333652E0
3.978304E1	5.090887E1	-6.320991E0
3.981636E1	5.096478E1	-6.296960E0
3.984968E1	5.107167E1	-6.281452E0
3.988300E1	5.112996E1	-6.282686E0
3.991632E1	5.112035E1	-6.293735E0
3.994964E1	5.111963E1	-6.281434E0
3.998295E1	5.112250E1	-6.284092E0
4.001627E1	5.108479E1	-6.284811E0
4.004959E1	5.095987E1	-6.284596E0
4.008291E1	5.080962E1	-6.287908E0
4.011623E1	5.069333E1	-6.339002E0
4.014955E1	5.073642E1	-6.408408E0
4.018287E1	5.064729E1	-6.370550E0
4.021619E1	5.067495E1	-6.359646E0
4.024951E1	5.082816E1	-6.348774E0
4.028283E1	5.098895E1	-6.364088E0
4.031615E1	5.114172E1	-6.398499E0
4.034946E1	5.123136E1	-6.405083E0
4.038278E1	5.131392E1	-6.436782E0
4.041610E1	5.140205E1	-6.456437E0
4.044942E1	5.141914E1	-6.451413E0
4.048274E1	5.141745E1	-6.447606E0
4.051606E1	5.140746E1	-6.446224E0
4.054938E1	5.140862E1	-6.445876E0
4.058270E1	5.140398E1	-6.398798E0
4.061602E1	5.143795E1	-6.309278E0
4.064934E1	5.151066E1	-6.223268E0
4.068266E1	5.143392E1	-6.193233E0
4.071598E1	5.129508E1	-6.257428E0
4.074929E1	5.137689E1	-6.318510E0
4.078261E1	5.159487E1	-6.318445E0
4.081593E1	5.189097E1	-6.226809E0
4.084925E1	5.212665E1	-6.157464E0
4.088257E1	5.220554E1	-6.162367E0
4.091589E1	5.221746E1	-6.186466E0
4.094921E1	5.220095E1	-6.190339E0
4.098253E1	5.219894E1	-6.187041E0
4.101585E1	5.213837E1	-6.189930E0
4.104917E1	5.202181E1	-6.197331E0
4.108249E1	5.189110E1	-6.220922E0
4.111580E1	5.174074E1	-6.278648E0
4.114912E1	5.167161E1	-6.348128E0
4.118244E1	5.154289E1	-6.325337E0
4.121576E1	5.159293E1	-6.314566E0
4.124908E1	5.171026E1	-6.290451E0
4.128240E1	5.186369E1	-6.284760E0
4.131572E1	5.197984E1	-6.277372E0
4.134904E1	5.205929E1	-6.297448E0
4.138236E1	5.216284E1	-6.328446E0
4.141568E1	5.224565E1	-6.342122E0
4.144900E1	5.224921E1	-6.342227E0
4.148232E1	5.224664E1	-6.345419E0
4.151563E1	5.225054E1	-6.351082E0
4.154895E1	5.226536E1	-6.345911E0
4.158227E1	5.226012E1	-6.294438E0
4.161559E1	5.231404E1	-6.198191E0
4.164891E1	5.231957E1	-6.155538E0
4.168223E1	5.229532E1	-6.187704E0
4.171555E1	5.233437E1	-6.203465E0
4.174887E1	5.240293E1	-6.187837E0
4.178219E1	5.240218E1	-6.148474E0
4.181551E1	5.247375E1	-6.107308E0
4.184883E1	5.263674E1	-6.074417E0
4.188214E1	5.278196E1	-6.080407E0
4.191546E1	5.286614E1	-6.119001E0
4.194878E1	5.290095E1	-6.116416E0
4.198210E1	5.290812E1	-6.121414E0
4.201542E1	5.281111E1	-6.096792E0
4.204874E1	5.269500E1	-6.097505E0
4.208206E1	5.250749E1	-6.094521E0
4.211538E1	5.231200E1	-6.121247E0
4.214870E1	5.232607E1	-6.201194E0
4.218202E1	5.223036E1	-6.186676E0
4.221534E1	5.221452E1	-6.167228E0
4.224865E1	5.235498E1	-6.166442E0
4.228197E1	5.258682E1	-6.147047E0
4.231529E1	5.283339E1	-6.148059E0
4.234861E1	5.296158E1	-6.137285E0
4.238193E1	5.297559E1	-6.122768E0
4.241525E1	5.297187E1	-6.133216E0
4.244857E1	5.296454E1	-6.171787E0
4.248189E1	5.297015E1	-6.161987E0
