	mass A		
t	x	y	
0.000000E0	5.369445E-3	-7.698962E-2
3.331913E-2	3.353581E-2	-7.170717E-2
6.663826E-2	7.738889E-2	-8.103785E-2
9.995739E-2	4.034088E-2	-1.206967E-1
1.332765E-1	9.277745E-3	-1.788129E-1
1.665957E-1	1.240976E-1	-2.128657E-1
1.999148E-1	3.490861E-1	-2.020229E-1
2.332339E-1	6.186200E-1	-2.389058E-1
2.665530E-1	7.326298E-1	-2.715471E-1
2.998722E-1	7.882050E-1	-2.667024E-1
3.331913E-1	7.611041E-1	-2.280384E-1
3.665104E-1	6.427701E-1	-1.749988E-1
3.998296E-1	6.156943E-1	-1.086868E-1
4.331487E-1	7.197983E-1	-7.579170E-2
4.664678E-1	9.883734E-1	-5.350540E-2
4.997870E-1	1.113603E0	-3.029854E-2
5.331061E-1	1.112633E0	-6.613837E-2
5.664252E-1	1.057765E0	-9.763423E-2
5.997444E-1	1.150266E0	-1.703222E-1
6.330635E-1	1.224995E0	-2.248273E-1
6.663826E-1	1.330915E0	-2.332446E-1
6.997017E-1	1.490573E0	-2.553753E-1
7.330209E-1	1.620473E0	-2.816163E-1
7.663400E-1	1.648340E0	-3.028917E-1
7.996591E-1	1.627170E0	-3.085234E-1
8.329783E-1	1.652783E0	-3.169609E-1
8.662974E-1	1.734174E0	-3.420670E-1
8.996165E-1	1.746733E0	-3.287333E-1
9.329357E-1	1.794375E0	-2.901777E-1
9.662548E-1	1.942404E0	-2.290529E-1
9.995739E-1	2.033952E0	-1.679982E-1
1.032893E0	2.032154E0	-1.803314E-1
1.066212E0	1.908066E0	-2.470950E-1
1.099531E0	1.664839E0	-3.239530E-1
1.132850E0	1.422919E0	-3.518906E-1
1.166170E0	1.499443E0	-3.228679E-1
1.199489E0	1.711131E0	-3.336133E-1
1.232808E0	1.911239E0	-3.606600E-1
1.266127E0	1.974273E0	-4.157275E-1
1.299446E0	2.023743E0	-4.078454E-1
1.332765E0	2.015353E0	-3.784042E-1
1.366084E0	1.939163E0	-3.155260E-1
1.399403E0	1.975290E0	-3.154075E-1
1.432723E0	2.059956E0	-3.017026E-1
1.466042E0	2.245540E0	-2.822454E-1
1.499361E0	2.330515E0	-2.240615E-1
1.532680E0	2.299808E0	-2.361516E-1
1.565999E0	2.257424E0	-2.880493E-1
1.599318E0	2.345514E0	-3.770286E-1
1.632637E0	2.453356E0	-4.331124E-1
1.665957E0	2.443730E0	-4.086351E-1
1.699276E0	2.557122E0	-3.931715E-1
1.732595E0	2.567826E0	-4.348436E-1
1.765914E0	2.557858E0	-4.996494E-1
1.799233E0	2.579193E0	-4.973917E-1
1.832552E0	2.454524E0	-5.265165E-1
1.865871E0	2.339274E0	-5.394749E-1
1.899190E0	2.311666E0	-5.242829E-1
1.932510E0	2.390126E0	-4.743874E-1
1.965829E0	2.555247E0	-4.306631E-1
1.999148E0	2.618742E0	-3.671393E-1
2.032467E0	2.565876E0	-3.768209E-1
2.065786E0	2.506592E0	-4.349105E-1
2.099105E0	2.567795E0	-5.137966E-1
2.132424E0	2.719771E0	-5.898771E-1
2.165743E0	2.747265E0	-5.753485E-1
2.199063E0	2.864692E0	-5.412135E-1
2.232382E0	2.902077E0	-5.570215E-1
2.265701E0	2.874989E0	-6.168547E-1
2.299020E0	2.869804E0	-6.055544E-1
2.332339E0	2.790978E0	-6.046885E-1
2.365658E0	2.647693E0	-6.209246E-1
2.398977E0	2.598874E0	-5.901473E-1
2.432297E0	2.761227E0	-6.030454E-1
2.465616E0	3.045031E0	-6.001222E-1
2.498935E0	3.186336E0	-5.318279E-1
2.532254E0	3.202626E0	-5.034836E-1
2.565573E0	3.160311E0	-5.440982E-1
2.598892E0	3.236742E0	-6.294680E-1
2.632211E0	3.355506E0	-7.235334E-1
2.665530E0	3.460328E0	-7.575542E-1
2.698850E0	3.621048E0	-7.517173E-1
2.732169E0	3.772017E0	-7.531336E-1
2.765488E0	3.772196E0	-7.968283E-1
2.798807E0	3.773511E0	-8.103324E-1
2.832126E0	3.741164E0	-7.856250E-1
2.865445E0	3.639783E0	-7.273488E-1
2.898764E0	3.688755E0	-7.135873E-1
2.932083E0	3.752231E0	-7.217094E-1
2.965403E0	3.913262E0	-7.232151E-1
2.998722E0	3.978885E0	-6.715701E-1
3.032041E0	3.887166E0	-6.847989E-1
3.065360E0	3.783903E0	-6.973682E-1
3.098679E0	3.781586E0	-7.342641E-1
3.131998E0	3.818484E0	-8.050412E-1
3.165317E0	3.805632E0	-8.357692E-1
3.198637E0	3.834153E0	-8.011280E-1
3.231956E0	4.028741E0	-7.918282E-1
3.265275E0	4.134393E0	-8.154207E-1
3.298594E0	4.104797E0	-8.994892E-1
3.331913E0	4.023676E0	-8.892279E-1
3.365232E0	3.941793E0	-8.422379E-1
3.398551E0	3.920091E0	-8.537780E-1
3.431870E0	4.015697E0	-8.594048E-1
3.465190E0	4.193707E0	-8.493388E-1
3.498509E0	4.241100E0	-7.970843E-1
3.531828E0	4.184586E0	-8.068961E-1
3.565147E0	4.114373E0	-8.532973E-1
3.598466E0	4.160037E0	-9.255230E-1
3.631785E0	4.192510E0	-1.013880E0
3.665104E0	4.253633E0	-1.051052E0
3.698423E0	4.418313E0	-1.057007E0
3.731743E0	4.599262E0	-1.070125E0
3.765062E0	4.661274E0	-1.130242E0
3.798381E0	4.695693E0	-1.135900E0
3.831700E0	4.666921E0	-1.135902E0
3.865019E0	4.523331E0	-1.080504E0
3.898338E0	4.464481E0	-1.037510E0
3.931657E0	4.414710E0	-1.021569E0
3.964977E0	4.574139E0	-1.068453E0
3.998296E0	4.650887E0	-1.079678E0
4.031615E0	4.733694E0	-1.019853E0
4.064934E0	4.681720E0	-9.684907E-1
4.098253E0	4.728620E0	-1.015268E0
4.131572E0	4.755141E0	-1.079380E0
4.164891E0	4.771282E0	-1.079451E0
4.198210E0	4.896384E0	-1.062402E0
4.231530E0	5.000078E0	-1.112783E0
4.264849E0	5.018854E0	-1.181677E0
4.298168E0	5.066577E0	-1.180706E0
4.331487E0	5.009696E0	-1.208118E0
4.364806E0	4.921356E0	-1.199466E0
4.398125E0	4.880783E0	-1.164473E0
4.431444E0	4.955897E0	-1.123269E0
4.464764E0	5.154930E0	-1.126272E0
4.498083E0	5.266690E0	-1.074712E0
4.531402E0	5.234562E0	-1.073243E0
4.564721E0	5.116348E0	-1.127025E0
4.598040E0	5.045884E0	-1.180478E0
4.631359E0	5.059659E0	-1.253098E0
4.664678E0	5.023747E0	-1.271544E0
4.697997E0	5.060472E0	-1.272746E0
4.731317E0	5.238380E0	-1.262948E0
4.764636E0	5.349448E0	-1.282899E0
4.797955E0	5.361943E0	-1.342667E0
4.831274E0	5.303546E0	-1.346280E0
4.864593E0	5.237659E0	-1.313001E0
4.897912E0	5.237356E0	-1.344650E0
4.931231E0	5.325123E0	-1.377932E0
4.964550E0	5.482197E0	-1.371103E0
4.997870E0	5.546827E0	-1.307521E0
5.031189E0	5.489579E0	-1.330379E0
5.064508E0	5.410093E0	-1.377312E0
5.097827E0	5.424445E0	-1.442584E0
5.131146E0	5.450324E0	-1.508109E0
5.164465E0	5.490849E0	-1.526104E0
5.197784E0	5.649259E0	-1.508197E0
5.231104E0	5.781402E0	-1.534862E0
5.264423E0	5.839877E0	-1.594545E0
5.297742E0	5.873771E0	-1.593446E0
5.331061E0	5.831278E0	-1.609472E0
5.364380E0	5.701768E0	-1.585523E0
5.397699E0	5.667590E0	-1.489949E0
5.431018E0	5.779267E0	-1.344565E0
5.464337E0	6.070710E0	-1.323005E0
5.497657E0	6.121663E0	-1.334017E0
5.530976E0	6.110244E0	-1.352961E0
5.564295E0	6.029102E0	-1.333117E0
5.597614E0	6.018134E0	-1.375408E0
5.630933E0	6.038236E0	-1.488806E0
5.664252E0	6.075740E0	-1.525251E0
5.697571E0	6.259258E0	-1.547896E0
5.730890E0	6.420399E0	-1.572786E0
5.764210E0	6.500279E0	-1.653586E0
5.797529E0	6.538357E0	-1.651889E0
5.830848E0	6.517620E0	-1.658422E0
5.864167E0	6.411580E0	-1.640254E0
5.897486E0	6.391527E0	-1.576284E0
5.930805E0	6.522474E0	-1.491565E0
5.964124E0	6.725565E0	-1.480118E0
5.997444E0	6.770394E0	-1.468564E0
6.030763E0	6.704695E0	-1.467377E0
6.064082E0	6.588939E0	-1.475704E0
6.097401E0	6.573059E0	-1.524644E0
6.130720E0	6.601471E0	-1.605684E0
6.164039E0	6.638017E0	-1.630886E0
6.197358E0	6.781782E0	-1.654912E0
6.230677E0	6.840255E0	-1.664233E0
6.263997E0	6.828653E0	-1.662017E0
6.297316E0	6.768291E0	-1.666518E0
6.330635E0	6.630229E0	-1.677690E0
6.363954E0	6.507128E0	-1.655465E0
6.397273E0	6.604332E0	-1.674310E0
6.430592E0	6.769002E0	-1.687117E0
6.463911E0	6.957024E0	-1.689477E0
6.497230E0	7.029425E0	-1.650270E0
6.530550E0	7.002065E0	-1.689157E0
6.563869E0	6.870267E0	-1.706218E0
6.597188E0	6.832707E0	-1.747389E0
6.630507E0	6.856319E0	-1.824044E0
6.663826E0	6.875285E0	-1.830203E0
6.697145E0	6.950174E0	-1.842191E0
6.730464E0	7.010143E0	-1.869046E0
6.763784E0	7.002982E0	-1.928715E0
6.797103E0	6.973969E0	-1.911057E0
6.830422E0	6.866348E0	-1.933906E0
6.863741E0	6.702662E0	-1.981250E0
6.897060E0	6.654129E0	-1.880708E0
6.930379E0	6.752610E0	-1.790612E0
6.963698E0	6.911144E0	-1.728794E0
6.997017E0	6.952446E0	-1.741055E0
7.030337E0	6.849790E0	-1.751342E0
7.063656E0	6.664424E0	-1.690471E0
7.096975E0	6.558085E0	-1.720969E0
7.130294E0	6.555360E0	-1.826780E0
7.163613E0	6.755965E0	-1.816042E0
7.196932E0	7.011155E0	-1.832597E0
7.230251E0	7.213654E0	-1.828056E0
7.263570E0	7.232280E0	-1.911794E0
7.296890E0	7.271750E0	-1.922292E0
7.330209E0	7.263360E0	-1.921687E0
7.363528E0	7.126742E0	-1.916666E0
7.396847E0	7.144319E0	-1.866434E0
7.430166E0	7.292467E0	-1.819174E0
7.463485E0	7.498528E0	-1.749722E0
7.496804E0	7.604207E0	-1.731248E0
7.530124E0	7.583925E0	-1.744558E0
7.563443E0	7.481671E0	-1.779318E0
7.596762E0	7.483728E0	-1.818130E0
7.630081E0	7.484403E0	-1.901431E0
7.663400E0	7.513550E0	-1.913611E0
7.696719E0	7.668289E0	-1.894586E0
7.730038E0	7.921707E0	-1.885524E0
7.763357E0	8.082996E0	-1.964864E0
7.796677E0	8.158228E0	-1.964137E0
7.829996E0	8.217785E0	-1.958318E0
7.863315E0	8.208398E0	-1.919830E0
7.896634E0	8.265199E0	-1.860706E0
7.929953E0	8.350271E0	-1.859730E0
7.963272E0	8.472862E0	-1.896987E0
7.996591E0	8.574864E0	-1.858816E0
8.029910E0	8.513852E0	-1.848809E0
8.063230E0	8.389457E0	-1.885083E0
8.096549E0	8.350666E0	-1.944984E0
8.129868E0	8.388054E0	-2.008981E0
8.163187E0	8.395059E0	-2.019090E0
8.196506E0	8.547546E0	-2.053498E0
8.229825E0	8.681778E0	-2.082352E0
8.263144E0	8.720174E0	-2.135166E0
8.296464E0	8.696179E0	-2.126302E0
8.329783E0	8.567182E0	-2.134802E0
8.363102E0	8.409842E0	-2.148896E0
8.396421E0	8.340016E0	-2.081630E0
8.429740E0	8.417159E0	-2.058207E0
8.463059E0	8.619477E0	-2.057982E0
8.496378E0	8.756499E0	-2.001606E0
8.529697E0	8.724175E0	-2.007876E0
8.563017E0	8.598157E0	-2.042929E0
8.596336E0	8.535164E0	-2.113910E0
8.629655E0	8.565530E0	-2.189064E0
8.662974E0	8.551019E0	-2.185409E0
8.696293E0	8.683468E0	-2.204869E0
8.729612E0	8.777115E0	-2.225436E0
8.762931E0	8.799949E0	-2.289624E0
8.796250E0	8.816920E0	-2.278348E0
8.829570E0	8.782400E0	-2.296664E0
8.862889E0	8.667351E0	-2.308715E0
8.896208E0	8.619179E0	-2.241233E0
8.929527E0	8.705966E0	-2.186723E0
8.962846E0	8.968510E0	-2.180614E0
8.996165E0	9.098043E0	-2.156187E0
9.029484E0	9.105160E0	-2.171125E0
9.062804E0	9.076610E0	-2.169267E0
9.096123E0	9.046606E0	-2.176174E0
9.129442E0	9.048066E0	-2.224948E0
9.162761E0	9.050499E0	-2.252158E0
9.196080E0	9.052332E0	-2.290691E0
9.229399E0	9.079123E0	-2.339218E0
9.262718E0	9.060755E0	-2.396623E0
9.296037E0	8.876973E0	-2.404076E0
9.329357E0	8.516564E0	-2.391180E0
9.362676E0	8.238242E0	-2.407319E0
9.395995E0	8.137320E0	-2.452790E0
9.429314E0	8.270983E0	-2.461970E0
9.462633E0	8.518914E0	-2.474706E0
9.495952E0	8.731339E0	-2.419839E0
9.529271E0	8.756375E0	-2.409817E0
9.562590E0	8.629490E0	-2.451084E0
9.595910E0	8.566348E0	-2.519304E0
9.629229E0	8.571290E0	-2.591525E0
9.662548E0	8.580844E0	-2.614228E0
9.695867E0	8.754662E0	-2.624569E0
9.729186E0	8.909798E0	-2.625502E0
9.762505E0	8.959492E0	-2.673896E0
9.795824E0	8.978820E0	-2.675881E0
9.829144E0	8.920842E0	-2.681130E0
9.862463E0	8.800197E0	-2.679568E0
9.895782E0	8.795400E0	-2.627313E0
9.929101E0	8.887283E0	-2.619044E0
9.962420E0	9.086117E0	-2.622656E0
9.995739E0	9.207725E0	-2.568384E0
1.002906E1	9.180798E0	-2.536225E0
1.006238E1	9.081804E0	-2.569674E0
1.009570E1	9.060877E0	-2.627778E0
1.012902E1	9.082061E0	-2.718532E0
1.016233E1	9.119101E0	-2.729023E0
1.019565E1	9.282702E0	-2.714954E0
1.022897E1	9.526595E0	-2.732777E0
1.026229E1	9.652781E0	-2.790033E0
1.029561E1	9.690903E0	-2.775217E0
1.032893E1	9.685956E0	-2.777866E0
1.036225E1	9.587669E0	-2.766495E0
1.039557E1	9.578198E0	-2.730911E0
1.042889E1	9.575563E0	-2.755419E0
1.046221E1	9.754592E0	-2.813397E0
1.049553E1	9.869344E0	-2.829495E0
1.052885E1	9.959148E0	-2.766427E0
1.056216E1	9.899610E0	-2.766846E0
1.059548E1	9.869274E0	-2.806374E0
1.062880E1	9.817008E0	-2.895824E0
1.066212E1	9.820604E0	-2.903692E0
1.069544E1	9.984502E0	-2.894962E0
1.072876E1	1.018897E1	-2.893005E0
1.076208E1	1.027353E1	-2.943072E0
1.079540E1	1.032205E1	-2.936972E0
1.082872E1	1.035841E1	-2.928408E0
1.086204E1	1.027003E1	-2.926225E0
1.089536E1	1.031497E1	-2.873312E0
1.092867E1	1.041049E1	-2.824068E0
1.096199E1	1.060209E1	-2.826570E0
1.099531E1	1.071562E1	-2.812445E0
1.102863E1	1.066084E1	-2.824605E0
1.106195E1	1.052188E1	-2.818633E0
1.109527E1	1.039524E1	-2.873150E0
1.112859E1	1.033553E1	-2.943150E0
1.116191E1	1.029756E1	-2.995797E0
1.119523E1	1.032929E1	-3.043513E0
1.122855E1	1.042689E1	-3.031754E0
1.126187E1	1.053972E1	-3.037110E0
1.129519E1	1.052546E1	-3.093473E0
1.132850E1	1.043269E1	-3.155850E0
1.136182E1	1.039734E1	-3.105438E0
1.139514E1	1.043308E1	-3.118699E0
1.142846E1	1.056929E1	-3.132694E0
1.146178E1	1.079519E1	-3.127578E0
1.149510E1	1.092399E1	-3.082322E0
1.152842E1	1.089510E1	-3.089033E0
1.156174E1	1.076699E1	-3.127833E0
1.159506E1	1.067457E1	-3.168742E0
1.162838E1	1.064288E1	-3.228432E0
1.166170E1	1.063973E1	-3.258629E0
1.169501E1	1.076797E1	-3.267012E0
1.172833E1	1.092427E1	-3.297395E0
1.176165E1	1.097726E1	-3.348726E0
1.179497E1	1.098880E1	-3.347242E0
1.182829E1	1.095590E1	-3.356320E0
1.186161E1	1.086524E1	-3.396874E0
1.189493E1	1.079722E1	-3.349434E0
1.192825E1	1.085521E1	-3.294228E0
1.196157E1	1.100931E1	-3.246549E0
1.199489E1	1.117533E1	-3.246084E0
1.202821E1	1.113791E1	-3.261472E0
1.206153E1	1.100030E1	-3.263327E0
1.209484E1	1.086630E1	-3.319493E0
1.212816E1	1.078059E1	-3.391373E0
1.216148E1	1.071940E1	-3.430813E0
1.219480E1	1.085718E1	-3.436723E0
1.222812E1	1.100656E1	-3.438433E0
1.226144E1	1.104509E1	-3.487934E0
1.229476E1	1.102170E1	-3.467505E0
1.232808E1	1.092932E1	-3.486151E0
1.236140E1	1.075510E1	-3.533145E0
1.239472E1	1.070913E1	-3.507556E0
1.242804E1	1.078762E1	-3.460372E0
1.246135E1	1.102963E1	-3.428262E0
1.249467E1	1.122324E1	-3.377756E0
1.252799E1	1.116253E1	-3.369122E0
1.256131E1	1.099094E1	-3.366201E0
1.259463E1	1.083602E1	-3.468642E0
1.262795E1	1.076907E1	-3.587296E0
1.266127E1	1.072429E1	-3.607694E0
1.269459E1	1.089101E1	-3.597006E0
1.272791E1	1.109456E1	-3.610983E0
1.276123E1	1.117539E1	-3.673207E0
1.279455E1	1.119930E1	-3.647251E0
1.282787E1	1.114842E1	-3.660415E0
1.286118E1	1.104803E1	-3.706929E0
1.289450E1	1.101739E1	-3.663021E0
1.292782E1	1.110109E1	-3.627493E0
1.296114E1	1.132927E1	-3.601134E0
1.299446E1	1.143033E1	-3.533356E0
1.302778E1	1.136444E1	-3.527087E0
1.306110E1	1.116778E1	-3.557808E0
1.309442E1	1.099554E1	-3.614966E0
1.312774E1	1.086530E1	-3.695178E0
1.316106E1	1.089471E1	-3.774205E0
1.319438E1	1.106450E1	-3.815595E0
1.322769E1	1.136063E1	-3.812114E0
1.326101E1	1.150776E1	-3.867564E0
1.329433E1	1.154041E1	-3.899368E0
1.332765E1	1.154897E1	-3.904616E0
1.336097E1	1.145432E1	-3.889899E0
1.339429E1	1.143294E1	-3.864912E0
1.342761E1	1.152694E1	-3.855218E0
1.346093E1	1.172866E1	-3.844822E0
1.349425E1	1.193296E1	-3.796153E0
1.352757E1	1.188186E1	-3.798662E0
1.356089E1	1.170958E1	-3.809284E0
1.359421E1	1.151165E1	-3.864023E0
1.362752E1	1.138341E1	-3.942906E0
1.366084E1	1.134789E1	-3.988637E0
1.369416E1	1.147644E1	-3.982042E0
1.372748E1	1.164032E1	-3.987080E0
1.376080E1	1.170090E1	-4.034270E0
1.379412E1	1.173376E1	-4.037813E0
1.382744E1	1.171842E1	-4.035351E0
1.386076E1	1.164001E1	-4.036427E0
1.389408E1	1.161205E1	-4.017619E0
1.392740E1	1.171816E1	-4.014748E0
1.396072E1	1.193731E1	-4.009916E0
1.399403E1	1.214845E1	-3.976467E0
1.402735E1	1.221446E1	-3.976018E0
1.406067E1	1.224103E1	-4.017198E0
1.409399E1	1.230961E1	-4.070502E0
1.412731E1	1.237799E1	-4.091708E0
1.416063E1	1.239574E1	-4.125291E0
1.419395E1	1.253279E1	-4.157822E0
1.422727E1	1.276409E1	-4.185698E0
1.426059E1	1.285317E1	-4.244159E0
1.429391E1	1.272372E1	-4.243286E0
1.432723E1	1.232873E1	-4.207313E0
1.436055E1	1.181663E1	-4.198367E0
1.439386E1	1.163636E1	-4.262395E0
1.442718E1	1.181318E1	-4.314588E0
1.446050E1	1.206208E1	-4.308968E0
1.449382E1	1.232121E1	-4.240234E0
1.452714E1	1.233152E1	-4.232826E0
1.456046E1	1.215448E1	-4.234266E0
1.459378E1	1.200945E1	-4.291020E0
1.462710E1	1.193926E1	-4.357830E0
1.466042E1	1.192450E1	-4.379148E0
1.469374E1	1.194335E1	-4.411295E0
1.472706E1	1.198010E1	-4.410665E0
1.476037E1	1.197480E1	-4.421622E0
1.479369E1	1.192934E1	-4.466352E0
1.482701E1	1.183066E1	-4.483116E0
1.486033E1	1.180613E1	-4.478291E0
1.489365E1	1.192424E1	-4.478228E0
1.492697E1	1.223561E1	-4.466390E0
1.496029E1	1.260625E1	-4.405064E0
1.499361E1	1.281659E1	-4.353385E0
1.502693E1	1.283879E1	-4.354039E0
1.506025E1	1.268557E1	-4.393937E0
1.509357E1	1.259427E1	-4.415986E0
1.512689E1	1.259277E1	-4.472485E0
1.516020E1	1.262654E1	-4.519558E0
1.519352E1	1.275643E1	-4.554862E0
1.522684E1	1.287271E1	-4.599266E0
1.526016E1	1.294573E1	-4.688438E0
1.529348E1	1.295128E1	-4.678617E0
1.532680E1	1.291705E1	-4.687931E0
1.536012E1	1.282168E1	-4.676048E0
1.539344E1	1.277806E1	-4.563190E0
1.542676E1	1.284141E1	-4.500180E0
1.546008E1	1.317889E1	-4.518783E0
1.549340E1	1.352197E1	-4.523118E0
1.552671E1	1.357515E1	-4.543295E0
1.556003E1	1.363562E1	-4.546277E0
1.559335E1	1.364299E1	-4.566344E0
1.562667E1	1.361979E1	-4.656969E0
1.565999E1	1.363185E1	-4.721351E0
1.569331E1	1.385742E1	-4.770914E0
1.572663E1	1.418387E1	-4.744592E0
1.575995E1	1.434271E1	-4.762569E0
1.579327E1	1.426293E1	-4.754031E0
1.582659E1	1.396546E1	-4.742626E0
1.585991E1	1.348849E1	-4.735080E0
1.589323E1	1.327790E1	-4.830204E0
1.592654E1	1.340009E1	-4.911011E0
1.595986E1	1.358056E1	-4.936043E0
1.599318E1	1.389237E1	-4.887292E0
1.602650E1	1.389958E1	-4.885152E0
1.605982E1	1.376316E1	-4.893439E0
1.609314E1	1.367366E1	-4.947066E0
1.612646E1	1.367900E1	-4.998520E0
1.615978E1	1.370835E1	-4.991870E0
1.619310E1	1.388167E1	-4.945119E0
1.622642E1	1.410873E1	-4.916819E0
1.625974E1	1.425300E1	-4.977538E0
1.629305E1	1.433933E1	-4.956578E0
1.632637E1	1.439349E1	-4.936715E0
1.635969E1	1.444864E1	-4.941238E0
1.639301E1	1.449459E1	-4.938992E0
1.642633E1	1.452380E1	-4.978944E0
1.645965E1	1.470742E1	-4.990708E0
1.649297E1	1.485048E1	-4.995882E0
1.652629E1	1.483619E1	-4.973154E0
1.655961E1	1.467160E1	-4.939044E0
1.659293E1	1.428206E1	-4.943447E0
1.662625E1	1.391184E1	-4.969720E0
1.665957E1	1.389939E1	-4.914760E0
1.669288E1	1.408312E1	-4.921164E0
1.672620E1	1.435602E1	-4.929850E0
1.675952E1	1.452337E1	-4.937266E0
1.679284E1	1.451660E1	-4.935275E0
1.682616E1	1.443547E1	-4.965882E0
1.685948E1	1.435400E1	-5.042271E0
1.689280E1	1.434322E1	-4.998521E0
1.692612E1	1.439247E1	-4.927420E0
1.695944E1	1.463819E1	-4.892538E0
1.699276E1	1.476575E1	-4.854206E0
1.702608E1	1.475776E1	-4.876665E0
1.705939E1	1.469830E1	-4.879952E0
1.709271E1	1.468282E1	-4.913106E0
1.712603E1	1.469466E1	-4.924285E0
1.715935E1	1.471628E1	-4.919064E0
1.719267E1	1.474102E1	-4.936003E0
1.722599E1	1.479386E1	-4.942704E0
1.725931E1	1.476047E1	-5.002202E0
1.729263E1	1.466103E1	-4.981412E0
1.732595E1	1.437367E1	-4.923710E0
1.735927E1	1.409890E1	-4.927850E0
1.739259E1	1.402088E1	-4.978461E0
1.742591E1	1.413108E1	-4.942835E0
1.745922E1	1.439078E1	-4.896442E0
1.749254E1	1.466355E1	-4.837396E0
1.752586E1	1.465858E1	-4.832354E0
1.755918E1	1.451762E1	-4.835596E0
1.759250E1	1.438690E1	-4.872412E0
1.762582E1	1.431306E1	-4.948195E0
1.765914E1	1.429472E1	-4.974222E0
1.769246E1	1.441618E1	-4.987870E0
1.772578E1	1.456999E1	-4.974466E0
1.775910E1	1.463639E1	-4.975553E0
1.779242E1	1.452985E1	-5.010566E0
1.782573E1	1.430074E1	-5.132643E0
1.785905E1	1.407164E1	-5.165683E0
1.789237E1	1.409659E1	-5.154365E0
1.792569E1	1.428768E1	-5.123997E0
1.795901E1	1.453897E1	-5.107489E0
1.799233E1	1.466310E1	-5.050676E0
1.802565E1	1.467639E1	-5.064319E0
1.805897E1	1.450772E1	-5.065906E0
1.809229E1	1.431897E1	-5.099470E0
1.812561E1	1.421853E1	-5.147880E0
1.815893E1	1.423603E1	-5.205809E0
1.819225E1	1.443576E1	-5.212004E0
1.822556E1	1.462174E1	-5.219072E0
1.825888E1	1.474295E1	-5.268433E0
1.829220E1	1.481115E1	-5.268461E0
1.832552E1	1.485607E1	-5.253643E0
1.835884E1	1.482354E1	-5.219616E0
1.839216E1	1.481387E1	-5.154979E0
1.842548E1	1.487008E1	-5.157733E0
1.845880E1	1.505315E1	-5.149926E0
1.849212E1	1.520123E1	-5.138240E0
1.852544E1	1.517322E1	-5.111323E0
1.855876E1	1.491303E1	-5.118418E0
1.859207E1	1.457814E1	-5.144934E0
1.862539E1	1.436964E1	-5.220076E0
1.865871E1	1.434287E1	-5.319381E0
1.869203E1	1.448717E1	-5.333633E0
1.872535E1	1.462798E1	-5.315904E0
1.875867E1	1.472454E1	-5.360180E0
1.879199E1	1.477551E1	-5.357698E0
1.882531E1	1.484100E1	-5.355294E0
1.885863E1	1.484833E1	-5.332419E0
1.889195E1	1.487471E1	-5.219084E0
1.892527E1	1.492668E1	-5.115460E0
1.895859E1	1.512036E1	-5.099317E0
1.899190E1	1.536648E1	-5.113695E0
1.902522E1	1.534021E1	-5.139693E0
1.905854E1	1.525240E1	-5.161363E0
1.909186E1	1.507202E1	-5.209984E0
1.912518E1	1.492318E1	-5.273336E0
1.915850E1	1.486376E1	-5.321029E0
1.919182E1	1.495958E1	-5.312745E0
1.922514E1	1.513531E1	-5.299359E0
1.925846E1	1.525590E1	-5.349719E0
1.929178E1	1.535116E1	-5.330180E0
1.932510E1	1.538467E1	-5.300110E0
1.935841E1	1.544153E1	-5.307473E0
1.939173E1	1.548533E1	-5.327394E0
1.942505E1	1.552184E1	-5.325598E0
1.945837E1	1.570641E1	-5.322952E0
1.949169E1	1.590566E1	-5.246699E0
1.952501E1	1.596903E1	-5.211833E0
1.955833E1	1.576255E1	-5.216447E0
1.959165E1	1.532945E1	-5.247867E0
1.962497E1	1.491553E1	-5.312656E0
1.965829E1	1.486664E1	-5.276080E0
1.969161E1	1.502347E1	-5.305841E0
1.972493E1	1.528842E1	-5.325927E0
1.975824E1	1.540522E1	-5.368927E0
1.979156E1	1.542382E1	-5.386010E0
1.982488E1	1.545554E1	-5.380735E0
1.985820E1	1.542852E1	-5.381457E0
1.989152E1	1.537123E1	-5.301409E0
1.992484E1	1.541946E1	-5.246386E0
1.995816E1	1.550934E1	-5.230084E0
1.999148E1	1.559024E1	-5.278341E0
2.002480E1	1.553250E1	-5.305903E0
2.005812E1	1.535724E1	-5.228569E0
2.009144E1	1.516303E1	-5.156892E0
2.012475E1	1.505953E1	-5.213520E0
2.015807E1	1.518862E1	-5.298895E0
2.019139E1	1.536734E1	-5.324924E0
2.022471E1	1.553410E1	-5.366134E0
2.025803E1	1.563412E1	-5.422007E0
2.029135E1	1.567557E1	-5.408792E0
2.032467E1	1.570775E1	-5.405414E0
2.035799E1	1.567283E1	-5.365236E0
2.039131E1	1.564044E1	-5.331269E0
2.042463E1	1.571027E1	-5.356134E0
2.045795E1	1.591986E1	-5.368133E0
2.049127E1	1.608032E1	-5.313867E0
2.052458E1	1.604113E1	-5.307029E0
2.055790E1	1.580787E1	-5.319518E0
2.059122E1	1.555099E1	-5.346914E0
2.062454E1	1.540256E1	-5.376288E0
2.065786E1	1.533671E1	-5.435401E0
2.069118E1	1.551261E1	-5.506046E0
2.072450E1	1.569592E1	-5.506780E0
2.075782E1	1.581589E1	-5.572709E0
2.079114E1	1.586377E1	-5.584109E0
2.082446E1	1.588162E1	-5.587592E0
2.085778E1	1.583527E1	-5.574437E0
2.089109E1	1.581356E1	-5.481098E0
2.092441E1	1.589489E1	-5.415377E0
2.095773E1	1.613099E1	-5.410331E0
2.099105E1	1.635750E1	-5.411267E0
2.102437E1	1.629404E1	-5.402446E0
2.105769E1	1.611915E1	-5.379675E0
2.109101E1	1.585395E1	-5.423475E0
2.112433E1	1.571052E1	-5.492731E0
2.115765E1	1.566943E1	-5.535633E0
2.119097E1	1.589233E1	-5.525499E0
2.122429E1	1.604851E1	-5.525674E0
2.125761E1	1.613745E1	-5.592372E0
2.129092E1	1.617047E1	-5.584131E0
2.132424E1	1.615787E1	-5.575592E0
2.135756E1	1.608097E1	-5.568217E0
2.139088E1	1.603110E1	-5.527140E0
2.142420E1	1.609241E1	-5.537636E0
2.145752E1	1.631707E1	-5.573084E0
2.149084E1	1.654095E1	-5.535940E0
2.152416E1	1.654300E1	-5.514558E0
2.155748E1	1.631316E1	-5.522791E0
2.159080E1	1.606715E1	-5.549755E0
2.162412E1	1.590923E1	-5.593852E0
2.165743E1	1.586735E1	-5.626898E0
2.169075E1	1.604859E1	-5.622319E0
2.172407E1	1.621644E1	-5.590211E0
2.175739E1	1.627322E1	-5.688120E0
2.179071E1	1.629992E1	-5.684440E0
2.182403E1	1.629574E1	-5.653275E0
2.185735E1	1.621882E1	-5.644956E0
2.189067E1	1.620086E1	-5.587254E0
2.192399E1	1.626922E1	-5.604857E0
2.195731E1	1.649236E1	-5.631437E0
2.199063E1	1.666348E1	-5.595674E0
2.202395E1	1.658226E1	-5.579545E0
2.205726E1	1.627082E1	-5.577048E0
2.209058E1	1.601492E1	-5.574812E0
2.212390E1	1.590408E1	-5.641187E0
2.215722E1	1.596894E1	-5.640805E0
2.219054E1	1.616433E1	-5.635740E0
2.222386E1	1.639062E1	-5.612907E0
2.225718E1	1.650838E1	-5.674603E0
2.229050E1	1.652681E1	-5.668520E0
2.232382E1	1.645238E1	-5.646051E0
2.235714E1	1.633171E1	-5.684424E0
2.239046E1	1.626509E1	-5.604039E0
2.242377E1	1.633138E1	-5.501878E0
2.245709E1	1.654061E1	-5.463526E0
2.249041E1	1.680955E1	-5.447673E0
2.252373E1	1.682106E1	-5.468225E0
2.255705E1	1.671127E1	-5.478259E0
2.259037E1	1.648590E1	-5.527580E0
2.262369E1	1.630352E1	-5.572475E0
2.265701E1	1.625332E1	-5.612410E0
2.269033E1	1.638516E1	-5.618598E0
2.272365E1	1.658968E1	-5.589739E0
2.275697E1	1.673349E1	-5.633780E0
2.279029E1	1.680731E1	-5.632877E0
2.282360E1	1.685478E1	-5.620140E0
2.285692E1	1.692035E1	-5.622041E0
2.289024E1	1.694744E1	-5.618041E0
2.292356E1	1.698990E1	-5.623076E0
2.295688E1	1.716597E1	-5.626948E0
2.299020E1	1.736147E1	-5.553971E0
2.302352E1	1.742458E1	-5.508733E0
2.305684E1	1.723856E1	-5.498502E0
2.309016E1	1.682411E1	-5.525589E0
2.312348E1	1.638891E1	-5.584654E0
2.315680E1	1.635457E1	-5.569889E0
2.319011E1	1.656756E1	-5.528764E0
2.322343E1	1.682220E1	-5.504832E0
2.325675E1	1.697059E1	-5.521383E0
2.329007E1	1.699953E1	-5.529435E0
2.332339E1	1.697035E1	-5.527805E0
2.335671E1	1.692936E1	-5.569605E0
2.339003E1	1.694531E1	-5.509460E0
2.342335E1	1.702968E1	-5.411874E0
2.345667E1	1.721917E1	-5.388068E0
2.348999E1	1.747472E1	-5.350379E0
2.352331E1	1.744858E1	-5.339606E0
2.355663E1	1.725118E1	-5.329266E0
2.358994E1	1.703066E1	-5.374276E0
2.362326E1	1.688027E1	-5.474427E0
2.365658E1	1.685313E1	-5.514910E0
2.368990E1	1.699948E1	-5.510935E0
2.372322E1	1.717038E1	-5.483690E0
2.375654E1	1.730291E1	-5.558019E0
2.378986E1	1.735207E1	-5.557646E0
2.382318E1	1.735488E1	-5.550831E0
2.385650E1	1.734239E1	-5.549017E0
2.388982E1	1.735162E1	-5.438998E0
2.392314E1	1.739967E1	-5.303111E0
2.395645E1	1.760828E1	-5.295500E0
2.398977E1	1.789854E1	-5.286999E0
2.402309E1	1.790875E1	-5.309371E0
2.405641E1	1.781506E1	-5.336330E0
2.408973E1	1.757996E1	-5.392032E0
2.412305E1	1.736819E1	-5.462686E0
2.415637E1	1.719619E1	-5.563348E0
2.418969E1	1.721780E1	-5.613381E0
2.422301E1	1.736002E1	-5.588485E0
2.425633E1	1.753375E1	-5.522914E0
2.428965E1	1.761842E1	-5.504378E0
2.432297E1	1.755267E1	-5.549068E0
2.435628E1	1.748887E1	-5.538989E0
2.438960E1	1.748493E1	-5.506079E0
2.442292E1	1.765719E1	-5.511736E0
2.445624E1	1.791103E1	-5.495510E0
2.448956E1	1.808679E1	-5.482690E0
2.452288E1	1.809481E1	-5.499368E0
2.455620E1	1.799257E1	-5.508244E0
2.458952E1	1.781420E1	-5.563673E0
2.462284E1	1.770435E1	-5.656667E0
2.465616E1	1.768368E1	-5.679721E0
2.468948E1	1.780852E1	-5.668054E0
2.472279E1	1.795686E1	-5.655692E0
2.475611E1	1.802420E1	-5.709950E0
2.478943E1	1.799851E1	-5.729404E0
2.482275E1	1.784935E1	-5.731191E0
2.485607E1	1.773536E1	-5.793998E0
2.488939E1	1.768105E1	-5.726924E0
2.492271E1	1.777872E1	-5.724043E0
2.495603E1	1.805921E1	-5.718233E0
2.498935E1	1.830912E1	-5.670026E0
2.502267E1	1.837142E1	-5.630518E0
2.505599E1	1.821650E1	-5.631735E0
2.508931E1	1.804070E1	-5.678423E0
2.512262E1	1.790559E1	-5.721734E0
2.515594E1	1.788541E1	-5.762450E0
2.518926E1	1.798822E1	-5.769680E0
2.522258E1	1.810858E1	-5.774491E0
2.525590E1	1.816050E1	-5.854333E0
2.528922E1	1.811154E1	-5.873233E0
2.532254E1	1.802258E1	-5.872661E0
2.535586E1	1.794534E1	-5.932694E0
2.538918E1	1.787634E1	-5.891544E0
2.542250E1	1.793836E1	-5.895862E0
2.545582E1	1.816189E1	-5.903377E0
2.548913E1	1.838138E1	-5.875155E0
2.552245E1	1.840681E1	-5.820811E0
2.555577E1	1.821673E1	-5.819407E0
2.558909E1	1.799930E1	-5.844775E0
2.562241E1	1.784292E1	-5.885548E0
2.565573E1	1.782815E1	-5.939512E0
2.568905E1	1.794300E1	-5.951212E0
2.572237E1	1.801246E1	-5.941796E0
2.575569E1	1.805855E1	-5.998822E0
2.578901E1	1.805558E1	-5.998087E0
2.582233E1	1.796133E1	-5.997085E0
2.585565E1	1.788859E1	-6.011719E0
2.588896E1	1.789439E1	-6.015774E0
2.592228E1	1.804418E1	-6.041429E0
2.595560E1	1.833752E1	-6.075808E0
2.598892E1	1.856297E1	-6.009664E0
2.602224E1	1.857531E1	-5.973869E0
2.605556E1	1.836907E1	-5.995662E0
2.608888E1	1.813444E1	-6.015381E0
2.612220E1	1.796438E1	-6.046889E0
2.615552E1	1.794517E1	-6.094467E0
2.618884E1	1.802568E1	-6.090199E0
2.622216E1	1.812286E1	-6.109380E0
2.625547E1	1.816173E1	-6.183962E0
2.628879E1	1.817995E1	-6.191540E0
2.632211E1	1.816622E1	-6.157249E0
2.635543E1	1.815495E1	-6.158964E0
2.638875E1	1.812218E1	-6.099570E0
2.642207E1	1.815706E1	-6.068879E0
2.645539E1	1.841323E1	-6.133886E0
2.648871E1	1.878826E1	-6.168631E0
2.652203E1	1.894107E1	-6.101989E0
2.655535E1	1.884221E1	-6.100914E0
2.658867E1	1.872842E1	-6.133093E0
2.662199E1	1.866671E1	-6.208356E0
2.665530E1	1.861437E1	-6.241717E0
2.668862E1	1.872789E1	-6.236474E0
2.672194E1	1.883505E1	-6.223327E0
2.675526E1	1.884870E1	-6.285594E0
2.678858E1	1.883683E1	-6.260857E0
2.682190E1	1.878522E1	-6.255172E0
2.685522E1	1.872496E1	-6.267969E0
2.688854E1	1.871221E1	-6.209165E0
2.692186E1	1.874439E1	-6.159208E0
2.695518E1	1.897464E1	-6.153619E0
2.698850E1	1.917467E1	-6.161050E0
2.702181E1	1.916674E1	-6.157782E0
2.705513E1	1.903670E1	-6.129535E0
2.708845E1	1.884189E1	-6.156441E0
2.712177E1	1.870617E1	-6.186354E0
2.715509E1	1.866982E1	-6.245026E0
2.718841E1	1.876818E1	-6.260538E0
2.722173E1	1.889782E1	-6.263327E0
2.725505E1	1.894360E1	-6.329070E0
2.728837E1	1.895395E1	-6.337937E0
2.732169E1	1.893947E1	-6.314855E0
2.735501E1	1.889824E1	-6.326636E0
2.738833E1	1.888810E1	-6.242697E0
2.742164E1	1.892957E1	-6.194771E0
2.745496E1	1.915251E1	-6.181253E0
2.748828E1	1.934844E1	-6.197924E0
2.752160E1	1.933524E1	-6.203788E0
2.755492E1	1.924880E1	-6.190347E0
2.758824E1	1.906867E1	-6.208230E0
2.762156E1	1.893685E1	-6.237544E0
2.765488E1	1.893446E1	-6.291224E0
2.768820E1	1.904554E1	-6.319688E0
2.772152E1	1.916109E1	-6.331135E0
2.775484E1	1.917292E1	-6.379488E0
2.778815E1	1.915475E1	-6.384977E0
2.782147E1	1.897626E1	-6.381925E0
2.785479E1	1.883321E1	-6.441499E0
2.788811E1	1.876321E1	-6.405538E0
2.792143E1	1.888099E1	-6.386752E0
2.795475E1	1.917518E1	-6.387888E0
2.798807E1	1.944870E1	-6.349068E0
2.802139E1	1.950386E1	-6.301599E0
2.805471E1	1.932333E1	-6.294527E0
2.808803E1	1.912075E1	-6.331172E0
2.812135E1	1.896751E1	-6.362511E0
2.815467E1	1.892243E1	-6.419977E0
2.818798E1	1.904582E1	-6.482227E0
2.822130E1	1.916592E1	-6.512829E0
2.825462E1	1.917154E1	-6.598385E0
2.828794E1	1.918357E1	-6.609884E0
2.832126E1	1.920904E1	-6.580975E0
2.835458E1	1.919795E1	-6.553925E0
2.838790E1	1.921803E1	-6.499250E0
2.842122E1	1.931047E1	-6.498849E0
2.845454E1	1.956036E1	-6.505274E0
2.848786E1	1.977981E1	-6.472805E0
2.852118E1	1.979810E1	-6.436127E0
2.855449E1	1.960177E1	-6.425336E0
2.858781E1	1.931552E1	-6.450802E0
2.862113E1	1.907869E1	-6.484448E0
2.865445E1	1.900567E1	-6.571500E0
2.868777E1	1.915621E1	-6.591063E0
2.872109E1	1.929755E1	-6.598645E0
2.875441E1	1.933095E1	-6.665103E0
2.878773E1	1.933031E1	-6.691019E0
2.882105E1	1.939795E1	-6.669196E0
2.885437E1	1.940016E1	-6.651933E0
2.888769E1	1.943664E1	-6.578626E0
2.892101E1	1.956091E1	-6.588775E0
2.895432E1	1.984174E1	-6.584683E0
2.898764E1	2.008870E1	-6.576678E0
2.902096E1	2.011454E1	-6.559126E0
2.905428E1	1.994405E1	-6.534120E0
2.908760E1	1.972033E1	-6.578234E0
2.912092E1	1.952873E1	-6.646590E0
2.915424E1	1.947894E1	-6.687815E0
2.918756E1	1.959524E1	-6.681197E0
2.922088E1	1.972363E1	-6.710774E0
2.925420E1	1.976615E1	-6.765602E0
2.928752E1	1.975048E1	-6.739787E0
2.932083E1	1.970674E1	-6.707396E0
2.935415E1	1.964962E1	-6.734545E0
2.938747E1	1.960190E1	-6.703410E0
2.942079E1	1.964983E1	-6.707100E0
2.945411E1	1.991290E1	-6.744563E0
2.948743E1	2.017767E1	-6.751712E0
2.952075E1	2.029594E1	-6.712522E0
2.955407E1	2.018367E1	-6.704003E0
2.958739E1	2.003755E1	-6.712288E0
2.962071E1	1.994002E1	-6.747537E0
2.965403E1	1.989735E1	-6.801145E0
2.968735E1	1.994623E1	-6.842410E0
2.972066E1	2.005648E1	-6.868338E0
2.975398E1	2.006438E1	-6.965159E0
2.978730E1	2.008041E1	-6.976203E0
2.982062E1	2.011041E1	-6.947792E0
2.985394E1	2.012239E1	-6.920972E0
2.988726E1	2.012588E1	-6.879690E0
2.992058E1	2.018082E1	-6.920225E0
2.995390E1	2.040620E1	-6.929494E0
2.998722E1	2.062245E1	-6.907062E0
3.002054E1	2.067000E1	-6.867028E0
3.005386E1	2.053243E1	-6.860142E0
3.008717E1	2.034277E1	-6.866250E0
3.012049E1	2.022263E1	-6.872546E0
3.015381E1	2.016429E1	-6.925352E0
3.018713E1	2.028536E1	-6.975476E0
3.022045E1	2.041139E1	-7.024859E0
3.025377E1	2.044854E1	-7.080641E0
3.028709E1	2.046222E1	-7.083822E0
3.032041E1	2.047552E1	-7.080399E0
3.035373E1	2.049065E1	-7.064676E0
3.038705E1	2.052183E1	-7.065893E0
3.042037E1	2.054580E1	-7.023661E0
3.045369E1	2.061370E1	-6.998018E0
3.048700E1	2.080554E1	-6.972137E0
3.052032E1	2.092064E1	-6.909043E0
3.055364E1	2.089530E1	-6.873224E0
3.058696E1	2.055588E1	-6.863354E0
3.062028E1	2.010108E1	-6.906525E0
3.065360E1	1.998095E1	-6.890708E0
3.068692E1	2.011023E1	-6.892835E0
3.072024E1	2.034630E1	-6.900795E0
3.075356E1	2.045954E1	-6.945728E0
3.078688E1	2.045413E1	-6.949425E0
3.082020E1	2.038524E1	-6.925306E0
3.085351E1	2.031083E1	-6.907326E0
3.088683E1	2.035908E1	-6.853515E0
3.092015E1	2.040189E1	-6.806580E0
3.095347E1	2.065005E1	-6.804951E0
3.098679E1	2.088679E1	-6.797874E0
3.102011E1	2.093616E1	-6.749874E0
3.105343E1	2.081014E1	-6.739039E0
3.108675E1	2.063024E1	-6.768962E0
3.112007E1	2.048722E1	-6.801072E0
3.115339E1	2.046998E1	-6.879272E0
3.118671E1	2.055628E1	-6.884956E0
3.122003E1	2.069044E1	-6.908526E0
3.125334E1	2.069330E1	-6.972859E0
3.128666E1	2.067133E1	-6.961060E0
3.131998E1	2.067203E1	-6.949650E0
3.135330E1	2.065834E1	-6.925369E0
3.138662E1	2.062131E1	-6.901582E0
3.141994E1	2.072071E1	-6.923565E0
3.145326E1	2.095745E1	-6.959249E0
3.148658E1	2.119172E1	-6.946561E0
3.151990E1	2.124593E1	-6.902419E0
3.155322E1	2.111080E1	-6.903522E0
3.158654E1	2.089306E1	-6.916194E0
3.161985E1	2.071399E1	-6.929374E0
3.165317E1	2.060399E1	-7.004196E0
3.168649E1	2.068148E1	-7.003809E0
3.171981E1	2.088166E1	-6.975138E0
3.175313E1	2.099929E1	-7.014632E0
3.178645E1	2.103270E1	-7.070273E0
3.181977E1	2.103203E1	-7.024907E0
3.185309E1	2.100961E1	-7.008394E0
3.188641E1	2.099111E1	-6.938554E0
3.191973E1	2.107552E1	-6.916582E0
3.195305E1	2.124967E1	-6.915610E0
3.198637E1	2.150104E1	-6.923574E0
3.201968E1	2.152405E1	-6.934062E0
3.205300E1	2.140750E1	-6.906166E0
3.208632E1	2.119092E1	-6.933512E0
3.211964E1	2.100786E1	-7.009828E0
3.215296E1	2.097036E1	-7.056926E0
3.218628E1	2.108249E1	-7.071418E0
3.221960E1	2.118110E1	-7.077382E0
3.225292E1	2.119776E1	-7.181938E0
3.228624E1	2.124255E1	-7.198164E0
3.231956E1	2.123212E1	-7.190417E0
3.235288E1	2.129484E1	-7.185893E0
3.238619E1	2.141428E1	-7.192565E0
3.241951E1	2.140776E1	-7.221984E0
3.245283E1	2.143985E1	-7.261447E0
3.248615E1	2.154853E1	-7.296376E0
3.251947E1	2.157956E1	-7.242235E0
3.255279E1	2.148731E1	-7.223978E0
3.258611E1	2.118415E1	-7.208698E0
3.261943E1	2.090656E1	-7.197971E0
3.265275E1	2.082620E1	-7.216691E0
3.268607E1	2.095928E1	-7.234576E0
3.271939E1	2.111996E1	-7.222081E0
3.275271E1	2.115848E1	-7.285753E0
3.278602E1	2.116589E1	-7.286311E0
3.281934E1	2.113009E1	-7.252180E0
3.285266E1	2.111374E1	-7.255209E0
3.288598E1	2.110469E1	-7.240251E0
3.291930E1	2.113957E1	-7.240219E0
3.295262E1	2.132869E1	-7.275035E0
3.298594E1	2.155352E1	-7.261754E0
3.301926E1	2.162607E1	-7.205331E0
3.305258E1	2.153843E1	-7.200532E0
3.308590E1	2.133597E1	-7.186540E0
3.311922E1	2.119990E1	-7.221213E0
3.315253E1	2.118038E1	-7.256827E0
3.318585E1	2.117879E1	-7.278873E0
3.321917E1	2.131451E1	-7.298415E0
3.325249E1	2.141093E1	-7.302822E0
3.328581E1	2.140841E1	-7.346432E0
3.331913E1	2.137328E1	-7.355042E0
3.335245E1	2.130462E1	-7.343056E0
3.338577E1	2.124877E1	-7.312752E0
3.341909E1	2.136771E1	-7.362905E0
3.345241E1	2.162479E1	-7.405320E0
3.348573E1	2.190867E1	-7.352182E0
3.351905E1	2.202124E1	-7.246739E0
3.355236E1	2.191026E1	-7.238348E0
3.358568E1	2.169337E1	-7.270963E0
3.361900E1	2.158237E1	-7.302780E0
3.365232E1	2.153910E1	-7.351325E0
3.368564E1	2.157522E1	-7.384390E0
3.371896E1	2.168642E1	-7.394059E0
3.375228E1	2.170113E1	-7.468146E0
3.378560E1	2.166098E1	-7.447807E0
3.381892E1	2.160221E1	-7.401994E0
3.385224E1	2.146359E1	-7.381340E0
3.388556E1	2.139970E1	-7.343044E0
3.391887E1	2.140052E1	-7.346599E0
3.395219E1	2.154171E1	-7.416744E0
3.398551E1	2.173290E1	-7.427282E0
3.401883E1	2.181886E1	-7.362304E0
3.405215E1	2.176005E1	-7.333925E0
3.408547E1	2.164556E1	-7.356622E0
3.411879E1	2.163509E1	-7.406021E0
3.415211E1	2.160734E1	-7.403222E0
3.418543E1	2.163976E1	-7.420722E0
3.421875E1	2.168255E1	-7.437116E0
3.425207E1	2.165722E1	-7.503298E0
3.428539E1	2.167218E1	-7.501867E0
3.431870E1	2.167529E1	-7.461574E0
3.435202E1	2.168873E1	-7.478030E0
3.438534E1	2.167957E1	-7.423036E0
3.441866E1	2.175105E1	-7.420270E0
3.445198E1	2.197253E1	-7.411244E0
3.448530E1	2.222546E1	-7.381724E0
3.451862E1	2.230661E1	-7.387915E0
3.455194E1	2.216605E1	-7.350749E0
3.458526E1	2.196998E1	-7.350896E0
3.461858E1	2.180361E1	-7.402578E0
3.465190E1	2.168428E1	-7.447103E0
3.468521E1	2.170483E1	-7.456621E0
3.471853E1	2.187047E1	-7.457083E0
3.475185E1	2.205473E1	-7.442736E0
3.478517E1	2.207215E1	-7.452206E0
3.481849E1	2.206607E1	-7.476400E0
3.485181E1	2.206034E1	-7.500817E0
3.488513E1	2.209255E1	-7.460936E0
3.491845E1	2.217273E1	-7.440483E0
3.495177E1	2.240745E1	-7.423788E0
3.498509E1	2.268045E1	-7.409902E0
3.501841E1	2.275005E1	-7.419419E0
3.505173E1	2.266575E1	-7.387852E0
3.508504E1	2.248721E1	-7.396911E0
3.511836E1	2.236123E1	-7.437758E0
3.515168E1	2.227643E1	-7.477003E0
3.518500E1	2.237457E1	-7.515376E0
3.521832E1	2.246550E1	-7.515300E0
3.525164E1	2.246076E1	-7.560362E0
3.528496E1	2.248893E1	-7.618304E0
3.531828E1	2.242749E1	-7.602908E0
3.535160E1	2.236164E1	-7.614485E0
3.538492E1	2.236295E1	-7.606489E0
3.541824E1	2.241858E1	-7.507566E0
3.545155E1	2.257982E1	-7.458042E0
3.548487E1	2.281454E1	-7.410845E0
3.551819E1	2.289919E1	-7.425953E0
3.555151E1	2.285386E1	-7.433466E0
3.558483E1	2.273324E1	-7.380688E0
3.561815E1	2.263426E1	-7.382643E0
3.565147E1	2.259012E1	-7.432462E0
3.568479E1	2.269226E1	-7.443133E0
3.571811E1	2.276541E1	-7.483036E0
3.575143E1	2.276287E1	-7.560676E0
3.578475E1	2.274901E1	-7.547679E0
3.581807E1	2.264591E1	-7.508436E0
3.585138E1	2.251407E1	-7.543114E0
3.588470E1	2.244591E1	-7.541168E0
3.591802E1	2.247326E1	-7.514503E0
3.595134E1	2.268419E1	-7.530002E0
3.598466E1	2.292516E1	-7.545887E0
3.601798E1	2.297946E1	-7.539357E0
3.605130E1	2.286353E1	-7.535922E0
3.608462E1	2.266963E1	-7.529959E0
3.611794E1	2.255537E1	-7.552897E0
3.615126E1	2.251256E1	-7.608521E0
3.618458E1	2.260690E1	-7.609234E0
3.621789E1	2.275790E1	-7.615964E0
3.625121E1	2.278963E1	-7.660549E0
3.628453E1	2.275549E1	-7.703697E0
3.631785E1	2.280786E1	-7.673026E0
3.635117E1	2.286363E1	-7.617145E0
3.638449E1	2.285834E1	-7.547235E0
3.641781E1	2.292827E1	-7.546649E0
3.645113E1	2.313018E1	-7.581881E0
3.648445E1	2.338259E1	-7.587460E0
3.651777E1	2.341724E1	-7.588878E0
3.655109E1	2.333399E1	-7.592012E0
3.658441E1	2.316408E1	-7.596081E0
3.661772E1	2.300702E1	-7.620812E0
3.665104E1	2.292658E1	-7.663404E0
3.668436E1	2.297679E1	-7.696298E0
3.671768E1	2.308935E1	-7.729184E0
3.675100E1	2.310035E1	-7.782312E0
3.678432E1	2.306950E1	-7.759072E0
3.681764E1	2.311879E1	-7.745883E0
3.685096E1	2.317613E1	-7.755200E0
3.688428E1	2.318641E1	-7.703265E0
3.691760E1	2.326746E1	-7.706378E0
3.695092E1	2.348759E1	-7.767950E0
3.698423E1	2.381411E1	-7.771365E0
3.701755E1	2.388812E1	-7.777659E0
3.705087E1	2.381097E1	-7.751157E0
3.708419E1	2.365487E1	-7.747118E0
3.711751E1	2.355519E1	-7.787421E0
3.715083E1	2.353573E1	-7.821846E0
3.718415E1	2.353363E1	-7.857367E0
3.721747E1	2.359101E1	-7.908995E0
3.725079E1	2.355487E1	-7.983865E0
3.728411E1	2.353683E1	-7.987537E0
3.731743E1	2.345929E1	-7.987452E0
3.735075E1	2.337315E1	-8.037595E0
3.738406E1	2.328915E1	-7.973439E0
3.741738E1	2.339202E1	-7.942778E0
3.745070E1	2.358335E1	-7.926665E0
3.748402E1	2.387372E1	-7.889153E0
3.751734E1	2.396823E1	-7.868263E0
3.755066E1	2.385841E1	-7.858501E0
3.758398E1	2.364182E1	-7.830430E0
3.761730E1	2.347642E1	-7.856186E0
3.765062E1	2.337648E1	-7.906846E0
3.768394E1	2.342420E1	-7.920841E0
3.771726E1	2.355642E1	-7.918725E0
3.775057E1	2.362070E1	-7.969954E0
3.778389E1	2.358215E1	-7.977593E0
3.781721E1	2.347030E1	-7.958983E0
3.785053E1	2.339478E1	-7.983502E0
3.788385E1	2.333204E1	-7.938068E0
3.791717E1	2.340782E1	-7.930504E0
3.795049E1	2.366588E1	-7.973677E0
3.798381E1	2.393782E1	-7.962381E0
3.801713E1	2.403040E1	-7.930476E0
3.805045E1	2.391052E1	-7.919112E0
3.808377E1	2.371803E1	-7.941290E0
3.811709E1	2.355265E1	-7.978232E0
3.815040E1	2.347656E1	-7.993257E0
3.818372E1	2.349639E1	-8.034039E0
3.821704E1	2.361821E1	-8.037887E0
3.825036E1	2.364901E1	-8.101969E0
3.828368E1	2.362970E1	-8.100992E0
3.831700E1	2.357278E1	-8.074554E0
3.835032E1	2.350687E1	-8.086789E0
3.838364E1	2.346249E1	-8.055743E0
3.841696E1	2.348757E1	-8.093851E0
3.845028E1	2.363994E1	-8.117120E0
3.848360E1	2.386115E1	-8.143499E0
3.851691E1	2.400716E1	-8.081254E0
3.855023E1	2.401180E1	-8.034193E0
3.858355E1	2.392027E1	-8.070973E0
3.861687E1	2.392836E1	-8.141494E0
3.865019E1	2.391354E1	-8.135828E0
3.868351E1	2.391736E1	-8.138093E0
3.871683E1	2.394555E1	-8.161629E0
3.875015E1	2.390954E1	-8.201304E0
3.878347E1	2.388529E1	-8.214558E0
3.881679E1	2.381552E1	-8.193143E0
3.885011E1	2.377310E1	-8.224229E0
3.888343E1	2.372692E1	-8.159927E0
3.891674E1	2.380176E1	-8.148986E0
3.895006E1	2.402942E1	-8.180341E0
3.898338E1	2.427894E1	-8.145339E0
3.901670E1	2.438697E1	-8.089346E0
3.905002E1	2.429917E1	-8.092498E0
3.908334E1	2.409103E1	-8.115959E0
3.911666E1	2.398355E1	-8.144395E0
3.914998E1	2.394887E1	-8.217822E0
3.918330E1	2.399105E1	-8.252999E0
3.921662E1	2.415444E1	-8.266545E0
3.924994E1	2.420836E1	-8.316538E0
3.928326E1	2.415639E1	-8.323856E0
3.931657E1	2.415593E1	-8.312057E0
3.934989E1	2.411074E1	-8.258423E0
3.938321E1	2.400009E1	-8.191086E0
3.941653E1	2.403813E1	-8.207317E0
3.944985E1	2.420131E1	-8.237793E0
3.948317E1	2.451813E1	-8.316835E0
3.951649E1	2.467792E1	-8.283789E0
3.954981E1	2.465887E1	-8.244026E0
3.958313E1	2.456657E1	-8.243116E0
3.961645E1	2.456289E1	-8.297364E0
3.964977E1	2.455268E1	-8.316508E0
3.968308E1	2.455082E1	-8.326050E0
3.971640E1	2.455791E1	-8.349911E0
3.974972E1	2.450205E1	-8.412812E0
3.978304E1	2.449807E1	-8.414088E0
3.981636E1	2.450249E1	-8.372396E0
3.984968E1	2.450370E1	-8.382862E0
3.988300E1	2.448158E1	-8.342925E0
3.991632E1	2.460936E1	-8.307218E0
3.994964E1	2.477268E1	-8.302492E0
3.998296E1	2.504363E1	-8.282948E0
4.001628E1	2.511861E1	-8.242932E0
4.004960E1	2.506133E1	-8.235504E0
4.008291E1	2.500989E1	-8.231559E0
4.011623E1	2.502454E1	-8.283610E0
4.014955E1	2.505341E1	-8.307957E0
4.018287E1	2.499494E1	-8.302763E0
4.021619E1	2.502947E1	-8.304183E0
4.024951E1	2.498746E1	-8.364367E0
4.028283E1	2.491976E1	-8.381473E0
4.031615E1	2.475740E1	-8.309011E0
4.034947E1	2.455377E1	-8.350044E0
4.038279E1	2.443186E1	-8.316444E0
4.041611E1	2.455002E1	-8.304762E0
4.044942E1	2.480250E1	-8.327162E0
4.048274E1	2.511001E1	-8.321727E0
4.051606E1	2.519114E1	-8.292368E0
4.054938E1	2.505938E1	-8.274989E0
4.058270E1	2.486422E1	-8.258024E0
4.061602E1	2.470513E1	-8.280448E0
4.064934E1	2.465648E1	-8.314249E0
4.068266E1	2.471990E1	-8.354202E0
4.071598E1	2.483628E1	-8.411401E0
4.074930E1	2.489344E1	-8.477130E0
4.078262E1	2.489017E1	-8.474332E0
4.081594E1	2.488467E1	-8.468264E0
4.084925E1	2.489842E1	-8.478202E0
4.088257E1	2.493089E1	-8.462102E0
4.091589E1	2.497118E1	-8.439998E0
4.094921E1	2.504403E1	-8.440945E0
4.098253E1	2.522453E1	-8.465019E0
4.101585E1	2.531743E1	-8.440487E0
4.104917E1	2.528156E1	-8.436648E0
4.108249E1	2.497608E1	-8.387917E0
4.111581E1	2.454847E1	-8.444851E0
4.114913E1	2.438978E1	-8.436119E0
4.118245E1	2.446165E1	-8.398156E0
4.121576E1	2.465182E1	-8.462270E0
4.124908E1	2.465112E1	-8.496427E0
4.128240E1	2.464495E1	-8.480254E0
4.131572E1	2.469451E1	-8.465856E0
4.134904E1	2.476609E1	-8.435838E0
4.138236E1	2.481036E1	-8.364895E0
4.141568E1	2.488216E1	-8.421944E0
4.144900E1	2.506027E1	-8.506305E0
4.148232E1	2.533054E1	-8.508314E0
4.151564E1	2.539476E1	-8.426106E0
4.154896E1	2.525311E1	-8.401877E0
4.158228E1	2.502809E1	-8.379614E0
4.161559E1	2.490716E1	-8.406337E0
4.164891E1	2.488654E1	-8.426016E0
4.168223E1	2.498616E1	-8.432129E0
4.171555E1	2.511710E1	-8.485056E0
4.174887E1	2.517054E1	-8.561803E0
4.178219E1	2.515588E1	-8.564049E0
4.181551E1	2.506833E1	-8.530698E0
4.184883E1	2.496964E1	-8.528578E0
4.188215E1	2.489210E1	-8.528759E0
4.191547E1	2.495655E1	-8.526968E0
4.194879E1	2.518503E1	-8.556969E0
4.198210E1	2.544714E1	-8.563053E0
4.201542E1	2.554812E1	-8.515982E0
4.204874E1	2.543740E1	-8.517437E0
4.208206E1	2.520698E1	-8.507754E0
4.211538E1	2.503889E1	-8.509697E0
4.214870E1	2.498180E1	-8.547932E0
4.218202E1	2.503784E1	-8.581728E0
4.221534E1	2.511132E1	-8.626517E0
4.224866E1	2.510718E1	-8.679189E0
4.228198E1	2.510206E1	-8.679615E0
4.231530E1	2.507595E1	-8.679201E0
4.234862E1	2.500492E1	-8.731644E0
4.238193E1	2.487533E1	-8.743926E0
4.241525E1	2.497278E1	-8.704239E0
4.244857E1	2.520978E1	-8.660899E0
4.248189E1	2.546708E1	-8.612661E0
4.251521E1	2.560558E1	-8.579534E0
4.254853E1	2.548515E1	-8.576844E0
4.258185E1	2.526979E1	-8.561625E0
4.261517E1	2.510497E1	-8.563954E0
4.264849E1	2.503568E1	-8.618295E0
4.268181E1	2.507014E1	-8.676203E0
4.271513E1	2.514751E1	-8.698906E0
4.274844E1	2.512119E1	-8.755646E0
4.278176E1	2.505785E1	-8.773187E0
4.281508E1	2.502551E1	-8.770121E0
4.284840E1	2.500429E1	-8.791504E0
4.288172E1	2.495413E1	-8.756406E0
4.291504E1	2.496934E1	-8.750816E0
4.294836E1	2.517624E1	-8.806827E0
4.298168E1	2.541045E1	-8.806795E0
4.301500E1	2.552369E1	-8.775034E0
4.304832E1	2.553586E1	-8.784063E0
4.308164E1	2.557755E1	-8.802533E0
4.311496E1	2.569009E1	-8.837870E0
4.314827E1	2.576508E1	-8.884407E0
4.318159E1	2.577717E1	-8.913845E0
4.321491E1	2.588745E1	-8.963747E0
4.324823E1	2.599453E1	-9.005356E0
4.328155E1	2.601190E1	-9.063897E0
4.331487E1	2.588984E1	-9.020791E0
4.334819E1	2.556943E1	-8.912509E0
4.338151E1	2.526219E1	-8.871434E0
4.341483E1	2.530326E1	-8.942889E0
4.344815E1	2.558370E1	-9.011088E0
4.348147E1	2.586913E1	-8.995671E0
4.351478E1	2.600838E1	-8.954637E0
4.354810E1	2.589880E1	-8.951867E0
4.358142E1	2.570933E1	-8.934107E0
4.361474E1	2.560022E1	-8.949800E0
4.364806E1	2.556348E1	-8.976824E0
4.368138E1	2.560940E1	-9.004831E0
4.371470E1	2.572245E1	-9.048388E0
4.374802E1	2.578235E1	-9.120293E0
4.378134E1	2.574555E1	-9.135870E0
4.381466E1	2.572884E1	-9.104994E0
4.384798E1	2.571578E1	-9.050182E0
4.388130E1	2.562011E1	-8.966790E0
4.391461E1	2.568479E1	-8.967511E0
4.394793E1	2.589017E1	-9.054661E0
4.398125E1	2.615564E1	-9.086448E0
4.401457E1	2.621377E1	-9.065447E0
4.404789E1	2.616232E1	-9.070625E0
4.408121E1	2.602294E1	-9.067150E0
4.411453E1	2.594737E1	-9.070668E0
4.414785E1	2.590217E1	-9.120164E0
4.418117E1	2.589901E1	-9.140813E0
4.421449E1	2.596446E1	-9.185074E0
4.424781E1	2.596005E1	-9.229764E0
4.428112E1	2.590316E1	-9.233034E0
4.431444E1	2.590317E1	-9.185671E0
4.434776E1	2.593756E1	-9.132393E0
4.438108E1	2.590333E1	-9.079451E0
4.441440E1	2.599109E1	-9.100665E0
4.444772E1	2.619084E1	-9.170723E0
4.448104E1	2.639739E1	-9.160580E0
4.451436E1	2.641005E1	-9.156290E0
4.454768E1	2.628655E1	-9.132349E0
4.458100E1	2.608731E1	-9.105423E0
4.461432E1	2.597709E1	-9.121529E0
4.464764E1	2.590262E1	-9.159449E0
4.468095E1	2.589418E1	-9.182056E0
4.471427E1	2.598024E1	-9.210358E0
4.474759E1	2.600121E1	-9.262159E0
4.478091E1	2.595743E1	-9.267346E0
4.481423E1	2.593522E1	-9.219218E0
4.484755E1	2.592553E1	-9.219902E0
4.488087E1	2.589286E1	-9.185747E0
4.491419E1	2.599879E1	-9.154097E0
4.494751E1	2.618020E1	-9.181736E0
4.498083E1	2.640614E1	-9.173124E0
4.501415E1	2.646150E1	-9.174018E0
4.504746E1	2.639264E1	-9.177488E0
4.508078E1	2.623598E1	-9.145634E0
4.511410E1	2.611497E1	-9.147300E0
4.514742E1	2.610389E1	-9.214537E0
4.518074E1	2.616440E1	-9.238454E0
4.521406E1	2.632306E1	-9.256982E0
4.524738E1	2.640355E1	-9.302163E0
4.528070E1	2.636384E1	-9.315828E0
4.531402E1	2.634963E1	-9.324373E0
4.534734E1	2.632290E1	-9.270523E0
4.538066E1	2.625249E1	-9.225983E0
4.541398E1	2.628104E1	-9.274347E0
4.544729E1	2.648514E1	-9.342844E0
4.548061E1	2.679388E1	-9.445560E0
4.551393E1	2.696808E1	-9.427660E0
4.554725E1	2.694400E1	-9.384737E0
4.558057E1	2.683725E1	-9.393597E0
4.561389E1	2.677343E1	-9.416576E0
4.564721E1	2.677882E1	-9.477133E0
4.568053E1	2.682707E1	-9.493397E0
4.571385E1	2.692758E1	-9.488832E0
4.574717E1	2.701233E1	-9.552318E0
4.578049E1	2.699350E1	-9.592868E0
4.581380E1	2.699610E1	-9.568364E0
4.584712E1	2.698244E1	-9.535485E0
4.588044E1	2.695018E1	-9.490329E0
4.591376E1	2.709252E1	-9.486448E0
4.594708E1	2.727310E1	-9.511826E0
4.598040E1	2.751614E1	-9.510736E0
4.601372E1	2.756142E1	-9.513650E0
4.604704E1	2.751119E1	-9.504660E0
4.608036E1	2.747127E1	-9.497436E0
4.611368E1	2.746544E1	-9.496502E0
4.614700E1	2.748102E1	-9.482769E0
4.618032E1	2.745607E1	-9.490507E0
4.621363E1	2.745017E1	-9.499481E0
4.624695E1	2.741917E1	-9.552950E0
4.628027E1	2.739848E1	-9.619204E0
4.631359E1	2.728484E1	-9.590871E0
4.634691E1	2.705982E1	-9.543125E0
4.638023E1	2.694845E1	-9.573414E0
4.641355E1	2.693418E1	-9.576816E0
4.644687E1	2.710871E1	-9.608300E0
4.648019E1	2.733662E1	-9.634814E0
4.651351E1	2.744781E1	-9.614127E0
4.654683E1	2.734877E1	-9.626264E0
4.658014E1	2.717130E1	-9.631718E0
4.661346E1	2.707171E1	-9.652950E0
4.664678E1	2.704105E1	-9.676994E0
4.668010E1	2.708007E1	-9.678385E0
4.671342E1	2.719287E1	-9.676905E0
4.674674E1	2.723965E1	-9.726817E0
4.678006E1	2.723727E1	-9.754063E0
4.681338E1	2.723799E1	-9.749812E0
4.684670E1	2.726584E1	-9.711294E0
4.688002E1	2.746180E1	-9.674824E0
4.691334E1	2.772810E1	-9.585351E0
4.694666E1	2.790243E1	-9.556829E0
4.697997E1	2.804481E1	-9.593611E0
4.701329E1	2.803485E1	-9.618023E0
4.704661E1	2.795437E1	-9.603155E0
4.707993E1	2.780325E1	-9.553895E0
4.711325E1	2.768115E1	-9.548086E0
4.714657E1	2.765671E1	-9.609331E0
4.717989E1	2.772715E1	-9.618368E0
4.721321E1	2.778222E1	-9.638182E0
4.724653E1	2.778628E1	-9.701395E0
4.727985E1	2.775067E1	-9.720198E0
4.731317E1	2.777907E1	-9.689941E0
4.734648E1	2.783571E1	-9.689696E0
4.737980E1	2.785248E1	-9.655559E0
4.741312E1	2.790778E1	-9.694275E0
4.744644E1	2.809730E1	-9.764314E0
4.747976E1	2.830323E1	-9.804463E0
4.751308E1	2.837672E1	-9.815667E0
4.754640E1	2.836615E1	-9.815085E0
4.757972E1	2.837116E1	-9.825502E0
4.761304E1	2.836491E1	-9.821109E0
4.764636E1	2.836213E1	-9.818531E0
4.767968E1	2.837101E1	-9.847223E0
4.771300E1	2.834629E1	-9.865489E0
4.774631E1	2.825182E1	-9.922756E0
4.777963E1	2.815402E1	-9.998321E0
4.781295E1	2.801438E1	-9.981741E0
4.784627E1	2.767689E1	-9.900776E0
4.787959E1	2.740345E1	-9.828881E0
4.791291E1	2.751492E1	-9.922294E0
4.794623E1	2.781914E1	-1.003838E1
4.797955E1	2.812861E1	-1.002791E1
4.801287E1	2.823787E1	-9.980042E0
4.804619E1	2.809685E1	-9.982515E0
4.807951E1	2.790660E1	-9.983226E0
4.811282E1	2.779153E1	-9.998797E0
4.814614E1	2.774900E1	-1.004902E1
4.817946E1	2.780774E1	-1.008642E1
4.821278E1	2.792792E1	-1.011316E1
4.824610E1	2.797523E1	-1.015180E1
4.827942E1	2.795750E1	-1.015322E1
4.831274E1	2.798170E1	-1.015039E1
4.834606E1	2.800924E1	-1.013282E1
4.837938E1	2.800118E1	-1.008847E1
4.841270E1	2.801265E1	-1.009864E1
4.844602E1	2.808520E1	-1.014649E1
4.847934E1	2.830448E1	-1.024615E1
4.851265E1	2.847683E1	-1.025887E1
4.854597E1	2.842313E1	-1.020286E1
4.857929E1	2.825339E1	-1.019890E1
4.861261E1	2.814873E1	-1.020658E1
4.864593E1	2.813407E1	-1.025162E1
4.867925E1	2.818097E1	-1.026485E1
4.871257E1	2.825656E1	-1.029503E1
4.874589E1	2.831267E1	-1.035706E1
4.877921E1	2.830888E1	-1.037611E1
4.881253E1	2.835416E1	-1.034961E1
4.884585E1	2.841494E1	-1.035499E1
4.887916E1	2.843043E1	-1.030586E1
4.891248E1	2.847995E1	-1.030997E1
4.894580E1	2.863874E1	-1.036350E1
4.897912E1	2.888084E1	-1.041632E1
4.901244E1	2.896880E1	-1.040413E1
4.904576E1	2.888416E1	-1.041762E1
4.907908E1	2.866690E1	-1.036417E1
4.911240E1	2.847046E1	-1.034515E1
4.914572E1	2.839885E1	-1.035732E1
4.917904E1	2.842282E1	-1.039805E1
4.921236E1	2.849579E1	-1.043632E1
4.924568E1	2.849958E1	-1.046877E1
4.927899E1	2.848028E1	-1.052518E1
4.931231E1	2.853289E1	-1.049825E1
4.934563E1	2.857937E1	-1.048779E1
4.937895E1	2.858188E1	-1.045834E1
4.941227E1	2.869127E1	-1.041112E1
4.944559E1	2.884873E1	-1.042275E1
4.947891E1	2.911019E1	-1.045146E1
4.951223E1	2.916444E1	-1.045964E1
4.954555E1	2.904100E1	-1.044848E1
4.957887E1	2.887803E1	-1.043565E1
4.961219E1	2.876294E1	-1.047599E1
4.964550E1	2.874642E1	-1.050054E1
4.967882E1	2.877556E1	-1.048614E1
4.971214E1	2.886862E1	-1.047103E1
4.974546E1	2.891746E1	-1.052782E1
4.977878E1	2.891699E1	-1.056359E1
4.981210E1	2.889258E1	-1.052188E1
4.984542E1	2.881501E1	-1.056309E1
4.987874E1	2.879691E1	-1.056098E1
4.991206E1	2.888606E1	-1.048802E1
4.994538E1	2.898065E1	-1.047250E1
4.997870E1	2.924268E1	-1.049510E1
5.001202E1	2.937700E1	-1.048602E1
5.004533E1	2.921753E1	-1.046069E1
5.007865E1	2.898906E1	-1.044645E1
5.011197E1	2.882812E1	-1.049019E1
5.014529E1	2.879193E1	-1.053133E1
5.017861E1	2.887495E1	-1.054591E1
5.021193E1	2.899194E1	-1.058055E1
5.024525E1	2.904389E1	-1.061562E1
5.027857E1	2.901965E1	-1.061868E1
5.031189E1	2.903784E1	-1.060132E1
5.034521E1	2.904860E1	-1.058958E1
5.037853E1	2.905285E1	-1.054039E1
5.041184E1	2.905293E1	-1.057461E1
5.044516E1	2.916758E1	-1.062981E1
5.047848E1	2.942294E1	-1.064401E1
5.051180E1	2.954676E1	-1.066870E1
5.054512E1	2.943986E1	-1.070187E1
5.057844E1	2.925309E1	-1.063418E1
5.061176E1	2.909059E1	-1.062462E1
5.064508E1	2.905840E1	-1.071405E1
5.067840E1	2.904334E1	-1.069608E1
5.071172E1	2.915240E1	-1.064647E1
5.074504E1	2.921056E1	-1.072596E1
5.077836E1	2.920246E1	-1.076579E1
5.081167E1	2.924623E1	-1.068383E1
5.084499E1	2.925183E1	-1.069801E1
5.087831E1	2.926669E1	-1.069879E1
5.091163E1	2.930850E1	-1.067564E1
5.094495E1	2.942906E1	-1.069536E1
5.097827E1	2.965484E1	-1.073730E1
5.101159E1	2.972991E1	-1.072269E1
5.104491E1	2.960476E1	-1.069453E1
5.107823E1	2.937427E1	-1.069347E1
5.111155E1	2.919703E1	-1.071847E1
5.114487E1	2.915685E1	-1.076873E1
5.117818E1	2.913305E1	-1.078455E1
5.121150E1	2.916588E1	-1.080971E1
5.124482E1	2.916325E1	-1.080843E1
5.127814E1	2.915587E1	-1.081922E1
5.131146E1	2.917229E1	-1.086492E1
5.134478E1	2.915078E1	-1.083584E1
5.137810E1	2.916165E1	-1.083735E1
5.141142E1	2.933163E1	-1.088161E1
5.144474E1	2.959575E1	-1.092738E1
5.147806E1	2.977991E1	-1.091454E1
5.151138E1	2.980625E1	-1.090306E1
5.154470E1	2.963842E1	-1.089708E1
5.157801E1	2.941005E1	-1.085700E1
5.161133E1	2.926012E1	-1.089252E1
