	mass A		
t	x	y	
0.000000E0	-1.905548E-2	-1.432682E-2
3.331912E-2	-1.170259E-2	-1.524235E-2
6.663825E-2	4.706759E-2	-1.346969E-2
9.995737E-2	2.711568E-2	-1.133168E-2
1.332765E-1	-3.145764E-2	5.449470E-4
1.665956E-1	-3.757040E-2	3.424209E-3
1.999147E-1	-6.261584E-3	-9.038474E-3
2.332339E-1	-1.393541E-2	-1.039976E-2
2.665530E-1	-1.832956E-2	-1.372665E-2
2.998721E-1	5.286777E-2	-1.108540E-2
3.331912E-1	1.553494E-1	7.602387E-3
3.665104E-1	2.801514E-1	4.881626E-3
3.998295E-1	3.658889E-1	7.713762E-3
4.331486E-1	4.434897E-1	-7.314776E-3
4.664677E-1	5.505588E-1	-4.191406E-3
4.997869E-1	6.845615E-1	7.878971E-3
5.331060E-1	8.216626E-1	3.386592E-3
5.664251E-1	9.116753E-1	1.158594E-2
5.997442E-1	1.009213E0	2.736175E-2
6.330634E-1	1.114132E0	1.692805E-2
6.663825E-1	1.183649E0	2.647130E-2
6.997016E-1	1.272998E0	1.456823E-2
7.330207E-1	1.385690E0	7.992182E-3
7.663399E-1	1.488450E0	1.593838E-3
7.996590E-1	1.573718E0	4.995371E-3
8.329781E-1	1.637782E0	1.536866E-2
8.662972E-1	1.656130E0	1.275196E-2
8.996164E-1	1.655614E0	1.347352E-2
9.329355E-1	1.652217E0	1.474430E-2
9.662546E-1	1.627556E0	1.722129E-2
9.995737E-1	1.666202E0	2.166874E-2
1.032893E0	1.649377E0	7.980434E-2
1.066212E0	1.607924E0	1.908529E-1
1.099531E0	1.639152E0	2.880954E-1
1.132850E0	1.651885E0	2.370933E-1
1.166169E0	1.621798E0	2.053483E-1
1.199488E0	1.645701E0	2.030378E-1
1.232808E0	1.751315E0	1.728557E-1
1.266127E0	1.766905E0	1.470233E-1
1.299446E0	1.766838E0	1.503295E-1
1.332765E0	1.846359E0	1.497543E-1
1.366084E0	1.963223E0	1.499864E-1
1.399403E0	2.035922E0	1.393988E-1
1.432722E0	2.130904E0	1.164732E-1
1.466041E0	2.228944E0	8.493844E-2
1.499361E0	2.320477E0	7.797014E-2
1.532680E0	2.385225E0	8.735325E-2
1.565999E0	2.443137E0	9.639064E-2
1.599318E0	2.511765E0	8.889667E-2
1.632637E0	2.545767E0	1.045343E-1
1.665956E0	2.564622E0	1.041763E-1
1.699275E0	2.599703E0	1.012821E-1
1.732594E0	2.640864E0	1.011190E-1
1.765914E0	2.672147E0	9.619592E-2
1.799233E0	2.659519E0	9.877111E-2
1.832552E0	2.670966E0	9.455157E-2
1.865871E0	2.679012E0	9.405851E-2
1.899190E0	2.677405E0	9.404838E-2
1.932509E0	2.672493E0	9.511735E-2
1.965828E0	2.663853E0	9.495989E-2
1.999147E0	2.610699E0	9.100394E-2
2.032467E0	2.675334E0	3.523918E-2
2.065786E0	2.826823E0	-6.640014E-2
2.099105E0	2.893629E0	-1.320191E-1
2.132424E0	2.819435E0	-9.145723E-2
2.165743E0	2.814550E0	-1.097541E-1
2.199062E0	2.843982E0	-1.273886E-1
2.232381E0	2.838838E0	-1.318736E-1
2.265700E0	2.819489E0	-1.547398E-1
2.299020E0	2.864268E0	-1.612317E-1
2.332339E0	2.936130E0	-1.545878E-1
2.365658E0	3.042615E0	-1.666466E-1
2.398977E0	3.158634E0	-1.620243E-1
2.432296E0	3.245936E0	-1.521102E-1
2.465615E0	3.345188E0	-1.649303E-1
2.498934E0	3.435976E0	-1.639039E-1
2.532253E0	3.546085E0	-1.635756E-1
2.565573E0	3.659906E0	-1.658440E-1
2.598892E0	3.769322E0	-1.627907E-1
2.632211E0	3.871983E0	-1.586758E-1
2.665530E0	3.972273E0	-1.547283E-1
2.698849E0	4.056876E0	-1.613073E-1
2.732168E0	4.130544E0	-1.730299E-1
2.765487E0	4.214225E0	-1.704993E-1
2.798806E0	4.285642E0	-1.688005E-1
2.832126E0	4.333338E0	-1.623684E-1
2.865445E0	4.355903E0	-1.623429E-1
2.898764E0	4.350210E0	-1.600886E-1
2.932083E0	4.344606E0	-1.584049E-1
2.965402E0	4.315467E0	-1.528437E-1
2.998721E0	4.349755E0	-1.498780E-1
3.032040E0	4.359994E0	-1.004606E-1
3.065359E0	4.360330E0	1.487178E-2
3.098679E0	4.367822E0	1.272379E-1
3.131998E0	4.409998E0	4.936352E-2
3.165317E0	4.358809E0	1.576141E-2
3.198636E0	4.363010E0	2.186957E-2
3.231955E0	4.434125E0	3.181618E-3
3.265274E0	4.457212E0	-2.272904E-2
3.298593E0	4.465855E0	1.952787E-3
3.331912E0	4.510316E0	3.099226E-3
3.365232E0	4.619060E0	-3.058237E-2
3.398551E0	4.736834E0	-7.568874E-2
3.431870E0	4.808301E0	-9.266542E-2
3.465189E0	4.863090E0	-9.781235E-2
3.498508E0	4.896702E0	-9.660899E-2
3.531827E0	4.923298E0	-8.931488E-2
3.565146E0	4.944777E0	-8.944928E-2
3.598465E0	4.952214E0	-8.837584E-2
3.631785E0	4.951431E0	-8.436989E-2
3.665104E0	4.954111E0	-7.707302E-2
3.698423E0	4.948007E0	-7.608873E-2
3.731742E0	4.959498E0	-8.396018E-2
3.765061E0	4.963336E0	-8.864528E-2
3.798380E0	4.953081E0	-8.344031E-2
3.831699E0	4.937917E0	-8.977187E-2
3.865018E0	4.937394E0	-9.064386E-2
3.898338E0	4.948391E0	-1.005818E-1
3.931657E0	4.930379E0	-9.179823E-2
3.964976E0	4.932725E0	-9.048318E-2
3.998295E0	4.906657E0	-1.030457E-1
4.031614E0	4.972600E0	-1.651305E-1
4.064933E0	5.123964E0	-2.753131E-1
4.098252E0	5.222229E0	-3.625716E-1
4.131571E0	5.157656E0	-3.484261E-1
4.164891E0	5.157179E0	-3.630903E-1
4.198210E0	5.165950E0	-3.814950E-1
4.231529E0	5.206032E0	-4.019189E-1
4.264848E0	5.181823E0	-4.297580E-1
4.298167E0	5.226080E0	-4.389866E-1
4.331486E0	5.290275E0	-4.305963E-1
4.364805E0	5.399790E0	-4.225790E-1
4.398124E0	5.502591E0	-4.117707E-1
4.431444E0	5.603567E0	-4.080623E-1
4.464763E0	5.711262E0	-4.057959E-1
4.498082E0	5.820463E0	-4.141503E-1
4.531401E0	5.904139E0	-4.326614E-1
4.564720E0	5.984171E0	-4.297356E-1
4.598039E0	6.055762E0	-4.367612E-1
4.631358E0	6.125468E0	-4.446473E-1
4.664677E0	6.187040E0	-4.476953E-1
4.697997E0	6.239137E0	-4.474160E-1
4.731316E0	6.302224E0	-4.556205E-1
4.764635E0	6.394198E0	-4.577512E-1
4.797954E0	6.508651E0	-4.497074E-1
4.831273E0	6.623212E0	-4.489591E-1
4.864592E0	6.691927E0	-4.592911E-1
4.897911E0	6.680917E0	-4.550006E-1
4.931230E0	6.679734E0	-4.516123E-1
4.964550E0	6.662473E0	-4.454298E-1
4.997869E0	6.688917E0	-4.453160E-1
5.031188E0	6.711247E0	-3.938729E-1
5.064507E0	6.720152E0	-2.854622E-1
5.097826E0	6.683251E0	-1.778625E-1
5.131145E0	6.721869E0	-2.603833E-1
5.164464E0	6.711101E0	-3.203047E-1
5.197783E0	6.711319E0	-3.205677E-1
5.231103E0	6.766666E0	-3.412545E-1
5.264422E0	6.798838E0	-3.714406E-1
5.297741E0	6.830526E0	-3.785662E-1
5.331060E0	6.896801E0	-3.884725E-1
5.364379E0	7.021068E0	-4.240932E-1
5.397698E0	7.148221E0	-4.435933E-1
5.431017E0	7.215923E0	-4.457446E-1
5.464336E0	7.253196E0	-4.592928E-1
5.497656E0	7.286944E0	-4.571874E-1
5.530975E0	7.302066E0	-4.459426E-1
5.564294E0	7.300003E0	-4.395205E-1
5.597613E0	7.297735E0	-4.304808E-1
5.630932E0	7.296626E0	-4.282678E-1
5.664251E0	7.276695E0	-4.054186E-1
5.697570E0	7.272031E0	-4.083372E-1
5.730889E0	7.280148E0	-4.149774E-1
5.764209E0	7.281427E0	-4.181616E-1
5.797528E0	7.274277E0	-4.150243E-1
5.830847E0	7.269556E0	-4.182726E-1
5.864166E0	7.274414E0	-4.213932E-1
5.897485E0	7.277017E0	-4.233464E-1
5.930804E0	7.256401E0	-4.270238E-1
5.964123E0	7.249178E0	-4.362330E-1
5.997442E0	7.231412E0	-4.471974E-1
6.030762E0	7.262792E0	-4.941366E-1
6.064081E0	7.390708E0	-5.942158E-1
6.097400E0	7.477220E0	-6.788500E-1
6.130719E0	7.416369E0	-6.452633E-1
6.164038E0	7.406700E0	-6.359866E-1
6.197357E0	7.415780E0	-6.517335E-1
6.230676E0	7.450274E0	-6.644215E-1
6.263995E0	7.419036E0	-6.912004E-1
6.297315E0	7.462622E0	-6.963642E-1
6.330634E0	7.547438E0	-7.072320E-1
6.363953E0	7.646500E0	-6.965102E-1
6.397272E0	7.748171E0	-6.817940E-1
6.430591E0	7.853325E0	-6.660900E-1
6.463910E0	7.930896E0	-6.639629E-1
6.497229E0	8.012550E0	-6.666383E-1
6.530548E0	8.098644E0	-6.826145E-1
6.563868E0	8.203324E0	-6.903256E-1
6.597187E0	8.299606E0	-6.842463E-1
6.630506E0	8.390821E0	-6.782802E-1
6.663825E0	8.477089E0	-6.837287E-1
6.697144E0	8.540255E0	-6.940908E-1
6.730463E0	8.589530E0	-7.032446E-1
6.763782E0	8.592829E0	-7.185701E-1
6.797101E0	8.596003E0	-7.264956E-1
6.830421E0	8.596781E0	-7.314586E-1
6.863740E0	8.594751E0	-7.335796E-1
6.897059E0	8.594205E0	-7.353062E-1
6.930378E0	8.592013E0	-7.363605E-1
6.963697E0	8.563568E0	-7.306110E-1
6.997016E0	8.571168E0	-7.323485E-1
7.030335E0	8.589988E0	-7.280532E-1
7.063654E0	8.613046E0	-6.175604E-1
7.096974E0	8.587265E0	-4.169746E-1
7.130293E0	8.629282E0	-4.859930E-1
7.163612E0	8.626886E0	-5.623032E-1
7.196931E0	8.610503E0	-5.653521E-1
7.230250E0	8.640002E0	-5.656150E-1
7.263569E0	8.656341E0	-5.788655E-1
7.296888E0	8.679356E0	-5.778106E-1
7.330207E0	8.742881E0	-5.737727E-1
7.363527E0	8.854300E0	-5.688324E-1
7.396846E0	8.972857E0	-5.626514E-1
7.430165E0	9.044803E0	-5.583753E-1
7.463484E0	9.116249E0	-5.555303E-1
7.496803E0	9.187187E0	-5.417986E-1
7.530122E0	9.253869E0	-5.271686E-1
7.563441E0	9.285585E0	-5.006484E-1
7.596760E0	9.295250E0	-4.896090E-1
7.630080E0	9.266974E0	-4.634998E-1
7.663399E0	9.247330E0	-4.434739E-1
7.696718E0	9.275894E0	-4.538586E-1
7.730037E0	9.295519E0	-4.580333E-1
7.763356E0	9.303297E0	-4.583113E-1
7.796675E0	9.311518E0	-4.585105E-1
7.829994E0	9.315922E0	-4.723804E-1
7.863313E0	9.304388E0	-4.668426E-1
7.896633E0	9.305821E0	-4.613175E-1
7.929952E0	9.303209E0	-4.578267E-1
7.963271E0	9.275068E0	-4.652305E-1
7.996590E0	9.263249E0	-4.973075E-1
8.029909E0	9.280948E0	-5.396318E-1
8.063228E0	9.366465E0	-6.569720E-1
8.096547E0	9.495005E0	-7.706200E-1
8.129866E0	9.433531E0	-7.465039E-1
8.163186E0	9.431084E0	-7.434147E-1
8.196505E0	9.461479E0	-7.789705E-1
8.229824E0	9.468946E0	-7.845544E-1
8.263143E0	9.445410E0	-8.053416E-1
8.296462E0	9.454009E0	-8.003120E-1
8.329781E0	9.535177E0	-7.974610E-1
8.363100E0	9.645568E0	-7.865981E-1
8.396419E0	9.756223E0	-7.671881E-1
8.429739E0	9.843948E0	-7.534548E-1
8.463058E0	9.927534E0	-7.563488E-1
8.496377E0	1.000294E1	-7.735593E-1
8.529696E0	1.008957E1	-7.718600E-1
8.563015E0	1.017125E1	-7.704523E-1
8.596334E0	1.023921E1	-7.652001E-1
8.629653E0	1.031332E1	-7.691459E-1
8.662972E0	1.037365E1	-7.706016E-1
8.696292E0	1.041985E1	-7.770888E-1
8.729611E0	1.043408E1	-7.965178E-1
8.762930E0	1.044607E1	-8.096493E-1
8.796249E0	1.045973E1	-8.064677E-1
8.829568E0	1.046814E1	-8.096168E-1
8.862887E0	1.047188E1	-8.117117E-1
8.896206E0	1.047450E1	-8.127896E-1
8.929525E0	1.047498E1	-8.132453E-1
8.962845E0	1.043400E1	-8.170820E-1
8.996164E0	1.045387E1	-8.167656E-1
9.029483E0	1.047113E1	-7.729701E-1
9.062802E0	1.048041E1	-6.888793E-1
9.096121E0	1.047951E1	-5.053493E-1
9.129440E0	1.045933E1	-4.851394E-1
9.162759E0	1.046271E1	-5.547346E-1
9.196078E0	1.051553E1	-5.510747E-1
9.229398E0	1.055129E1	-5.492138E-1
9.262717E0	1.053836E1	-5.434536E-1
9.296036E0	1.054673E1	-5.328315E-1
9.329355E0	1.063120E1	-5.382196E-1
9.362674E0	1.075678E1	-5.289836E-1
9.395993E0	1.084355E1	-5.201657E-1
9.429312E0	1.088866E1	-5.134420E-1
9.462631E0	1.093182E1	-5.021528E-1
9.495951E0	1.099228E1	-4.844809E-1
9.529270E0	1.103200E1	-4.571675E-1
9.562589E0	1.109528E1	-4.514454E-1
9.595908E0	1.118524E1	-4.608038E-1
9.629227E0	1.127072E1	-4.648340E-1
9.662546E0	1.135190E1	-4.578692E-1
9.695865E0	1.144228E1	-4.982590E-1
9.729184E0	1.151981E1	-5.274358E-1
9.762504E0	1.154856E1	-5.523484E-1
9.795823E0	1.155866E1	-5.689842E-1
9.829142E0	1.156628E1	-5.772001E-1
9.862461E0	1.155812E1	-5.718262E-1
9.895780E0	1.155586E1	-5.721288E-1
9.929099E0	1.154603E1	-5.720820E-1
9.962418E0	1.149815E1	-5.746874E-1
9.995737E0	1.149289E1	-5.967105E-1
1.002906E1	1.152236E1	-6.339824E-1
1.006238E1	1.162350E1	-7.381897E-1
1.009569E1	1.176669E1	-8.583145E-1
1.012901E1	1.172604E1	-8.545265E-1
1.016233E1	1.171417E1	-8.603779E-1
1.019565E1	1.172654E1	-8.961715E-1
1.022897E1	1.174117E1	-9.139106E-1
1.026229E1	1.171439E1	-9.339136E-1
1.029561E1	1.176243E1	-9.406613E-1
1.032893E1	1.182652E1	-9.461904E-1
1.036225E1	1.193345E1	-9.494937E-1
1.039557E1	1.205033E1	-9.393890E-1
1.042889E1	1.213950E1	-9.377063E-1
1.046221E1	1.222146E1	-9.417226E-1
1.049552E1	1.230269E1	-9.377127E-1
1.052884E1	1.240956E1	-9.397108E-1
1.056216E1	1.248691E1	-9.277646E-1
1.059548E1	1.256060E1	-9.331140E-1
1.062880E1	1.266005E1	-9.366706E-1
1.066212E1	1.276957E1	-9.373318E-1
1.069544E1	1.285961E1	-9.520587E-1
1.072876E1	1.292691E1	-9.415118E-1
1.076208E1	1.299780E1	-9.428492E-1
1.079540E1	1.305756E1	-9.465250E-1
1.082872E1	1.308726E1	-9.380441E-1
1.086203E1	1.309819E1	-9.375205E-1
1.089535E1	1.310327E1	-9.362562E-1
1.092867E1	1.310530E1	-9.356260E-1
1.096199E1	1.308372E1	-9.310728E-1
1.099531E1	1.311718E1	-9.296801E-1
1.102863E1	1.312802E1	-8.927346E-1
1.106195E1	1.312694E1	-7.911083E-1
1.109527E1	1.311027E1	-6.621516E-1
1.112859E1	1.315129E1	-7.498834E-1
1.116191E1	1.320299E1	-8.843202E-1
1.119523E1	1.320451E1	-9.012826E-1
1.122855E1	1.321494E1	-8.773149E-1
1.126186E1	1.322171E1	-9.044321E-1
1.129518E1	1.323978E1	-9.015510E-1
1.132850E1	1.328998E1	-9.154588E-1
1.136182E1	1.339840E1	-9.278874E-1
1.139514E1	1.349985E1	-9.406473E-1
1.142846E1	1.355704E1	-9.647780E-1
1.146178E1	1.360376E1	-9.746494E-1
1.149510E1	1.365280E1	-9.640716E-1
1.152842E1	1.371471E1	-9.485114E-1
1.156174E1	1.377865E1	-9.345841E-1
1.159506E1	1.383872E1	-9.308754E-1
1.162837E1	1.384424E1	-9.227756E-1
1.166169E1	1.384416E1	-8.719866E-1
1.169501E1	1.383791E1	-8.493479E-1
1.172833E1	1.380609E1	-8.222606E-1
1.176165E1	1.379837E1	-8.150144E-1
1.179497E1	1.380278E1	-8.148708E-1
1.182829E1	1.379584E1	-8.159218E-1
1.186161E1	1.379305E1	-8.155630E-1
1.189493E1	1.379266E1	-8.153424E-1
1.192825E1	1.378956E1	-8.142441E-1
1.196157E1	1.376156E1	-8.169566E-1
1.199488E1	1.376434E1	-8.502187E-1
1.202820E1	1.376893E1	-8.816414E-1
1.206152E1	1.383868E1	-9.767010E-1
1.209484E1	1.396211E1	-1.104533E0
1.212816E1	1.392900E1	-1.105751E0
1.216148E1	1.391416E1	-1.100279E0
1.219480E1	1.393919E1	-1.137769E0
1.222812E1	1.392256E1	-1.151302E0
1.226144E1	1.389891E1	-1.173952E0
1.229476E1	1.394400E1	-1.176731E0
1.232808E1	1.400193E1	-1.188103E0
1.236140E1	1.408318E1	-1.189249E0
1.239471E1	1.417143E1	-1.186821E0
1.242803E1	1.424186E1	-1.186288E0
1.246135E1	1.433004E1	-1.183200E0
1.249467E1	1.443149E1	-1.173683E0
1.252799E1	1.452196E1	-1.170724E0
1.256131E1	1.458521E1	-1.169494E0
1.259463E1	1.464525E1	-1.172542E0
1.262795E1	1.472501E1	-1.174197E0
1.266127E1	1.481012E1	-1.195901E0
1.269459E1	1.488047E1	-1.194960E0
1.272791E1	1.494114E1	-1.186385E0
1.276122E1	1.497680E1	-1.194488E0
1.279454E1	1.502558E1	-1.187881E0
1.282786E1	1.505621E1	-1.179989E0
1.286118E1	1.505032E1	-1.176948E0
1.289450E1	1.505582E1	-1.176267E0
1.292782E1	1.505802E1	-1.175624E0
1.296114E1	1.502412E1	-1.180280E0
1.299446E1	1.505396E1	-1.166871E0
1.302778E1	1.505820E1	-1.125200E0
1.306110E1	1.505950E1	-1.036203E0
1.309442E1	1.506722E1	-8.931228E-1
1.312774E1	1.507940E1	-9.544600E-1
1.316105E1	1.507718E1	-1.100171E0
1.319437E1	1.505929E1	-1.142013E0
1.322769E1	1.506967E1	-1.122656E0
1.326101E1	1.509905E1	-1.157396E0
1.329433E1	1.512827E1	-1.159633E0
1.332765E1	1.521139E1	-1.173207E0
1.336097E1	1.533545E1	-1.192509E0
1.339429E1	1.543500E1	-1.207887E0
1.342761E1	1.551857E1	-1.228061E0
1.346093E1	1.561085E1	-1.238042E0
1.349425E1	1.568858E1	-1.247581E0
1.352756E1	1.579427E1	-1.233756E0
1.356088E1	1.589489E1	-1.207443E0
1.359420E1	1.598175E1	-1.192054E0
1.362752E1	1.607828E1	-1.197384E0
1.366084E1	1.615612E1	-1.203161E0
1.369416E1	1.621997E1	-1.195314E0
1.372748E1	1.629797E1	-1.200492E0
1.376080E1	1.637472E1	-1.198719E0
1.379412E1	1.647144E1	-1.205465E0
1.382744E1	1.653736E1	-1.219890E0
1.386076E1	1.658082E1	-1.223022E0
1.389408E1	1.658374E1	-1.219006E0
1.392739E1	1.658338E1	-1.214519E0
1.396071E1	1.657143E1	-1.211385E0
1.399403E1	1.651703E1	-1.206826E0
1.402735E1	1.653435E1	-1.264703E0
1.406067E1	1.662734E1	-1.400846E0
1.409399E1	1.678708E1	-1.524885E0
1.412731E1	1.677238E1	-1.519278E0
1.416063E1	1.675322E1	-1.523669E0
1.419395E1	1.678583E1	-1.569874E0
1.422727E1	1.676009E1	-1.586377E0
1.426059E1	1.674742E1	-1.603610E0
1.429390E1	1.678091E1	-1.595876E0
1.432722E1	1.686059E1	-1.588179E0
1.436054E1	1.697143E1	-1.586537E0
1.439386E1	1.706013E1	-1.592361E0
1.442718E1	1.714565E1	-1.590873E0
1.446050E1	1.724481E1	-1.584484E0
1.449382E1	1.735539E1	-1.578998E0
1.452714E1	1.745985E1	-1.575862E0
1.456046E1	1.756137E1	-1.572574E0
1.459378E1	1.767635E1	-1.572184E0
1.462710E1	1.778056E1	-1.582930E0
1.466041E1	1.787691E1	-1.584163E0
1.469373E1	1.797857E1	-1.584720E0
1.472705E1	1.807534E1	-1.580849E0
1.476037E1	1.816368E1	-1.593028E0
1.479369E1	1.826089E1	-1.605592E0
1.482701E1	1.834641E1	-1.602304E0
1.486033E1	1.842255E1	-1.608666E0
1.489365E1	1.845490E1	-1.605860E0
1.492697E1	1.844529E1	-1.614608E0
1.496029E1	1.842650E1	-1.610430E0
1.499361E1	1.847049E1	-1.605049E0
1.502693E1	1.847370E1	-1.564029E0
1.506024E1	1.850252E1	-1.488625E0
1.509356E1	1.853479E1	-1.397844E0
1.512688E1	1.853556E1	-1.487816E0
1.516020E1	1.846541E1	-1.557296E0
1.519352E1	1.844015E1	-1.578965E0
1.522684E1	1.845724E1	-1.573329E0
1.526016E1	1.846869E1	-1.569984E0
1.529348E1	1.847041E1	-1.559896E0
1.532680E1	1.851442E1	-1.555036E0
1.536012E1	1.864351E1	-1.563283E0
1.539344E1	1.878591E1	-1.564744E0
1.542675E1	1.884408E1	-1.593486E0
1.546007E1	1.887832E1	-1.616142E0
1.549339E1	1.891992E1	-1.611056E0
1.552671E1	1.899389E1	-1.601894E0
1.556003E1	1.910403E1	-1.609713E0
1.559335E1	1.921861E1	-1.619039E0
1.562667E1	1.930453E1	-1.600716E0
1.565999E1	1.938399E1	-1.580139E0
1.569331E1	1.945977E1	-1.578041E0
1.572663E1	1.954231E1	-1.588373E0
1.575995E1	1.959292E1	-1.588339E0
1.579327E1	1.962259E1	-1.598984E0
1.582658E1	1.962445E1	-1.608062E0
1.585990E1	1.962680E1	-1.595815E0
1.589322E1	1.964732E1	-1.596775E0
1.592654E1	1.964951E1	-1.596192E0
1.595986E1	1.962140E1	-1.599931E0
1.599318E1	1.959120E1	-1.604779E0
1.602650E1	1.955269E1	-1.606648E0
1.605982E1	1.961084E1	-1.692844E0
1.609314E1	1.975296E1	-1.818219E0
1.612646E1	1.976082E1	-1.838498E0
1.615978E1	1.975888E1	-1.851535E0
1.619309E1	1.980494E1	-1.884911E0
1.622641E1	1.982657E1	-1.895703E0
1.625973E1	1.981444E1	-1.925694E0
1.629305E1	1.982939E1	-1.924176E0
1.632637E1	1.989731E1	-1.913270E0
1.635969E1	2.000496E1	-1.903274E0
1.639301E1	2.012259E1	-1.906039E0
1.642633E1	2.021404E1	-1.906934E0
1.645965E1	2.028110E1	-1.905362E0
1.649297E1	2.034519E1	-1.907512E0
1.652629E1	2.037450E1	-1.915018E0
1.655961E1	2.041502E1	-1.910292E0
1.659292E1	2.047699E1	-1.909598E0
1.662624E1	2.052203E1	-1.931071E0
1.665956E1	2.057033E1	-1.952218E0
1.669288E1	2.064521E1	-1.958154E0
1.672620E1	2.074627E1	-1.972830E0
1.675952E1	2.085299E1	-1.983824E0
1.679284E1	2.100065E1	-2.005030E0
1.682616E1	2.115662E1	-2.009689E0
1.685948E1	2.126327E1	-2.012747E0
1.689280E1	2.128099E1	-2.013142E0
1.692612E1	2.127019E1	-2.008104E0
1.695943E1	2.127280E1	-2.006750E0
1.699275E1	2.130611E1	-2.004869E0
1.702607E1	2.128564E1	-1.976175E0
1.705939E1	2.133013E1	-1.900136E0
1.709271E1	2.139981E1	-1.762632E0
1.712603E1	2.144582E1	-1.836028E0
1.715935E1	2.139218E1	-1.909240E0
1.719267E1	2.138088E1	-1.946708E0
1.722599E1	2.143427E1	-1.953046E0
1.725931E1	2.144587E1	-1.959681E0
1.729263E1	2.143704E1	-1.948303E0
1.732594E1	2.149139E1	-1.946562E0
1.735926E1	2.164811E1	-1.956680E0
1.739258E1	2.182821E1	-1.950113E0
1.742590E1	2.185363E1	-1.946299E0
1.745922E1	2.185185E1	-1.953243E0
1.749254E1	2.189977E1	-1.938468E0
1.752586E1	2.197466E1	-1.934282E0
1.755918E1	2.208616E1	-1.957003E0
1.759250E1	2.222430E1	-1.982677E0
1.762582E1	2.234192E1	-1.991593E0
1.765914E1	2.244353E1	-1.990720E0
1.769246E1	2.253439E1	-1.989504E0
1.772577E1	2.261778E1	-1.982793E0
1.775909E1	2.269776E1	-1.985581E0
1.779241E1	2.278523E1	-1.998077E0
1.782573E1	2.285323E1	-2.006596E0
1.785905E1	2.290103E1	-2.025764E0
1.789237E1	2.290523E1	-2.032711E0
1.792569E1	2.290570E1	-2.032228E0
1.795901E1	2.286973E1	-2.035753E0
1.799233E1	2.281062E1	-2.037279E0
1.802565E1	2.281511E1	-2.082256E0
1.805897E1	2.286978E1	-2.191861E0
1.809228E1	2.299312E1	-2.306727E0
1.812560E1	2.300989E1	-2.307118E0
1.815892E1	2.301496E1	-2.306154E0
1.819224E1	2.304492E1	-2.354807E0
1.822556E1	2.303309E1	-2.370858E0
1.825888E1	2.301333E1	-2.397591E0
1.829220E1	2.303637E1	-2.410694E0
1.832552E1	2.308083E1	-2.412182E0
1.835884E1	2.315209E1	-2.412203E0
1.839216E1	2.324746E1	-2.406741E0
1.842548E1	2.333016E1	-2.409703E0
1.845880E1	2.343309E1	-2.408513E0
1.849211E1	2.353324E1	-2.396367E0
1.852543E1	2.363717E1	-2.400910E0
1.855875E1	2.374322E1	-2.393134E0
1.859207E1	2.384649E1	-2.393154E0
1.862539E1	2.394029E1	-2.391125E0
1.865871E1	2.403795E1	-2.401850E0
1.869203E1	2.413791E1	-2.403205E0
1.872535E1	2.424774E1	-2.403838E0
1.875867E1	2.436292E1	-2.408938E0
1.879199E1	2.447537E1	-2.411648E0
1.882531E1	2.458022E1	-2.417173E0
1.885862E1	2.464439E1	-2.422510E0
1.889194E1	2.464327E1	-2.426923E0
1.892526E1	2.464270E1	-2.430225E0
1.895858E1	2.462590E1	-2.430210E0
1.899190E1	2.465871E1	-2.436107E0
1.902522E1	2.468298E1	-2.399431E0
1.905854E1	2.471385E1	-2.328005E0
1.909186E1	2.480382E1	-2.221463E0
1.912518E1	2.485284E1	-2.256415E0
1.915850E1	2.485264E1	-2.312996E0
1.919182E1	2.485351E1	-2.352804E0
1.922514E1	2.489061E1	-2.372243E0
1.925845E1	2.491007E1	-2.375764E0
1.929177E1	2.489717E1	-2.370446E0
1.932509E1	2.494249E1	-2.368113E0
1.935841E1	2.504071E1	-2.367217E0
1.939173E1	2.514320E1	-2.375426E0
1.942505E1	2.521862E1	-2.388163E0
1.945837E1	2.528563E1	-2.408297E0
1.949169E1	2.535565E1	-2.423697E0
1.952501E1	2.544259E1	-2.428077E0
1.955833E1	2.554374E1	-2.428555E0
1.959165E1	2.566423E1	-2.441941E0
1.962496E1	2.576377E1	-2.442271E0
1.965828E1	2.585919E1	-2.442328E0
1.969160E1	2.593627E1	-2.436076E0
1.972492E1	2.601499E1	-2.436927E0
1.975824E1	2.609965E1	-2.429704E0
1.979156E1	2.616137E1	-2.424766E0
1.982488E1	2.616118E1	-2.431969E0
1.985820E1	2.615917E1	-2.438408E0
1.989152E1	2.617834E1	-2.449986E0
1.992484E1	2.618733E1	-2.454617E0
1.995816E1	2.618461E1	-2.459739E0
1.999147E1	2.615332E1	-2.461777E0
2.002479E1	2.614934E1	-2.490380E0
2.005811E1	2.620673E1	-2.577280E0
2.009143E1	2.632035E1	-2.678580E0
2.012475E1	2.631005E1	-2.663339E0
2.015807E1	2.632423E1	-2.671509E0
2.019139E1	2.636533E1	-2.699247E0
2.022471E1	2.632852E1	-2.708861E0
2.025803E1	2.630349E1	-2.725976E0
2.029135E1	2.633069E1	-2.729682E0
2.032467E1	2.636861E1	-2.734442E0
2.035799E1	2.643738E1	-2.722670E0
2.039130E1	2.654365E1	-2.726315E0
2.042462E1	2.661543E1	-2.727204E0
2.045794E1	2.665987E1	-2.729474E0
2.049126E1	2.672826E1	-2.733370E0
2.052458E1	2.682710E1	-2.727909E0
2.055790E1	2.693926E1	-2.732184E0
2.059122E1	2.705738E1	-2.737850E0
2.062454E1	2.717226E1	-2.733183E0
2.065786E1	2.728949E1	-2.743208E0
2.069118E1	2.738924E1	-2.773065E0
2.072450E1	2.747924E1	-2.777459E0
2.075781E1	2.755620E1	-2.775841E0
2.079113E1	2.761495E1	-2.781608E0
2.082445E1	2.767483E1	-2.782205E0
2.085777E1	2.772388E1	-2.781393E0
2.089109E1	2.772678E1	-2.779375E0
2.092441E1	2.772197E1	-2.777039E0
2.095773E1	2.771483E1	-2.774245E0
2.099105E1	2.774000E1	-2.773292E0
2.102437E1	2.776315E1	-2.734485E0
2.105769E1	2.780786E1	-2.653189E0
2.109101E1	2.790091E1	-2.545374E0
2.112433E1	2.795656E1	-2.613344E0
2.115764E1	2.789896E1	-2.703470E0
2.119096E1	2.783608E1	-2.761601E0
2.122428E1	2.785005E1	-2.768577E0
2.125760E1	2.787918E1	-2.782851E0
2.129092E1	2.788548E1	-2.764568E0
2.132424E1	2.790836E1	-2.762270E0
2.135756E1	2.801481E1	-2.774357E0
2.139088E1	2.815644E1	-2.774214E0
2.142420E1	2.823223E1	-2.794608E0
2.145752E1	2.828269E1	-2.822110E0
2.149084E1	2.832818E1	-2.811562E0
2.152415E1	2.839104E1	-2.778715E0
2.155747E1	2.846108E1	-2.775518E0
2.159079E1	2.851670E1	-2.774584E0
2.162411E1	2.858294E1	-2.757999E0
2.165743E1	2.866612E1	-2.749928E0
2.169075E1	2.872272E1	-2.736847E0
2.172407E1	2.878302E1	-2.745229E0
2.175739E1	2.882098E1	-2.745476E0
2.179071E1	2.885448E1	-2.738860E0
2.182403E1	2.890371E1	-2.735798E0
2.185735E1	2.894232E1	-2.744274E0
2.189067E1	2.894550E1	-2.747760E0
2.192398E1	2.894806E1	-2.751691E0
2.195730E1	2.892791E1	-2.746401E0
2.199062E1	2.891267E1	-2.758504E0
2.202394E1	2.888044E1	-2.779160E0
2.205726E1	2.890340E1	-2.863512E0
2.209058E1	2.901046E1	-2.985824E0
2.212390E1	2.905374E1	-2.991410E0
2.215722E1	2.907293E1	-2.994882E0
2.219054E1	2.911542E1	-3.037286E0
2.222386E1	2.908021E1	-3.052887E0
2.225718E1	2.904834E1	-3.092199E0
2.229049E1	2.908120E1	-3.092845E0
2.232381E1	2.915163E1	-3.074070E0
2.235713E1	2.924391E1	-3.056346E0
2.239045E1	2.934194E1	-3.038106E0
2.242377E1	2.945284E1	-3.021845E0
2.245709E1	2.956221E1	-3.016948E0
2.249041E1	2.964998E1	-3.010590E0
2.252373E1	2.977516E1	-3.003646E0
2.255705E1	2.988500E1	-2.993078E0
2.259037E1	2.996203E1	-2.987971E0
2.262369E1	3.004418E1	-2.990969E0
2.265700E1	3.012942E1	-2.991570E0
2.269032E1	3.024196E1	-2.995171E0
2.272364E1	3.036136E1	-3.012723E0
2.275696E1	3.045593E1	-3.023473E0
2.279028E1	3.055937E1	-3.022199E0
2.282360E1	3.064159E1	-3.029393E0
2.285692E1	3.069775E1	-3.039516E0
2.289024E1	3.071564E1	-3.034735E0
2.292356E1	3.072318E1	-3.038856E0
2.295688E1	3.072203E1	-3.040251E0
2.299020E1	3.069592E1	-3.042462E0
2.302352E1	3.068396E1	-3.037468E0
2.305683E1	3.075945E1	-2.941896E0
2.309015E1	3.085389E1	-2.755774E0
2.312347E1	3.091569E1	-2.822293E0
2.315679E1	3.086552E1	-2.932352E0
2.319011E1	3.084849E1	-2.976313E0
2.322343E1	3.086316E1	-2.970749E0
2.325675E1	3.084448E1	-2.976489E0
2.329007E1	3.084560E1	-2.978703E0
2.332339E1	3.089308E1	-2.968854E0
2.335671E1	3.097549E1	-2.972565E0
2.339003E1	3.111761E1	-2.978630E0
2.342334E1	3.125027E1	-2.989633E0
2.345666E1	3.129541E1	-3.019316E0
2.348998E1	3.130775E1	-3.024453E0
2.352330E1	3.135177E1	-3.023801E0
2.355662E1	3.139899E1	-3.015215E0
2.358994E1	3.144212E1	-3.018357E0
2.362326E1	3.150642E1	-3.011390E0
2.365658E1	3.157831E1	-3.013539E0
2.368990E1	3.164122E1	-3.019729E0
2.372322E1	3.168592E1	-3.029272E0
2.375654E1	3.169879E1	-3.028279E0
2.378986E1	3.170184E1	-3.025910E0
2.382317E1	3.169967E1	-3.025872E0
2.385649E1	3.169433E1	-3.025243E0
2.388981E1	3.169370E1	-3.025603E0
2.392313E1	3.169271E1	-3.025337E0
2.395645E1	3.166730E1	-3.024644E0
2.398977E1	3.162954E1	-3.034123E0
2.402309E1	3.161857E1	-3.055357E0
2.405641E1	3.167626E1	-3.103017E0
2.408973E1	3.178005E1	-3.190848E0
2.412305E1	3.180039E1	-3.190416E0
2.415637E1	3.180188E1	-3.190003E0
2.418968E1	3.184395E1	-3.226127E0
2.422300E1	3.184985E1	-3.255498E0
2.425632E1	3.181382E1	-3.284082E0
2.428964E1	3.180733E1	-3.291730E0
2.432296E1	3.186622E1	-3.302622E0
2.435628E1	3.196018E1	-3.274781E0
2.438960E1	3.204459E1	-3.240613E0
2.442292E1	3.211363E1	-3.231845E0
2.445624E1	3.218324E1	-3.230772E0
2.448956E1	3.225724E1	-3.224406E0
2.452288E1	3.236260E1	-3.220089E0
2.455620E1	3.248639E1	-3.200956E0
2.458951E1	3.258030E1	-3.181497E0
2.462283E1	3.264708E1	-3.178218E0
2.465615E1	3.272296E1	-3.181834E0
2.468947E1	3.280436E1	-3.181465E0
2.472279E1	3.287158E1	-3.189024E0
2.475611E1	3.290914E1	-3.207049E0
2.478943E1	3.292177E1	-3.225847E0
2.482275E1	3.293368E1	-3.228591E0
2.485607E1	3.292472E1	-3.227757E0
2.488939E1	3.292544E1	-3.227853E0
2.492271E1	3.292302E1	-3.227106E0
2.495602E1	3.290106E1	-3.227180E0
2.498934E1	3.292694E1	-3.224998E0
2.502266E1	3.296087E1	-3.195354E0
2.505598E1	3.303205E1	-3.094825E0
2.508930E1	3.315328E1	-2.930456E0
2.512262E1	3.325713E1	-2.956964E0
2.515594E1	3.318810E1	-3.026586E0
2.518926E1	3.315044E1	-3.081163E0
2.522258E1	3.316637E1	-3.075308E0
2.525590E1	3.315999E1	-3.077335E0
2.528922E1	3.315316E1	-3.067038E0
2.532253E1	3.319481E1	-3.058818E0
2.535585E1	3.331484E1	-3.065285E0
2.538917E1	3.349560E1	-3.073126E0
2.542249E1	3.364131E1	-3.068659E0
2.545581E1	3.365638E1	-3.073590E0
2.548913E1	3.368519E1	-3.074720E0
2.552245E1	3.375710E1	-3.068404E0
2.555577E1	3.383180E1	-3.057495E0
2.558909E1	3.392112E1	-3.056975E0
2.562241E1	3.401392E1	-3.054531E0
2.565573E1	3.410363E1	-3.046162E0
2.568905E1	3.420031E1	-3.039819E0
2.572236E1	3.427576E1	-3.047577E0
2.575568E1	3.435922E1	-3.042274E0
2.578900E1	3.443689E1	-3.033512E0
2.582232E1	3.450048E1	-3.015200E0
2.585564E1	3.455427E1	-3.012601E0
2.588896E1	3.458551E1	-3.011779E0
2.592228E1	3.458577E1	-3.018299E0
2.595560E1	3.456170E1	-3.020336E0
2.598892E1	3.454758E1	-3.037643E0
2.602224E1	3.450204E1	-3.066180E0
2.605556E1	3.448492E1	-3.129794E0
2.608887E1	3.455486E1	-3.266832E0
2.612219E1	3.461348E1	-3.274301E0
2.615551E1	3.461528E1	-3.257788E0
2.618883E1	3.466011E1	-3.297337E0
2.622215E1	3.463648E1	-3.303417E0
2.625547E1	3.460620E1	-3.338429E0
2.628879E1	3.460381E1	-3.347013E0
2.632211E1	3.461235E1	-3.363541E0
2.635543E1	3.467269E1	-3.359717E0
2.638875E1	3.477141E1	-3.336678E0
2.642207E1	3.487151E1	-3.322552E0
2.645539E1	3.494340E1	-3.323208E0
2.648870E1	3.504261E1	-3.304190E0
2.652202E1	3.515703E1	-3.294324E0
2.655534E1	3.524094E1	-3.271866E0
2.658866E1	3.530614E1	-3.278038E0
2.662198E1	3.538702E1	-3.282535E0
2.665530E1	3.549629E1	-3.278444E0
2.668862E1	3.561592E1	-3.284049E0
2.672194E1	3.571766E1	-3.285812E0
2.675526E1	3.579743E1	-3.276184E0
2.678858E1	3.587445E1	-3.277223E0
2.682190E1	3.593581E1	-3.268468E0
2.685521E1	3.597828E1	-3.264518E0
2.688853E1	3.598298E1	-3.266265E0
2.692185E1	3.598496E1	-3.269631E0
2.695517E1	3.597237E1	-3.271399E0
2.698849E1	3.599749E1	-3.267400E0
2.702181E1	3.604315E1	-3.238283E0
2.705513E1	3.609662E1	-3.140235E0
2.708845E1	3.621846E1	-2.978457E0
2.712177E1	3.630056E1	-3.037482E0
2.715509E1	3.622450E1	-3.149967E0
2.718841E1	3.616575E1	-3.208350E0
2.722173E1	3.616150E1	-3.211757E0
2.725504E1	3.617162E1	-3.230825E0
2.728836E1	3.616946E1	-3.213919E0
2.732168E1	3.617827E1	-3.220670E0
2.735500E1	3.629599E1	-3.222197E0
2.738832E1	3.647355E1	-3.217909E0
2.742164E1	3.661649E1	-3.211454E0
2.745496E1	3.666908E1	-3.205814E0
2.748828E1	3.668237E1	-3.211260E0
2.752160E1	3.674495E1	-3.196895E0
2.755492E1	3.682995E1	-3.180815E0
2.758824E1	3.687174E1	-3.162057E0
2.762155E1	3.695071E1	-3.157211E0
2.765487E1	3.701194E1	-3.156930E0
2.768819E1	3.706707E1	-3.153488E0
2.772151E1	3.712100E1	-3.150407E0
2.775483E1	3.715992E1	-3.150653E0
2.778815E1	3.718334E1	-3.150410E0
2.782147E1	3.717795E1	-3.147932E0
2.785479E1	3.717530E1	-3.148172E0
2.788811E1	3.717394E1	-3.147708E0
2.792143E1	3.716775E1	-3.142496E0
2.795475E1	3.714666E1	-3.149601E0
2.798806E1	3.712651E1	-3.173932E0
2.802138E1	3.707737E1	-3.181859E0
2.805470E1	3.708509E1	-3.217818E0
2.808802E1	3.714344E1	-3.308716E0
2.812134E1	3.718588E1	-3.334095E0
2.815466E1	3.718300E1	-3.322075E0
2.818798E1	3.722421E1	-3.344003E0
2.822130E1	3.718768E1	-3.356662E0
2.825462E1	3.716469E1	-3.375932E0
2.828794E1	3.715811E1	-3.378639E0
2.832126E1	3.717194E1	-3.389175E0
2.835458E1	3.728377E1	-3.371625E0
2.838789E1	3.742917E1	-3.341371E0
2.842121E1	3.750180E1	-3.347033E0
2.845453E1	3.753067E1	-3.348668E0
2.848785E1	3.756276E1	-3.356348E0
2.852117E1	3.761047E1	-3.352650E0
2.855449E1	3.770360E1	-3.343300E0
2.858781E1	3.782687E1	-3.345430E0
2.862113E1	3.793099E1	-3.345831E0
2.865445E1	3.800629E1	-3.356287E0
2.868777E1	3.807483E1	-3.373500E0
2.872109E1	3.814460E1	-3.383291E0
2.875440E1	3.821720E1	-3.390491E0
2.878772E1	3.828145E1	-3.391207E0
2.882104E1	3.832946E1	-3.392285E0
2.885436E1	3.833670E1	-3.392544E0
2.888768E1	3.833745E1	-3.393044E0
2.892100E1	3.833679E1	-3.393928E0
2.895432E1	3.831839E1	-3.394538E0
2.898764E1	3.833306E1	-3.388777E0
2.902096E1	3.836833E1	-3.358940E0
2.905428E1	3.845088E1	-3.271418E0
2.908760E1	3.855775E1	-3.122885E0
2.912092E1	3.854889E1	-3.169893E0
2.915423E1	3.851281E1	-3.251460E0
2.918755E1	3.850495E1	-3.280471E0
2.922087E1	3.850347E1	-3.282011E0
2.925419E1	3.848947E1	-3.288905E0
2.928751E1	3.850566E1	-3.291964E0
2.932083E1	3.853488E1	-3.289629E0
2.935415E1	3.862617E1	-3.289486E0
2.938747E1	3.876480E1	-3.286605E0
2.942079E1	3.890154E1	-3.271670E0
2.945411E1	3.894250E1	-3.269384E0
2.948743E1	3.896342E1	-3.268048E0
2.952074E1	3.902381E1	-3.261275E0
2.955406E1	3.911511E1	-3.241984E0
2.958738E1	3.920260E1	-3.220757E0
2.962070E1	3.930060E1	-3.217618E0
2.965402E1	3.939900E1	-3.214305E0
2.968734E1	3.949594E1	-3.215320E0
2.972066E1	3.957505E1	-3.219300E0
2.975398E1	3.965038E1	-3.215843E0
2.978730E1	3.972859E1	-3.215594E0
2.982062E1	3.977209E1	-3.213361E0
2.985394E1	3.979605E1	-3.204207E0
2.988726E1	3.980345E1	-3.207512E0
2.992057E1	3.979957E1	-3.208386E0
2.995389E1	3.977645E1	-3.211068E0
2.998721E1	3.977039E1	-3.226190E0
3.002053E1	3.974105E1	-3.247571E0
3.005385E1	3.974177E1	-3.271543E0
3.008717E1	3.976750E1	-3.343621E0
3.012049E1	3.978101E1	-3.354694E0
3.015381E1	3.977965E1	-3.343808E0
3.018713E1	3.981510E1	-3.352593E0
3.022045E1	3.979400E1	-3.382464E0
3.025377E1	3.975025E1	-3.406580E0
3.028708E1	3.973172E1	-3.411372E0
3.032040E1	3.974715E1	-3.430256E0
3.035372E1	3.980129E1	-3.413589E0
3.038704E1	3.991666E1	-3.397399E0
3.042036E1	3.999581E1	-3.363068E0
3.045368E1	4.004642E1	-3.358091E0
3.048700E1	4.009175E1	-3.360818E0
3.052032E1	4.013780E1	-3.365630E0
3.055364E1	4.019861E1	-3.366136E0
3.058696E1	4.029249E1	-3.372425E0
3.062028E1	4.037193E1	-3.400256E0
3.065359E1	4.045368E1	-3.414753E0
3.068691E1	4.051771E1	-3.427727E0
3.072023E1	4.057568E1	-3.440879E0
3.075355E1	4.062001E1	-3.439894E0
3.078687E1	4.067821E1	-3.431957E0
3.082019E1	4.072311E1	-3.426077E0
3.085351E1	4.074022E1	-3.424256E0
3.088683E1	4.074235E1	-3.421046E0
3.092015E1	4.074213E1	-3.419126E0
3.095347E1	4.072343E1	-3.413942E0
3.098679E1	4.073767E1	-3.412252E0
3.102011E1	4.076903E1	-3.386247E0
3.105342E1	4.083494E1	-3.305436E0
3.108674E1	4.095354E1	-3.138052E0
3.112006E1	4.104506E1	-3.124899E0
3.115338E1	4.099177E1	-3.198840E0
3.118670E1	4.094606E1	-3.262445E0
3.122002E1	4.092790E1	-3.247126E0
3.125334E1	4.093071E1	-3.244356E0
3.128666E1	4.095069E1	-3.238601E0
3.131998E1	4.096805E1	-3.239683E0
3.135330E1	4.105688E1	-3.238614E0
3.138662E1	4.120974E1	-3.239540E0
3.141993E1	4.134340E1	-3.231491E0
3.145325E1	4.138905E1	-3.229056E0
3.148657E1	4.140584E1	-3.230960E0
3.151989E1	4.145670E1	-3.227287E0
3.155321E1	4.154738E1	-3.222017E0
3.158653E1	4.166242E1	-3.222045E0
3.161985E1	4.177763E1	-3.223443E0
3.165317E1	4.190074E1	-3.222388E0
3.168649E1	4.200944E1	-3.224616E0
3.171981E1	4.207687E1	-3.231616E0
3.175313E1	4.214168E1	-3.228257E0
3.178645E1	4.223175E1	-3.222618E0
3.181976E1	4.232950E1	-3.221306E0
3.185308E1	4.239195E1	-3.220719E0
3.188640E1	4.240788E1	-3.226274E0
3.191972E1	4.240654E1	-3.223500E0
3.195304E1	4.239958E1	-3.222483E0
3.198636E1	4.238175E1	-3.232731E0
3.201968E1	4.235075E1	-3.258355E0
3.205300E1	4.234498E1	-3.322020E0
3.208632E1	4.234826E1	-3.428461E0
3.211964E1	4.234809E1	-3.432239E0
3.215296E1	4.235214E1	-3.414081E0
3.218627E1	4.236980E1	-3.445841E0
3.221959E1	4.231035E1	-3.471992E0
3.225291E1	4.224551E1	-3.491670E0
3.228623E1	4.222557E1	-3.489365E0
3.231955E1	4.224756E1	-3.480594E0
3.235287E1	4.234180E1	-3.472129E0
3.238619E1	4.250858E1	-3.474316E0
3.241951E1	4.260361E1	-3.465809E0
3.245283E1	4.259827E1	-3.470632E0
3.248615E1	4.262325E1	-3.457367E0
3.251947E1	4.269030E1	-3.435552E0
3.255279E1	4.278860E1	-3.422193E0
3.258610E1	4.288965E1	-3.416848E0
3.261942E1	4.297583E1	-3.423743E0
3.265274E1	4.306611E1	-3.432598E0
3.268606E1	4.316211E1	-3.444787E0
3.271938E1	4.326870E1	-3.464122E0
3.275270E1	4.336787E1	-3.482509E0
3.278602E1	4.346880E1	-3.481677E0
3.281934E1	4.354711E1	-3.480261E0
3.285266E1	4.358681E1	-3.479063E0
3.288598E1	4.360247E1	-3.475230E0
3.291930E1	4.359597E1	-3.473900E0
3.295261E1	4.357756E1	-3.473417E0
3.298593E1	4.359611E1	-3.469043E0
3.301925E1	4.361928E1	-3.451894E0
3.305257E1	4.368388E1	-3.379750E0
3.308589E1	4.378569E1	-3.220668E0
3.311921E1	4.385185E1	-3.234608E0
3.315253E1	4.381666E1	-3.354848E0
3.318585E1	4.373579E1	-3.417944E0
3.321917E1	4.369431E1	-3.407918E0
3.325249E1	4.368366E1	-3.405287E0
3.328581E1	4.369827E1	-3.406898E0
3.331912E1	4.369885E1	-3.406797E0
3.335244E1	4.373564E1	-3.394167E0
3.338576E1	4.382303E1	-3.402991E0
3.341908E1	4.391301E1	-3.406455E0
3.345240E1	4.399330E1	-3.404361E0
3.348572E1	4.408808E1	-3.394491E0
3.351904E1	4.418068E1	-3.374252E0
3.355236E1	4.425292E1	-3.382351E0
3.358568E1	4.429125E1	-3.389685E0
3.361900E1	4.436254E1	-3.387239E0
3.365232E1	4.443250E1	-3.370560E0
3.368564E1	4.447928E1	-3.373256E0
3.371895E1	4.451354E1	-3.381444E0
3.375227E1	4.455609E1	-3.379917E0
3.378559E1	4.458389E1	-3.379777E0
3.381891E1	4.460682E1	-3.376905E0
3.385223E1	4.460481E1	-3.375694E0
3.388555E1	4.460127E1	-3.380755E0
3.391887E1	4.460219E1	-3.383943E0
3.395219E1	4.459873E1	-3.386475E0
3.398551E1	4.457278E1	-3.390958E0
3.401883E1	4.452506E1	-3.423938E0
3.405215E1	4.452492E1	-3.480252E0
3.408546E1	4.452627E1	-3.565564E0
3.411878E1	4.454244E1	-3.594050E0
3.415210E1	4.456838E1	-3.579031E0
3.418542E1	4.460444E1	-3.599106E0
3.421874E1	4.455143E1	-3.621870E0
3.425206E1	4.449694E1	-3.637423E0
3.428538E1	4.447894E1	-3.641783E0
3.431870E1	4.448553E1	-3.630847E0
3.435202E1	4.455040E1	-3.609740E0
3.438534E1	4.466686E1	-3.596410E0
3.441866E1	4.471774E1	-3.600157E0
3.445198E1	4.473913E1	-3.601785E0
3.448529E1	4.478500E1	-3.601059E0
3.451861E1	4.487670E1	-3.594356E0
3.455193E1	4.498646E1	-3.594493E0
3.458525E1	4.509978E1	-3.601557E0
3.461857E1	4.518645E1	-3.606506E0
3.465189E1	4.526730E1	-3.614527E0
3.468521E1	4.532928E1	-3.618346E0
3.471853E1	4.537527E1	-3.623608E0
3.475185E1	4.538447E1	-3.618437E0
3.478517E1	4.538394E1	-3.614351E0
3.481849E1	4.539321E1	-3.612739E0
3.485180E1	4.538616E1	-3.608120E0
3.488512E1	4.538340E1	-3.606819E0
3.491844E1	4.538156E1	-3.605944E0
3.495176E1	4.536461E1	-3.601571E0
3.498508E1	4.538389E1	-3.599053E0
3.501840E1	4.542237E1	-3.580570E0
3.505172E1	4.550082E1	-3.512590E0
3.508504E1	4.560981E1	-3.344049E0
3.511836E1	4.565818E1	-3.336126E0
3.515168E1	4.560772E1	-3.421022E0
3.518500E1	4.559637E1	-3.463344E0
3.521832E1	4.558507E1	-3.452158E0
3.525163E1	4.558088E1	-3.449538E0
3.528495E1	4.560012E1	-3.446557E0
3.531827E1	4.560322E1	-3.439565E0
3.535159E1	4.565753E1	-3.425518E0
3.538491E1	4.576327E1	-3.423778E0
3.541823E1	4.585541E1	-3.431967E0
3.545155E1	4.592519E1	-3.430793E0
3.548487E1	4.599022E1	-3.428304E0
3.551819E1	4.605083E1	-3.430230E0
3.555151E1	4.612091E1	-3.419705E0
3.558483E1	4.623137E1	-3.400994E0
3.561814E1	4.633999E1	-3.389099E0
3.565146E1	4.642531E1	-3.380664E0
3.568478E1	4.650433E1	-3.377048E0
3.571810E1	4.656356E1	-3.378485E0
3.575142E1	4.660107E1	-3.373732E0
3.578474E1	4.661609E1	-3.369020E0
3.581806E1	4.662945E1	-3.360584E0
3.585138E1	4.664075E1	-3.355017E0
3.588470E1	4.664276E1	-3.356601E0
3.591802E1	4.664509E1	-3.359422E0
3.595134E1	4.663653E1	-3.358650E0
3.598465E1	4.661609E1	-3.370659E0
3.601797E1	4.655776E1	-3.400941E0
3.605129E1	4.654355E1	-3.438533E0
3.608461E1	4.655127E1	-3.510356E0
3.611793E1	4.654726E1	-3.521553E0
3.615125E1	4.654408E1	-3.485271E0
3.618457E1	4.660446E1	-3.485834E0
3.621789E1	4.654296E1	-3.499515E0
3.625121E1	4.649215E1	-3.530826E0
3.628453E1	4.649239E1	-3.528049E0
3.631785E1	4.650658E1	-3.522877E0
3.635117E1	4.655092E1	-3.482588E0
3.638448E1	4.661217E1	-3.460491E0
3.641780E1	4.667445E1	-3.442579E0
3.645112E1	4.673764E1	-3.406784E0
3.648444E1	4.682961E1	-3.372836E0
3.651776E1	4.691676E1	-3.358846E0
3.655108E1	4.699150E1	-3.371884E0
3.658440E1	4.706455E1	-3.398775E0
3.661772E1	4.716792E1	-3.417154E0
3.665104E1	4.725656E1	-3.419554E0
3.668436E1	4.729201E1	-3.452359E0
3.671768E1	4.732103E1	-3.451179E0
3.675099E1	4.733644E1	-3.459232E0
3.678431E1	4.736438E1	-3.447195E0
3.681763E1	4.740064E1	-3.445991E0
3.685095E1	4.743455E1	-3.416547E0
3.688427E1	4.744853E1	-3.412755E0
3.691759E1	4.744565E1	-3.408262E0
3.695091E1	4.743462E1	-3.401659E0
3.698423E1	4.744960E1	-3.400415E0
3.701755E1	4.749445E1	-3.363868E0
3.705087E1	4.758883E1	-3.270234E0
3.708419E1	4.772718E1	-3.099453E0
3.711751E1	4.783296E1	-3.120248E0
3.715082E1	4.772754E1	-3.199601E0
3.718414E1	4.763589E1	-3.276287E0
3.721746E1	4.761645E1	-3.294091E0
3.725078E1	4.760044E1	-3.284052E0
3.728410E1	4.760929E1	-3.273115E0
3.731742E1	4.760909E1	-3.273039E0
3.735074E1	4.767219E1	-3.272958E0
3.738406E1	4.782963E1	-3.260817E0
3.741738E1	4.799317E1	-3.228228E0
3.745070E1	4.805008E1	-3.216579E0
3.748402E1	4.805922E1	-3.227478E0
3.751733E1	4.811213E1	-3.215794E0
3.755065E1	4.820854E1	-3.193020E0
3.758397E1	4.827831E1	-3.194379E0
3.761729E1	4.832191E1	-3.210623E0
3.765061E1	4.835876E1	-3.212774E0
3.768393E1	4.840250E1	-3.209838E0
3.771725E1	4.843667E1	-3.196972E0
3.775057E1	4.844804E1	-3.198570E0
3.778389E1	4.846192E1	-3.187593E0
3.781721E1	4.847891E1	-3.190618E0
3.785053E1	4.847962E1	-3.194762E0
3.788385E1	4.848134E1	-3.197761E0
3.791716E1	4.848331E1	-3.200182E0
3.795048E1	4.846898E1	-3.203872E0
3.798380E1	4.845235E1	-3.210599E0
3.801712E1	4.839417E1	-3.223317E0
3.805044E1	4.838707E1	-3.271002E0
3.808376E1	4.839111E1	-3.369194E0
3.811708E1	4.841608E1	-3.396172E0
3.815040E1	4.844604E1	-3.367801E0
3.818372E1	4.850506E1	-3.371811E0
3.821704E1	4.845427E1	-3.394388E0
3.825036E1	4.840488E1	-3.433342E0
3.828367E1	4.838788E1	-3.427357E0
3.831699E1	4.839140E1	-3.421336E0
3.835031E1	4.844916E1	-3.395809E0
3.838363E1	4.853820E1	-3.371184E0
3.841695E1	4.860625E1	-3.367863E0
3.845027E1	4.866698E1	-3.359756E0
3.848359E1	4.875133E1	-3.336110E0
3.851691E1	4.884408E1	-3.309902E0
3.855023E1	4.894966E1	-3.305859E0
3.858355E1	4.905549E1	-3.300491E0
3.861687E1	4.915254E1	-3.281218E0
3.865018E1	4.925643E1	-3.277132E0
3.868350E1	4.935073E1	-3.274614E0
3.871682E1	4.943569E1	-3.275384E0
3.875014E1	4.952223E1	-3.281738E0
3.878346E1	4.960338E1	-3.269301E0
3.881678E1	4.967079E1	-3.245098E0
3.885010E1	4.967793E1	-3.241470E0
3.888342E1	4.967444E1	-3.240176E0
3.891674E1	4.967375E1	-3.240029E0
3.895006E1	4.966340E1	-3.237789E0
3.898338E1	4.966879E1	-3.238036E0
3.901670E1	4.972476E1	-3.206310E0
3.905001E1	4.981562E1	-3.121151E0
3.908333E1	4.994315E1	-2.972314E0
3.911665E1	5.001012E1	-2.963726E0
3.914997E1	4.995637E1	-3.024424E0
3.918329E1	4.991804E1	-3.080309E0
3.921661E1	4.989049E1	-3.082969E0
3.924993E1	4.987191E1	-3.078334E0
3.928325E1	4.988700E1	-3.072995E0
3.931657E1	4.989324E1	-3.064782E0
3.934989E1	4.992647E1	-3.050213E0
3.938321E1	5.004696E1	-3.066461E0
3.941652E1	5.022316E1	-3.050953E0
3.944984E1	5.033539E1	-3.018473E0
3.948316E1	5.033790E1	-3.022834E0
3.951648E1	5.033531E1	-3.034432E0
3.954980E1	5.038155E1	-3.029947E0
3.958312E1	5.040043E1	-3.011036E0
3.961644E1	5.042205E1	-3.012407E0
3.964976E1	5.047448E1	-2.999436E0
3.968308E1	5.051989E1	-2.991658E0
3.971640E1	5.053433E1	-2.987330E0
3.974972E1	5.054524E1	-2.989217E0
3.978304E1	5.056491E1	-2.984240E0
3.981635E1	5.056677E1	-2.985622E0
3.984967E1	5.055975E1	-2.990510E0
3.988299E1	5.055765E1	-2.992973E0
3.991631E1	5.055569E1	-2.994580E0
3.994963E1	5.054358E1	-2.995640E0
3.998295E1	5.051928E1	-3.008027E0
4.001627E1	5.045575E1	-3.032083E0
4.004959E1	5.043219E1	-3.071056E0
4.008291E1	5.041061E1	-3.160772E0
4.011623E1	5.047846E1	-3.175059E0
4.014955E1	5.050545E1	-3.143309E0
4.018286E1	5.052407E1	-3.174922E0
4.021618E1	5.047540E1	-3.181872E0
4.024950E1	5.042092E1	-3.205757E0
4.028282E1	5.042957E1	-3.210003E0
4.031614E1	5.042958E1	-3.210099E0
4.034946E1	5.046530E1	-3.205244E0
4.038278E1	5.052141E1	-3.181766E0
4.041610E1	5.061228E1	-3.165968E0
4.044942E1	5.067587E1	-3.151642E0
4.048274E1	5.072823E1	-3.152325E0
4.051606E1	5.082913E1	-3.132635E0
4.054938E1	5.095123E1	-3.101597E0
4.058269E1	5.106992E1	-3.074956E0
4.061601E1	5.117549E1	-3.067396E0
4.064933E1	5.126997E1	-3.051954E0
4.068265E1	5.135149E1	-3.044438E0
4.071597E1	5.142469E1	-3.030031E0
4.074929E1	5.147687E1	-3.014105E0
4.078261E1	5.152034E1	-3.020291E0
4.081593E1	5.154263E1	-3.016898E0
4.084925E1	5.154683E1	-3.022280E0
4.088257E1	5.154953E1	-3.025432E0
4.091589E1	5.155314E1	-3.027394E0
4.094920E1	5.154572E1	-3.029305E0
4.098252E1	5.155107E1	-3.027421E0
4.101584E1	5.158623E1	-3.001041E0
4.104916E1	5.167090E1	-2.915353E0
4.108248E1	5.183010E1	-2.723550E0
4.111580E1	5.190928E1	-2.686281E0
4.114912E1	5.185935E1	-2.758984E0
4.118244E1	5.184172E1	-2.811681E0
4.121576E1	5.179698E1	-2.808833E0
4.124908E1	5.177296E1	-2.805080E0
4.128240E1	5.179323E1	-2.799033E0
4.131571E1	5.181335E1	-2.799652E0
4.134903E1	5.189008E1	-2.802214E0
4.138235E1	5.201171E1	-2.795532E0
4.141567E1	5.213168E1	-2.759996E0
4.144899E1	5.221417E1	-2.736324E0
4.148231E1	5.223690E1	-2.737311E0
4.151563E1	5.226181E1	-2.737602E0
4.154895E1	5.228839E1	-2.746186E0
4.158227E1	5.228440E1	-2.746159E0
4.161559E1	5.229005E1	-2.740325E0
4.164891E1	5.234042E1	-2.717743E0
4.168223E1	5.237928E1	-2.693073E0
4.171554E1	5.239671E1	-2.685643E0
4.174886E1	5.240021E1	-2.683205E0
4.178218E1	5.240650E1	-2.679138E0
4.181550E1	5.240376E1	-2.678885E0
4.184882E1	5.240428E1	-2.679646E0
4.188214E1	5.240795E1	-2.680238E0
4.191546E1	5.240555E1	-2.681353E0
4.194878E1	5.239421E1	-2.681190E0
4.198210E1	5.237489E1	-2.688934E0
4.201542E1	5.231463E1	-2.715140E0
4.204874E1	5.228148E1	-2.753033E0
4.208205E1	5.224883E1	-2.834433E0
4.211537E1	5.231463E1	-2.867672E0
4.214869E1	5.233798E1	-2.826724E0
4.218201E1	5.237797E1	-2.844690E0
4.221533E1	5.234200E1	-2.867276E0
4.224865E1	5.227783E1	-2.889078E0
4.228197E1	5.227835E1	-2.898503E0
4.231529E1	5.228630E1	-2.889596E0
4.234861E1	5.235675E1	-2.858973E0
4.238193E1	5.245637E1	-2.835049E0
4.241525E1	5.254962E1	-2.808989E0
4.244857E1	5.259702E1	-2.799501E0
4.248188E1	5.262834E1	-2.790208E0
4.251520E1	5.268507E1	-2.778066E0
4.254852E1	5.276834E1	-2.765642E0
4.258184E1	5.285170E1	-2.766757E0
4.261516E1	5.292322E1	-2.781761E0
4.264848E1	5.297910E1	-2.789210E0
4.268180E1	5.304966E1	-2.781897E0
4.271512E1	5.310373E1	-2.771727E0
4.274844E1	5.315599E1	-2.775485E0
4.278176E1	5.320307E1	-2.771450E0
4.281508E1	5.326036E1	-2.765595E0
4.284839E1	5.326980E1	-2.740174E0
4.288171E1	5.327348E1	-2.731356E0
4.291503E1	5.327690E1	-2.727056E0
4.294835E1	5.327186E1	-2.724386E0
4.298167E1	5.327529E1	-2.720860E0
4.301499E1	5.332068E1	-2.701390E0
4.304831E1	5.331428E1	-2.529903E0
4.308163E1	5.343686E1	-2.374035E0
4.311495E1	5.359335E1	-2.384234E0
4.314827E1	5.352454E1	-2.436775E0
4.318159E1	5.348034E1	-2.517291E0
4.321491E1	5.346172E1	-2.505772E0
4.324822E1	5.344554E1	-2.502301E0
4.328154E1	5.344625E1	-2.499495E0
4.331486E1	5.345313E1	-2.494288E0
4.334818E1	5.350329E1	-2.487694E0
4.338150E1	5.361798E1	-2.488469E0
4.341482E1	5.376946E1	-2.467680E0
4.344814E1	5.389481E1	-2.432010E0
4.348146E1	5.392477E1	-2.425240E0
4.351478E1	5.392218E1	-2.429486E0
4.354810E1	5.396796E1	-2.420189E0
4.358142E1	5.400803E1	-2.412567E0
4.361473E1	5.401833E1	-2.436125E0
4.364805E1	5.401774E1	-2.431964E0
4.368137E1	5.405031E1	-2.405163E0
4.371469E1	5.406962E1	-2.401413E0
4.374801E1	5.406670E1	-2.389411E0
